1	1	-11	28	-21
1	2	-10	28	-20
1	3	-9	27	-19
1	4	-8	27	-18
1	5	-7	27	-17
1	6	-6	26	-15
1	7	-5	26	-14
1	8	-3	25	-15
1	9	-2	24	-15
1	10	0	23	-16
1	11	1	22	-17
1	12	3	20	-17
1	13	4	19	-18
1	14	5	20	-19
1	15	6	20	-19
1	16	7	20	-20
1	17	7	21	-20
1	18	8	21	-21
1	19	9	21	-21
1	20	8	22	-21
1	21	7	23	-21
1	22	6	24	-21
1	23	5	25	-21
1	24	4	26	-21
1	25	3	27	-21
1	26	3	28	-21
1	27	3	28	-21
1	28	3	28	-21
1	29	3	28	-20
1	30	3	28	-20
1	31	3	28	-20
1	32	3	28	-20
1	33	3	28	-21
1	34	3	28	-21
1	35	3	28	-21
1	36	3	28	-21
1	37	3	27	-21
1	38	3	27	-21
1	39	3	27	-21
1	40	2	26	-21
1	41	2	26	-21
1	42	2	25	-21
1	43	1	25	-21
1	44	2	24	-21
1	45	3	24	-21
1	46	4	24	-20
1	47	5	23	-20
1	48	6	23	-20
1	49	7	23	-20
1	50	7	22	-21
1	51	7	21	-22
1	52	7	21	-23
1	53	7	20	-23
1	54	7	19	-24
1	55	7	19	-25
1	56	7	20	-24
1	57	7	21	-23
1	58	7	22	-22
1	59	7	23	-21
1	60	7	24	-20
1	61	7	25	-19
1	62	7	25	-19
1	63	6	26	-19
1	64	5	26	-19
1	65	4	27	-19
1	66	4	27	-19
1	67	3	27	-19
1	68	0	29	-19
1	69	-2	31	-19
1	70	-4	32	-18
1	71	-6	34	-18
1	72	-9	36	-18
1	73	-11	37	-17
1	74	-12	36	-18
1	75	-13	35	-19
1	76	-14	34	-21
1	77	-15	32	-22
1	78	-16	31	-23
1	79	-17	30	-24
1	80	-17	28	-22
1	81	-17	27	-20
1	82	-17	25	-17
1	83	-17	24	-15
1	84	-17	22	-13
1	85	-17	21	-11
1	86	-15	20	-12
1	87	-13	20	-13
1	88	-11	20	-13
1	89	-10	20	-14
1	90	-8	19	-15
1	91	-6	19	-16
1	92	-5	19	-16
1	93	-3	19	-17
1	94	-2	19	-17
1	95	0	19	-17
1	96	1	19	-18
1	97	2	19	-18
1	98	3	19	-18
1	99	3	20	-17
1	100	4	21	-17
1	101	4	21	-17
1	102	5	22	-16
1	103	5	23	-16
1	104	5	23	-16
1	105	5	23	-16
1	106	6	24	-15
1	107	6	24	-15
1	108	6	25	-15
1	109	6	25	-15
1	110	7	25	-15
1	111	7	25	-15
1	112	8	25	-16
1	113	9	25	-16
1	114	10	25	-16
1	115	11	25	-17
1	116	11	25	-17
1	117	12	25	-17
1	118	12	24	-17
1	119	13	24	-18
1	120	13	24	-18
1	121	14	24	-18
1	122	13	24	-17
1	123	13	24	-17
1	124	13	24	-16
1	125	12	24	-16
1	126	12	24	-15
1	127	12	24	-15
1	128	11	24	-14
1	129	10	25	-14
1	130	9	25	-13
1	131	8	26	-13
1	132	7	27	-12
1	133	7	27	-12
1	134	5	27	-12
1	135	4	27	-13
1	136	3	26	-13
1	137	2	26	-13
1	138	0	25	-14
1	139	-1	25	-14
1	140	-1	23	-13
1	141	-2	22	-12
1	142	-2	20	-11
1	143	-2	18	-10
1	144	-3	17	-9
1	145	-3	15	-8
1	146	-3	14	-6
1	147	-3	13	-4
1	148	-3	12	-2
1	149	-2	11	0
1	150	-2	10	2
1	151	-2	8	4
1	152	-1	10	5
1	153	0	11	7
1	154	1	12	8
1	155	1	13	9
1	156	2	15	11
1	157	3	16	12
1	158	3	17	11
1	159	3	19	11
1	160	2	21	11
1	161	2	22	10
1	162	2	24	10
1	163	2	26	10
1	164	2	26	9
1	165	2	26	8
1	166	2	27	7
1	167	2	27	7
1	168	2	27	6
1	169	2	28	5
1	170	3	28	5
1	171	4	28	6
1	172	5	28	6
1	173	7	28	6
1	174	8	28	6
1	175	9	28	6
1	176	11	29	5
1	177	12	31	4
1	178	14	32	3
1	179	15	34	2
1	180	17	35	1
1	181	18	37	-1
1	182	18	39	-3
1	183	18	40	-6
1	184	18	42	-8
1	185	18	43	-11
1	186	18	45	-13
1	187	18	46	-16
1	188	17	47	-15
1	189	16	48	-14
1	190	16	49	-13
1	191	15	50	-12
1	192	14	51	-12
1	193	14	52	-11
2	1	-8	28	-21
2	2	-7	28	-20
2	3	-6	27	-19
2	4	-5	27	-18
2	5	-5	26	-17
2	6	-4	26	-16
2	7	-3	25	-15
2	8	-1	24	-15
2	9	0	23	-16
2	10	2	23	-16
2	11	3	22	-17
2	12	4	21	-18
2	13	6	20	-18
2	14	6	20	-19
2	15	7	20	-19
2	16	8	20	-19
2	17	8	21	-20
2	18	9	21	-20
2	19	9	21	-20
2	20	8	22	-20
2	21	8	23	-20
2	22	7	24	-20
2	23	6	25	-20
2	24	5	26	-20
2	25	4	27	-20
2	26	4	27	-20
2	27	4	27	-20
2	28	4	27	-20
2	29	4	27	-20
2	30	4	27	-20
2	31	4	27	-20
2	32	4	27	-20
2	33	4	27	-21
2	34	4	27	-21
2	35	4	27	-21
2	36	4	26	-21
2	37	4	26	-22
2	38	4	26	-21
2	39	4	26	-21
2	40	3	25	-21
2	41	3	25	-21
2	42	3	24	-21
2	43	3	24	-21
2	44	4	24	-21
2	45	4	23	-21
2	46	5	23	-21
2	47	6	22	-21
2	48	7	22	-21
2	49	8	21	-21
2	50	7	21	-21
2	51	7	20	-22
2	52	7	20	-23
2	53	7	19	-23
2	54	7	19	-24
2	55	7	18	-24
2	56	7	19	-24
2	57	7	20	-23
2	58	7	21	-22
2	59	7	22	-21
2	60	7	23	-20
2	61	7	24	-19
2	62	6	25	-19
2	63	5	25	-19
2	64	5	26	-19
2	65	4	26	-19
2	66	3	27	-19
2	67	2	27	-19
2	68	0	29	-19
2	69	-2	30	-18
2	70	-4	31	-18
2	71	-6	32	-18
2	72	-7	34	-18
2	73	-9	35	-17
2	74	-10	34	-18
2	75	-11	33	-19
2	76	-12	32	-20
2	77	-13	31	-20
2	78	-13	29	-21
2	79	-14	28	-22
2	80	-14	27	-20
2	81	-14	26	-19
2	82	-14	25	-17
2	83	-13	24	-15
2	84	-13	22	-13
2	85	-13	21	-12
2	86	-11	21	-12
2	87	-10	20	-13
2	88	-8	20	-14
2	89	-7	20	-15
2	90	-5	19	-15
2	91	-4	19	-16
2	92	-2	19	-16
2	93	-1	19	-17
2	94	0	19	-17
2	95	1	19	-17
2	96	3	19	-17
2	97	4	19	-17
2	98	4	20	-17
2	99	5	20	-17
2	100	5	21	-17
2	101	5	21	-16
2	102	6	22	-16
2	103	6	23	-16
2	104	6	23	-16
2	105	7	23	-16
2	106	7	24	-16
2	107	7	24	-16
2	108	7	25	-15
2	109	7	25	-15
2	110	8	25	-16
2	111	9	25	-16
2	112	10	25	-16
2	113	10	25	-17
2	114	11	24	-17
2	115	12	24	-17
2	116	12	24	-17
2	117	12	24	-17
2	118	13	24	-17
2	119	13	23	-17
2	120	13	23	-17
2	121	14	23	-17
2	122	13	23	-17
2	123	13	23	-17
2	124	13	23	-16
2	125	12	23	-16
2	126	12	23	-15
2	127	11	22	-15
2	128	11	23	-14
2	129	10	24	-14
2	130	9	24	-13
2	131	8	25	-13
2	132	8	26	-13
2	133	7	26	-12
2	134	6	26	-13
2	135	5	25	-13
2	136	4	25	-13
2	137	3	24	-14
2	138	2	24	-14
2	139	0	23	-15
2	140	0	22	-14
2	141	0	20	-12
2	142	0	18	-11
2	143	0	17	-10
2	144	0	15	-9
2	145	-1	13	-8
2	146	0	13	-6
2	147	0	12	-4
2	148	0	11	-1
2	149	0	10	1
2	150	0	9	3
2	151	0	8	5
2	152	1	10	6
2	153	2	11	7
2	154	3	13	8
2	155	4	14	9
2	156	4	15	11
2	157	5	17	12
2	158	5	18	11
2	159	5	20	11
2	160	4	21	10
2	161	4	23	10
2	162	4	25	9
2	163	4	26	9
2	164	4	26	8
2	165	4	27	7
2	166	3	27	7
2	167	3	27	6
2	168	3	27	5
2	169	3	28	4
2	170	4	28	4
2	171	5	28	4
2	172	6	28	4
2	173	8	28	4
2	174	9	28	5
2	175	10	28	5
2	176	11	30	3
2	177	12	31	2
2	178	13	33	1
2	179	15	34	0
2	180	16	36	-1
2	181	17	37	-2
2	182	17	39	-5
2	183	17	40	-7
2	184	17	41	-9
2	185	17	43	-11
2	186	17	44	-14
2	187	17	45	-16
2	188	16	46	-15
2	189	15	47	-14
2	190	15	48	-14
2	191	14	49	-13
2	192	14	50	-12
2	193	13	50	-11
3	1	-5	29	-21
3	2	-4	28	-20
3	3	-4	28	-19
3	4	-3	27	-18
3	5	-2	26	-17
3	6	-1	26	-16
3	7	0	25	-15
3	8	1	24	-16
3	9	2	23	-16
3	10	3	22	-17
3	11	5	21	-17
3	12	6	21	-18
3	13	7	20	-18
3	14	8	20	-18
3	15	8	20	-19
3	16	9	20	-19
3	17	9	21	-19
3	18	10	21	-19
3	19	10	21	-19
3	20	9	22	-19
3	21	8	23	-19
3	22	8	24	-19
3	23	7	25	-19
3	24	6	26	-19
3	25	5	27	-19
3	26	5	27	-19
3	27	5	27	-19
3	28	5	27	-19
3	29	5	27	-20
3	30	5	27	-20
3	31	5	27	-20
3	32	5	27	-20
3	33	5	26	-20
3	34	5	26	-21
3	35	5	26	-21
3	36	5	25	-21
3	37	5	25	-22
3	38	5	25	-22
3	39	5	25	-21
3	40	5	24	-21
3	41	4	24	-21
3	42	4	24	-21
3	43	4	23	-21
3	44	5	23	-21
3	45	6	22	-21
3	46	6	22	-21
3	47	7	21	-21
3	48	8	21	-21
3	49	8	20	-21
3	50	8	20	-22
3	51	8	19	-22
3	52	8	19	-23
3	53	7	18	-23
3	54	7	18	-23
3	55	7	18	-24
3	56	7	19	-23
3	57	7	20	-22
3	58	7	21	-21
3	59	7	22	-20
3	60	7	23	-19
3	61	7	24	-18
3	62	6	24	-18
3	63	5	25	-18
3	64	4	25	-18
3	65	3	26	-18
3	66	2	27	-18
3	67	2	27	-18
3	68	0	28	-18
3	69	-2	29	-18
3	70	-3	30	-18
3	71	-5	31	-18
3	72	-6	32	-17
3	73	-8	33	-17
3	74	-8	32	-18
3	75	-9	31	-18
3	76	-10	30	-19
3	77	-10	29	-19
3	78	-11	28	-20
3	79	-11	27	-20
3	80	-11	26	-19
3	81	-11	25	-17
3	82	-10	24	-16
3	83	-10	23	-15
3	84	-10	23	-14
3	85	-9	22	-12
3	86	-8	21	-13
3	87	-7	21	-14
3	88	-5	20	-14
3	89	-4	20	-15
3	90	-2	19	-16
3	91	-1	19	-16
3	92	0	19	-16
3	93	1	19	-17
3	94	2	19	-17
3	95	3	19	-17
3	96	4	19	-17
3	97	5	19	-17
3	98	6	20	-16
3	99	6	20	-16
3	100	6	21	-16
3	101	7	21	-16
3	102	7	22	-16
3	103	7	23	-15
3	104	8	23	-16
3	105	8	24	-16
3	106	8	24	-16
3	107	8	25	-16
3	108	9	25	-16
3	109	9	26	-16
3	110	10	25	-16
3	111	10	25	-17
3	112	11	24	-17
3	113	11	24	-18
3	114	12	24	-18
3	115	12	23	-18
3	116	13	23	-18
3	117	13	23	-18
3	118	13	23	-18
3	119	13	23	-17
3	120	14	22	-17
3	121	14	22	-17
3	122	13	22	-17
3	123	13	22	-16
3	124	13	22	-16
3	125	12	22	-16
3	126	12	22	-15
3	127	11	21	-15
3	128	11	22	-14
3	129	10	23	-14
3	130	9	23	-14
3	131	8	24	-13
3	132	8	25	-13
3	133	7	26	-12
3	134	6	25	-13
3	135	5	24	-13
3	136	4	24	-14
3	137	4	23	-14
3	138	3	22	-15
3	139	2	22	-15
3	140	2	20	-14
3	141	2	18	-13
3	142	2	17	-12
3	143	2	15	-10
3	144	2	13	-9
3	145	2	12	-8
3	146	2	11	-6
3	147	2	10	-3
3	148	2	10	-1
3	149	3	9	1
3	150	3	9	3
3	151	3	8	5
3	152	4	10	6
3	153	4	12	8
3	154	5	13	9
3	155	6	15	10
3	156	6	16	11
3	157	7	18	12
3	158	7	19	11
3	159	7	21	11
3	160	6	22	10
3	161	6	24	9
3	162	6	25	9
3	163	6	26	8
3	164	5	27	7
3	165	5	27	7
3	166	5	27	6
3	167	5	27	5
3	168	5	28	4
3	169	5	28	3
3	170	6	28	3
3	171	7	28	3
3	172	7	28	3
3	173	8	28	3
3	174	9	28	3
3	175	10	29	3
3	176	11	30	2
3	177	12	32	0
3	178	13	33	-1
3	179	14	35	-2
3	180	15	36	-3
3	181	16	38	-4
3	182	16	39	-6
3	183	16	40	-8
3	184	16	41	-10
3	185	16	42	-12
3	186	16	43	-14
3	187	16	44	-16
3	188	15	45	-15
3	189	14	46	-15
3	190	14	47	-14
3	191	13	47	-13
3	192	13	48	-13
3	193	12	49	-12
4	1	-2	29	-21
4	2	-2	28	-20
4	3	-1	28	-20
4	4	0	27	-19
4	5	1	26	-18
4	6	1	25	-17
4	7	2	25	-16
4	8	3	24	-17
4	9	4	23	-17
4	10	5	22	-17
4	11	6	21	-18
4	12	8	21	-18
4	13	9	20	-18
4	14	9	20	-18
4	15	9	20	-18
4	16	10	20	-18
4	17	10	21	-18
4	18	11	21	-18
4	19	11	21	-18
4	20	10	22	-18
4	21	9	23	-18
4	22	8	24	-18
4	23	8	25	-18
4	24	7	26	-18
4	25	6	27	-18
4	26	6	26	-19
4	27	6	26	-19
4	28	6	26	-19
4	29	6	26	-19
4	30	6	26	-19
4	31	6	26	-20
4	32	6	26	-20
4	33	6	26	-20
4	34	6	25	-21
4	35	6	25	-21
4	36	6	24	-21
4	37	6	24	-22
4	38	6	24	-22
4	39	6	24	-22
4	40	6	23	-22
4	41	6	23	-21
4	42	6	23	-21
4	43	6	23	-21
4	44	6	22	-21
4	45	7	21	-21
4	46	7	21	-22
4	47	8	20	-22
4	48	8	20	-22
4	49	9	19	-22
4	50	8	19	-22
4	51	8	18	-22
4	52	8	18	-23
4	53	8	18	-23
4	54	7	17	-23
4	55	7	17	-23
4	56	7	18	-22
4	57	7	19	-21
4	58	7	20	-21
4	59	7	21	-20
4	60	6	22	-19
4	61	6	23	-18
4	62	5	24	-18
4	63	5	24	-18
4	64	4	25	-18
4	65	3	26	-18
4	66	2	26	-18
4	67	1	27	-18
4	68	0	28	-18
4	69	-1	28	-18
4	70	-3	29	-18
4	71	-4	29	-18
4	72	-5	30	-17
4	73	-6	30	-17
4	74	-7	30	-18
4	75	-7	29	-18
4	76	-7	28	-18
4	77	-8	27	-18
4	78	-8	26	-18
4	79	-9	25	-18
4	80	-8	25	-17
4	81	-8	24	-16
4	82	-7	24	-16
4	83	-7	23	-15
4	84	-6	23	-14
4	85	-6	22	-13
4	86	-5	22	-14
4	87	-3	21	-14
4	88	-2	20	-15
4	89	-1	20	-15
4	90	0	19	-16
4	91	2	18	-17
4	92	3	19	-16
4	93	3	19	-16
4	94	4	19	-16
4	95	5	19	-16
4	96	6	19	-16
4	97	7	20	-16
4	98	7	20	-16
4	99	7	21	-16
4	100	8	21	-16
4	101	8	22	-15
4	102	8	22	-15
4	103	8	22	-15
4	104	9	23	-15
4	105	9	24	-16
4	106	9	24	-16
4	107	10	25	-16
4	108	10	25	-16
4	109	11	26	-17
4	110	11	25	-17
4	111	12	25	-17
4	112	12	24	-18
4	113	12	23	-18
4	114	13	23	-19
4	115	13	22	-19
4	116	13	22	-19
4	117	14	22	-18
4	118	14	22	-18
4	119	14	22	-17
4	120	14	22	-17
4	121	14	22	-16
4	122	14	21	-16
4	123	13	21	-16
4	124	13	21	-16
4	125	12	21	-15
4	126	12	21	-15
4	127	11	20	-15
4	128	11	21	-15
4	129	10	22	-14
4	130	9	23	-14
4	131	9	23	-13
4	132	8	24	-13
4	133	7	25	-13
4	134	7	24	-13
4	135	6	23	-14
4	136	5	22	-14
4	137	5	22	-15
4	138	4	21	-15
4	139	3	20	-16
4	140	3	18	-15
4	141	4	17	-13
4	142	4	15	-12
4	143	4	13	-11
4	144	4	11	-9
4	145	4	10	-8
4	146	4	9	-6
4	147	5	9	-3
4	148	5	9	-1
4	149	5	9	1
4	150	5	9	4
4	151	6	8	6
4	152	6	10	7
4	153	7	12	8
4	154	7	14	9
4	155	8	15	10
4	156	8	17	11
4	157	9	19	12
4	158	9	20	11
4	159	8	21	10
4	160	8	23	10
4	161	8	24	9
4	162	8	26	8
4	163	7	27	7
4	164	7	27	6
4	165	7	27	6
4	166	7	27	5
4	167	7	28	4
4	168	7	28	3
4	169	7	28	2
4	170	7	28	2
4	171	8	28	2
4	172	8	28	2
4	173	9	29	2
4	174	10	29	1
4	175	10	29	1
4	176	11	31	0
4	177	12	32	-1
4	178	12	33	-3
4	179	13	35	-4
4	180	14	36	-5
4	181	15	38	-6
4	182	15	39	-8
4	183	15	40	-10
4	184	15	41	-11
4	185	15	42	-13
4	186	15	42	-15
4	187	15	43	-16
4	188	14	44	-16
4	189	14	45	-15
4	190	13	45	-15
4	191	13	46	-14
4	192	12	46	-13
4	193	12	47	-13
5	1	1	29	-21
5	2	1	29	-20
5	3	2	28	-20
5	4	2	27	-19
5	5	3	26	-18
5	6	4	25	-18
5	7	4	24	-17
5	8	5	24	-17
5	9	6	23	-17
5	10	7	22	-18
5	11	8	21	-18
5	12	9	21	-18
5	13	10	20	-18
5	14	10	20	-18
5	15	11	20	-18
5	16	11	21	-18
5	17	11	21	-17
5	18	11	21	-17
5	19	12	21	-17
5	20	11	22	-17
5	21	10	23	-17
5	22	9	24	-17
5	23	9	24	-17
5	24	8	25	-17
5	25	7	26	-17
5	26	7	26	-18
5	27	7	26	-18
5	28	7	26	-18
5	29	7	26	-19
5	30	7	26	-19
5	31	7	26	-19
5	32	7	25	-20
5	33	7	25	-20
5	34	7	24	-21
5	35	7	24	-21
5	36	7	23	-22
5	37	6	23	-22
5	38	7	23	-22
5	39	7	23	-22
5	40	7	22	-22
5	41	7	22	-22
5	42	7	22	-21
5	43	7	22	-21
5	44	8	21	-21
5	45	8	21	-22
5	46	8	20	-22
5	47	9	19	-22
5	48	9	18	-22
5	49	9	18	-23
5	50	9	17	-23
5	51	9	17	-23
5	52	8	17	-23
5	53	8	17	-23
5	54	7	17	-23
5	55	7	16	-23
5	56	7	17	-22
5	57	7	18	-21
5	58	6	19	-20
5	59	6	20	-19
5	60	6	21	-18
5	61	6	22	-18
5	62	5	23	-17
5	63	4	24	-17
5	64	3	25	-17
5	65	2	25	-17
5	66	1	26	-17
5	67	0	27	-17
5	68	0	27	-17
5	69	-1	27	-17
5	70	-2	28	-17
5	71	-3	28	-17
5	72	-4	28	-17
5	73	-5	28	-18
5	74	-5	27	-17
5	75	-5	27	-17
5	76	-5	26	-17
5	77	-5	25	-17
5	78	-6	24	-17
5	79	-6	24	-16
5	80	-5	24	-16
5	81	-5	23	-15
5	82	-4	23	-15
5	83	-3	23	-15
5	84	-3	23	-14
5	85	-2	23	-14
5	86	-1	22	-14
5	87	0	21	-15
5	88	1	20	-15
5	89	2	20	-16
5	90	3	19	-16
5	91	4	18	-17
5	92	5	18	-17
5	93	6	19	-16
5	94	6	19	-16
5	95	7	19	-16
5	96	8	19	-16
5	97	8	20	-15
5	98	8	20	-15
5	99	9	21	-15
5	100	9	21	-15
5	101	9	22	-15
5	102	9	22	-15
5	103	9	22	-15
5	104	10	23	-15
5	105	10	24	-16
5	106	11	24	-16
5	107	11	25	-16
5	108	12	25	-17
5	109	12	26	-17
5	110	13	25	-18
5	111	13	24	-18
5	112	13	24	-19
5	113	13	23	-19
5	114	14	22	-20
5	115	14	21	-20
5	116	14	21	-19
5	117	14	21	-19
5	118	14	21	-18
5	119	14	21	-17
5	120	14	21	-16
5	121	14	21	-16
5	122	14	21	-16
5	123	13	20	-16
5	124	13	20	-16
5	125	12	20	-15
5	126	12	20	-15
5	127	11	19	-15
5	128	11	20	-15
5	129	10	21	-14
5	130	9	22	-14
5	131	9	22	-14
5	132	8	23	-13
5	133	7	24	-13
5	134	7	23	-14
5	135	7	22	-14
5	136	6	21	-15
5	137	6	20	-15
5	138	5	19	-16
5	139	5	18	-16
5	140	5	17	-15
5	141	5	15	-14
5	142	6	13	-12
5	143	6	11	-11
5	144	6	10	-9
5	145	6	8	-8
5	146	7	8	-6
5	147	7	8	-3
5	148	7	8	-1
5	149	8	8	2
5	150	8	8	4
5	151	8	8	7
5	152	9	10	7
5	153	9	12	8
5	154	10	14	9
5	155	10	16	10
5	156	10	18	11
5	157	11	20	12
5	158	11	21	11
5	159	10	22	10
5	160	10	23	9
5	161	10	25	8
5	162	10	26	7
5	163	9	27	6
5	164	9	27	6
5	165	9	28	5
5	166	9	28	4
5	167	9	28	3
5	168	9	28	2
5	169	8	28	2
5	170	9	28	1
5	171	9	29	1
5	172	10	29	0
5	173	10	29	0
5	174	10	29	0
5	175	11	30	-1
5	176	11	31	-2
5	177	12	32	-3
5	178	12	34	-4
5	179	12	35	-6
5	180	13	37	-7
5	181	13	38	-8
5	182	13	39	-9
5	183	13	40	-11
5	184	13	40	-12
5	185	13	41	-14
5	186	13	42	-15
5	187	14	42	-16
5	188	13	43	-16
5	189	13	43	-16
5	190	12	44	-15
5	191	12	44	-15
5	192	11	45	-14
5	193	11	45	-14
6	1	3	30	-21
6	2	4	29	-21
6	3	5	28	-20
6	4	5	27	-19
6	5	6	26	-19
6	6	6	25	-18
6	7	7	24	-18
6	8	7	23	-18
6	9	8	23	-18
6	10	9	22	-18
6	11	10	21	-18
6	12	11	21	-18
6	13	12	20	-18
6	14	12	20	-18
6	15	12	20	-17
6	16	12	21	-17
6	17	12	21	-17
6	18	12	21	-16
6	19	12	21	-16
6	20	12	22	-16
6	21	11	23	-16
6	22	10	23	-16
6	23	10	24	-16
6	24	9	25	-16
6	25	8	26	-17
6	26	8	26	-17
6	27	8	26	-17
6	28	8	26	-18
6	29	8	26	-18
6	30	8	26	-19
6	31	8	25	-19
6	32	8	25	-20
6	33	8	24	-20
6	34	8	24	-21
6	35	8	23	-21
6	36	7	22	-22
6	37	7	22	-22
6	38	8	22	-22
6	39	8	22	-22
6	40	8	22	-22
6	41	8	22	-22
6	42	9	21	-22
6	43	9	21	-21
6	44	9	21	-22
6	45	9	20	-22
6	46	9	19	-22
6	47	10	18	-23
6	48	10	17	-23
6	49	10	16	-23
6	50	9	16	-23
6	51	9	16	-23
6	52	8	16	-23
6	53	8	16	-22
6	54	7	16	-22
6	55	7	16	-22
6	56	7	17	-21
6	57	6	18	-20
6	58	6	19	-19
6	59	6	20	-19
6	60	6	21	-18
6	61	6	22	-17
6	62	5	23	-17
6	63	4	23	-17
6	64	3	24	-17
6	65	2	25	-17
6	66	1	26	-17
6	67	0	27	-17
6	68	-1	27	-17
6	69	-1	27	-17
6	70	-2	26	-17
6	71	-2	26	-17
6	72	-3	26	-17
6	73	-3	26	-18
6	74	-3	25	-17
6	75	-3	25	-17
6	76	-3	24	-16
6	77	-3	23	-16
6	78	-3	23	-15
6	79	-3	22	-14
6	80	-2	22	-14
6	81	-2	23	-14
6	82	-1	23	-14
6	83	0	23	-14
6	84	1	23	-14
6	85	1	23	-14
6	86	2	22	-15
6	87	3	21	-15
6	88	4	21	-16
6	89	5	20	-16
6	90	6	19	-16
6	91	7	18	-17
6	92	7	18	-17
6	93	8	19	-16
6	94	8	19	-16
6	95	9	19	-15
6	96	9	20	-15
6	97	10	20	-15
6	98	10	20	-15
6	99	10	21	-15
6	100	10	21	-15
6	101	10	22	-15
6	102	10	22	-14
6	103	10	22	-14
6	104	11	23	-15
6	105	11	24	-16
6	106	12	24	-16
6	107	13	25	-17
6	108	13	26	-17
6	109	14	26	-18
6	110	14	25	-18
6	111	14	24	-19
6	112	14	23	-19
6	113	15	22	-20
6	114	15	21	-21
6	115	15	20	-21
6	116	15	20	-20
6	117	15	20	-19
6	118	15	20	-18
6	119	15	20	-17
6	120	15	20	-16
6	121	14	20	-15
6	122	14	20	-15
6	123	13	20	-15
6	124	13	19	-15
6	125	12	19	-15
6	126	12	19	-15
6	127	11	18	-15
6	128	11	19	-15
6	129	10	20	-15
6	130	9	21	-14
6	131	9	21	-14
6	132	8	22	-14
6	133	8	23	-13
6	134	7	22	-14
6	135	7	21	-14
6	136	7	20	-15
6	137	7	19	-16
6	138	6	18	-16
6	139	6	17	-17
6	140	7	15	-15
6	141	7	13	-14
6	142	8	11	-12
6	143	8	10	-11
6	144	8	8	-10
6	145	9	6	-8
6	146	9	6	-6
6	147	10	7	-3
6	148	10	7	0
6	149	10	8	2
6	150	11	8	5
6	151	11	8	7
6	152	11	10	8
6	153	12	12	9
6	154	12	14	10
6	155	12	16	10
6	156	12	19	11
6	157	13	21	12
6	158	12	22	11
6	159	12	23	10
6	160	12	24	9
6	161	12	25	8
6	162	12	27	7
6	163	11	28	6
6	164	11	28	5
6	165	11	28	4
6	166	11	28	3
6	167	10	28	2
6	168	10	28	2
6	169	10	28	1
6	170	10	28	0
6	171	10	29	0
6	172	11	29	-1
6	173	11	29	-1
6	174	11	30	-2
6	175	11	30	-2
6	176	11	31	-4
6	177	11	33	-5
6	178	12	34	-6
6	179	12	36	-7
6	180	12	37	-9
6	181	12	38	-10
6	182	12	39	-11
6	183	12	39	-12
6	184	12	40	-13
6	185	12	40	-14
6	186	12	41	-15
6	187	12	41	-17
6	188	12	42	-16
6	189	12	42	-16
6	190	11	42	-16
6	191	11	43	-15
6	192	11	43	-15
6	193	10	43	-14
7	1	6	30	-21
7	2	7	29	-21
7	3	7	28	-20
7	4	8	27	-20
7	5	8	26	-19
7	6	9	25	-19
7	7	9	24	-18
7	8	10	23	-18
7	9	10	22	-18
7	10	11	22	-18
7	11	12	21	-18
7	12	12	21	-18
7	13	13	20	-18
7	14	13	20	-18
7	15	13	20	-17
7	16	13	21	-16
7	17	13	21	-16
7	18	13	21	-15
7	19	13	21	-14
7	20	12	22	-15
7	21	12	23	-15
7	22	11	23	-15
7	23	11	24	-15
7	24	10	25	-16
7	25	10	26	-16
7	26	10	25	-16
7	27	10	25	-17
7	28	10	25	-17
7	29	10	25	-18
7	30	10	25	-18
7	31	10	25	-19
7	32	9	24	-20
7	33	9	24	-20
7	34	9	23	-21
7	35	9	22	-21
7	36	8	21	-22
7	37	8	21	-22
7	38	9	21	-22
7	39	9	21	-22
7	40	9	21	-22
7	41	10	21	-22
7	42	10	21	-22
7	43	10	21	-22
7	44	11	20	-22
7	45	11	19	-22
7	46	11	18	-23
7	47	11	17	-23
7	48	11	16	-23
7	49	11	15	-24
7	50	10	15	-23
7	51	9	15	-23
7	52	9	15	-23
7	53	8	15	-22
7	54	7	15	-22
7	55	7	15	-21
7	56	6	16	-20
7	57	6	17	-20
7	58	6	18	-19
7	59	6	19	-18
7	60	6	20	-17
7	61	5	21	-17
7	62	4	22	-17
7	63	3	23	-16
7	64	2	24	-16
7	65	1	25	-16
7	66	0	26	-16
7	67	-1	27	-16
7	68	-1	26	-16
7	69	-1	26	-17
7	70	-1	25	-17
7	71	-1	25	-17
7	72	-1	24	-17
7	73	-1	23	-18
7	74	-1	23	-17
7	75	-1	22	-16
7	76	-1	22	-15
7	77	-1	22	-14
7	78	-1	21	-13
7	79	0	21	-13
7	80	1	21	-13
7	81	1	22	-13
7	82	2	22	-14
7	83	3	23	-14
7	84	4	23	-15
7	85	5	24	-15
7	86	6	23	-15
7	87	7	22	-16
7	88	7	21	-16
7	89	8	20	-16
7	90	9	19	-17
7	91	10	18	-17
7	92	10	18	-17
7	93	10	19	-16
7	94	10	19	-15
7	95	11	19	-15
7	96	11	20	-14
7	97	11	20	-14
7	98	11	21	-14
7	99	11	21	-14
7	100	11	21	-14
7	101	11	22	-14
7	102	11	22	-14
7	103	11	22	-14
7	104	12	23	-15
7	105	13	24	-16
7	106	13	24	-16
7	107	14	25	-17
7	108	15	26	-18
7	109	16	26	-18
7	110	16	25	-19
7	111	16	24	-20
7	112	16	23	-20
7	113	16	22	-21
7	114	16	20	-21
7	115	16	19	-22
7	116	16	19	-21
7	117	15	19	-20
7	118	15	19	-18
7	119	15	19	-17
7	120	15	20	-16
7	121	15	20	-15
7	122	14	19	-15
7	123	13	19	-15
7	124	13	18	-15
7	125	12	18	-15
7	126	12	18	-15
7	127	11	17	-16
7	128	11	18	-15
7	129	10	19	-15
7	130	9	20	-15
7	131	9	20	-14
7	132	8	21	-14
7	133	8	22	-13
7	134	8	21	-14
7	135	8	20	-15
7	136	8	19	-15
7	137	8	17	-16
7	138	8	16	-17
7	139	8	15	-17
7	140	8	13	-16
7	141	9	12	-14
7	142	9	10	-13
7	143	10	8	-11
7	144	11	6	-10
7	145	11	4	-8
7	146	12	5	-6
7	147	12	6	-3
7	148	12	6	0
7	149	13	7	2
7	150	13	8	5
7	151	14	8	8
7	152	14	10	8
7	153	14	13	9
7	154	14	15	10
7	155	14	17	10
7	156	14	19	11
7	157	14	22	12
7	158	14	23	11
7	159	14	24	9
7	160	14	25	8
7	161	14	26	7
7	162	13	27	6
7	163	13	28	5
7	164	13	28	4
7	165	13	28	3
7	166	12	28	2
7	167	12	28	2
7	168	12	28	1
7	169	12	28	0
7	170	12	29	-1
7	171	12	29	-1
7	172	12	29	-2
7	173	12	30	-3
7	174	11	30	-4
7	175	11	31	-4
7	176	11	32	-5
7	177	11	33	-7
7	178	11	35	-8
7	179	11	36	-9
7	180	11	37	-10
7	181	11	39	-12
7	182	11	39	-12
7	183	11	39	-13
7	184	11	40	-14
7	185	11	40	-15
7	186	11	40	-16
7	187	11	40	-17
7	188	11	41	-16
7	189	11	41	-16
7	190	11	41	-16
7	191	10	41	-16
7	192	10	41	-15
7	193	10	41	-15
8	1	7	30	-22
8	2	7	29	-22
8	3	8	28	-21
8	4	8	27	-21
8	5	8	26	-20
8	6	9	25	-20
8	7	9	24	-19
8	8	10	24	-19
8	9	10	23	-19
8	10	11	23	-19
8	11	11	22	-19
8	12	12	22	-19
8	13	13	21	-19
8	14	12	21	-18
8	15	12	21	-18
8	16	12	22	-17
8	17	12	22	-16
8	18	12	22	-16
8	19	12	22	-15
8	20	12	22	-15
8	21	11	23	-16
8	22	11	24	-16
8	23	10	24	-16
8	24	10	25	-16
8	25	9	25	-16
8	26	9	25	-17
8	27	9	25	-17
8	28	9	25	-18
8	29	9	25	-18
8	30	9	25	-19
8	31	9	25	-19
8	32	9	24	-20
8	33	9	24	-21
8	34	8	23	-21
8	35	8	23	-22
8	36	8	22	-22
8	37	7	21	-23
8	38	8	21	-23
8	39	8	21	-22
8	40	8	21	-22
8	41	9	22	-22
8	42	9	22	-22
8	43	10	22	-22
8	44	10	21	-22
8	45	10	20	-22
8	46	10	19	-23
8	47	10	18	-23
8	48	10	17	-23
8	49	10	17	-24
8	50	10	16	-23
8	51	9	16	-23
8	52	8	16	-23
8	53	8	16	-22
8	54	7	16	-22
8	55	6	16	-22
8	56	6	17	-21
8	57	6	18	-20
8	58	6	18	-19
8	59	5	19	-19
8	60	5	20	-18
8	61	5	21	-17
8	62	4	22	-17
8	63	3	23	-17
8	64	2	24	-17
8	65	1	25	-17
8	66	1	25	-17
8	67	0	26	-17
8	68	-1	26	-17
8	69	-1	26	-17
8	70	-1	25	-17
8	71	-1	25	-18
8	72	-1	24	-18
8	73	-1	24	-18
8	74	-1	24	-17
8	75	-1	23	-17
8	76	-1	23	-16
8	77	-1	23	-15
8	78	-1	22	-14
8	79	-1	22	-14
8	80	0	22	-14
8	81	1	23	-14
8	82	1	23	-15
8	83	2	23	-15
8	84	3	24	-15
8	85	4	24	-16
8	86	5	23	-16
8	87	6	23	-16
8	88	6	22	-17
8	89	7	21	-17
8	90	8	20	-17
8	91	9	19	-18
8	92	9	20	-17
8	93	9	20	-17
8	94	10	20	-17
8	95	10	20	-16
8	96	10	21	-16
8	97	11	21	-16
8	98	11	21	-16
8	99	11	21	-16
8	100	11	22	-15
8	101	11	22	-15
8	102	11	22	-15
8	103	11	22	-15
8	104	11	23	-16
8	105	12	24	-16
8	106	13	25	-16
8	107	13	25	-17
8	108	14	26	-17
8	109	15	27	-18
8	110	15	26	-18
8	111	15	25	-19
8	112	15	24	-20
8	113	15	23	-20
8	114	15	22	-21
8	115	15	21	-21
8	116	15	21	-21
8	117	14	21	-20
8	118	14	20	-19
8	119	14	20	-18
8	120	14	20	-18
8	121	13	20	-17
8	122	13	19	-17
8	123	12	19	-17
8	124	12	19	-17
8	125	12	19	-17
8	126	11	18	-17
8	127	11	18	-17
8	128	10	19	-16
8	129	10	19	-16
8	130	9	20	-15
8	131	9	20	-15
8	132	8	21	-15
8	133	8	22	-14
8	134	8	21	-15
8	135	8	20	-15
8	136	8	19	-16
8	137	8	18	-16
8	138	8	18	-17
8	139	8	17	-17
8	140	8	15	-16
8	141	9	13	-15
8	142	9	11	-13
8	143	10	10	-12
8	144	10	8	-11
8	145	11	6	-10
8	146	11	6	-7
8	147	11	7	-5
8	148	12	7	-2
8	149	12	7	0
8	150	13	8	3
8	151	13	8	5
8	152	13	10	6
8	153	13	12	7
8	154	14	14	8
8	155	14	16	8
8	156	14	18	9
8	157	14	20	10
8	158	14	21	9
8	159	14	23	8
8	160	13	24	7
8	161	13	25	6
8	162	13	26	5
8	163	13	27	4
8	164	12	27	3
8	165	12	27	3
8	166	12	28	2
8	167	12	28	1
8	168	11	28	1
8	169	11	28	0
8	170	11	28	0
8	171	11	29	-1
8	172	11	29	-2
8	173	11	30	-2
8	174	11	30	-3
8	175	10	30	-4
8	176	10	32	-5
8	177	10	33	-6
8	178	10	34	-7
8	179	10	36	-8
8	180	10	37	-9
8	181	9	38	-10
8	182	9	39	-11
8	183	9	39	-12
8	184	9	40	-13
8	185	9	40	-14
8	186	9	40	-15
8	187	9	41	-16
8	188	9	41	-15
8	189	9	41	-15
8	190	9	41	-15
8	191	8	42	-15
8	192	8	42	-15
8	193	8	42	-15
9	1	8	30	-23
9	2	8	29	-23
9	3	8	28	-22
9	4	8	27	-22
9	5	9	26	-21
9	6	9	26	-21
9	7	9	25	-21
9	8	10	24	-20
9	9	10	24	-20
9	10	11	24	-20
9	11	11	23	-20
9	12	12	23	-19
9	13	12	22	-19
9	14	12	22	-19
9	15	12	22	-18
9	16	12	22	-18
9	17	12	22	-17
9	18	12	22	-16
9	19	12	22	-16
9	20	11	23	-16
9	21	11	23	-16
9	22	10	24	-16
9	23	10	24	-17
9	24	10	25	-17
9	25	9	25	-17
9	26	9	25	-17
9	27	9	25	-18
9	28	9	25	-18
9	29	9	25	-19
9	30	9	25	-19
9	31	9	25	-20
9	32	8	25	-20
9	33	8	24	-21
9	34	8	23	-22
9	35	7	23	-22
9	36	7	22	-23
9	37	7	22	-23
9	38	7	22	-23
9	39	7	22	-23
9	40	8	22	-23
9	41	8	22	-22
9	42	8	22	-22
9	43	9	23	-22
9	44	9	22	-22
9	45	9	21	-22
9	46	9	20	-23
9	47	10	19	-23
9	48	10	19	-23
9	49	10	18	-23
9	50	10	18	-23
9	51	9	17	-23
9	52	8	17	-23
9	53	7	17	-23
9	54	6	17	-22
9	55	5	17	-22
9	56	5	17	-21
9	57	5	18	-21
9	58	5	19	-20
9	59	5	20	-19
9	60	5	20	-18
9	61	5	21	-17
9	62	4	22	-17
9	63	3	23	-17
9	64	3	23	-17
9	65	2	24	-17
9	66	1	25	-17
9	67	0	26	-17
9	68	0	25	-17
9	69	0	25	-17
9	70	-1	25	-18
9	71	-1	25	-18
9	72	-1	25	-18
9	73	-1	25	-19
9	74	-1	24	-18
9	75	-1	24	-17
9	76	-1	24	-17
9	77	-1	24	-16
9	78	-1	23	-15
9	79	-1	23	-15
9	80	-1	23	-15
9	81	0	24	-15
9	82	1	24	-15
9	83	1	24	-16
9	84	2	24	-16
9	85	3	25	-16
9	86	4	24	-17
9	87	4	23	-17
9	88	5	23	-17
9	89	6	22	-17
9	90	7	22	-18
9	91	8	21	-18
9	92	8	21	-18
9	93	9	21	-18
9	94	9	21	-18
9	95	9	21	-18
9	96	10	21	-18
9	97	10	22	-18
9	98	10	22	-17
9	99	10	22	-17
9	100	10	22	-17
9	101	10	22	-17
9	102	10	22	-16
9	103	10	22	-16
9	104	11	23	-16
9	105	11	24	-16
9	106	12	25	-17
9	107	12	26	-17
9	108	13	27	-17
9	109	14	27	-17
9	110	14	27	-18
9	111	14	26	-19
9	112	14	25	-19
9	113	14	24	-20
9	114	14	24	-20
9	115	14	23	-21
9	116	14	22	-21
9	117	13	22	-20
9	118	13	21	-20
9	119	13	21	-20
9	120	12	20	-19
9	121	12	20	-19
9	122	12	19	-19
9	123	12	19	-19
9	124	11	19	-18
9	125	11	19	-18
9	126	11	19	-18
9	127	10	19	-17
9	128	10	19	-17
9	129	10	20	-17
9	130	9	20	-16
9	131	9	21	-16
9	132	8	21	-15
9	133	8	22	-15
9	134	8	21	-15
9	135	8	21	-15
9	136	8	20	-16
9	137	8	19	-16
9	138	8	19	-17
9	139	7	18	-17
9	140	8	17	-16
9	141	8	15	-15
9	142	9	13	-14
9	143	9	11	-13
9	144	10	10	-12
9	145	10	8	-11
9	146	11	8	-9
9	147	11	8	-7
9	148	11	8	-4
9	149	12	8	-2
9	150	12	8	0
9	151	13	8	2
9	152	13	10	3
9	153	13	12	4
9	154	13	14	5
9	155	13	16	6
9	156	13	17	8
9	157	14	19	9
9	158	13	20	8
9	159	13	22	7
9	160	13	23	6
9	161	13	24	5
9	162	12	25	4
9	163	12	26	3
9	164	12	26	2
9	165	12	27	2
9	166	11	27	2
9	167	11	27	1
9	168	11	27	1
9	169	10	27	0
9	170	10	28	0
9	171	10	28	-1
9	172	10	29	-1
9	173	10	29	-2
9	174	10	30	-2
9	175	9	30	-3
9	176	9	31	-4
9	177	9	33	-5
9	178	9	34	-6
9	179	9	35	-7
9	180	8	36	-8
9	181	8	38	-9
9	182	8	38	-10
9	183	8	39	-11
9	184	8	39	-12
9	185	7	40	-13
9	186	7	41	-14
9	187	7	41	-15
9	188	7	42	-15
9	189	7	42	-14
9	190	6	42	-14
9	191	6	42	-14
9	192	6	43	-14
9	193	6	43	-14
10	1	8	29	-24
10	2	9	29	-24
10	3	9	28	-24
10	4	9	27	-23
10	5	9	27	-23
10	6	9	26	-22
10	7	9	25	-22
10	8	10	25	-21
10	9	10	25	-21
10	10	10	24	-21
10	11	11	24	-20
10	12	11	24	-20
10	13	11	24	-20
10	14	11	24	-19
10	15	11	23	-19
10	16	11	23	-18
10	17	11	23	-18
10	18	11	23	-17
10	19	11	23	-17
10	20	11	23	-17
10	21	10	24	-17
10	22	10	24	-17
10	23	10	25	-17
10	24	10	25	-17
10	25	9	25	-17
10	26	9	25	-18
10	27	9	25	-18
10	28	9	25	-19
10	29	9	25	-19
10	30	8	25	-20
10	31	8	25	-20
10	32	8	25	-21
10	33	7	24	-22
10	34	7	24	-22
10	35	7	23	-23
10	36	6	23	-23
10	37	6	22	-24
10	38	6	23	-23
10	39	7	23	-23
10	40	7	23	-23
10	41	7	23	-23
10	42	7	23	-23
10	43	8	23	-22
10	44	8	23	-22
10	45	9	22	-23
10	46	9	21	-23
10	47	9	21	-23
10	48	10	20	-23
10	49	10	19	-23
10	50	9	19	-23
10	51	8	19	-23
10	52	8	18	-23
10	53	7	18	-23
10	54	6	18	-23
10	55	5	17	-23
10	56	5	18	-22
10	57	5	19	-21
10	58	5	19	-20
10	59	5	20	-19
10	60	5	21	-18
10	61	5	21	-18
10	62	4	22	-18
10	63	4	22	-17
10	64	3	23	-17
10	65	2	24	-17
10	66	1	24	-17
10	67	0	25	-17
10	68	0	25	-17
10	69	0	25	-18
10	70	0	25	-18
10	71	0	25	-18
10	72	-1	25	-19
10	73	-1	25	-19
10	74	-1	25	-18
10	75	-1	25	-18
10	76	-1	25	-17
10	77	-2	25	-17
10	78	-2	25	-16
10	79	-2	24	-16
10	80	-1	25	-16
10	81	-1	25	-16
10	82	0	25	-16
10	83	0	25	-16
10	84	1	25	-17
10	85	2	25	-17
10	86	3	25	-17
10	87	3	24	-17
10	88	4	24	-18
10	89	5	23	-18
10	90	6	23	-18
10	91	7	23	-19
10	92	8	23	-19
10	93	8	22	-19
10	94	8	22	-19
10	95	9	22	-19
10	96	9	22	-19
10	97	9	22	-20
10	98	10	22	-19
10	99	10	22	-19
10	100	10	22	-18
10	101	10	22	-18
10	102	10	22	-18
10	103	10	22	-17
10	104	10	23	-17
10	105	11	24	-17
10	106	11	25	-17
10	107	12	26	-17
10	108	12	27	-17
10	109	13	28	-17
10	110	13	27	-17
10	111	13	27	-18
10	112	13	26	-19
10	113	13	26	-19
10	114	13	25	-20
10	115	13	25	-21
10	116	12	24	-21
10	117	12	23	-21
10	118	12	22	-21
10	119	11	21	-21
10	120	11	20	-21
10	121	11	20	-21
10	122	11	20	-21
10	123	11	20	-20
10	124	10	19	-20
10	125	10	19	-19
10	126	10	19	-19
10	127	10	19	-18
10	128	10	20	-18
10	129	9	20	-17
10	130	9	20	-17
10	131	9	21	-16
10	132	8	21	-16
10	133	8	22	-15
10	134	8	21	-16
10	135	8	21	-16
10	136	8	21	-16
10	137	8	20	-16
10	138	8	20	-16
10	139	7	20	-17
10	140	8	18	-16
10	141	8	16	-15
10	142	9	15	-15
10	143	9	13	-14
10	144	9	11	-13
10	145	10	10	-13
10	146	10	9	-11
10	147	10	9	-9
10	148	11	9	-7
10	149	11	9	-4
10	150	12	8	-2
10	151	12	8	0
10	152	12	10	1
10	153	12	11	2
10	154	12	13	3
10	155	13	15	4
10	156	13	16	6
10	157	13	18	7
10	158	13	19	6
10	159	13	20	5
10	160	12	22	4
10	161	12	23	4
10	162	12	24	3
10	163	12	25	2
10	164	11	25	2
10	165	11	26	2
10	166	11	26	1
10	167	10	26	1
10	168	10	27	1
10	169	10	27	1
10	170	10	28	0
10	171	9	28	0
10	172	9	29	-1
10	173	9	29	-1
10	174	9	30	-2
10	175	9	30	-2
10	176	8	31	-3
10	177	8	32	-4
10	178	8	34	-5
10	179	7	35	-6
10	180	7	36	-7
10	181	7	37	-8
10	182	6	38	-9
10	183	6	39	-10
10	184	6	39	-11
10	185	5	40	-12
10	186	5	41	-13
10	187	5	42	-14
10	188	5	42	-14
10	189	5	42	-14
10	190	4	43	-14
10	191	4	43	-14
10	192	4	43	-14
10	193	4	44	-14
11	1	9	29	-25
11	2	9	29	-25
11	3	9	28	-25
11	4	9	28	-24
11	5	9	27	-24
11	6	9	26	-23
11	7	10	26	-23
11	8	10	26	-22
11	9	10	26	-22
11	10	10	25	-21
11	11	10	25	-21
11	12	11	25	-20
11	13	11	25	-20
11	14	11	25	-20
11	15	11	24	-19
11	16	10	24	-19
11	17	10	24	-18
11	18	10	24	-18
11	19	10	24	-17
11	20	10	24	-17
11	21	10	24	-18
11	22	10	25	-18
11	23	9	25	-18
11	24	9	25	-18
11	25	9	25	-18
11	26	9	25	-18
11	27	9	25	-19
11	28	8	25	-19
11	29	8	25	-20
11	30	8	25	-20
11	31	8	25	-21
11	32	7	25	-21
11	33	7	25	-22
11	34	7	24	-23
11	35	6	24	-23
11	36	6	23	-24
11	37	5	23	-24
11	38	6	23	-24
11	39	6	23	-24
11	40	6	24	-23
11	41	6	24	-23
11	42	7	24	-23
11	43	7	24	-23
11	44	7	24	-23
11	45	8	23	-23
11	46	8	22	-23
11	47	9	22	-23
11	48	10	21	-23
11	49	10	21	-23
11	50	9	20	-23
11	51	8	20	-23
11	52	7	19	-23
11	53	6	19	-23
11	54	5	18	-23
11	55	4	18	-23
11	56	4	19	-22
11	57	4	19	-21
11	58	5	20	-20
11	59	5	20	-20
11	60	5	21	-19
11	61	5	21	-18
11	62	4	22	-18
11	63	4	22	-18
11	64	3	23	-18
11	65	2	23	-18
11	66	2	24	-18
11	67	1	24	-18
11	68	1	25	-18
11	69	0	25	-18
11	70	0	25	-19
11	71	0	25	-19
11	72	0	26	-19
11	73	-1	26	-20
11	74	-1	26	-19
11	75	-1	26	-19
11	76	-2	26	-18
11	77	-2	26	-18
11	78	-2	26	-17
11	79	-3	26	-17
11	80	-2	26	-17
11	81	-2	26	-17
11	82	-1	26	-17
11	83	-1	26	-17
11	84	0	26	-17
11	85	1	26	-17
11	86	1	25	-18
11	87	2	25	-18
11	88	3	25	-18
11	89	4	25	-18
11	90	5	25	-19
11	91	6	24	-19
11	92	7	24	-19
11	93	7	24	-20
11	94	8	24	-20
11	95	8	23	-21
11	96	8	23	-21
11	97	9	23	-22
11	98	9	23	-21
11	99	9	23	-20
11	100	9	22	-20
11	101	9	22	-19
11	102	9	22	-19
11	103	9	22	-18
11	104	10	23	-18
11	105	10	24	-17
11	106	10	25	-17
11	107	11	26	-17
11	108	11	27	-16
11	109	12	28	-16
11	110	12	28	-17
11	111	12	28	-17
11	112	12	27	-18
11	113	12	27	-19
11	114	12	27	-19
11	115	12	27	-20
11	116	11	26	-21
11	117	11	24	-21
11	118	11	23	-22
11	119	10	22	-23
11	120	10	21	-23
11	121	10	20	-24
11	122	10	20	-23
11	123	10	20	-22
11	124	10	20	-21
11	125	10	20	-21
11	126	10	20	-20
11	127	10	20	-19
11	128	9	20	-19
11	129	9	20	-18
11	130	9	21	-18
11	131	9	21	-17
11	132	8	21	-17
11	133	8	21	-16
11	134	8	21	-16
11	135	8	21	-16
11	136	8	21	-16
11	137	8	21	-16
11	138	7	21	-16
11	139	7	21	-16
11	140	8	20	-16
11	141	8	18	-16
11	142	8	16	-15
11	143	8	15	-15
11	144	9	13	-15
11	145	9	12	-14
11	146	9	11	-12
11	147	10	10	-11
11	148	10	10	-9
11	149	11	9	-7
11	150	11	9	-5
11	151	11	8	-3
11	152	12	10	-2
11	153	12	11	0
11	154	12	12	1
11	155	12	14	2
11	156	12	15	4
11	157	13	17	5
11	158	12	18	5
11	159	12	19	4
11	160	12	21	3
11	161	12	22	2
11	162	12	23	2
11	163	11	24	1
11	164	11	25	1
11	165	11	25	1
11	166	10	25	1
11	167	10	26	1
11	168	9	26	1
11	169	9	27	1
11	170	9	27	0
11	171	9	28	0
11	172	8	28	0
11	173	8	29	-1
11	174	8	29	-1
11	175	8	30	-1
11	176	7	31	-2
11	177	7	32	-3
11	178	6	33	-4
11	179	6	34	-5
11	180	6	35	-6
11	181	5	37	-6
11	182	5	38	-7
11	183	4	38	-8
11	184	4	39	-9
11	185	4	40	-11
11	186	3	41	-12
11	187	3	42	-13
11	188	2	43	-13
11	189	2	43	-13
11	190	2	43	-13
11	191	2	44	-13
11	192	2	44	-13
11	193	2	44	-13
12	1	10	29	-27
12	2	10	29	-26
12	3	10	28	-26
12	4	10	28	-25
12	5	10	27	-25
12	6	10	27	-24
12	7	10	26	-24
12	8	10	26	-23
12	9	10	26	-23
12	10	10	26	-22
12	11	10	26	-22
12	12	10	26	-21
12	13	10	26	-20
12	14	10	26	-20
12	15	10	25	-20
12	16	10	25	-19
12	17	10	25	-19
12	18	10	25	-18
12	19	9	24	-18
12	20	9	24	-18
12	21	9	25	-18
12	22	9	25	-18
12	23	9	25	-18
12	24	9	25	-18
12	25	9	25	-18
12	26	9	25	-19
12	27	8	25	-19
12	28	8	25	-20
12	29	8	25	-20
12	30	8	25	-21
12	31	7	25	-21
12	32	7	25	-22
12	33	6	25	-22
12	34	6	24	-23
12	35	5	24	-24
12	36	5	24	-24
12	37	5	24	-25
12	38	5	24	-24
12	39	5	24	-24
12	40	5	24	-24
12	41	5	25	-23
12	42	6	25	-23
12	43	6	25	-23
12	44	7	25	-23
12	45	7	24	-23
12	46	8	23	-23
12	47	9	23	-23
12	48	9	22	-23
12	49	10	22	-23
12	50	9	21	-23
12	51	8	21	-23
12	52	7	20	-23
12	53	6	20	-23
12	54	5	19	-23
12	55	4	19	-23
12	56	4	19	-23
12	57	4	20	-22
12	58	4	20	-21
12	59	4	20	-20
12	60	5	21	-19
12	61	5	21	-18
12	62	4	22	-18
12	63	4	22	-18
12	64	3	23	-18
12	65	2	23	-18
12	66	2	23	-18
12	67	1	24	-18
12	68	1	24	-18
12	69	1	25	-19
12	70	0	25	-19
12	71	0	25	-19
12	72	0	26	-20
12	73	-1	26	-20
12	74	-1	26	-20
12	75	-1	27	-19
12	76	-2	27	-19
12	77	-2	27	-18
12	78	-3	27	-18
12	79	-3	27	-18
12	80	-3	27	-18
12	81	-2	27	-18
12	82	-2	27	-18
12	83	-1	26	-18
12	84	-1	26	-18
12	85	-1	26	-18
12	86	0	26	-18
12	87	1	26	-19
12	88	2	26	-19
12	89	3	26	-19
12	90	4	26	-19
12	91	5	26	-20
12	92	6	26	-20
12	93	6	25	-21
12	94	7	25	-21
12	95	7	24	-22
12	96	8	24	-23
12	97	8	23	-23
12	98	8	23	-23
12	99	8	23	-22
12	100	8	23	-21
12	101	9	22	-20
12	102	9	22	-20
12	103	9	22	-19
12	104	9	23	-18
12	105	9	24	-18
12	106	10	25	-17
12	107	10	26	-17
12	108	10	28	-16
12	109	11	29	-16
12	110	11	29	-16
12	111	11	29	-17
12	112	11	29	-18
12	113	11	29	-18
12	114	11	29	-19
12	115	11	29	-20
12	116	10	27	-21
12	117	10	26	-22
12	118	10	24	-23
12	119	9	23	-24
12	120	9	21	-25
12	121	8	20	-26
12	122	8	20	-25
12	123	9	20	-24
12	124	9	20	-23
12	125	9	20	-22
12	126	9	20	-21
12	127	9	21	-20
12	128	9	21	-19
12	129	9	21	-19
12	130	9	21	-18
12	131	9	21	-18
12	132	9	21	-17
12	133	8	21	-17
12	134	8	22	-17
12	135	8	22	-17
12	136	8	22	-16
12	137	8	22	-16
12	138	7	23	-16
12	139	7	23	-16
12	140	7	21	-16
12	141	8	20	-16
12	142	8	18	-16
12	143	8	17	-16
12	144	8	15	-16
12	145	9	13	-16
12	146	9	12	-14
12	147	9	12	-12
12	148	10	11	-11
12	149	10	10	-9
12	150	10	9	-7
12	151	11	8	-6
12	152	11	9	-4
12	153	11	11	-3
12	154	11	12	-1
12	155	12	13	0
12	156	12	15	2
12	157	12	16	4
12	158	12	17	3
12	159	12	18	2
12	160	11	19	2
12	161	11	21	1
12	162	11	22	1
12	163	11	23	0
12	164	10	24	0
12	165	10	24	0
12	166	10	25	1
12	167	9	25	1
12	168	9	26	1
12	169	8	26	1
12	170	8	27	1
12	171	8	27	0
12	172	7	28	0
12	173	7	29	0
12	174	7	29	0
12	175	7	30	-1
12	176	6	31	-1
12	177	6	32	-2
12	178	5	33	-3
12	179	5	34	-4
12	180	4	35	-4
12	181	4	36	-5
12	182	3	37	-6
12	183	3	38	-7
12	184	2	39	-8
12	185	2	40	-9
12	186	1	42	-10
12	187	0	43	-12
12	188	0	43	-12
12	189	0	43	-12
12	190	0	44	-12
12	191	0	44	-12
12	192	0	45	-12
12	193	0	45	-12
13	1	10	29	-28
13	2	10	29	-27
13	3	10	28	-27
13	4	10	28	-26
13	5	10	28	-26
13	6	10	27	-26
13	7	10	27	-25
13	8	10	27	-24
13	9	10	27	-24
13	10	10	27	-23
13	11	10	27	-22
13	12	10	27	-22
13	13	10	27	-21
13	14	10	27	-21
13	15	9	26	-20
13	16	9	26	-20
13	17	9	26	-20
13	18	9	25	-19
13	19	9	25	-19
13	20	9	25	-19
13	21	9	25	-19
13	22	9	25	-19
13	23	9	25	-19
13	24	9	25	-19
13	25	9	25	-19
13	26	9	25	-19
13	27	8	25	-20
13	28	8	25	-20
13	29	8	25	-21
13	30	7	25	-21
13	31	7	25	-22
13	32	6	25	-22
13	33	6	25	-23
13	34	5	25	-24
13	35	5	25	-24
13	36	4	24	-25
13	37	4	24	-25
13	38	4	24	-25
13	39	4	25	-24
13	40	4	25	-24
13	41	5	25	-24
13	42	5	26	-23
13	43	5	26	-23
13	44	6	26	-23
13	45	7	25	-23
13	46	7	25	-23
13	47	8	24	-23
13	48	9	24	-23
13	49	10	23	-22
13	50	9	23	-23
13	51	7	22	-23
13	52	6	21	-23
13	53	5	21	-23
13	54	4	20	-24
13	55	3	20	-24
13	56	3	20	-23
13	57	4	20	-22
13	58	4	20	-21
13	59	4	21	-20
13	60	4	21	-19
13	61	5	21	-19
13	62	4	22	-19
13	63	4	22	-18
13	64	3	22	-18
13	65	3	23	-18
13	66	2	23	-18
13	67	2	23	-18
13	68	1	24	-19
13	69	1	24	-19
13	70	1	25	-19
13	71	0	26	-20
13	72	0	26	-20
13	73	0	27	-20
13	74	-1	27	-20
13	75	-2	27	-20
13	76	-2	28	-19
13	77	-3	28	-19
13	78	-3	28	-19
13	79	-4	28	-19
13	80	-3	28	-19
13	81	-3	28	-19
13	82	-3	27	-19
13	83	-2	27	-19
13	84	-2	27	-19
13	85	-2	27	-19
13	86	-1	27	-19
13	87	0	27	-19
13	88	1	27	-19
13	89	2	27	-20
13	90	4	27	-20
13	91	5	28	-20
13	92	5	27	-21
13	93	6	26	-22
13	94	6	26	-23
13	95	7	25	-24
13	96	7	25	-24
13	97	8	24	-25
13	98	8	24	-24
13	99	8	23	-24
13	100	8	23	-23
13	101	8	23	-22
13	102	8	22	-21
13	103	8	22	-20
13	104	8	23	-19
13	105	9	24	-18
13	106	9	26	-18
13	107	9	27	-17
13	108	9	28	-16
13	109	10	29	-15
13	110	10	29	-16
13	111	10	30	-16
13	112	10	30	-17
13	113	10	30	-18
13	114	10	30	-19
13	115	10	30	-19
13	116	9	29	-21
13	117	9	27	-22
13	118	8	25	-24
13	119	8	23	-25
13	120	7	21	-27
13	121	7	20	-28
13	122	7	20	-27
13	123	8	20	-26
13	124	8	20	-25
13	125	8	21	-23
13	126	9	21	-22
13	127	9	21	-21
13	128	9	21	-20
13	129	9	21	-20
13	130	9	21	-19
13	131	9	21	-19
13	132	9	21	-18
13	133	8	21	-18
13	134	8	22	-17
13	135	8	22	-17
13	136	8	23	-17
13	137	8	23	-16
13	138	7	24	-16
13	139	7	24	-16
13	140	7	23	-16
13	141	7	21	-16
13	142	8	20	-17
13	143	8	18	-17
13	144	8	17	-17
13	145	8	15	-17
13	146	8	14	-16
13	147	9	13	-14
13	148	9	12	-13
13	149	9	10	-11
13	150	10	9	-10
13	151	10	8	-9
13	152	10	9	-7
13	153	11	10	-5
13	154	11	11	-3
13	155	11	12	-2
13	156	11	14	0
13	157	12	15	2
13	158	11	16	1
13	159	11	17	1
13	160	11	18	1
13	161	11	20	0
13	162	11	21	0
13	163	10	22	-1
13	164	10	23	0
13	165	9	23	0
13	166	9	24	0
13	167	9	25	1
13	168	8	25	1
13	169	8	26	1
13	170	7	27	1
13	171	7	27	1
13	172	7	28	1
13	173	6	28	1
13	174	6	29	0
13	175	6	29	0
13	176	5	31	0
13	177	5	32	-1
13	178	4	33	-2
13	179	4	34	-2
13	180	3	35	-3
13	181	3	36	-4
13	182	2	37	-5
13	183	1	38	-6
13	184	0	39	-7
13	185	0	41	-8
13	186	-1	42	-9
13	187	-2	43	-11
13	188	-2	44	-11
13	189	-2	44	-11
13	190	-2	45	-11
13	191	-2	45	-11
13	192	-2	46	-12
13	193	-2	46	-12
14	1	11	29	-28
14	2	11	28	-28
14	3	11	28	-28
14	4	11	28	-27
14	5	11	27	-27
14	6	11	27	-27
14	7	11	26	-26
14	8	11	26	-26
14	9	11	26	-25
14	10	11	26	-24
14	11	11	26	-24
14	12	11	26	-23
14	13	11	26	-22
14	14	11	25	-22
14	15	11	25	-22
14	16	11	25	-21
14	17	10	24	-21
14	18	10	24	-20
14	19	10	24	-20
14	20	10	24	-20
14	21	10	24	-20
14	22	10	24	-20
14	23	10	24	-20
14	24	10	24	-19
14	25	10	24	-19
14	26	10	24	-20
14	27	9	24	-20
14	28	9	24	-21
14	29	9	24	-21
14	30	9	24	-21
14	31	8	24	-22
14	32	8	24	-22
14	33	7	24	-23
14	34	7	24	-23
14	35	6	24	-24
14	36	6	24	-25
14	37	5	24	-25
14	38	5	24	-25
14	39	5	24	-25
14	40	5	24	-25
14	41	5	25	-24
14	42	6	25	-24
14	43	6	25	-24
14	44	6	25	-24
14	45	7	24	-24
14	46	8	24	-24
14	47	8	23	-24
14	48	9	23	-24
14	49	10	22	-24
14	50	9	21	-24
14	51	8	21	-24
14	52	7	20	-24
14	53	6	20	-24
14	54	5	19	-24
14	55	4	18	-24
14	56	4	19	-24
14	57	4	19	-23
14	58	5	19	-22
14	59	5	20	-21
14	60	5	20	-20
14	61	6	20	-19
14	62	5	20	-19
14	63	4	21	-19
14	64	4	21	-19
14	65	3	21	-19
14	66	3	22	-19
14	67	2	22	-19
14	68	2	23	-19
14	69	2	23	-20
14	70	2	24	-20
14	71	1	25	-20
14	72	1	26	-21
14	73	1	26	-21
14	74	0	26	-21
14	75	0	26	-21
14	76	-1	26	-21
14	77	-1	27	-20
14	78	-1	27	-20
14	79	-2	27	-20
14	80	-2	26	-20
14	81	-2	26	-20
14	82	-1	26	-20
14	83	-1	26	-20
14	84	-1	25	-20
14	85	-1	25	-20
14	86	0	25	-21
14	87	1	25	-21
14	88	2	26	-21
14	89	3	26	-22
14	90	3	26	-22
14	91	4	26	-22
14	92	5	26	-23
14	93	5	25	-24
14	94	5	25	-25
14	95	6	24	-26
14	96	6	24	-28
14	97	6	23	-29
14	98	7	22	-27
14	99	7	22	-26
14	100	7	21	-25
14	101	8	21	-24
14	102	8	20	-23
14	103	8	19	-22
14	104	8	21	-21
14	105	9	22	-20
14	106	9	24	-20
14	107	10	25	-19
14	108	10	26	-18
14	109	10	28	-17
14	110	10	28	-18
14	111	11	28	-19
14	112	11	28	-20
14	113	11	28	-20
14	114	11	29	-21
14	115	11	29	-22
14	116	10	27	-23
14	117	10	25	-24
14	118	9	24	-26
14	119	9	22	-27
14	120	8	20	-28
14	121	8	19	-30
14	122	8	19	-28
14	123	8	19	-27
14	124	9	19	-26
14	125	9	19	-25
14	126	9	20	-23
14	127	10	20	-22
14	128	10	20	-22
14	129	10	20	-21
14	130	10	20	-21
14	131	10	20	-20
14	132	10	20	-20
14	133	10	20	-19
14	134	10	21	-19
14	135	9	21	-19
14	136	9	22	-19
14	137	9	22	-19
14	138	9	23	-18
14	139	9	23	-18
14	140	9	22	-19
14	141	9	20	-19
14	142	9	18	-19
14	143	9	17	-20
14	144	9	15	-20
14	145	9	14	-20
14	146	10	12	-19
14	147	10	11	-17
14	148	11	10	-16
14	149	11	8	-14
14	150	12	7	-13
14	151	12	6	-11
14	152	12	7	-9
14	153	12	8	-7
14	154	13	9	-5
14	155	13	10	-3
14	156	13	12	-1
14	157	14	13	0
14	158	13	14	0
14	159	13	15	0
14	160	13	17	0
14	161	13	18	-1
14	162	12	20	-1
14	163	12	21	-1
14	164	11	22	-1
14	165	11	22	-1
14	166	10	23	0
14	167	10	24	0
14	168	9	24	0
14	169	9	25	0
14	170	8	25	0
14	171	8	26	0
14	172	7	26	0
14	173	7	27	-1
14	174	6	28	-1
14	175	6	28	-1
14	176	5	29	-2
14	177	5	30	-2
14	178	4	31	-3
14	179	4	32	-3
14	180	3	33	-4
14	181	2	34	-4
14	182	2	35	-5
14	183	1	37	-6
14	184	0	38	-8
14	185	-1	39	-9
14	186	-1	41	-10
14	187	-2	42	-11
14	188	-2	42	-11
14	189	-2	43	-11
14	190	-2	43	-12
14	191	-3	44	-12
14	192	-3	44	-12
14	193	-3	45	-12
15	1	12	29	-29
15	2	13	28	-29
15	3	13	28	-29
15	4	13	27	-28
15	5	13	27	-28
15	6	13	26	-28
15	7	13	26	-28
15	8	13	26	-27
15	9	13	25	-26
15	10	13	25	-26
15	11	13	25	-25
15	12	12	25	-25
15	13	12	25	-24
15	14	12	24	-23
15	15	12	24	-23
15	16	12	24	-22
15	17	12	23	-22
15	18	11	23	-21
15	19	11	22	-21
15	20	11	23	-21
15	21	11	23	-21
15	22	11	23	-20
15	23	11	23	-20
15	24	11	23	-20
15	25	11	23	-20
15	26	11	23	-20
15	27	10	23	-20
15	28	10	23	-21
15	29	10	23	-21
15	30	10	23	-21
15	31	10	23	-22
15	32	9	23	-22
15	33	9	23	-23
15	34	8	23	-23
15	35	7	23	-24
15	36	7	23	-24
15	37	6	23	-25
15	38	6	23	-25
15	39	6	23	-25
15	40	6	24	-25
15	41	6	24	-25
15	42	6	24	-25
15	43	6	24	-25
15	44	7	24	-25
15	45	7	23	-25
15	46	8	23	-26
15	47	8	22	-26
15	48	9	22	-26
15	49	10	21	-26
15	50	9	20	-26
15	51	8	20	-26
15	52	7	19	-26
15	53	6	18	-25
15	54	5	18	-25
15	55	5	17	-25
15	56	5	17	-24
15	57	5	18	-23
15	58	5	18	-22
15	59	6	18	-22
15	60	6	19	-21
15	61	6	19	-20
15	62	6	19	-20
15	63	5	20	-20
15	64	5	20	-20
15	65	4	20	-20
15	66	4	20	-20
15	67	3	21	-20
15	68	3	22	-20
15	69	3	22	-20
15	70	3	23	-20
15	71	2	24	-21
15	72	2	25	-21
15	73	2	26	-21
15	74	2	26	-21
15	75	1	25	-22
15	76	1	25	-22
15	77	1	25	-22
15	78	0	25	-22
15	79	0	25	-22
15	80	0	25	-22
15	81	0	25	-22
15	82	0	24	-22
15	83	0	24	-22
15	84	0	24	-22
15	85	0	23	-22
15	86	1	24	-23
15	87	1	24	-23
15	88	2	24	-23
15	89	3	24	-24
15	90	3	25	-24
15	91	4	25	-24
15	92	4	24	-26
15	93	4	24	-27
15	94	5	23	-28
15	95	5	23	-29
15	96	5	22	-31
15	97	5	22	-32
15	98	6	21	-30
15	99	6	20	-29
15	100	7	19	-28
15	101	7	19	-26
15	102	7	18	-25
15	103	8	17	-24
15	104	8	19	-23
15	105	9	20	-22
15	106	10	22	-22
15	107	10	23	-21
15	108	11	25	-20
15	109	11	26	-20
15	110	11	27	-21
15	111	11	27	-21
15	112	12	27	-22
15	113	12	27	-23
15	114	12	27	-23
15	115	12	27	-24
15	116	11	25	-25
15	117	11	24	-26
15	118	10	22	-27
15	119	9	21	-29
15	120	9	19	-30
15	121	8	18	-31
15	122	8	18	-30
15	123	9	18	-28
15	124	9	18	-27
15	125	10	18	-26
15	126	10	18	-25
15	127	11	18	-24
15	128	11	18	-23
15	129	11	18	-23
15	130	11	19	-22
15	131	11	19	-22
15	132	11	19	-21
15	133	11	19	-21
15	134	11	19	-21
15	135	11	20	-21
15	136	11	20	-21
15	137	11	21	-21
15	138	11	21	-21
15	139	11	22	-21
15	140	11	20	-21
15	141	11	19	-22
15	142	11	17	-22
15	143	11	15	-22
15	144	11	14	-23
15	145	11	12	-23
15	146	11	11	-22
15	147	12	9	-20
15	148	12	8	-19
15	149	13	7	-17
15	150	13	5	-15
15	151	14	4	-14
15	152	14	5	-12
15	153	14	6	-10
15	154	15	7	-7
15	155	15	8	-5
15	156	15	9	-3
15	157	15	11	-1
15	158	15	12	-1
15	159	15	14	-1
15	160	15	15	-1
15	161	14	17	-1
15	162	14	18	-1
15	163	14	20	-2
15	164	13	21	-1
15	165	12	21	-1
15	166	12	22	-1
15	167	11	22	-1
15	168	11	23	-1
15	169	10	24	-1
15	170	9	24	-1
15	171	9	25	-1
15	172	8	25	-2
15	173	7	26	-2
15	174	7	26	-2
15	175	6	27	-2
15	176	6	28	-3
15	177	5	29	-3
15	178	4	30	-3
15	179	3	31	-4
15	180	3	31	-4
15	181	2	32	-5
15	182	1	34	-6
15	183	1	35	-7
15	184	0	37	-8
15	185	-1	38	-9
15	186	-2	39	-10
15	187	-2	41	-12
15	188	-3	41	-12
15	189	-3	42	-12
15	190	-3	42	-12
15	191	-3	42	-12
15	192	-3	43	-12
15	193	-3	43	-12
16	1	14	28	-30
16	2	14	28	-30
16	3	14	27	-30
16	4	14	27	-30
16	5	14	26	-29
16	6	14	26	-29
16	7	14	25	-29
16	8	14	25	-28
16	9	14	24	-28
16	10	14	24	-27
16	11	14	24	-27
16	12	14	24	-26
16	13	14	23	-25
16	14	14	23	-25
16	15	13	23	-24
16	16	13	22	-24
16	17	13	22	-23
16	18	13	22	-23
16	19	13	21	-22
16	20	12	21	-22
16	21	12	21	-21
16	22	12	21	-21
16	23	12	22	-21
16	24	12	22	-21
16	25	12	22	-20
16	26	12	22	-21
16	27	11	22	-21
16	28	11	22	-21
16	29	11	22	-21
16	30	11	22	-21
16	31	11	22	-22
16	32	10	22	-22
16	33	10	22	-23
16	34	9	22	-23
16	35	9	22	-24
16	36	8	22	-24
16	37	7	22	-25
16	38	7	23	-25
16	39	7	23	-25
16	40	7	23	-25
16	41	7	23	-26
16	42	7	23	-26
16	43	7	23	-26
16	44	7	23	-26
16	45	8	22	-27
16	46	8	22	-27
16	47	9	21	-27
16	48	9	21	-28
16	49	9	20	-28
16	50	9	19	-28
16	51	8	19	-27
16	52	7	18	-27
16	53	7	17	-26
16	54	6	16	-26
16	55	5	15	-26
16	56	6	16	-25
16	57	6	16	-24
16	58	6	17	-23
16	59	6	17	-22
16	60	7	17	-21
16	61	7	18	-21
16	62	6	18	-21
16	63	6	18	-21
16	64	5	19	-21
16	65	5	19	-20
16	66	4	19	-20
16	67	4	20	-20
16	68	4	20	-21
16	69	4	21	-21
16	70	3	22	-21
16	71	3	23	-21
16	72	3	24	-21
16	73	3	25	-22
16	74	3	25	-22
16	75	3	24	-22
16	76	3	24	-23
16	77	2	24	-23
16	78	2	24	-23
16	79	2	24	-24
16	80	2	23	-24
16	81	2	23	-24
16	82	1	23	-24
16	83	1	22	-24
16	84	1	22	-24
16	85	1	22	-24
16	86	1	22	-25
16	87	2	22	-25
16	88	2	23	-25
16	89	3	23	-26
16	90	3	23	-26
16	91	4	23	-26
16	92	4	23	-28
16	93	4	22	-29
16	94	4	22	-31
16	95	4	22	-32
16	96	4	21	-34
16	97	4	21	-35
16	98	5	20	-33
16	99	5	19	-32
16	100	6	18	-30
16	101	7	17	-29
16	102	7	16	-27
16	103	8	15	-25
16	104	9	16	-25
16	105	9	18	-24
16	106	10	20	-24
16	107	11	22	-23
16	108	11	23	-23
16	109	12	25	-22
16	110	12	25	-23
16	111	12	25	-24
16	112	12	25	-24
16	113	13	25	-25
16	114	13	25	-26
16	115	13	25	-27
16	116	12	24	-27
16	117	11	22	-28
16	118	11	21	-29
16	119	10	19	-30
16	120	9	18	-31
16	121	9	16	-32
16	122	9	17	-31
16	123	10	17	-30
16	124	10	17	-29
16	125	11	17	-27
16	126	11	17	-26
16	127	12	17	-25
16	128	12	17	-24
16	129	12	17	-24
16	130	12	17	-24
16	131	12	17	-23
16	132	12	17	-23
16	133	12	17	-22
16	134	12	18	-22
16	135	12	18	-22
16	136	12	19	-23
16	137	12	19	-23
16	138	12	20	-23
16	139	12	20	-23
16	140	12	19	-24
16	141	12	17	-24
16	142	12	16	-25
16	143	12	14	-25
16	144	12	13	-26
16	145	12	11	-26
16	146	13	9	-25
16	147	13	8	-23
16	148	14	6	-21
16	149	14	5	-20
16	150	15	3	-18
16	151	16	1	-17
16	152	16	3	-14
16	153	16	4	-12
16	154	16	5	-9
16	155	17	6	-7
16	156	17	7	-5
16	157	17	9	-2
16	158	17	10	-2
16	159	17	12	-2
16	160	16	14	-2
16	161	16	15	-2
16	162	16	17	-2
16	163	15	19	-2
16	164	15	19	-2
16	165	14	20	-2
16	166	13	21	-2
16	167	12	21	-2
16	168	12	22	-2
16	169	11	23	-2
16	170	10	23	-2
16	171	10	23	-2
16	172	9	24	-3
16	173	8	24	-3
16	174	7	25	-3
16	175	7	25	-4
16	176	6	26	-4
16	177	5	27	-4
16	178	4	28	-4
16	179	3	29	-4
16	180	2	30	-5
16	181	2	31	-5
16	182	1	32	-6
16	183	0	34	-7
16	184	-1	35	-8
16	185	-1	37	-10
16	186	-2	38	-11
16	187	-3	40	-12
16	188	-3	40	-12
16	189	-3	40	-12
16	190	-3	41	-12
16	191	-4	41	-13
16	192	-4	41	-13
16	193	-4	42	-13
17	1	15	28	-31
17	2	15	28	-31
17	3	15	27	-31
17	4	15	26	-31
17	5	15	26	-30
17	6	15	25	-30
17	7	16	24	-30
17	8	16	24	-30
17	9	15	24	-29
17	10	15	23	-29
17	11	15	23	-28
17	12	15	22	-27
17	13	15	22	-27
17	14	15	22	-26
17	15	15	21	-26
17	16	15	21	-25
17	17	14	21	-24
17	18	14	20	-24
17	19	14	20	-23
17	20	14	20	-23
17	21	13	20	-22
17	22	13	20	-22
17	23	13	20	-22
17	24	13	20	-21
17	25	13	20	-21
17	26	13	21	-21
17	27	13	21	-21
17	28	13	21	-21
17	29	13	21	-21
17	30	13	21	-21
17	31	13	21	-21
17	32	12	21	-22
17	33	11	21	-23
17	34	11	22	-23
17	35	10	22	-24
17	36	9	22	-24
17	37	9	22	-25
17	38	8	22	-25
17	39	8	22	-26
17	40	8	22	-26
17	41	8	22	-26
17	42	8	22	-27
17	43	8	22	-27
17	44	8	22	-27
17	45	8	21	-28
17	46	8	21	-28
17	47	9	20	-29
17	48	9	20	-29
17	49	9	19	-30
17	50	9	18	-29
17	51	8	17	-29
17	52	8	17	-28
17	53	7	16	-27
17	54	7	15	-27
17	55	6	14	-26
17	56	6	14	-25
17	57	7	15	-25
17	58	7	15	-24
17	59	7	16	-23
17	60	8	16	-22
17	61	8	17	-21
17	62	7	17	-21
17	63	7	17	-21
17	64	6	18	-21
17	65	6	18	-21
17	66	5	18	-21
17	67	4	18	-21
17	68	4	19	-21
17	69	4	20	-21
17	70	4	21	-22
17	71	4	22	-22
17	72	4	23	-22
17	73	4	24	-22
17	74	4	24	-23
17	75	4	24	-23
17	76	4	23	-24
17	77	4	23	-24
17	78	4	22	-25
17	79	4	22	-26
17	80	4	22	-26
17	81	3	21	-26
17	82	3	21	-26
17	83	2	21	-26
17	84	2	20	-26
17	85	1	20	-26
17	86	2	20	-26
17	87	2	21	-27
17	88	2	21	-27
17	89	3	21	-28
17	90	3	22	-28
17	91	4	22	-29
17	92	3	22	-30
17	93	3	21	-32
17	94	3	21	-33
17	95	3	20	-35
17	96	3	20	-37
17	97	3	19	-38
17	98	4	18	-36
17	99	4	17	-35
17	100	5	16	-33
17	101	6	15	-31
17	102	7	13	-29
17	103	8	12	-27
17	104	9	14	-27
17	105	9	16	-26
17	106	10	18	-26
17	107	11	20	-25
17	108	12	22	-25
17	109	13	24	-25
17	110	13	24	-25
17	111	13	24	-26
17	112	13	24	-27
17	113	13	24	-28
17	114	14	24	-28
17	115	14	24	-29
17	116	13	22	-30
17	117	12	21	-30
17	118	11	20	-31
17	119	11	18	-32
17	120	10	17	-33
17	121	9	15	-33
17	122	10	15	-32
17	123	10	15	-31
17	124	11	15	-30
17	125	11	15	-29
17	126	12	15	-27
17	127	12	15	-26
17	128	13	15	-26
17	129	13	16	-25
17	130	13	16	-25
17	131	13	16	-25
17	132	13	16	-24
17	133	13	16	-24
17	134	13	17	-24
17	135	14	17	-24
17	136	14	18	-25
17	137	14	18	-25
17	138	14	18	-25
17	139	14	19	-26
17	140	14	17	-26
17	141	14	16	-27
17	142	14	14	-27
17	143	14	13	-28
17	144	14	11	-29
17	145	13	10	-29
17	146	14	8	-28
17	147	15	6	-26
17	148	15	4	-24
17	149	16	3	-23
17	150	17	1	-21
17	151	17	-1	-19
17	152	18	1	-17
17	153	18	2	-14
17	154	18	3	-11
17	155	19	4	-9
17	156	19	5	-6
17	157	19	7	-4
17	158	19	8	-4
17	159	18	10	-3
17	160	18	12	-3
17	161	18	14	-3
17	162	17	16	-3
17	163	17	18	-2
17	164	16	18	-3
17	165	15	19	-3
17	166	15	20	-3
17	167	14	20	-3
17	168	13	21	-3
17	169	12	21	-3
17	170	11	22	-3
17	171	10	22	-3
17	172	10	23	-4
17	173	9	23	-4
17	174	8	23	-4
17	175	7	24	-5
17	176	6	25	-5
17	177	5	26	-5
17	178	4	27	-5
17	179	3	27	-5
17	180	2	28	-5
17	181	1	29	-5
17	182	1	31	-6
17	183	0	32	-8
17	184	-1	34	-9
17	185	-2	35	-10
17	186	-2	37	-11
17	187	-3	38	-13
17	188	-3	39	-13
17	189	-4	39	-13
17	190	-4	39	-13
17	191	-4	40	-13
17	192	-5	40	-13
17	193	-5	40	-13
18	1	16	28	-31
18	2	16	27	-32
18	3	16	27	-32
18	4	16	26	-32
18	5	17	25	-32
18	6	17	24	-32
18	7	17	24	-32
18	8	17	23	-31
18	9	17	23	-31
18	10	17	22	-30
18	11	17	22	-30
18	12	17	21	-29
18	13	16	21	-28
18	14	16	20	-28
18	15	16	20	-27
18	16	16	20	-26
18	17	16	19	-25
18	18	15	19	-25
18	19	15	19	-24
18	20	15	19	-24
18	21	15	19	-23
18	22	14	19	-23
18	23	14	19	-22
18	24	14	19	-22
18	25	13	19	-21
18	26	14	19	-21
18	27	14	20	-21
18	28	14	20	-21
18	29	14	20	-21
18	30	14	20	-21
18	31	14	20	-21
18	32	13	20	-22
18	33	13	21	-22
18	34	12	21	-23
18	35	11	21	-24
18	36	10	21	-24
18	37	10	21	-25
18	38	9	21	-25
18	39	9	21	-26
18	40	9	21	-26
18	41	9	21	-27
18	42	8	21	-27
18	43	8	21	-28
18	44	8	21	-29
18	45	9	20	-29
18	46	9	20	-30
18	47	9	19	-30
18	48	9	19	-31
18	49	9	18	-32
18	50	9	17	-31
18	51	9	16	-30
18	52	8	15	-29
18	53	8	14	-28
18	54	7	14	-27
18	55	7	13	-27
18	56	7	13	-26
18	57	8	14	-25
18	58	8	14	-24
18	59	8	15	-24
18	60	8	15	-23
18	61	9	16	-22
18	62	8	16	-22
18	63	7	16	-22
18	64	7	16	-22
18	65	6	17	-22
18	66	6	17	-22
18	67	5	17	-22
18	68	5	18	-22
18	69	5	19	-22
18	70	5	20	-22
18	71	5	21	-22
18	72	5	22	-22
18	73	6	24	-23
18	74	6	23	-23
18	75	6	23	-24
18	76	6	22	-25
18	77	6	22	-26
18	78	6	21	-26
18	79	6	20	-27
18	80	5	20	-27
18	81	5	20	-27
18	82	4	19	-28
18	83	3	19	-28
18	84	3	19	-28
18	85	2	18	-28
18	86	2	19	-28
18	87	3	19	-29
18	88	3	20	-29
18	89	3	20	-30
18	90	3	20	-30
18	91	3	21	-31
18	92	3	20	-32
18	93	3	20	-34
18	94	2	19	-36
18	95	2	19	-38
18	96	2	19	-40
18	97	2	18	-41
18	98	3	17	-39
18	99	4	15	-37
18	100	5	14	-35
18	101	6	13	-33
18	102	7	11	-31
18	103	8	10	-29
18	104	9	12	-29
18	105	10	14	-28
18	106	11	16	-28
18	107	12	18	-28
18	108	13	20	-27
18	109	14	22	-27
18	110	14	22	-28
18	111	14	22	-28
18	112	14	22	-29
18	113	14	22	-30
18	114	14	22	-31
18	115	15	22	-31
18	116	14	21	-32
18	117	13	19	-33
18	118	12	18	-33
18	119	11	17	-34
18	120	10	16	-34
18	121	10	14	-35
18	122	10	14	-34
18	123	11	14	-32
18	124	11	14	-31
18	125	12	14	-30
18	126	13	14	-29
18	127	13	14	-28
18	128	14	14	-27
18	129	14	14	-27
18	130	14	14	-26
18	131	14	15	-26
18	132	14	15	-26
18	133	14	15	-25
18	134	15	15	-26
18	135	15	16	-26
18	136	15	16	-27
18	137	15	17	-27
18	138	16	17	-28
18	139	16	18	-28
18	140	16	16	-29
18	141	16	14	-29
18	142	15	13	-30
18	143	15	11	-31
18	144	15	10	-32
18	145	15	8	-32
18	146	16	6	-31
18	147	16	4	-29
18	148	17	3	-27
18	149	18	1	-25
18	150	19	-1	-24
18	151	19	-3	-22
18	152	20	-2	-19
18	153	20	0	-16
18	154	20	1	-14
18	155	20	2	-11
18	156	21	3	-8
18	157	21	5	-5
18	158	21	7	-5
18	159	20	9	-4
18	160	20	11	-4
18	161	19	13	-4
18	162	19	15	-3
18	163	19	17	-3
18	164	18	17	-3
18	165	17	18	-3
18	166	16	19	-3
18	167	15	19	-4
18	168	14	20	-4
18	169	13	20	-4
18	170	12	21	-4
18	171	11	21	-5
18	172	10	21	-5
18	173	9	22	-5
18	174	8	22	-6
18	175	7	22	-6
18	176	6	23	-6
18	177	5	24	-6
18	178	4	25	-6
18	179	3	26	-6
18	180	2	27	-6
18	181	1	28	-6
18	182	0	29	-7
18	183	0	31	-8
18	184	-1	33	-9
18	185	-2	34	-11
18	186	-2	36	-12
18	187	-3	37	-13
18	188	-4	38	-13
18	189	-4	38	-13
18	190	-4	38	-13
18	191	-5	39	-13
18	192	-5	39	-13
18	193	-6	39	-13
19	1	17	28	-32
19	2	17	27	-32
19	3	17	26	-32
19	4	18	26	-33
19	5	18	25	-33
19	6	18	24	-33
19	7	19	23	-33
19	8	18	22	-32
19	9	18	22	-32
19	10	18	21	-31
19	11	18	21	-31
19	12	18	20	-30
19	13	18	19	-30
19	14	18	19	-29
19	15	17	19	-28
19	16	17	18	-28
19	17	17	18	-27
19	18	17	18	-26
19	19	17	17	-25
19	20	16	18	-25
19	21	16	18	-24
19	22	15	18	-23
19	23	15	18	-23
19	24	15	18	-22
19	25	14	18	-22
19	26	15	18	-22
19	27	15	18	-22
19	28	15	19	-21
19	29	15	19	-21
19	30	15	19	-21
19	31	15	19	-21
19	32	15	19	-22
19	33	14	20	-22
19	34	13	20	-23
19	35	12	20	-24
19	36	12	20	-24
19	37	11	21	-25
19	38	11	21	-26
19	39	10	21	-26
19	40	10	21	-27
19	41	10	21	-28
19	42	9	21	-28
19	43	9	21	-29
19	44	9	20	-30
19	45	9	19	-30
19	46	9	19	-31
19	47	9	18	-32
19	48	9	18	-33
19	49	9	17	-33
19	50	9	16	-32
19	51	9	15	-31
19	52	9	14	-30
19	53	8	13	-29
19	54	8	12	-28
19	55	8	11	-27
19	56	8	12	-26
19	57	8	12	-26
19	58	9	13	-25
19	59	9	13	-24
19	60	9	14	-23
19	61	9	14	-23
19	62	9	15	-23
19	63	8	15	-23
19	64	8	15	-23
19	65	7	15	-23
19	66	6	16	-23
19	67	6	16	-23
19	68	6	17	-23
19	69	6	18	-23
19	70	6	19	-23
19	71	6	21	-23
19	72	7	22	-23
19	73	7	23	-23
19	74	7	22	-24
19	75	7	22	-25
19	76	7	21	-26
19	77	8	20	-27
19	78	8	20	-28
19	79	8	19	-29
19	80	7	19	-29
19	81	6	18	-29
19	82	5	18	-29
19	83	5	18	-30
19	84	4	17	-30
19	85	3	17	-30
19	86	3	17	-30
19	87	3	18	-31
19	88	3	18	-31
19	89	3	18	-32
19	90	3	19	-32
19	91	3	19	-33
19	92	3	19	-35
19	93	2	19	-37
19	94	2	18	-39
19	95	1	18	-41
19	96	1	17	-43
19	97	0	17	-45
19	98	2	16	-42
19	99	3	14	-40
19	100	4	12	-38
19	101	5	11	-35
19	102	6	9	-33
19	103	7	7	-31
19	104	9	10	-31
19	105	10	12	-30
19	106	11	14	-30
19	107	12	16	-30
19	108	13	19	-30
19	109	15	21	-29
19	110	15	21	-30
19	111	15	21	-31
19	112	15	21	-32
19	113	15	21	-32
19	114	15	20	-33
19	115	16	20	-34
19	116	15	19	-34
19	117	14	18	-35
19	118	13	17	-35
19	119	12	16	-35
19	120	11	14	-36
19	121	10	13	-36
19	122	11	13	-35
19	123	12	13	-34
19	124	12	13	-32
19	125	13	13	-31
19	126	14	12	-30
19	127	14	12	-29
19	128	14	13	-29
19	129	15	13	-28
19	130	15	13	-28
19	131	15	13	-28
19	132	15	13	-27
19	133	16	14	-27
19	134	16	14	-27
19	135	16	14	-28
19	136	17	15	-29
19	137	17	15	-29
19	138	17	16	-30
19	139	18	16	-30
19	140	17	15	-31
19	141	17	13	-32
19	142	17	11	-33
19	143	17	10	-34
19	144	16	8	-35
19	145	16	7	-35
19	146	17	5	-34
19	147	18	3	-32
19	148	19	1	-30
19	149	19	-1	-28
19	150	20	-3	-26
19	151	21	-5	-24
19	152	21	-4	-22
19	153	22	-2	-19
19	154	22	-1	-16
19	155	22	0	-13
19	156	23	1	-10
19	157	23	3	-7
19	158	23	5	-6
19	159	22	7	-6
19	160	22	9	-5
19	161	21	11	-4
19	162	21	14	-4
19	163	20	16	-3
19	164	19	16	-4
19	165	18	17	-4
19	166	17	17	-4
19	167	16	18	-4
19	168	15	19	-5
19	169	14	19	-5
19	170	13	19	-5
19	171	12	20	-6
19	172	11	20	-6
19	173	10	20	-6
19	174	9	21	-7
19	175	7	21	-7
19	176	6	22	-7
19	177	5	23	-7
19	178	4	24	-7
19	179	3	24	-6
19	180	2	25	-6
19	181	0	26	-6
19	182	0	28	-7
19	183	-1	30	-8
19	184	-1	31	-10
19	185	-2	33	-11
19	186	-3	35	-12
19	187	-3	36	-14
19	188	-4	36	-14
19	189	-4	37	-14
19	190	-5	37	-14
19	191	-5	37	-14
19	192	-6	37	-14
19	193	-6	38	-14
20	1	15	28	-32
20	2	16	27	-32
20	3	16	27	-32
20	4	17	26	-32
20	5	17	25	-32
20	6	17	24	-32
20	7	18	23	-32
20	8	17	23	-32
20	9	17	22	-31
20	10	17	22	-31
20	11	17	21	-30
20	12	17	21	-30
20	13	16	20	-29
20	14	16	20	-28
20	15	16	19	-28
20	16	16	19	-27
20	17	15	19	-26
20	18	15	18	-26
20	19	15	18	-25
20	20	15	18	-24
20	21	14	18	-24
20	22	14	18	-23
20	23	14	19	-23
20	24	13	19	-22
20	25	13	19	-21
20	26	13	19	-21
20	27	13	19	-21
20	28	13	19	-21
20	29	13	19	-22
20	30	13	20	-22
20	31	13	20	-22
20	32	13	20	-22
20	33	12	20	-23
20	34	11	20	-23
20	35	11	21	-23
20	36	10	21	-24
20	37	10	21	-24
20	38	9	21	-25
20	39	9	21	-26
20	40	8	21	-26
20	41	8	21	-27
20	42	8	21	-28
20	43	7	21	-28
20	44	7	20	-29
20	45	7	20	-30
20	46	7	19	-30
20	47	7	19	-31
20	48	7	18	-32
20	49	7	18	-33
20	50	7	17	-32
20	51	7	16	-31
20	52	7	15	-30
20	53	7	14	-29
20	54	7	13	-28
20	55	6	12	-28
20	56	7	12	-27
20	57	7	13	-26
20	58	7	14	-25
20	59	7	14	-25
20	60	8	15	-24
20	61	8	15	-23
20	62	7	16	-23
20	63	7	16	-23
20	64	6	16	-23
20	65	6	16	-23
20	66	5	16	-23
20	67	5	17	-23
20	68	5	18	-23
20	69	5	19	-23
20	70	5	20	-23
20	71	5	21	-23
20	72	5	22	-23
20	73	6	23	-24
20	74	6	22	-24
20	75	6	22	-25
20	76	5	21	-26
20	77	5	21	-27
20	78	5	20	-28
20	79	5	20	-29
20	80	5	19	-29
20	81	4	19	-29
20	82	3	19	-29
20	83	3	18	-29
20	84	2	18	-29
20	85	1	18	-30
20	86	1	18	-30
20	87	1	19	-30
20	88	1	19	-31
20	89	1	20	-31
20	90	1	20	-32
20	91	1	20	-32
20	92	1	20	-34
20	93	0	20	-35
20	94	0	20	-37
20	95	-1	19	-39
20	96	-1	19	-41
20	97	-2	19	-42
20	98	-1	17	-40
20	99	1	16	-38
20	100	2	15	-36
20	101	3	13	-34
20	102	4	12	-32
20	103	6	11	-30
20	104	7	13	-30
20	105	8	14	-30
20	106	9	16	-30
20	107	10	18	-30
20	108	12	20	-30
20	109	13	22	-30
20	110	13	21	-30
20	111	13	21	-31
20	112	13	21	-32
20	113	13	21	-32
20	114	14	21	-33
20	115	14	21	-34
20	116	13	20	-34
20	117	12	19	-34
20	118	11	18	-35
20	119	11	17	-35
20	120	10	16	-36
20	121	9	15	-36
20	122	10	14	-35
20	123	10	14	-34
20	124	11	14	-33
20	125	11	14	-32
20	126	12	14	-31
20	127	12	14	-30
20	128	13	14	-29
20	129	13	14	-29
20	130	13	14	-29
20	131	13	14	-28
20	132	13	15	-28
20	133	14	15	-28
20	134	14	15	-28
20	135	14	15	-29
20	136	15	16	-29
20	137	15	16	-30
20	138	15	16	-30
20	139	15	16	-31
20	140	15	15	-32
20	141	15	13	-32
20	142	15	12	-33
20	143	14	10	-34
20	144	14	9	-35
20	145	14	7	-35
20	146	14	5	-34
20	147	15	4	-32
20	148	16	2	-30
20	149	17	0	-29
20	150	17	-2	-27
20	151	18	-3	-25
20	152	18	-2	-22
20	153	19	-1	-20
20	154	19	0	-17
20	155	20	1	-14
20	156	20	2	-11
20	157	21	4	-8
20	158	21	6	-8
20	159	20	8	-7
20	160	20	10	-6
20	161	19	11	-6
20	162	19	13	-5
20	163	19	15	-4
20	164	18	16	-5
20	165	17	17	-5
20	166	16	17	-5
20	167	15	18	-5
20	168	14	18	-5
20	169	13	19	-5
20	170	12	19	-5
20	171	11	19	-5
20	172	10	20	-6
20	173	9	20	-6
20	174	7	20	-6
20	175	6	21	-6
20	176	5	22	-6
20	177	4	23	-6
20	178	3	23	-6
20	179	1	24	-5
20	180	0	25	-5
20	181	-1	26	-5
20	182	-2	28	-6
20	183	-3	30	-7
20	184	-3	31	-9
20	185	-4	33	-10
20	186	-5	35	-11
20	187	-5	37	-12
20	188	-6	37	-12
20	189	-6	37	-13
20	190	-7	38	-13
20	191	-7	38	-13
20	192	-8	38	-14
20	193	-8	38	-14
21	1	14	28	-33
21	2	15	28	-33
21	3	15	27	-32
21	4	15	26	-32
21	5	16	25	-32
21	6	16	24	-32
21	7	17	23	-32
21	8	16	23	-31
21	9	16	22	-31
21	10	16	22	-30
21	11	16	22	-29
21	12	15	21	-29
21	13	15	21	-28
21	14	15	21	-28
21	15	14	20	-27
21	16	14	19	-26
21	17	14	19	-26
21	18	14	18	-25
21	19	14	18	-25
21	20	13	18	-24
21	21	13	19	-24
21	22	13	19	-23
21	23	12	19	-22
21	24	12	20	-22
21	25	12	20	-21
21	26	11	20	-21
21	27	11	20	-21
21	28	11	20	-21
21	29	11	20	-22
21	30	11	20	-22
21	31	11	20	-22
21	32	10	20	-22
21	33	10	21	-23
21	34	10	21	-23
21	35	9	21	-23
21	36	9	22	-24
21	37	9	22	-24
21	38	8	22	-25
21	39	7	22	-25
21	40	7	21	-26
21	41	6	21	-27
21	42	6	21	-27
21	43	5	21	-28
21	44	5	21	-28
21	45	5	20	-29
21	46	5	20	-30
21	47	5	19	-30
21	48	5	19	-31
21	49	5	18	-32
21	50	5	17	-31
21	51	5	16	-30
21	52	5	15	-30
21	53	5	14	-29
21	54	5	13	-29
21	55	5	13	-28
21	56	5	13	-27
21	57	6	14	-27
21	58	6	14	-26
21	59	6	15	-25
21	60	6	16	-24
21	61	7	16	-24
21	62	6	16	-24
21	63	6	17	-24
21	64	5	17	-24
21	65	5	17	-23
21	66	4	17	-23
21	67	4	17	-23
21	68	4	18	-24
21	69	4	19	-24
21	70	4	20	-24
21	71	4	21	-24
21	72	4	22	-24
21	73	4	23	-24
21	74	4	22	-25
21	75	4	22	-26
21	76	4	22	-26
21	77	3	21	-27
21	78	3	21	-28
21	79	3	20	-29
21	80	2	20	-29
21	81	2	20	-29
21	82	1	20	-29
21	83	0	19	-29
21	84	0	19	-29
21	85	-1	19	-29
21	86	-1	19	-30
21	87	-1	20	-30
21	88	-1	20	-30
21	89	-1	21	-30
21	90	-1	21	-31
21	91	-1	22	-31
21	92	-1	21	-32
21	93	-2	21	-34
21	94	-2	21	-35
21	95	-3	21	-37
21	96	-3	20	-38
21	97	-4	20	-40
21	98	-3	19	-38
21	99	-1	18	-37
21	100	0	17	-35
21	101	1	16	-33
21	102	3	15	-32
21	103	4	14	-30
21	104	5	15	-30
21	105	6	17	-30
21	106	7	18	-30
21	107	9	19	-30
21	108	10	21	-30
21	109	11	22	-30
21	110	11	22	-31
21	111	11	22	-31
21	112	12	22	-32
21	113	12	22	-32
21	114	12	22	-33
21	115	12	22	-33
21	116	11	21	-34
21	117	11	20	-34
21	118	10	19	-35
21	119	9	18	-35
21	120	8	17	-36
21	121	8	16	-36
21	122	8	16	-35
21	123	9	16	-34
21	124	9	16	-33
21	125	9	15	-32
21	126	10	15	-32
21	127	10	15	-31
21	128	11	15	-30
21	129	11	16	-30
21	130	11	16	-29
21	131	11	16	-29
21	132	12	16	-29
21	133	12	16	-28
21	134	12	16	-29
21	135	12	16	-29
21	136	13	16	-30
21	137	13	16	-30
21	138	13	17	-31
21	139	13	17	-31
21	140	13	15	-32
21	141	13	14	-33
21	142	12	12	-33
21	143	12	11	-34
21	144	12	9	-35
21	145	11	8	-35
21	146	12	6	-34
21	147	13	5	-32
21	148	13	3	-31
21	149	14	1	-29
21	150	14	0	-27
21	151	15	-2	-26
21	152	16	-1	-23
21	153	16	0	-21
21	154	17	1	-18
21	155	18	3	-15
21	156	18	4	-13
21	157	19	5	-10
21	158	19	6	-9
21	159	18	8	-8
21	160	18	10	-8
21	161	18	12	-7
21	162	17	13	-6
21	163	17	15	-6
21	164	16	16	-5
21	165	15	16	-5
21	166	15	17	-5
21	167	14	17	-5
21	168	13	18	-5
21	169	12	19	-5
21	170	11	19	-5
21	171	10	19	-5
21	172	9	20	-5
21	173	8	20	-5
21	174	6	20	-6
21	175	5	20	-6
21	176	4	21	-5
21	177	2	22	-5
21	178	1	23	-5
21	179	0	24	-5
21	180	-2	25	-4
21	181	-3	26	-4
21	182	-4	28	-5
21	183	-4	30	-6
21	184	-5	32	-7
21	185	-6	33	-8
21	186	-7	35	-10
21	187	-7	37	-11
21	188	-8	37	-11
21	189	-8	38	-12
21	190	-9	38	-12
21	191	-9	38	-13
21	192	-9	39	-13
21	193	-10	39	-14
22	1	13	29	-33
22	2	13	28	-33
22	3	14	27	-32
22	4	14	26	-32
22	5	15	25	-32
22	6	15	24	-32
22	7	16	23	-32
22	8	15	23	-31
22	9	15	23	-30
22	10	15	22	-29
22	11	14	22	-29
22	12	14	22	-28
22	13	13	22	-27
22	14	13	21	-27
22	15	13	21	-26
22	16	13	20	-26
22	17	13	19	-26
22	18	12	19	-25
22	19	12	18	-25
22	20	12	19	-24
22	21	11	19	-23
22	22	11	20	-23
22	23	11	20	-22
22	24	10	20	-21
22	25	10	21	-21
22	26	10	21	-21
22	27	10	21	-21
22	28	9	21	-21
22	29	9	21	-22
22	30	9	21	-22
22	31	9	21	-22
22	32	8	21	-22
22	33	8	21	-23
22	34	8	22	-23
22	35	8	22	-23
22	36	8	22	-23
22	37	7	22	-24
22	38	7	22	-24
22	39	6	22	-25
22	40	5	22	-26
22	41	5	22	-26
22	42	4	21	-27
22	43	3	21	-27
22	44	3	21	-28
22	45	3	20	-28
22	46	3	20	-29
22	47	3	20	-30
22	48	3	19	-30
22	49	3	19	-31
22	50	3	18	-30
22	51	3	17	-30
22	52	3	16	-30
22	53	3	15	-29
22	54	4	14	-29
22	55	4	13	-29
22	56	4	14	-28
22	57	4	14	-27
22	58	4	15	-26
22	59	5	16	-26
22	60	5	16	-25
22	61	5	17	-24
22	62	5	17	-24
22	63	5	17	-24
22	64	4	18	-24
22	65	4	18	-24
22	66	3	18	-24
22	67	3	18	-24
22	68	3	19	-24
22	69	3	20	-24
22	70	3	20	-24
22	71	3	21	-24
22	72	3	22	-24
22	73	3	23	-25
22	74	3	23	-25
22	75	2	22	-26
22	76	2	22	-26
22	77	1	22	-27
22	78	1	21	-28
22	79	1	21	-28
22	80	0	21	-28
22	81	-1	21	-29
22	82	-1	20	-29
22	83	-2	20	-29
22	84	-2	20	-29
22	85	-3	20	-29
22	86	-3	20	-29
22	87	-3	21	-29
22	88	-3	21	-30
22	89	-3	22	-30
22	90	-3	22	-30
22	91	-3	23	-30
22	92	-3	23	-31
22	93	-4	22	-33
22	94	-5	22	-34
22	95	-5	22	-35
22	96	-6	22	-36
22	97	-6	21	-37
22	98	-5	21	-36
22	99	-3	20	-35
22	100	-2	19	-33
22	101	-1	19	-32
22	102	1	18	-31
22	103	2	18	-29
22	104	3	18	-30
22	105	5	19	-30
22	106	6	20	-30
22	107	7	21	-30
22	108	8	22	-31
22	109	9	23	-31
22	110	9	23	-31
22	111	10	23	-32
22	112	10	23	-32
22	113	10	23	-32
22	114	10	23	-33
22	115	10	23	-33
22	116	10	22	-34
22	117	9	21	-34
22	118	8	20	-35
22	119	8	19	-35
22	120	7	18	-36
22	121	7	17	-36
22	122	7	17	-35
22	123	7	17	-35
22	124	7	17	-34
22	125	8	17	-33
22	126	8	17	-32
22	127	8	17	-31
22	128	9	17	-31
22	129	9	17	-31
22	130	9	17	-30
22	131	9	17	-30
22	132	10	17	-29
22	133	10	17	-29
22	134	10	17	-29
22	135	10	17	-30
22	136	10	17	-30
22	137	11	17	-31
22	138	11	17	-31
22	139	11	17	-32
22	140	11	16	-32
22	141	10	14	-33
22	142	10	13	-33
22	143	10	11	-34
22	144	9	10	-35
22	145	9	8	-35
22	146	9	7	-34
22	147	10	5	-32
22	148	10	4	-31
22	149	11	3	-29
22	150	11	1	-28
22	151	12	0	-27
22	152	13	1	-24
22	153	13	2	-22
22	154	14	3	-19
22	155	15	4	-17
22	156	16	5	-14
22	157	17	6	-11
22	158	17	7	-11
22	159	16	9	-10
22	160	16	10	-9
22	161	16	12	-8
22	162	15	13	-7
22	163	15	15	-7
22	164	15	15	-6
22	165	14	16	-6
22	166	13	17	-6
22	167	13	17	-5
22	168	12	18	-5
22	169	11	18	-5
22	170	10	19	-5
22	171	9	19	-5
22	172	8	19	-5
22	173	6	20	-5
22	174	5	20	-5
22	175	4	20	-5
22	176	3	21	-5
22	177	1	22	-4
22	178	0	23	-4
22	179	-2	24	-4
22	180	-3	25	-3
22	181	-5	26	-3
22	182	-5	28	-4
22	183	-6	30	-5
22	184	-7	32	-6
22	185	-8	34	-7
22	186	-9	36	-8
22	187	-9	37	-9
22	188	-10	38	-10
22	189	-10	38	-11
22	190	-10	39	-12
22	191	-11	39	-12
22	192	-11	39	-13
22	193	-11	40	-14
23	1	11	29	-33
23	2	12	28	-33
23	3	13	27	-32
23	4	13	26	-32
23	5	14	25	-32
23	6	14	24	-31
23	7	15	23	-31
23	8	14	23	-30
23	9	14	23	-30
23	10	13	23	-29
23	11	13	23	-28
23	12	13	23	-27
23	13	12	23	-26
23	14	12	22	-26
23	15	12	21	-26
23	16	11	20	-25
23	17	11	20	-25
23	18	11	19	-25
23	19	11	18	-25
23	20	10	19	-24
23	21	10	20	-23
23	22	10	20	-22
23	23	9	21	-22
23	24	9	21	-21
23	25	9	22	-20
23	26	8	22	-21
23	27	8	22	-21
23	28	7	21	-22
23	29	7	21	-22
23	30	7	21	-22
23	31	6	21	-23
23	32	6	21	-23
23	33	6	22	-23
23	34	6	22	-23
23	35	6	22	-23
23	36	6	23	-23
23	37	6	23	-23
23	38	5	23	-24
23	39	5	22	-24
23	40	4	22	-25
23	41	3	22	-26
23	42	2	22	-26
23	43	2	21	-27
23	44	1	21	-27
23	45	1	21	-28
23	46	1	20	-28
23	47	1	20	-29
23	48	1	20	-29
23	49	1	19	-30
23	50	1	18	-30
23	51	1	17	-30
23	52	2	17	-30
23	53	2	16	-29
23	54	2	15	-29
23	55	2	14	-29
23	56	3	15	-28
23	57	3	15	-28
23	58	3	16	-27
23	59	3	17	-26
23	60	4	17	-25
23	61	4	18	-25
23	62	4	18	-24
23	63	3	18	-24
23	64	3	18	-24
23	65	3	18	-24
23	66	3	19	-24
23	67	2	19	-24
23	68	2	19	-24
23	69	2	20	-24
23	70	2	21	-25
23	71	2	21	-25
23	72	2	22	-25
23	73	2	23	-25
23	74	1	23	-26
23	75	1	22	-26
23	76	0	22	-27
23	77	-1	22	-27
23	78	-1	22	-28
23	79	-2	22	-28
23	80	-2	22	-28
23	81	-3	21	-28
23	82	-3	21	-28
23	83	-4	21	-29
23	84	-4	21	-29
23	85	-5	21	-29
23	86	-5	21	-29
23	87	-5	22	-29
23	88	-5	22	-29
23	89	-5	23	-29
23	90	-5	24	-29
23	91	-5	24	-29
23	92	-5	24	-30
23	93	-6	24	-31
23	94	-7	23	-32
23	95	-7	23	-33
23	96	-8	23	-34
23	97	-8	23	-35
23	98	-7	23	-34
23	99	-5	22	-33
23	100	-4	22	-32
23	101	-2	22	-31
23	102	-1	21	-30
23	103	1	21	-29
23	104	2	21	-29
23	105	3	22	-30
23	106	4	22	-30
23	107	5	22	-31
23	108	6	23	-31
23	109	7	23	-31
23	110	8	23	-32
23	111	8	23	-32
23	112	8	23	-32
23	113	8	24	-32
23	114	8	24	-32
23	115	9	24	-33
23	116	8	23	-33
23	117	8	22	-34
23	118	7	21	-34
23	119	6	20	-35
23	120	6	19	-36
23	121	5	18	-36
23	122	6	18	-36
23	123	6	18	-35
23	124	6	18	-34
23	125	6	18	-34
23	126	6	18	-33
23	127	6	18	-32
23	128	7	18	-32
23	129	7	18	-31
23	130	7	18	-31
23	131	7	18	-30
23	132	8	18	-30
23	133	8	19	-30
23	134	8	18	-30
23	135	8	18	-30
23	136	8	18	-31
23	137	9	18	-31
23	138	9	17	-32
23	139	9	17	-32
23	140	9	16	-32
23	141	8	14	-33
23	142	8	13	-34
23	143	7	12	-34
23	144	7	10	-35
23	145	6	9	-35
23	146	7	7	-34
23	147	7	6	-32
23	148	8	5	-31
23	149	8	4	-30
23	150	8	3	-29
23	151	9	1	-27
23	152	10	2	-25
23	153	11	3	-23
23	154	12	4	-20
23	155	13	5	-18
23	156	14	6	-15
23	157	15	7	-13
23	158	15	8	-12
23	159	14	9	-11
23	160	14	11	-10
23	161	14	12	-10
23	162	14	13	-9
23	163	13	14	-8
23	164	13	15	-7
23	165	12	16	-7
23	166	12	16	-6
23	167	11	17	-6
23	168	11	18	-5
23	169	10	18	-5
23	170	9	19	-5
23	171	8	19	-5
23	172	6	19	-4
23	173	5	19	-4
23	174	4	20	-4
23	175	3	20	-4
23	176	1	21	-4
23	177	0	22	-3
23	178	-2	23	-3
23	179	-3	24	-3
23	180	-5	25	-2
23	181	-6	26	-2
23	182	-7	28	-3
23	183	-8	30	-4
23	184	-9	32	-5
23	185	-10	34	-6
23	186	-11	36	-7
23	187	-11	38	-8
23	188	-12	38	-9
23	189	-12	39	-10
23	190	-12	39	-11
23	191	-13	40	-12
23	192	-13	40	-13
23	193	-13	40	-14
24	1	10	29	-33
24	2	11	28	-33
24	3	11	27	-32
24	4	12	26	-32
24	5	13	25	-32
24	6	13	24	-31
24	7	14	23	-31
24	8	13	23	-30
24	9	13	23	-29
24	10	12	23	-28
24	11	12	23	-27
24	12	11	23	-26
24	13	11	23	-26
24	14	10	23	-25
24	15	10	22	-25
24	16	10	21	-25
24	17	10	20	-25
24	18	9	19	-25
24	19	9	19	-24
24	20	9	19	-24
24	21	8	20	-23
24	22	8	21	-22
24	23	8	21	-21
24	24	8	22	-21
24	25	7	23	-20
24	26	7	23	-21
24	27	6	22	-21
24	28	6	22	-22
24	29	5	22	-22
24	30	5	22	-22
24	31	4	22	-23
24	32	4	22	-23
24	33	4	22	-23
24	34	5	23	-23
24	35	5	23	-23
24	36	5	23	-23
24	37	5	24	-23
24	38	4	23	-23
24	39	3	23	-24
24	40	2	23	-25
24	41	2	22	-25
24	42	1	22	-26
24	43	0	22	-26
24	44	0	21	-27
24	45	-1	21	-27
24	46	-1	21	-28
24	47	-1	20	-28
24	48	-1	20	-29
24	49	-1	20	-29
24	50	-1	19	-29
24	51	0	18	-29
24	52	0	17	-29
24	53	0	16	-29
24	54	1	15	-29
24	55	1	14	-29
24	56	1	15	-29
24	57	1	16	-28
24	58	2	17	-27
24	59	2	17	-26
24	60	2	18	-26
24	61	2	19	-25
24	62	2	19	-25
24	63	2	19	-25
24	64	2	19	-25
24	65	2	19	-25
24	66	2	19	-25
24	67	1	19	-25
24	68	1	20	-25
24	69	1	20	-25
24	70	1	21	-25
24	71	1	22	-25
24	72	1	22	-25
24	73	1	23	-26
24	74	0	23	-26
24	75	-1	23	-26
24	76	-2	23	-27
24	77	-3	23	-27
24	78	-4	22	-27
24	79	-4	22	-28
24	80	-5	22	-28
24	81	-5	22	-28
24	82	-5	22	-28
24	83	-6	22	-28
24	84	-6	22	-29
24	85	-6	21	-29
24	86	-6	22	-29
24	87	-7	23	-29
24	88	-7	23	-29
24	89	-7	24	-28
24	90	-7	25	-28
24	91	-7	25	-28
24	92	-7	25	-29
24	93	-8	25	-30
24	94	-9	25	-30
24	95	-9	25	-31
24	96	-10	24	-32
24	97	-11	24	-33
24	98	-9	24	-32
24	99	-7	24	-31
24	100	-6	24	-31
24	101	-4	24	-30
24	102	-3	24	-29
24	103	-1	24	-29
24	104	0	24	-29
24	105	1	24	-30
24	106	2	24	-30
24	107	3	24	-31
24	108	4	24	-31
24	109	6	24	-32
24	110	6	24	-32
24	111	6	24	-32
24	112	6	24	-32
24	113	6	24	-32
24	114	7	25	-32
24	115	7	25	-32
24	116	6	24	-33
24	117	6	23	-34
24	118	6	22	-34
24	119	5	21	-35
24	120	5	20	-36
24	121	4	20	-36
24	122	4	20	-36
24	123	4	20	-35
24	124	4	20	-35
24	125	4	20	-34
24	126	4	20	-34
24	127	5	20	-33
24	128	5	20	-33
24	129	5	20	-32
24	130	5	20	-32
24	131	6	20	-31
24	132	6	20	-31
24	133	6	20	-30
24	134	6	19	-31
24	135	6	19	-31
24	136	6	19	-31
24	137	7	18	-32
24	138	7	18	-32
24	139	7	18	-32
24	140	6	16	-33
24	141	6	15	-33
24	142	5	13	-34
24	143	5	12	-34
24	144	4	11	-35
24	145	4	9	-35
24	146	4	8	-34
24	147	5	7	-33
24	148	5	6	-32
24	149	5	5	-30
24	150	5	4	-29
24	151	6	3	-28
24	152	7	4	-26
24	153	8	5	-24
24	154	9	5	-21
24	155	10	6	-19
24	156	12	7	-17
24	157	13	8	-15
24	158	13	9	-14
24	159	12	10	-13
24	160	12	11	-12
24	161	12	12	-11
24	162	12	13	-10
24	163	12	14	-9
24	164	11	15	-8
24	165	11	15	-7
24	166	10	16	-7
24	167	10	17	-6
24	168	10	17	-6
24	169	9	18	-5
24	170	8	18	-5
24	171	7	19	-4
24	172	5	19	-4
24	173	4	19	-4
24	174	3	19	-4
24	175	2	20	-3
24	176	0	21	-3
24	177	-2	22	-3
24	178	-3	23	-2
24	179	-5	24	-2
24	180	-6	25	-2
24	181	-8	26	-1
24	182	-9	28	-2
24	183	-10	30	-3
24	184	-11	32	-4
24	185	-12	34	-4
24	186	-13	36	-5
24	187	-13	38	-6
24	188	-14	39	-7
24	189	-14	39	-9
24	190	-14	40	-10
24	191	-14	40	-12
24	192	-15	41	-13
24	193	-15	41	-14
25	1	9	29	-34
25	2	10	28	-33
25	3	10	27	-32
25	4	11	26	-32
25	5	12	25	-31
25	6	12	24	-31
25	7	13	23	-30
25	8	12	23	-29
25	9	12	23	-28
25	10	11	24	-27
25	11	11	24	-26
25	12	10	24	-26
25	13	9	24	-25
25	14	9	23	-25
25	15	9	22	-24
25	16	8	21	-24
25	17	8	21	-24
25	18	8	20	-24
25	19	7	19	-24
25	20	7	20	-23
25	21	7	20	-23
25	22	7	21	-22
25	23	6	22	-21
25	24	6	23	-20
25	25	6	24	-20
25	26	5	23	-20
25	27	4	23	-21
25	28	4	23	-22
25	29	3	23	-22
25	30	2	22	-23
25	31	2	22	-23
25	32	2	22	-23
25	33	2	23	-23
25	34	3	23	-23
25	35	3	23	-23
25	36	4	24	-23
25	37	4	24	-23
25	38	3	24	-23
25	39	2	23	-24
25	40	1	23	-24
25	41	0	23	-25
25	42	-1	22	-25
25	43	-2	22	-26
25	44	-2	22	-26
25	45	-2	21	-27
25	46	-3	21	-27
25	47	-3	21	-27
25	48	-3	21	-28
25	49	-3	20	-28
25	50	-3	20	-29
25	51	-2	19	-29
25	52	-2	18	-29
25	53	-1	17	-29
25	54	-1	16	-30
25	55	-1	15	-30
25	56	0	16	-29
25	57	0	17	-28
25	58	0	17	-28
25	59	1	18	-27
25	60	1	19	-26
25	61	1	20	-25
25	62	1	20	-25
25	63	1	20	-25
25	64	1	20	-25
25	65	1	20	-25
25	66	1	20	-25
25	67	1	20	-25
25	68	0	20	-25
25	69	0	21	-25
25	70	0	21	-26
25	71	0	22	-26
25	72	0	22	-26
25	73	-1	23	-26
25	74	-2	23	-26
25	75	-3	23	-27
25	76	-4	23	-27
25	77	-5	23	-27
25	78	-6	23	-27
25	79	-7	23	-28
25	80	-7	23	-28
25	81	-7	23	-28
25	82	-8	23	-28
25	83	-8	23	-28
25	84	-8	23	-28
25	85	-8	22	-28
25	86	-8	23	-28
25	87	-8	24	-28
25	88	-9	24	-28
25	89	-9	25	-28
25	90	-9	26	-28
25	91	-9	27	-27
25	92	-10	26	-28
25	93	-10	26	-28
25	94	-11	26	-29
25	95	-11	26	-29
25	96	-12	26	-30
25	97	-13	26	-30
25	98	-11	26	-30
25	99	-9	26	-29
25	100	-8	27	-29
25	101	-6	27	-29
25	102	-4	27	-28
25	103	-3	28	-28
25	104	-2	27	-29
25	105	-1	27	-30
25	106	1	26	-30
25	107	2	25	-31
25	108	3	25	-32
25	109	4	24	-32
25	110	4	24	-32
25	111	4	25	-32
25	112	4	25	-32
25	113	5	25	-32
25	114	5	25	-32
25	115	5	26	-32
25	116	5	25	-33
25	117	4	24	-33
25	118	4	23	-34
25	119	4	22	-35
25	120	3	22	-36
25	121	3	21	-36
25	122	3	21	-36
25	123	3	21	-36
25	124	3	21	-35
25	125	3	21	-35
25	126	3	21	-34
25	127	3	21	-34
25	128	3	21	-33
25	129	3	21	-33
25	130	3	21	-32
25	131	4	21	-32
25	132	4	21	-31
25	133	4	21	-31
25	134	4	20	-31
25	135	4	20	-31
25	136	4	19	-32
25	137	4	19	-32
25	138	4	18	-32
25	139	5	18	-33
25	140	4	16	-33
25	141	4	15	-33
25	142	3	14	-34
25	143	3	12	-34
25	144	2	11	-35
25	145	2	10	-35
25	146	2	9	-34
25	147	2	8	-33
25	148	2	7	-32
25	149	2	6	-31
25	150	2	5	-30
25	151	2	5	-29
25	152	4	5	-27
25	153	5	6	-25
25	154	7	7	-23
25	155	8	7	-20
25	156	9	8	-18
25	157	11	9	-16
25	158	11	10	-15
25	159	11	11	-14
25	160	10	11	-13
25	161	10	12	-12
25	162	10	13	-11
25	163	10	14	-10
25	164	10	15	-9
25	165	9	15	-8
25	166	9	16	-7
25	167	9	16	-7
25	168	8	17	-6
25	169	8	18	-5
25	170	7	18	-4
25	171	6	18	-4
25	172	4	19	-4
25	173	3	19	-3
25	174	2	19	-3
25	175	0	19	-3
25	176	-1	21	-2
25	177	-3	22	-2
25	178	-5	23	-1
25	179	-6	24	-1
25	180	-8	25	-1
25	181	-10	26	0
25	182	-11	28	-1
25	183	-12	30	-2
25	184	-13	32	-2
25	185	-14	35	-3
25	186	-15	37	-4
25	187	-15	39	-5
25	188	-16	39	-6
25	189	-16	40	-8
25	190	-16	40	-9
25	191	-16	41	-11
25	192	-16	41	-13
25	193	-17	42	-14
26	1	11	28	-34
26	2	11	27	-33
26	3	12	26	-33
26	4	12	25	-32
26	5	12	25	-32
26	6	12	24	-31
26	7	12	23	-30
26	8	12	23	-30
26	9	11	23	-29
26	10	10	23	-28
26	11	10	23	-27
26	12	9	23	-26
26	13	8	23	-25
26	14	8	22	-25
26	15	8	21	-25
26	16	8	20	-25
26	17	7	19	-25
26	18	7	18	-25
26	19	7	18	-25
26	20	7	18	-24
26	21	7	19	-23
26	22	7	20	-23
26	23	7	21	-22
26	24	7	21	-21
26	25	6	22	-21
26	26	6	22	-21
26	27	5	22	-21
26	28	5	21	-22
26	29	4	21	-22
26	30	3	21	-22
26	31	3	21	-23
26	32	3	21	-23
26	33	3	21	-23
26	34	3	22	-23
26	35	3	22	-23
26	36	3	23	-22
26	37	3	23	-22
26	38	2	23	-23
26	39	2	22	-23
26	40	1	22	-24
26	41	0	22	-24
26	42	-1	22	-25
26	43	-2	21	-25
26	44	-3	21	-25
26	45	-3	21	-26
26	46	-3	20	-26
26	47	-3	20	-27
26	48	-4	20	-27
26	49	-4	20	-27
26	50	-4	19	-28
26	51	-3	18	-28
26	52	-2	17	-28
26	53	-2	17	-29
26	54	-1	16	-29
26	55	-1	15	-29
26	56	0	16	-29
26	57	0	16	-28
26	58	0	17	-28
26	59	1	18	-27
26	60	1	18	-26
26	61	2	19	-26
26	62	1	19	-26
26	63	1	19	-26
26	64	1	19	-25
26	65	1	19	-25
26	66	1	19	-25
26	67	1	19	-25
26	68	0	19	-25
26	69	0	19	-26
26	70	-1	20	-26
26	71	-1	20	-26
26	72	-1	21	-26
26	73	-2	21	-26
26	74	-3	21	-26
26	75	-4	21	-27
26	76	-5	21	-27
26	77	-6	21	-27
26	78	-7	21	-27
26	79	-8	21	-27
26	80	-9	21	-28
26	81	-9	21	-28
26	82	-9	21	-28
26	83	-9	21	-28
26	84	-10	21	-29
26	85	-10	22	-29
26	86	-10	22	-29
26	87	-10	23	-28
26	88	-10	23	-28
26	89	-10	24	-28
26	90	-10	25	-28
26	91	-9	25	-28
26	92	-10	25	-28
26	93	-10	25	-29
26	94	-11	25	-29
26	95	-11	25	-30
26	96	-12	25	-30
26	97	-12	25	-31
26	98	-11	26	-30
26	99	-9	26	-30
26	100	-8	26	-29
26	101	-6	27	-29
26	102	-4	27	-28
26	103	-3	28	-28
26	104	-2	27	-29
26	105	-1	27	-29
26	106	0	26	-30
26	107	2	26	-31
26	108	3	25	-31
26	109	4	25	-32
26	110	4	25	-32
26	111	4	25	-32
26	112	5	25	-32
26	113	5	24	-32
26	114	5	24	-32
26	115	6	24	-32
26	116	5	23	-33
26	117	5	22	-34
26	118	4	22	-34
26	119	4	21	-35
26	120	3	20	-36
26	121	3	19	-36
26	122	3	19	-36
26	123	2	19	-36
26	124	2	19	-35
26	125	2	19	-35
26	126	2	19	-35
26	127	2	19	-34
26	128	2	19	-34
26	129	3	20	-34
26	130	3	20	-33
26	131	3	20	-33
26	132	4	20	-33
26	133	4	20	-32
26	134	4	19	-33
26	135	4	19	-33
26	136	5	18	-34
26	137	5	17	-34
26	138	5	16	-34
26	139	5	15	-35
26	140	5	14	-35
26	141	4	12	-36
26	142	3	11	-36
26	143	2	9	-37
26	144	1	8	-37
26	145	0	6	-37
26	146	0	6	-36
26	147	0	5	-35
26	148	0	4	-34
26	149	0	4	-33
26	150	0	3	-32
26	151	1	3	-31
26	152	2	4	-29
26	153	4	4	-26
26	154	5	5	-24
26	155	7	6	-22
26	156	9	7	-20
26	157	10	8	-18
26	158	10	9	-16
26	159	10	10	-15
26	160	10	10	-14
26	161	10	11	-13
26	162	10	12	-11
26	163	10	13	-10
26	164	10	13	-9
26	165	10	14	-9
26	166	10	15	-8
26	167	10	16	-7
26	168	10	16	-6
26	169	9	17	-5
26	170	8	17	-5
26	171	7	17	-4
26	172	6	17	-4
26	173	5	17	-3
26	174	4	17	-3
26	175	2	17	-2
26	176	0	19	-2
26	177	-2	20	-1
26	178	-4	21	-1
26	179	-6	22	0
26	180	-8	23	0
26	181	-10	24	1
26	182	-11	27	0
26	183	-12	29	-1
26	184	-13	31	-2
26	185	-14	34	-3
26	186	-15	36	-3
26	187	-16	38	-4
26	188	-16	39	-6
26	189	-16	39	-7
26	190	-16	40	-8
26	191	-16	41	-9
26	192	-16	41	-10
26	193	-17	42	-12
27	1	13	27	-34
27	2	13	27	-34
27	3	13	26	-33
27	4	13	25	-33
27	5	12	24	-32
27	6	12	23	-31
27	7	12	22	-31
27	8	11	22	-30
27	9	10	22	-29
27	10	10	22	-28
27	11	9	22	-27
27	12	8	21	-26
27	13	7	21	-25
27	14	7	20	-25
27	15	7	20	-25
27	16	7	19	-25
27	17	6	18	-26
27	18	6	17	-26
27	19	6	16	-26
27	20	6	17	-25
27	21	6	18	-24
27	22	7	19	-23
27	23	7	19	-23
27	24	7	20	-22
27	25	7	21	-21
27	26	7	20	-21
27	27	6	20	-22
27	28	6	20	-22
27	29	5	20	-22
27	30	5	19	-22
27	31	4	19	-22
27	32	4	20	-22
27	33	4	20	-22
27	34	3	20	-22
27	35	3	21	-22
27	36	3	21	-22
27	37	3	22	-22
27	38	2	22	-23
27	39	1	21	-23
27	40	0	21	-23
27	41	-1	21	-24
27	42	-1	21	-24
27	43	-2	21	-24
27	44	-3	20	-25
27	45	-3	20	-25
27	46	-4	20	-25
27	47	-4	19	-26
27	48	-5	19	-26
27	49	-5	19	-27
27	50	-4	18	-27
27	51	-4	18	-27
27	52	-3	17	-28
27	53	-2	17	-28
27	54	-2	16	-29
27	55	-1	16	-29
27	56	0	16	-28
27	57	0	16	-28
27	58	1	17	-27
27	59	1	17	-27
27	60	1	17	-26
27	61	2	18	-26
27	62	2	18	-26
27	63	2	17	-26
27	64	1	17	-26
27	65	1	17	-26
27	66	1	17	-26
27	67	1	17	-26
27	68	0	17	-26
27	69	-1	18	-26
27	70	-1	18	-26
27	71	-2	18	-26
27	72	-2	19	-26
27	73	-3	19	-26
27	74	-4	19	-26
27	75	-5	19	-26
27	76	-6	19	-27
27	77	-8	19	-27
27	78	-9	18	-27
27	79	-10	18	-27
27	80	-10	19	-27
27	81	-10	19	-28
27	82	-11	20	-28
27	83	-11	20	-28
27	84	-11	20	-29
27	85	-11	21	-29
27	86	-11	21	-29
27	87	-11	22	-29
27	88	-11	23	-29
27	89	-11	23	-28
27	90	-10	24	-28
27	91	-10	24	-28
27	92	-10	24	-28
27	93	-11	24	-29
27	94	-11	24	-30
27	95	-12	25	-30
27	96	-12	25	-31
27	97	-12	25	-31
27	98	-11	25	-31
27	99	-9	26	-30
27	100	-8	26	-30
27	101	-6	26	-29
27	102	-5	27	-29
27	103	-3	27	-28
27	104	-2	27	-29
27	105	-1	27	-29
27	106	0	27	-30
27	107	1	26	-30
27	108	3	26	-31
27	109	4	26	-32
27	110	4	25	-32
27	111	4	25	-32
27	112	5	24	-32
27	113	5	24	-32
27	114	6	23	-33
27	115	6	23	-33
27	116	5	22	-33
27	117	5	21	-34
27	118	4	20	-35
27	119	4	19	-35
27	120	3	18	-36
27	121	3	17	-37
27	122	2	17	-36
27	123	2	17	-36
27	124	2	17	-36
27	125	2	17	-35
27	126	1	17	-35
27	127	1	17	-35
27	128	1	18	-35
27	129	2	18	-34
27	130	2	18	-34
27	131	3	19	-34
27	132	3	19	-34
27	133	4	19	-34
27	134	4	18	-34
27	135	5	17	-35
27	136	5	16	-35
27	137	6	15	-36
27	138	6	14	-37
27	139	6	12	-37
27	140	5	11	-38
27	141	4	9	-38
27	142	2	8	-39
27	143	1	6	-39
27	144	-1	5	-39
27	145	-2	3	-40
27	146	-2	3	-39
27	147	-2	2	-38
27	148	-2	2	-36
27	149	-2	1	-35
27	150	-1	1	-34
27	151	-1	1	-33
27	152	1	2	-30
27	153	2	3	-28
27	154	4	4	-26
27	155	6	5	-24
27	156	8	6	-21
27	157	10	7	-19
27	158	10	8	-18
27	159	10	9	-16
27	160	10	9	-15
27	161	10	10	-13
27	162	10	11	-12
27	163	10	12	-10
27	164	10	12	-10
27	165	10	13	-9
27	166	10	14	-8
27	167	10	15	-7
27	168	11	15	-7
27	169	11	16	-6
27	170	10	16	-5
27	171	9	16	-4
27	172	8	16	-4
27	173	7	16	-3
27	174	6	16	-2
27	175	5	16	-2
27	176	2	17	-1
27	177	0	18	-1
27	178	-3	19	0
27	179	-5	20	1
27	180	-8	21	1
27	181	-10	22	2
27	182	-11	25	1
27	183	-13	27	0
27	184	-14	30	-1
27	185	-15	33	-2
27	186	-16	35	-3
27	187	-17	38	-4
27	188	-17	38	-5
27	189	-17	39	-6
27	190	-17	40	-7
27	191	-17	40	-7
27	192	-16	41	-8
27	193	-16	42	-9
28	1	16	27	-35
28	2	15	26	-34
28	3	14	25	-34
28	4	13	24	-33
28	5	13	23	-32
28	6	12	23	-32
28	7	11	22	-31
28	8	10	21	-30
28	9	9	21	-29
28	10	9	21	-28
28	11	8	20	-28
28	12	7	20	-27
28	13	7	20	-26
28	14	6	19	-26
28	15	6	18	-26
28	16	6	17	-26
28	17	6	17	-26
28	18	5	16	-26
28	19	5	15	-26
28	20	6	16	-26
28	21	6	17	-25
28	22	6	17	-24
28	23	7	18	-24
28	24	7	19	-23
28	25	8	19	-22
28	26	7	19	-22
28	27	7	19	-22
28	28	6	18	-22
28	29	6	18	-22
28	30	6	18	-22
28	31	5	18	-21
28	32	5	18	-22
28	33	4	19	-22
28	34	4	19	-22
28	35	3	20	-22
28	36	3	20	-22
28	37	2	21	-22
28	38	2	20	-22
28	39	1	20	-23
28	40	0	20	-23
28	41	-1	20	-23
28	42	-2	20	-23
28	43	-2	20	-23
28	44	-3	20	-24
28	45	-4	19	-24
28	46	-4	19	-25
28	47	-5	19	-25
28	48	-6	18	-26
28	49	-6	18	-26
28	50	-5	18	-26
28	51	-5	17	-27
28	52	-4	17	-27
28	53	-3	17	-28
28	54	-2	16	-28
28	55	-1	16	-28
28	56	0	16	-28
28	57	0	16	-28
28	58	1	16	-27
28	59	1	16	-27
28	60	2	16	-27
28	61	2	16	-26
28	62	2	16	-26
28	63	2	16	-26
28	64	2	16	-26
28	65	1	16	-26
28	66	1	16	-26
28	67	1	16	-26
28	68	0	16	-26
28	69	-1	16	-26
28	70	-2	16	-26
28	71	-3	17	-26
28	72	-3	17	-26
28	73	-4	17	-26
28	74	-5	17	-26
28	75	-7	17	-26
28	76	-8	17	-26
28	77	-9	16	-26
28	78	-10	16	-27
28	79	-11	16	-27
28	80	-12	17	-27
28	81	-12	17	-28
28	82	-12	18	-28
28	83	-12	19	-29
28	84	-13	19	-29
28	85	-13	20	-29
28	86	-13	21	-29
28	87	-12	21	-29
28	88	-12	22	-29
28	89	-11	22	-29
28	90	-11	23	-28
28	91	-11	23	-28
28	92	-11	23	-29
28	93	-11	23	-29
28	94	-11	24	-30
28	95	-12	24	-31
28	96	-12	24	-31
28	97	-12	24	-32
28	98	-11	25	-31
28	99	-9	25	-31
28	100	-8	26	-30
28	101	-6	26	-29
28	102	-5	27	-29
28	103	-3	27	-28
28	104	-2	27	-28
28	105	-1	27	-29
28	106	0	27	-30
28	107	1	27	-30
28	108	2	27	-31
28	109	4	27	-31
28	110	4	26	-32
28	111	5	25	-32
28	112	5	24	-32
28	113	5	23	-33
28	114	6	22	-33
28	115	6	21	-33
28	116	6	20	-34
28	117	5	19	-34
28	118	4	18	-35
28	119	4	18	-35
28	120	3	17	-36
28	121	2	16	-37
28	122	2	16	-36
28	123	2	16	-36
28	124	1	16	-36
28	125	1	16	-36
28	126	1	15	-35
28	127	0	15	-35
28	128	1	16	-35
28	129	1	17	-35
28	130	2	17	-35
28	131	3	18	-35
28	132	3	18	-35
28	133	4	19	-35
28	134	4	17	-36
28	135	5	16	-37
28	136	6	14	-37
28	137	6	13	-38
28	138	7	11	-39
28	139	7	10	-39
28	140	5	8	-40
28	141	4	6	-40
28	142	2	5	-41
28	143	0	3	-41
28	144	-2	1	-42
28	145	-4	0	-43
28	146	-4	0	-41
28	147	-4	-1	-40
28	148	-4	-1	-39
28	149	-3	-1	-37
28	150	-3	-1	-36
28	151	-3	-1	-35
28	152	-1	0	-32
28	153	1	1	-30
28	154	3	3	-28
28	155	5	4	-25
28	156	7	5	-23
28	157	10	6	-21
28	158	10	7	-19
28	159	10	8	-17
28	160	10	8	-16
28	161	10	9	-14
28	162	10	10	-12
28	163	10	10	-11
28	164	10	11	-10
28	165	11	12	-9
28	166	11	13	-9
28	167	11	14	-8
28	168	12	14	-7
28	169	12	15	-6
28	170	11	15	-5
28	171	10	15	-5
28	172	9	14	-4
28	173	8	14	-3
28	174	7	14	-2
28	175	7	14	-1
28	176	4	15	-1
28	177	1	16	0
28	178	-2	17	1
28	179	-5	18	1
28	180	-8	19	2
28	181	-11	20	3
28	182	-12	23	2
28	183	-13	26	1
28	184	-14	29	0
28	185	-15	32	-1
28	186	-16	34	-3
28	187	-18	37	-4
28	188	-17	38	-4
28	189	-17	39	-5
28	190	-17	40	-5
28	191	-17	40	-6
28	192	-16	41	-6
28	193	-16	42	-7
29	1	18	26	-35
29	2	17	25	-35
29	3	15	24	-34
29	4	14	24	-33
29	5	13	23	-33
29	6	11	22	-32
29	7	10	21	-31
29	8	9	21	-30
29	9	9	20	-30
29	10	8	20	-29
29	11	7	19	-28
29	12	6	19	-27
29	13	6	18	-26
29	14	5	18	-26
29	15	5	17	-26
29	16	5	16	-27
29	17	5	15	-27
29	18	5	15	-27
29	19	4	14	-27
29	20	5	15	-26
29	21	6	15	-26
29	22	6	16	-25
29	23	7	16	-24
29	24	8	17	-24
29	25	8	18	-23
29	26	8	17	-23
29	27	8	17	-22
29	28	7	17	-22
29	29	7	17	-22
29	30	7	16	-21
29	31	6	16	-21
29	32	6	17	-21
29	33	5	17	-21
29	34	4	18	-21
29	35	3	18	-22
29	36	3	19	-22
29	37	2	19	-22
29	38	1	19	-22
29	39	0	19	-22
29	40	0	19	-22
29	41	-1	19	-22
29	42	-2	19	-23
29	43	-3	19	-23
29	44	-3	19	-23
29	45	-4	19	-23
29	46	-5	18	-24
29	47	-6	18	-24
29	48	-7	18	-25
29	49	-7	17	-25
29	50	-6	17	-26
29	51	-5	17	-26
29	52	-4	17	-26
29	53	-3	16	-27
29	54	-2	16	-27
29	55	-1	16	-28
29	56	0	16	-28
29	57	0	16	-27
29	58	1	16	-27
29	59	1	15	-27
29	60	2	15	-27
29	61	3	15	-27
29	62	2	15	-26
29	63	2	15	-26
29	64	2	15	-26
29	65	2	15	-26
29	66	1	14	-26
29	67	1	14	-26
29	68	0	14	-26
29	69	-1	15	-26
29	70	-2	15	-26
29	71	-3	15	-26
29	72	-4	15	-26
29	73	-5	15	-26
29	74	-7	15	-26
29	75	-8	15	-26
29	76	-9	15	-26
29	77	-10	14	-26
29	78	-12	14	-26
29	79	-13	14	-26
29	80	-13	15	-27
29	81	-13	16	-28
29	82	-14	17	-28
29	83	-14	17	-29
29	84	-14	18	-29
29	85	-15	19	-30
29	86	-14	20	-29
29	87	-14	20	-29
29	88	-13	21	-29
29	89	-12	21	-29
29	90	-12	21	-29
29	91	-11	22	-28
29	92	-11	22	-29
29	93	-11	22	-30
29	94	-12	23	-30
29	95	-12	23	-31
29	96	-12	23	-32
29	97	-12	24	-32
29	98	-10	24	-32
29	99	-9	25	-31
29	100	-7	25	-30
29	101	-6	26	-29
29	102	-5	26	-29
29	103	-3	27	-28
29	104	-2	27	-28
29	105	-1	27	-29
29	106	0	27	-29
29	107	1	27	-30
29	108	2	28	-30
29	109	3	28	-31
29	110	4	27	-31
29	111	5	25	-32
29	112	5	24	-32
29	113	6	23	-33
29	114	6	21	-33
29	115	7	20	-34
29	116	6	19	-34
29	117	5	18	-35
29	118	5	17	-35
29	119	4	16	-36
29	120	3	15	-36
29	121	2	14	-37
29	122	2	14	-36
29	123	1	14	-36
29	124	1	14	-36
29	125	0	14	-36
29	126	0	14	-36
29	127	-1	14	-36
29	128	0	14	-36
29	129	1	15	-36
29	130	2	16	-36
29	131	2	16	-36
29	132	3	17	-37
29	133	4	18	-37
29	134	5	16	-38
29	135	5	14	-38
29	136	6	12	-39
29	137	7	11	-40
29	138	7	9	-41
29	139	8	7	-41
29	140	6	5	-42
29	141	3	3	-43
29	142	1	2	-43
29	143	-1	0	-44
29	144	-3	-2	-44
29	145	-6	-4	-45
29	146	-5	-4	-44
29	147	-5	-4	-42
29	148	-5	-3	-41
29	149	-5	-3	-39
29	150	-5	-3	-38
29	151	-5	-3	-37
29	152	-3	-2	-34
29	153	0	0	-32
29	154	2	1	-29
29	155	4	3	-27
29	156	7	4	-25
29	157	9	6	-22
29	158	9	6	-20
29	159	9	7	-18
29	160	10	7	-17
29	161	10	8	-15
29	162	10	9	-13
29	163	10	9	-11
29	164	10	10	-10
29	165	11	11	-10
29	166	12	12	-9
29	167	12	13	-8
29	168	13	13	-8
29	169	13	14	-7
29	170	13	14	-6
29	171	12	13	-5
29	172	11	13	-4
29	173	10	13	-3
29	174	9	12	-2
29	175	9	12	-1
29	176	5	13	0
29	177	2	14	1
29	178	-1	15	1
29	179	-4	16	2
29	180	-8	17	3
29	181	-11	18	4
29	182	-12	21	3
29	183	-13	24	1
29	184	-15	27	0
29	185	-16	31	-1
29	186	-17	34	-2
29	187	-18	37	-3
29	188	-18	38	-3
29	189	-18	39	-4
29	190	-17	39	-4
29	191	-17	40	-4
29	192	-16	41	-4
29	193	-16	42	-4
30	1	20	25	-36
30	2	19	24	-35
30	3	17	24	-34
30	4	15	23	-34
30	5	13	22	-33
30	6	11	22	-32
30	7	9	21	-31
30	8	9	20	-31
30	9	8	20	-30
30	10	7	19	-29
30	11	6	18	-28
30	12	6	17	-27
30	13	5	17	-27
30	14	5	16	-27
30	15	4	15	-27
30	16	4	15	-27
30	17	4	14	-27
30	18	4	13	-27
30	19	4	13	-28
30	20	5	13	-27
30	21	6	14	-26
30	22	6	14	-26
30	23	7	15	-25
30	24	8	16	-24
30	25	9	16	-24
30	26	9	16	-23
30	27	9	16	-23
30	28	8	15	-22
30	29	8	15	-21
30	30	8	15	-21
30	31	8	15	-20
30	32	7	15	-21
30	33	6	16	-21
30	34	5	16	-21
30	35	4	17	-21
30	36	3	18	-22
30	37	2	18	-22
30	38	1	18	-22
30	39	0	18	-22
30	40	-1	18	-22
30	41	-1	18	-22
30	42	-2	18	-22
30	43	-3	18	-22
30	44	-4	18	-22
30	45	-5	18	-23
30	46	-6	18	-23
30	47	-7	17	-24
30	48	-8	17	-24
30	49	-8	17	-24
30	50	-7	17	-25
30	51	-6	16	-25
30	52	-5	16	-26
30	53	-4	16	-26
30	54	-2	16	-27
30	55	-1	16	-27
30	56	-1	16	-27
30	57	0	15	-27
30	58	1	15	-27
30	59	2	15	-27
30	60	2	14	-27
30	61	3	14	-27
30	62	3	14	-27
30	63	2	14	-27
30	64	2	13	-27
30	65	2	13	-27
30	66	1	13	-27
30	67	1	13	-26
30	68	0	13	-26
30	69	-1	13	-26
30	70	-3	13	-26
30	71	-4	13	-26
30	72	-5	13	-26
30	73	-7	14	-26
30	74	-8	13	-26
30	75	-9	13	-26
30	76	-10	12	-26
30	77	-12	12	-26
30	78	-13	12	-26
30	79	-14	11	-26
30	80	-15	13	-27
30	81	-15	14	-27
30	82	-15	15	-28
30	83	-16	16	-29
30	84	-16	17	-29
30	85	-16	19	-30
30	86	-16	19	-30
30	87	-15	19	-30
30	88	-14	20	-29
30	89	-13	20	-29
30	90	-13	20	-29
30	91	-12	21	-29
30	92	-12	21	-29
30	93	-12	22	-30
30	94	-12	22	-31
30	95	-12	22	-32
30	96	-12	23	-32
30	97	-12	23	-33
30	98	-10	24	-32
30	99	-9	24	-31
30	100	-7	25	-30
30	101	-6	25	-29
30	102	-5	26	-29
30	103	-3	26	-28
30	104	-2	27	-28
30	105	-1	27	-29
30	106	0	28	-29
30	107	1	28	-30
30	108	2	28	-30
30	109	3	29	-30
30	110	4	27	-31
30	111	5	25	-32
30	112	5	24	-32
30	113	6	22	-33
30	114	7	20	-33
30	115	7	18	-34
30	116	6	17	-34
30	117	6	16	-35
30	118	5	15	-35
30	119	4	14	-36
30	120	3	13	-36
30	121	2	12	-37
30	122	2	12	-37
30	123	1	12	-36
30	124	0	12	-36
30	125	0	12	-36
30	126	-1	12	-36
30	127	-1	12	-36
30	128	-1	13	-36
30	129	0	13	-37
30	130	1	14	-37
30	131	2	15	-37
30	132	3	16	-38
30	133	4	17	-38
30	134	5	15	-39
30	135	5	13	-40
30	136	6	11	-41
30	137	7	9	-42
30	138	8	6	-43
30	139	9	4	-44
30	140	6	2	-44
30	141	3	1	-45
30	142	1	-1	-46
30	143	-2	-3	-46
30	144	-5	-5	-47
30	145	-7	-7	-48
30	146	-7	-7	-46
30	147	-7	-6	-45
30	148	-7	-6	-43
30	149	-7	-6	-42
30	150	-7	-6	-40
30	151	-7	-5	-39
30	152	-5	-4	-36
30	153	-2	-2	-34
30	154	1	0	-31
30	155	3	1	-29
30	156	6	3	-26
30	157	9	5	-24
30	158	9	5	-22
30	159	9	6	-20
30	160	9	6	-17
30	161	10	7	-15
30	162	10	7	-13
30	163	10	8	-11
30	164	11	9	-11
30	165	11	10	-10
30	166	12	11	-9
30	167	13	12	-9
30	168	14	13	-8
30	169	15	13	-7
30	170	14	13	-6
30	171	13	12	-5
30	172	13	12	-4
30	173	12	11	-3
30	174	11	10	-2
30	175	11	10	-1
30	176	7	11	0
30	177	3	12	1
30	178	0	13	2
30	179	-4	14	3
30	180	-8	15	4
30	181	-11	16	5
30	182	-12	19	4
30	183	-14	23	2
30	184	-15	26	1
30	185	-16	30	0
30	186	-18	33	-2
30	187	-19	36	-3
30	188	-19	37	-3
30	189	-18	38	-3
30	190	-18	39	-2
30	191	-17	40	-2
30	192	-16	41	-2
30	193	-16	42	-2
31	1	23	24	-36
31	2	20	24	-35
31	3	18	23	-35
31	4	16	22	-34
31	5	13	22	-33
31	6	11	21	-32
31	7	9	21	-32
31	8	8	20	-31
31	9	7	19	-30
31	10	6	18	-29
31	11	6	17	-29
31	12	5	16	-28
31	13	4	15	-27
31	14	4	15	-27
31	15	4	14	-27
31	16	3	13	-28
31	17	3	13	-28
31	18	3	12	-28
31	19	3	12	-28
31	20	4	12	-28
31	21	5	13	-27
31	22	6	13	-26
31	23	7	14	-26
31	24	9	14	-25
31	25	10	15	-25
31	26	9	14	-24
31	27	9	14	-23
31	28	9	14	-22
31	29	9	14	-21
31	30	9	14	-20
31	31	9	13	-20
31	32	7	14	-20
31	33	6	15	-20
31	34	5	15	-21
31	35	4	16	-21
31	36	2	16	-21
31	37	1	17	-22
31	38	0	17	-22
31	39	0	17	-22
31	40	-1	17	-21
31	41	-2	17	-21
31	42	-2	18	-21
31	43	-3	18	-21
31	44	-4	17	-22
31	45	-5	17	-22
31	46	-6	17	-22
31	47	-7	16	-23
31	48	-8	16	-23
31	49	-10	16	-24
31	50	-8	16	-24
31	51	-7	16	-25
31	52	-5	16	-25
31	53	-4	16	-26
31	54	-3	16	-26
31	55	-1	16	-27
31	56	-1	16	-27
31	57	0	15	-27
31	58	1	15	-27
31	59	2	14	-27
31	60	3	14	-27
31	61	3	13	-27
31	62	3	13	-27
31	63	3	12	-27
31	64	2	12	-27
31	65	2	12	-27
31	66	2	11	-27
31	67	1	11	-27
31	68	0	11	-27
31	69	-2	11	-26
31	70	-3	11	-26
31	71	-5	12	-26
31	72	-6	12	-26
31	73	-8	12	-26
31	74	-9	11	-26
31	75	-10	11	-26
31	76	-12	10	-26
31	77	-13	10	-26
31	78	-14	9	-26
31	79	-16	9	-26
31	80	-16	10	-27
31	81	-16	12	-27
31	82	-17	13	-28
31	83	-17	15	-29
31	84	-17	16	-30
31	85	-18	18	-30
31	86	-17	18	-30
31	87	-16	18	-30
31	88	-15	19	-30
31	89	-14	19	-29
31	90	-13	19	-29
31	91	-12	19	-29
31	92	-12	20	-30
31	93	-12	21	-30
31	94	-12	21	-31
31	95	-12	22	-32
31	96	-11	22	-33
31	97	-11	23	-34
31	98	-10	23	-33
31	99	-9	24	-32
31	100	-7	24	-31
31	101	-6	25	-30
31	102	-5	26	-29
31	103	-3	26	-28
31	104	-2	27	-28
31	105	-1	27	-28
31	106	0	28	-29
31	107	1	29	-29
31	108	2	29	-30
31	109	3	30	-30
31	110	4	28	-31
31	111	5	26	-31
31	112	5	23	-32
31	113	6	21	-33
31	114	7	19	-34
31	115	8	17	-34
31	116	7	16	-35
31	117	6	15	-35
31	118	5	14	-36
31	119	4	13	-36
31	120	3	11	-36
31	121	2	10	-37
31	122	1	10	-37
31	123	1	10	-37
31	124	0	10	-37
31	125	-1	10	-37
31	126	-2	10	-37
31	127	-2	10	-36
31	128	-1	11	-37
31	129	0	12	-38
31	130	1	13	-38
31	131	2	14	-39
31	132	3	15	-39
31	133	4	16	-40
31	134	5	14	-41
31	135	6	11	-42
31	136	7	9	-43
31	137	8	7	-44
31	138	9	4	-45
31	139	10	2	-46
31	140	7	0	-46
31	141	3	-2	-47
31	142	0	-4	-48
31	143	-3	-6	-49
31	144	-6	-8	-49
31	145	-9	-10	-50
31	146	-9	-10	-49
31	147	-9	-9	-47
31	148	-9	-9	-45
31	149	-9	-8	-44
31	150	-9	-8	-42
31	151	-9	-7	-41
31	152	-6	-5	-38
31	153	-3	-3	-35
31	154	0	-2	-33
31	155	3	0	-30
31	156	5	2	-28
31	157	8	4	-25
31	158	9	5	-23
31	159	9	5	-21
31	160	9	5	-18
31	161	9	6	-16
31	162	10	6	-14
31	163	10	7	-12
31	164	11	8	-11
31	165	12	9	-10
31	166	13	10	-10
31	167	14	11	-9
31	168	15	12	-8
31	169	16	13	-8
31	170	16	12	-7
31	171	15	11	-5
31	172	14	10	-4
31	173	14	10	-3
31	174	13	9	-1
31	175	13	8	0
31	176	9	9	1
31	177	5	10	2
31	178	1	11	3
31	179	-3	12	4
31	180	-7	13	5
31	181	-11	14	6
31	182	-13	17	5
31	183	-14	21	3
31	184	-16	25	2
31	185	-17	29	0
31	186	-18	32	-1
31	187	-20	36	-3
31	188	-19	37	-2
31	189	-19	38	-1
31	190	-18	39	-1
31	191	-17	40	0
31	192	-16	41	0
31	193	-16	42	1
