1	103	-10	26	-4
1	104	-10	27	-4
1	105	-9	28	-3
1	106	-9	29	-3
1	107	-8	30	-3
1	108	-8	32	-3
1	109	-7	33	-2
1	110	-8	33	-3
1	111	-8	34	-4
1	112	-8	35	-5
1	113	-9	35	-6
1	114	-9	36	-7
1	115	-9	37	-8
1	116	-10	37	-8
1	117	-10	38	-8
1	118	-10	38	-8
1	119	-11	39	-8
1	120	-11	39	-8
1	121	-12	40	-8
1	122	-12	40	-9
1	123	-12	40	-10
1	124	-13	40	-11
1	125	-13	40	-13
1	126	-13	40	-14
1	127	-14	41	-15
2	103	-5	25	-3
2	104	-5	27	-3
2	105	-5	28	-3
2	106	-5	29	-3
2	107	-4	30	-3
2	108	-4	31	-3
2	109	-4	33	-3
2	110	-4	33	-4
2	111	-5	34	-5
2	112	-5	34	-6
2	113	-5	35	-7
2	114	-6	35	-8
2	115	-6	35	-9
2	116	-7	36	-9
2	117	-7	36	-9
2	118	-8	37	-9
2	119	-8	37	-9
2	120	-9	37	-9
2	121	-10	38	-9
2	122	-10	38	-10
2	123	-10	38	-11
2	124	-11	39	-11
2	125	-11	39	-12
2	126	-11	39	-13
2	127	-12	39	-14
3	103	-1	25	-2
3	104	-1	26	-2
3	105	-1	28	-2
3	106	-1	29	-2
3	107	0	30	-3
3	108	0	31	-3
3	109	0	32	-3
3	110	-1	33	-4
3	111	-1	33	-5
3	112	-2	33	-6
3	113	-2	34	-7
3	114	-3	34	-8
3	115	-3	34	-10
3	116	-4	34	-10
3	117	-5	35	-10
3	118	-5	35	-10
3	119	-6	35	-10
3	120	-7	36	-10
3	121	-7	36	-10
3	122	-8	36	-10
3	123	-8	37	-11
3	124	-8	37	-11
3	125	-9	37	-12
3	126	-9	38	-12
3	127	-10	38	-13
4	103	4	25	0
4	104	4	26	-1
4	105	4	27	-1
4	106	4	29	-2
4	107	3	30	-3
4	108	3	31	-3
4	109	3	32	-4
4	110	2	32	-5
4	111	2	32	-6
4	112	1	33	-7
4	113	1	33	-8
4	114	0	33	-9
4	115	0	33	-10
4	116	-1	33	-10
4	117	-2	33	-10
4	118	-3	33	-10
4	119	-4	34	-10
4	120	-4	34	-11
4	121	-5	34	-11
4	122	-6	34	-11
4	123	-6	35	-11
4	124	-6	35	-11
4	125	-7	36	-11
4	126	-7	36	-12
4	127	-8	37	-12
5	103	9	24	1
5	104	9	26	0
5	105	8	27	-1
5	106	8	28	-2
5	107	7	30	-2
5	108	7	31	-3
5	109	6	32	-4
5	110	6	32	-5
5	111	5	32	-6
5	112	5	32	-8
5	113	4	32	-9
5	114	3	32	-10
5	115	3	31	-11
5	116	2	32	-11
5	117	1	32	-11
5	118	0	32	-11
5	119	-1	32	-11
5	120	-2	32	-11
5	121	-3	32	-11
5	122	-3	33	-11
5	123	-4	33	-11
5	124	-4	34	-11
5	125	-5	34	-11
5	126	-5	35	-11
5	127	-6	35	-11
6	103	14	24	2
6	104	13	25	1
6	105	13	27	0
6	106	12	28	-1
6	107	11	29	-2
6	108	11	31	-3
6	109	10	32	-4
6	110	9	32	-6
6	111	8	31	-7
6	112	8	31	-8
6	113	7	31	-10
6	114	6	30	-11
6	115	5	30	-12
6	116	4	30	-12
6	117	3	30	-12
6	118	2	30	-12
6	119	1	30	-12
6	120	0	30	-12
6	121	-1	30	-12
6	122	-1	31	-12
6	123	-2	31	-11
6	124	-2	32	-11
6	125	-3	33	-10
6	126	-3	33	-10
6	127	-4	34	-10
7	1	6	10	-13
7	2	7	10	-12
7	3	8	11	-11
7	4	9	11	-11
7	5	10	12	-10
7	6	12	12	-9
7	7	13	13	-8
7	8	13	13	-8
7	9	14	13	-8
7	10	14	14	-8
7	11	15	14	-9
7	12	15	15	-9
7	13	16	15	-9
7	14	17	17	-9
7	15	19	18	-10
7	16	21	19	-10
7	17	22	20	-10
7	18	24	21	-11
7	19	25	22	-11
7	20	26	23	-13
7	21	26	23	-14
7	22	27	23	-16
7	23	27	23	-18
7	24	27	23	-19
7	25	28	23	-21
7	26	28	21	-22
7	27	27	18	-22
7	28	27	16	-23
7	29	27	13	-24
7	30	27	10	-24
7	31	26	8	-25
7	32	26	6	-22
7	33	26	5	-18
7	34	25	3	-15
7	35	25	1	-12
7	36	25	0	-9
7	37	24	-2	-5
7	38	24	1	-2
7	39	24	4	2
7	40	24	7	5
7	41	24	10	9
7	42	24	13	12
7	43	24	16	16
7	44	24	19	15
7	45	24	22	13
7	46	24	24	12
7	47	24	27	11
7	48	24	30	10
7	49	24	32	9
7	50	24	32	8
7	51	23	32	6
7	52	23	32	4
7	53	22	32	3
7	54	22	32	1
7	55	21	32	-1
7	56	20	32	-1
7	57	19	31	0
7	58	18	30	0
7	59	17	29	0
7	60	16	29	0
7	61	15	28	0
7	62	14	28	0
7	63	14	28	0
7	64	13	28	1
7	65	12	29	1
7	66	11	29	1
7	67	10	29	2
7	68	10	29	2
7	69	10	30	2
7	70	10	30	2
7	71	10	30	2
7	72	10	30	2
7	73	10	31	2
7	74	9	30	1
7	75	9	30	0
7	76	9	29	-1
7	77	9	29	-3
7	78	8	28	-4
7	79	8	28	-5
7	80	9	28	-6
7	81	10	29	-7
7	82	10	29	-8
7	83	11	29	-8
7	84	12	30	-9
7	85	13	30	-10
7	86	14	27	-10
7	87	15	25	-10
7	88	16	22	-10
7	89	18	19	-9
7	90	19	17	-9
7	91	20	14	-9
7	92	20	14	-8
7	93	21	14	-7
7	94	21	14	-6
7	95	21	14	-5
7	96	21	14	-4
7	97	22	15	-3
7	98	21	16	-2
7	99	21	18	-1
7	100	20	19	0
7	101	20	21	1
7	102	19	22	2
7	103	19	24	3
7	104	18	25	2
7	105	17	26	1
7	106	16	28	-1
7	107	15	29	-2
7	108	14	30	-3
7	109	13	32	-5
7	110	13	31	-6
7	111	12	31	-8
7	112	11	30	-9
7	113	10	30	-10
7	114	9	29	-12
7	115	8	29	-13
7	116	7	29	-13
7	117	6	29	-13
7	118	5	28	-13
7	119	4	28	-13
7	120	3	28	-13
7	121	2	28	-13
7	122	1	29	-12
7	123	1	30	-11
7	124	0	30	-11
7	125	-1	31	-10
7	126	-1	32	-9
7	127	-2	33	-9
8	1	6	14	-14
8	2	7	14	-13
8	3	8	15	-13
8	4	9	15	-12
8	5	10	16	-11
8	6	11	16	-11
8	7	12	17	-10
8	8	13	17	-11
8	9	14	17	-11
8	10	15	18	-12
8	11	15	18	-13
8	12	16	19	-13
8	13	17	19	-14
8	14	18	20	-14
8	15	19	21	-15
8	16	21	21	-15
8	17	22	22	-16
8	18	23	23	-16
8	19	25	24	-17
8	20	25	24	-18
8	21	25	23	-20
8	22	26	23	-21
8	23	26	23	-23
8	24	26	23	-24
8	25	26	23	-25
8	26	26	20	-26
8	27	26	18	-26
8	28	26	15	-26
8	29	26	13	-26
8	30	25	10	-26
8	31	25	8	-27
8	32	25	6	-23
8	33	24	5	-20
8	34	24	3	-16
8	35	24	2	-13
8	36	23	1	-10
8	37	23	-1	-6
8	38	23	2	-3
8	39	23	5	0
8	40	23	9	3
8	41	23	12	7
8	42	23	15	10
8	43	23	18	13
8	44	23	21	12
8	45	23	23	11
8	46	23	26	9
8	47	23	29	8
8	48	23	31	7
8	49	24	34	6
8	50	23	34	4
8	51	23	34	3
8	52	23	34	1
8	53	23	34	-1
8	54	22	33	-2
8	55	22	33	-4
8	56	21	32	-4
8	57	20	31	-4
8	58	19	30	-4
8	59	18	29	-4
8	60	17	28	-4
8	61	16	27	-4
8	62	15	27	-3
8	63	14	28	-3
8	64	13	28	-2
8	65	13	28	-1
8	66	12	28	-1
8	67	11	28	0
8	68	11	29	1
8	69	10	29	1
8	70	10	29	2
8	71	10	30	2
8	72	10	30	3
8	73	10	31	4
8	74	9	30	2
8	75	9	30	1
8	76	9	30	-1
8	77	9	30	-2
8	78	9	30	-3
8	79	9	30	-5
8	80	10	30	-6
8	81	10	30	-8
8	82	11	30	-9
8	83	12	30	-10
8	84	13	31	-12
8	85	14	31	-13
8	86	15	28	-13
8	87	16	26	-13
8	88	17	24	-13
8	89	18	21	-13
8	90	19	19	-13
8	91	20	17	-13
8	92	20	17	-12
8	93	20	16	-11
8	94	20	16	-10
8	95	21	16	-10
8	96	21	16	-9
8	97	21	15	-8
8	98	21	17	-7
8	99	20	18	-6
8	100	20	19	-5
8	101	20	20	-4
8	102	19	21	-3
8	103	19	22	-2
8	104	18	24	-3
8	105	17	25	-4
8	106	16	26	-5
8	107	16	27	-6
8	108	15	29	-7
8	109	14	30	-8
8	110	13	30	-9
8	111	12	29	-10
8	112	12	29	-11
8	113	11	29	-12
8	114	10	28	-13
8	115	10	28	-14
8	116	8	28	-14
8	117	7	28	-14
8	118	6	28	-14
8	119	5	28	-14
8	120	4	28	-14
8	121	3	28	-14
8	122	2	29	-13
8	123	2	29	-12
8	124	1	30	-12
8	125	1	31	-11
8	126	0	31	-10
8	127	0	32	-10
9	1	6	18	-14
9	2	7	18	-14
9	3	8	19	-14
9	4	9	19	-13
9	5	10	20	-13
9	6	11	20	-13
9	7	12	21	-12
9	8	13	21	-13
9	9	14	21	-14
9	10	15	22	-16
9	11	16	22	-17
9	12	17	22	-18
9	13	18	23	-19
9	14	19	23	-19
9	15	20	24	-20
9	16	21	24	-21
9	17	22	24	-21
9	18	23	25	-22
9	19	24	25	-23
9	20	24	25	-24
9	21	24	24	-25
9	22	24	24	-26
9	23	25	23	-27
9	24	25	22	-29
9	25	25	22	-30
9	26	25	20	-30
9	27	25	17	-29
9	28	25	15	-29
9	29	24	12	-29
9	30	24	10	-28
9	31	24	8	-28
9	32	24	6	-25
9	33	23	5	-21
9	34	23	4	-18
9	35	22	3	-14
9	36	22	2	-10
9	37	22	0	-7
9	38	22	4	-4
9	39	22	7	-1
9	40	22	10	2
9	41	22	13	5
9	42	22	16	7
9	43	22	20	10
9	44	22	22	9
9	45	22	25	8
9	46	23	27	6
9	47	23	30	5
9	48	23	33	4
9	49	23	35	3
9	50	23	35	1
9	51	23	35	-1
9	52	23	35	-3
9	53	23	35	-4
9	54	23	35	-6
9	55	23	34	-8
9	56	22	33	-8
9	57	21	32	-8
9	58	20	31	-8
9	59	19	29	-8
9	60	18	28	-8
9	61	17	27	-7
9	62	16	27	-7
9	63	15	27	-6
9	64	14	27	-5
9	65	13	27	-4
9	66	12	27	-3
9	67	11	27	-2
9	68	11	28	-1
9	69	11	28	0
9	70	10	29	2
9	71	10	30	3
9	72	10	30	4
9	73	10	31	5
9	74	10	31	3
9	75	10	31	2
9	76	10	31	0
9	77	10	31	-1
9	78	10	32	-3
9	79	10	32	-5
9	80	11	32	-7
9	81	11	32	-8
9	82	12	31	-10
9	83	13	31	-12
9	84	14	31	-14
9	85	15	31	-16
9	86	15	29	-16
9	87	16	27	-16
9	88	17	26	-16
9	89	18	24	-16
9	90	18	22	-16
9	91	19	20	-16
9	92	20	19	-16
9	93	20	19	-15
9	94	20	18	-15
9	95	20	18	-14
9	96	21	17	-14
9	97	21	16	-13
9	98	21	17	-12
9	99	20	18	-11
9	100	20	19	-10
9	101	20	20	-9
9	102	19	21	-8
9	103	19	21	-8
9	104	18	23	-8
9	105	17	24	-9
9	106	17	25	-9
9	107	16	26	-10
9	108	15	27	-10
9	109	14	28	-11
9	110	14	28	-11
9	111	13	28	-12
9	112	13	28	-13
9	113	12	28	-14
9	114	11	28	-14
9	115	11	28	-15
9	116	10	28	-15
9	117	9	28	-15
9	118	8	28	-15
9	119	6	28	-15
9	120	5	28	-15
9	121	4	28	-15
9	122	4	28	-14
9	123	3	29	-13
9	124	3	30	-13
9	125	2	30	-12
9	126	2	31	-12
9	127	1	31	-11
10	1	6	22	-15
10	2	7	22	-15
10	3	8	23	-15
10	4	9	23	-15
10	5	10	24	-15
10	6	11	24	-15
10	7	12	25	-14
10	8	13	25	-16
10	9	14	25	-18
10	10	15	26	-19
10	11	16	26	-21
10	12	17	26	-22
10	13	18	26	-24
10	14	19	26	-25
10	15	20	26	-25
10	16	21	26	-26
10	17	21	27	-27
10	18	22	27	-28
10	19	23	27	-29
10	20	23	26	-30
10	21	23	25	-30
10	22	23	24	-31
10	23	23	23	-32
10	24	24	22	-33
10	25	24	21	-34
10	26	24	19	-33
10	27	23	17	-33
10	28	23	14	-32
10	29	23	12	-31
10	30	23	10	-30
10	31	23	8	-30
10	32	23	7	-26
10	33	22	5	-22
10	34	22	4	-19
10	35	21	3	-15
10	36	21	2	-11
10	37	20	1	-8
10	38	20	5	-5
10	39	20	8	-3
10	40	21	11	0
10	41	21	15	3
10	42	21	18	5
10	43	21	21	8
10	44	21	24	6
10	45	22	26	5
10	46	22	29	4
10	47	22	31	2
10	48	22	34	1
10	49	23	37	-1
10	50	23	36	-2
10	51	23	36	-4
10	52	23	36	-6
10	53	24	36	-8
10	54	24	36	-10
10	55	24	36	-11
10	56	23	34	-11
10	57	22	32	-11
10	58	21	31	-11
10	59	20	29	-11
10	60	19	28	-11
10	61	18	26	-11
10	62	17	26	-10
10	63	16	26	-9
10	64	15	26	-7
10	65	14	26	-6
10	66	13	27	-5
10	67	12	27	-4
10	68	11	27	-2
10	69	11	28	0
10	70	11	29	1
10	71	10	29	3
10	72	10	30	4
10	73	10	31	6
10	74	10	31	4
10	75	10	32	3
10	76	10	32	1
10	77	10	33	-1
10	78	10	33	-3
10	79	11	34	-4
10	80	11	33	-7
10	81	12	33	-9
10	82	13	33	-12
10	83	14	32	-14
10	84	15	32	-17
10	85	15	32	-19
10	86	16	30	-19
10	87	16	29	-19
10	88	17	27	-20
10	89	18	26	-20
10	90	18	24	-20
10	91	19	23	-20
10	92	19	22	-20
10	93	19	21	-19
10	94	20	20	-19
10	95	20	19	-19
10	96	20	18	-19
10	97	21	17	-18
10	98	20	18	-17
10	99	20	18	-17
10	100	20	19	-16
10	101	19	19	-15
10	102	19	20	-14
10	103	19	20	-13
10	104	18	21	-13
10	105	18	22	-13
10	106	17	23	-13
10	107	16	24	-13
10	108	16	25	-13
10	109	15	26	-13
10	110	15	26	-14
10	111	14	26	-14
10	112	13	27	-15
10	113	13	27	-15
10	114	12	27	-16
10	115	12	27	-16
10	116	11	27	-16
10	117	10	27	-16
10	118	9	27	-16
10	119	8	27	-16
10	120	7	27	-16
10	121	6	28	-16
10	122	5	28	-15
10	123	5	29	-14
10	124	4	29	-14
10	125	4	30	-13
10	126	3	30	-13
10	127	3	31	-12
11	1	6	25	-16
11	2	7	26	-16
11	3	8	27	-16
11	4	9	27	-16
11	5	10	28	-16
11	6	10	29	-16
11	7	11	29	-17
11	8	13	29	-19
11	9	14	29	-21
11	10	15	30	-23
11	11	17	30	-25
11	12	18	30	-27
11	13	19	30	-29
11	14	20	30	-30
11	15	20	29	-31
11	16	21	29	-32
11	17	21	29	-33
11	18	22	28	-33
11	19	22	28	-34
11	20	22	27	-35
11	21	22	25	-36
11	22	22	24	-37
11	23	22	23	-37
11	24	22	22	-38
11	25	22	20	-39
11	26	22	18	-37
11	27	22	16	-36
11	28	22	14	-35
11	29	22	12	-34
11	30	22	10	-32
11	31	22	7	-31
11	32	21	7	-27
11	33	21	6	-24
11	34	20	5	-20
11	35	20	4	-16
11	36	19	3	-12
11	37	19	3	-8
11	38	19	6	-6
11	39	19	9	-4
11	40	19	13	-2
11	41	20	16	1
11	42	20	19	3
11	43	20	23	5
11	44	20	25	4
11	45	21	28	2
11	46	21	30	1
11	47	21	33	-1
11	48	22	35	-2
11	49	22	38	-4
11	50	23	38	-6
11	51	23	37	-8
11	52	24	37	-9
11	53	24	37	-11
11	54	25	37	-13
11	55	25	37	-15
11	56	24	35	-15
11	57	23	33	-15
11	58	22	31	-15
11	59	21	29	-15
11	60	19	27	-15
11	61	18	25	-15
11	62	17	26	-13
11	63	16	26	-12
11	64	15	26	-10
11	65	14	26	-9
11	66	13	26	-7
11	67	12	26	-6
11	68	12	27	-3
11	69	11	27	-1
11	70	11	28	1
11	71	11	29	3
11	72	10	30	5
11	73	10	30	7
11	74	10	31	5
11	75	10	32	4
11	76	11	33	2
11	77	11	34	0
11	78	11	35	-2
11	79	11	36	-4
11	80	12	35	-7
11	81	13	34	-10
11	82	14	34	-13
11	83	15	33	-16
11	84	15	33	-19
11	85	16	32	-22
11	86	17	31	-22
11	87	17	30	-23
11	88	17	29	-23
11	89	18	28	-23
11	90	18	27	-23
11	91	18	26	-24
11	92	19	24	-24
11	93	19	23	-24
11	94	19	22	-24
11	95	20	21	-24
11	96	20	19	-24
11	97	20	18	-24
11	98	20	18	-23
11	99	20	18	-22
11	100	20	19	-21
11	101	19	19	-20
11	102	19	19	-19
11	103	19	19	-18
11	104	18	20	-18
11	105	18	21	-18
11	106	17	22	-17
11	107	17	22	-17
11	108	16	23	-17
11	109	16	24	-16
11	110	15	24	-16
11	111	15	25	-17
11	112	14	25	-17
11	113	14	26	-17
11	114	14	26	-17
11	115	13	26	-17
11	116	12	27	-17
11	117	11	27	-17
11	118	10	27	-17
11	119	9	27	-17
11	120	8	27	-17
11	121	7	27	-17
11	122	7	28	-16
11	123	6	28	-15
11	124	6	29	-15
11	125	5	29	-14
11	126	5	30	-14
11	127	4	30	-13
12	1	6	29	-16
12	2	7	30	-17
12	3	7	31	-17
12	4	8	31	-17
12	5	9	32	-18
12	6	10	33	-18
12	7	11	33	-19
12	8	13	33	-21
12	9	14	33	-24
12	10	16	34	-26
12	11	17	34	-29
12	12	19	34	-31
12	13	20	34	-34
12	14	20	33	-35
12	15	21	32	-36
12	16	21	32	-37
12	17	21	31	-38
12	18	21	30	-39
12	19	21	29	-40
12	20	21	28	-41
12	21	21	26	-41
12	22	21	25	-42
12	23	21	23	-42
12	24	21	21	-43
12	25	21	20	-43
12	26	21	18	-41
12	27	21	16	-40
12	28	21	13	-38
12	29	21	11	-36
12	30	21	9	-35
12	31	21	7	-33
12	32	20	7	-29
12	33	20	6	-25
12	34	19	5	-21
12	35	18	5	-17
12	36	18	4	-13
12	37	17	4	-9
12	38	18	7	-7
12	39	18	11	-5
12	40	18	14	-3
12	41	19	18	-2
12	42	19	21	0
12	43	19	24	2
12	44	20	27	1
12	45	20	29	-1
12	46	20	32	-2
12	47	21	34	-4
12	48	21	37	-6
12	49	22	39	-7
12	50	22	39	-9
12	51	23	39	-11
12	52	24	39	-13
12	53	25	38	-15
12	54	25	38	-17
12	55	26	38	-18
12	56	25	36	-18
12	57	24	34	-18
12	58	23	31	-18
12	59	21	29	-18
12	60	20	27	-18
12	61	19	25	-18
12	62	18	25	-16
12	63	17	25	-15
12	64	16	25	-13
12	65	15	25	-11
12	66	14	25	-9
12	67	13	25	-7
12	68	12	26	-5
12	69	12	27	-2
12	70	11	28	1
12	71	11	29	3
12	72	10	29	6
12	73	10	30	9
12	74	10	32	7
12	75	11	33	4
12	76	11	34	2
12	77	11	35	0
12	78	12	36	-2
12	79	12	37	-4
12	80	13	37	-7
12	81	14	36	-11
12	82	15	35	-15
12	83	15	34	-18
12	84	16	34	-22
12	85	17	33	-25
12	86	17	32	-26
12	87	17	31	-26
12	88	18	31	-26
12	89	18	30	-27
12	90	18	29	-27
12	91	18	29	-27
12	92	18	27	-28
12	93	19	25	-28
12	94	19	24	-28
12	95	19	22	-28
12	96	20	21	-28
12	97	20	19	-29
12	98	20	19	-28
12	99	20	19	-27
12	100	19	19	-26
12	101	19	18	-25
12	102	19	18	-25
12	103	19	18	-24
12	104	18	19	-23
12	105	18	20	-22
12	106	18	20	-21
12	107	17	21	-21
12	108	17	21	-20
12	109	16	22	-19
12	110	16	23	-19
12	111	16	23	-19
12	112	15	24	-19
12	113	15	25	-19
12	114	15	25	-18
12	115	14	26	-18
12	116	13	26	-18
12	117	12	26	-18
12	118	11	27	-18
12	119	10	27	-18
12	120	9	27	-18
12	121	9	27	-17
12	122	8	27	-17
12	123	8	28	-16
12	124	7	28	-16
12	125	7	29	-15
12	126	6	29	-15
12	127	6	29	-14
13	1	6	33	-17
13	2	7	34	-17
13	3	7	35	-18
13	4	8	35	-19
13	5	9	36	-20
13	6	10	37	-20
13	7	11	38	-21
13	8	12	37	-24
13	9	14	37	-27
13	10	16	37	-30
13	11	18	37	-33
13	12	19	37	-36
13	13	21	37	-39
13	14	21	36	-40
13	15	21	35	-41
13	16	21	34	-42
13	17	21	33	-44
13	18	21	32	-45
13	19	21	31	-46
13	20	21	29	-46
13	21	20	27	-47
13	22	20	25	-47
13	23	20	23	-47
13	24	20	21	-47
13	25	20	19	-47
13	26	20	17	-45
13	27	20	15	-43
13	28	20	13	-41
13	29	20	11	-39
13	30	20	9	-37
13	31	20	7	-34
13	32	19	7	-30
13	33	18	6	-26
13	34	18	6	-22
13	35	17	6	-18
13	36	17	5	-14
13	37	16	5	-10
13	38	16	8	-8
13	39	17	12	-7
13	40	17	15	-5
13	41	17	19	-4
13	42	18	23	-2
13	43	18	26	0
13	44	19	28	-2
13	45	19	31	-4
13	46	20	33	-5
13	47	20	36	-7
13	48	21	38	-9
13	49	21	41	-11
13	50	22	40	-12
13	51	23	40	-14
13	52	24	40	-16
13	53	25	39	-18
13	54	26	39	-20
13	55	27	39	-22
13	56	26	36	-22
13	57	25	34	-22
13	58	23	32	-22
13	59	22	29	-22
13	60	21	27	-22
13	61	20	24	-22
13	62	19	24	-20
13	63	18	24	-18
13	64	17	24	-16
13	65	16	24	-13
13	66	14	24	-11
13	67	13	24	-9
13	68	13	25	-6
13	69	12	26	-3
13	70	12	27	0
13	71	11	28	4
13	72	10	29	7
13	73	10	30	10
13	74	10	32	8
13	75	11	33	5
13	76	11	35	3
13	77	12	36	1
13	78	13	38	-1
13	79	13	39	-4
13	80	14	38	-8
13	81	15	37	-12
13	82	15	36	-16
13	83	16	35	-20
13	84	17	34	-24
13	85	18	33	-28
13	86	18	33	-29
13	87	18	33	-29
13	88	18	32	-30
13	89	18	32	-30
13	90	18	32	-31
13	91	18	32	-31
13	92	18	30	-31
13	93	18	28	-32
13	94	19	26	-32
13	95	19	24	-33
13	96	19	22	-33
13	97	19	20	-34
13	98	19	19	-33
13	99	19	19	-32
13	100	19	19	-31
13	101	19	18	-31
13	102	19	18	-30
13	103	19	17	-29
13	104	18	18	-28
13	105	18	18	-27
13	106	18	19	-26
13	107	17	19	-24
13	108	17	20	-23
13	109	17	20	-22
13	110	17	21	-22
13	111	16	22	-21
13	112	16	23	-21
13	113	16	24	-20
13	114	16	24	-20
13	115	15	25	-19
13	116	15	26	-19
13	117	14	26	-19
13	118	13	26	-19
13	119	12	26	-19
13	120	11	27	-19
13	121	10	27	-18
13	122	9	27	-18
13	123	9	27	-17
13	124	9	28	-17
13	125	8	28	-16
13	126	8	28	-16
13	127	7	29	-16
14	1	5	32	-15
14	2	6	33	-16
14	3	6	34	-17
14	4	7	35	-18
14	5	8	36	-18
14	6	9	36	-19
14	7	9	37	-20
14	8	11	37	-23
14	9	12	37	-26
14	10	14	38	-29
14	11	15	38	-32
14	12	17	38	-34
14	13	18	38	-37
14	14	18	37	-39
14	15	18	36	-40
14	16	18	35	-41
14	17	18	34	-42
14	18	18	33	-43
14	19	18	32	-45
14	20	18	30	-45
14	21	18	29	-46
14	22	18	27	-46
14	23	18	25	-46
14	24	17	23	-47
14	25	17	21	-47
14	26	18	19	-46
14	27	18	17	-44
14	28	18	14	-42
14	29	18	12	-41
14	30	18	10	-39
14	31	19	8	-37
14	32	18	7	-33
14	33	17	6	-29
14	34	17	5	-24
14	35	16	4	-20
14	36	16	3	-16
14	37	15	2	-12
14	38	15	5	-10
14	39	16	9	-8
14	40	16	13	-5
14	41	16	17	-3
14	42	16	20	-1
14	43	17	24	1
14	44	17	27	-1
14	45	17	29	-3
14	46	18	32	-5
14	47	18	35	-6
14	48	19	38	-8
14	49	19	40	-10
14	50	20	40	-13
14	51	20	39	-15
14	52	21	39	-17
14	53	22	39	-19
14	54	23	38	-22
14	55	23	38	-24
14	56	22	35	-24
14	57	21	33	-24
14	58	20	30	-24
14	59	19	28	-24
14	60	18	25	-23
14	61	17	23	-23
14	62	16	23	-21
14	63	15	23	-19
14	64	14	23	-16
14	65	13	23	-14
14	66	12	23	-12
14	67	11	23	-9
14	68	11	24	-7
14	69	10	25	-4
14	70	10	26	-1
14	71	10	28	2
14	72	9	29	5
14	73	9	30	8
14	74	9	31	6
14	75	10	33	4
14	76	10	34	2
14	77	11	36	0
14	78	11	38	-2
14	79	12	39	-4
14	80	13	38	-8
14	81	13	37	-12
14	82	14	36	-16
14	83	14	35	-20
14	84	15	34	-24
14	85	16	33	-29
14	86	16	33	-29
14	87	15	32	-30
14	88	15	31	-31
14	89	15	31	-31
14	90	15	30	-32
14	91	15	29	-33
14	92	15	28	-33
14	93	15	26	-33
14	94	16	24	-33
14	95	16	22	-33
14	96	16	20	-34
14	97	16	19	-34
14	98	16	18	-33
14	99	16	18	-32
14	100	16	18	-31
14	101	16	18	-31
14	102	16	17	-30
14	103	16	17	-29
14	104	16	17	-28
14	105	16	18	-27
14	106	15	18	-26
14	107	15	19	-25
14	108	15	19	-24
14	109	14	20	-23
14	110	14	20	-23
14	111	14	21	-22
14	112	14	22	-22
14	113	14	23	-21
14	114	14	23	-21
14	115	13	24	-20
14	116	13	24	-20
14	117	12	25	-20
14	118	11	25	-20
14	119	10	25	-20
14	120	9	25	-19
14	121	9	26	-19
14	122	8	26	-19
14	123	8	26	-18
14	124	7	26	-18
14	125	7	27	-17
14	126	7	27	-17
14	127	6	27	-16
15	1	4	32	-14
15	2	5	32	-15
15	3	6	33	-16
15	4	6	34	-17
15	5	7	35	-17
15	6	7	36	-18
15	7	8	37	-19
15	8	9	37	-22
15	9	10	37	-24
15	10	12	38	-27
15	11	13	38	-30
15	12	14	38	-33
15	13	15	39	-36
15	14	15	38	-37
15	15	15	37	-38
15	16	15	36	-40
15	17	15	36	-41
15	18	15	35	-42
15	19	15	34	-43
15	20	15	32	-44
15	21	15	30	-44
15	22	15	28	-45
15	23	15	27	-46
15	24	15	25	-47
15	25	15	23	-47
15	26	15	21	-46
15	27	16	18	-45
15	28	16	16	-44
15	29	17	13	-42
15	30	17	11	-41
15	31	17	9	-40
15	32	17	7	-36
15	33	16	5	-31
15	34	16	4	-27
15	35	15	2	-22
15	36	15	0	-18
15	37	14	-2	-14
15	38	14	2	-11
15	39	15	6	-8
15	40	15	10	-6
15	41	15	14	-3
15	42	15	18	0
15	43	15	22	2
15	44	15	25	0
15	45	16	28	-2
15	46	16	31	-4
15	47	16	34	-6
15	48	17	37	-8
15	49	17	40	-10
15	50	17	39	-13
15	51	18	39	-15
15	52	18	38	-18
15	53	19	38	-21
15	54	19	37	-23
15	55	20	37	-26
15	56	19	34	-26
15	57	18	32	-26
15	58	17	29	-25
15	59	16	26	-25
15	60	15	23	-25
15	61	14	21	-25
15	62	13	21	-22
15	63	12	21	-20
15	64	12	21	-17
15	65	11	21	-15
15	66	10	21	-12
15	67	9	22	-10
15	68	9	23	-7
15	69	9	24	-5
15	70	8	26	-2
15	71	8	27	0
15	72	8	28	3
15	73	8	30	5
15	74	8	31	4
15	75	9	33	2
15	76	9	34	1
15	77	10	36	-1
15	78	10	37	-3
15	79	11	39	-4
15	80	11	38	-8
15	81	12	37	-12
15	82	12	36	-17
15	83	13	35	-21
15	84	13	35	-25
15	85	14	34	-29
15	86	13	33	-30
15	87	13	32	-31
15	88	13	30	-31
15	89	13	29	-32
15	90	13	28	-33
15	91	13	27	-34
15	92	13	26	-34
15	93	13	24	-34
15	94	13	22	-34
15	95	13	21	-34
15	96	13	19	-34
15	97	13	17	-34
15	98	13	17	-33
15	99	13	17	-32
15	100	13	17	-31
15	101	13	17	-31
15	102	13	17	-30
15	103	14	17	-29
15	104	13	17	-28
15	105	13	18	-27
15	106	13	18	-26
15	107	12	18	-26
15	108	12	19	-25
15	109	12	19	-24
15	110	12	20	-24
15	111	12	21	-23
15	112	12	21	-23
15	113	12	22	-22
15	114	11	22	-22
15	115	11	23	-21
15	116	11	23	-21
15	117	10	23	-21
15	118	9	24	-21
15	119	9	24	-21
15	120	8	24	-20
15	121	7	24	-20
15	122	7	24	-20
15	123	7	25	-19
15	124	6	25	-19
15	125	6	25	-18
15	126	6	26	-18
15	127	5	26	-17
16	1	4	31	-13
16	2	4	32	-14
16	3	5	33	-15
16	4	5	34	-15
16	5	6	34	-16
16	6	6	35	-17
16	7	7	36	-18
16	8	8	37	-20
16	9	9	37	-23
16	10	10	38	-26
16	11	10	38	-29
16	12	11	39	-32
16	13	12	39	-35
16	14	12	39	-36
16	15	12	38	-37
16	16	13	37	-38
16	17	13	37	-39
16	18	13	36	-40
16	19	13	36	-42
16	20	13	34	-43
16	21	13	32	-43
16	22	13	30	-44
16	23	13	28	-45
16	24	13	27	-46
16	25	13	25	-47
16	26	13	22	-46
16	27	14	20	-46
16	28	14	17	-45
16	29	15	15	-44
16	30	16	12	-43
16	31	16	9	-43
16	32	16	7	-38
16	33	15	5	-34
16	34	15	2	-29
16	35	14	0	-25
16	36	14	-2	-20
16	37	14	-5	-16
16	38	14	-1	-12
16	39	14	4	-9
16	40	14	8	-6
16	41	14	12	-3
16	42	14	16	0
16	43	14	20	3
16	44	14	23	1
16	45	14	27	-1
16	46	14	30	-3
16	47	14	33	-5
16	48	14	36	-7
16	49	15	39	-10
16	50	15	39	-13
16	51	15	38	-16
16	52	15	38	-19
16	53	16	37	-22
16	54	16	37	-25
16	55	16	36	-28
16	56	15	33	-28
16	57	14	30	-27
16	58	14	27	-27
16	59	13	25	-27
16	60	12	22	-26
16	61	11	19	-26
16	62	11	19	-23
16	63	10	19	-21
16	64	9	20	-18
16	65	8	20	-15
16	66	7	20	-13
16	67	7	20	-10
16	68	7	22	-8
16	69	7	23	-6
16	70	7	25	-4
16	71	7	26	-1
16	72	7	28	1
16	73	7	29	3
16	74	7	31	2
16	75	8	32	0
16	76	8	34	-1
16	77	9	35	-2
16	78	9	37	-3
16	79	10	39	-4
16	80	10	38	-8
16	81	10	37	-13
16	82	11	36	-17
16	83	11	35	-21
16	84	11	35	-25
16	85	11	34	-29
16	86	11	32	-30
16	87	11	31	-31
16	88	11	29	-32
16	89	11	28	-33
16	90	10	26	-34
16	91	10	25	-35
16	92	10	23	-35
16	93	10	22	-35
16	94	10	21	-35
16	95	10	19	-35
16	96	10	18	-35
16	97	9	16	-34
16	98	10	16	-33
16	99	10	16	-32
16	100	10	16	-32
16	101	10	16	-31
16	102	11	17	-30
16	103	11	17	-29
16	104	11	17	-28
16	105	10	17	-27
16	106	10	18	-27
16	107	10	18	-26
16	108	9	18	-26
16	109	9	19	-25
16	110	9	19	-25
16	111	9	20	-24
16	112	9	20	-24
16	113	9	21	-23
16	114	9	21	-23
16	115	9	22	-22
16	116	9	22	-22
16	117	8	22	-22
16	118	8	22	-22
16	119	7	23	-22
16	120	7	23	-21
16	121	6	23	-21
16	122	6	23	-21
16	123	5	23	-20
16	124	5	24	-20
16	125	5	24	-19
16	126	5	24	-19
16	127	4	25	-18
17	1	3	30	-12
17	2	3	31	-13
17	3	4	32	-13
17	4	4	33	-14
17	5	5	34	-15
17	6	5	35	-16
17	7	5	36	-16
17	8	6	36	-19
17	9	7	37	-22
17	10	7	38	-25
17	11	8	38	-28
17	12	9	39	-31
17	13	9	40	-33
17	14	9	39	-34
17	15	10	39	-36
17	16	10	38	-37
17	17	10	38	-38
17	18	10	38	-39
17	19	10	37	-40
17	20	10	35	-41
17	21	10	34	-42
17	22	10	32	-44
17	23	10	30	-45
17	24	10	29	-46
17	25	11	27	-47
17	26	11	24	-47
17	27	12	21	-46
17	28	13	19	-46
17	29	14	16	-46
17	30	14	13	-46
17	31	15	10	-46
17	32	15	7	-41
17	33	14	4	-36
17	34	14	1	-31
17	35	13	-2	-27
17	36	13	-5	-22
17	37	13	-8	-17
17	38	13	-4	-14
17	39	13	1	-10
17	40	12	5	-6
17	41	12	10	-3
17	42	12	14	1
17	43	12	18	5
17	44	12	22	2
17	45	12	25	0
17	46	12	29	-2
17	47	12	32	-5
17	48	12	36	-7
17	49	12	39	-9
17	50	12	38	-13
17	51	12	38	-16
17	52	12	37	-20
17	53	12	36	-23
17	54	12	36	-27
17	55	12	35	-30
17	56	12	32	-30
17	57	11	29	-29
17	58	10	26	-29
17	59	10	23	-28
17	60	9	20	-28
17	61	8	17	-28
17	62	8	17	-25
17	63	7	18	-22
17	64	6	18	-19
17	65	6	18	-16
17	66	5	19	-13
17	67	4	19	-10
17	68	5	21	-9
17	69	5	22	-7
17	70	5	24	-5
17	71	5	25	-3
17	72	5	27	-1
17	73	6	29	0
17	74	6	30	0
17	75	7	32	-1
17	76	7	34	-2
17	77	8	35	-3
17	78	8	37	-4
17	79	9	38	-4
17	80	9	38	-9
17	81	9	37	-13
17	82	9	36	-17
17	83	9	36	-21
17	84	9	35	-25
17	85	9	34	-30
17	86	9	32	-31
17	87	9	30	-32
17	88	8	28	-33
17	89	8	26	-35
17	90	8	25	-36
17	91	8	23	-37
17	92	7	21	-37
17	93	7	20	-36
17	94	7	19	-36
17	95	7	17	-35
17	96	6	16	-35
17	97	6	15	-35
17	98	6	15	-34
17	99	7	15	-33
17	100	7	16	-32
17	101	7	16	-31
17	102	8	16	-30
17	103	8	17	-29
17	104	8	17	-28
17	105	8	17	-28
17	106	7	17	-27
17	107	7	18	-27
17	108	7	18	-26
17	109	7	18	-26
17	110	7	19	-26
17	111	7	19	-25
17	112	7	20	-25
17	113	7	20	-24
17	114	7	20	-24
17	115	7	21	-24
17	116	7	21	-23
17	117	7	21	-23
17	118	6	21	-23
17	119	6	21	-23
17	120	5	21	-22
17	121	5	21	-22
17	122	5	22	-22
17	123	4	22	-21
17	124	4	22	-21
17	125	4	23	-20
17	126	3	23	-19
17	127	3	23	-19
18	1	2	29	-11
18	2	3	30	-11
18	3	3	31	-12
18	4	3	32	-13
18	5	4	33	-14
18	6	4	34	-15
18	7	4	35	-15
18	8	5	36	-18
18	9	5	37	-21
18	10	5	38	-24
18	11	6	39	-26
18	12	6	39	-29
18	13	6	40	-32
18	14	7	40	-33
18	15	7	40	-34
18	16	7	40	-35
18	17	7	39	-36
18	18	7	39	-37
18	19	8	39	-39
18	20	8	37	-40
18	21	8	35	-41
18	22	8	34	-43
18	23	8	32	-44
18	24	8	31	-45
18	25	8	29	-47
18	26	9	26	-47
18	27	10	23	-47
18	28	11	20	-48
18	29	12	17	-48
18	30	13	14	-48
18	31	14	11	-48
18	32	14	7	-43
18	33	13	4	-39
18	34	13	0	-34
18	35	13	-4	-29
18	36	12	-7	-24
18	37	12	-11	-19
18	38	12	-7	-15
18	39	12	-2	-11
18	40	11	3	-7
18	41	11	7	-3
18	42	11	12	2
18	43	11	16	6
18	44	11	20	3
18	45	11	24	1
18	46	10	28	-2
18	47	10	31	-4
18	48	10	35	-6
18	49	10	39	-9
18	50	10	38	-13
18	51	10	37	-17
18	52	9	36	-20
18	53	9	36	-24
18	54	9	35	-28
18	55	9	34	-32
18	56	8	31	-31
18	57	8	28	-31
18	58	7	25	-31
18	59	7	22	-30
18	60	6	18	-30
18	61	6	15	-29
18	62	5	16	-26
18	63	5	16	-23
18	64	4	17	-20
18	65	3	17	-17
18	66	3	17	-14
18	67	2	18	-11
18	68	3	20	-9
18	69	3	21	-8
18	70	3	23	-6
18	71	4	25	-5
18	72	4	27	-3
18	73	5	28	-2
18	74	5	30	-2
18	75	6	32	-3
18	76	6	33	-3
18	77	7	35	-4
18	78	7	37	-4
18	79	8	38	-5
18	80	8	38	-9
18	81	8	37	-13
18	82	8	36	-17
18	83	7	36	-22
18	84	7	35	-26
18	85	7	34	-30
18	86	7	32	-31
18	87	6	30	-33
18	88	6	27	-34
18	89	6	25	-36
18	90	5	23	-37
18	91	5	20	-38
18	92	5	19	-38
18	93	4	18	-37
18	94	4	17	-37
18	95	3	16	-36
18	96	3	15	-35
18	97	3	14	-35
18	98	3	14	-34
18	99	4	15	-33
18	100	4	15	-32
18	101	5	15	-31
18	102	5	16	-30
18	103	6	16	-29
18	104	5	17	-28
18	105	5	17	-28
18	106	5	17	-28
18	107	5	17	-27
18	108	4	18	-27
18	109	4	18	-27
18	110	4	18	-26
18	111	5	19	-26
18	112	5	19	-26
18	113	5	19	-25
18	114	5	19	-25
18	115	5	20	-25
18	116	5	20	-24
18	117	5	20	-24
18	118	4	20	-24
18	119	4	20	-24
18	120	4	20	-23
18	121	3	20	-23
18	122	3	20	-23
18	123	3	21	-22
18	124	3	21	-21
18	125	3	21	-21
18	126	2	22	-20
18	127	2	22	-20
19	1	2	29	-9
19	2	2	30	-10
19	3	2	31	-11
19	4	2	32	-12
19	5	2	33	-13
19	6	3	34	-13
19	7	3	35	-14
19	8	3	36	-17
19	9	3	37	-20
19	10	3	38	-22
19	11	3	39	-25
19	12	3	40	-28
19	13	3	41	-31
19	14	4	41	-32
19	15	4	41	-33
19	16	4	41	-34
19	17	4	41	-35
19	18	5	40	-36
19	19	5	40	-37
19	20	5	39	-39
19	21	5	37	-40
19	22	5	36	-42
19	23	6	34	-43
19	24	6	33	-45
19	25	6	31	-47
19	26	7	28	-47
19	27	8	25	-48
19	28	9	21	-49
19	29	10	18	-50
19	30	12	15	-50
19	31	13	12	-51
19	32	12	7	-46
19	33	12	3	-41
19	34	12	-1	-36
19	35	12	-6	-31
19	36	11	-10	-26
19	37	11	-14	-21
19	38	11	-9	-16
19	39	10	-5	-12
19	40	10	0	-7
19	41	10	5	-2
19	42	9	10	2
19	43	9	14	7
19	44	9	18	4
19	45	9	22	2
19	46	9	26	-1
19	47	8	30	-3
19	48	8	34	-6
19	49	8	38	-8
19	50	8	37	-13
19	51	7	37	-17
19	52	7	36	-21
19	53	6	35	-25
19	54	5	34	-30
19	55	5	33	-34
19	56	5	30	-33
19	57	4	27	-33
19	58	4	23	-32
19	59	3	20	-32
19	60	3	17	-31
19	61	3	13	-30
19	62	2	14	-27
19	63	2	14	-24
19	64	1	15	-21
19	65	1	16	-17
19	66	0	16	-14
19	67	0	17	-11
19	68	1	18	-10
19	69	1	20	-9
19	70	2	22	-8
19	71	2	24	-6
19	72	3	26	-5
19	73	4	28	-4
19	74	4	30	-4
19	75	5	31	-4
19	76	5	33	-5
19	77	6	35	-5
19	78	6	36	-5
19	79	7	38	-5
19	80	7	37	-9
19	81	6	37	-13
19	82	6	36	-18
19	83	6	36	-22
19	84	5	35	-26
19	85	5	35	-30
19	86	5	32	-32
19	87	4	29	-34
19	88	4	26	-35
19	89	3	24	-37
19	90	3	21	-38
19	91	2	18	-40
19	92	2	17	-39
19	93	1	16	-38
19	94	1	15	-37
19	95	0	14	-37
19	96	0	13	-36
19	97	-1	12	-35
19	98	0	13	-34
19	99	1	14	-33
19	100	1	14	-32
19	101	2	15	-31
19	102	2	16	-30
19	103	3	16	-28
19	104	3	16	-28
19	105	2	17	-28
19	106	2	17	-28
19	107	2	17	-28
19	108	2	17	-28
19	109	1	17	-28
19	110	2	18	-27
19	111	2	18	-27
19	112	2	18	-27
19	113	3	18	-26
19	114	3	18	-26
19	115	3	19	-26
19	116	3	19	-25
19	117	3	19	-25
19	118	3	19	-25
19	119	3	19	-25
19	120	2	19	-24
19	121	2	19	-24
19	122	2	19	-23
19	123	2	19	-23
19	124	2	20	-22
19	125	2	20	-22
19	126	1	20	-21
19	127	1	21	-21
