14	-17.087212093100757	-6.43156021989196	-48.80646514892578	225.0
34	-13.710740385271992	-5.787552795517336	-49.76089859008789	225.0
54	-14.249785915399428	-6.123734764624276	-49.21805953979492	225.0
73	-16.4554473105982	-7.903529682286991	-48.22136688232422	225.0
92	-16.738095325606203	-10.05660161939393	-47.5694580078125	225.0
116	-12.41433695070813	-10.978493267000177	-48.63621139526367	225.0
131	-10.467032440387127	-12.12217946072418	-48.73569107055664	225.0
152	-11.393415437615374	-11.660729709493449	-48.553863525390625	225.0
181	-11.597588266845909	-11.23502809506578	-48.67510986328125	225.0
190	-11.105744554184819	-10.624401587119777	-48.96542739868164	225.0
209	-11.533171256737514	-9.728720935774433	-49.25227737426758	225.0
229	-12.165729865072509	-9.487471693197069	-49.135887145996094	225.0
250	-13.23668822785623	-9.889006321530424	-48.91409683227539	225.0
269	-12.521858638079006	-9.681086475286008	-49.02672576904297	215.0
290	-12.317942096150187	-8.970598999899083	-49.43343734741211	215.0
307	-13.263413273810151	-10.108840154020065	-48.79638671875	215.0
327	-13.518135536896256	-11.234760783351868	-48.401023864746094	215.0
346	-12.6792278757017	-11.158711942004773	-48.57475662231445	215.0
364	-11.978456816447363	-10.52477804028566	-48.68571090698242	215.0
384	-10.558436230199002	-9.230630691221986	-49.1131591796875	215.0
407	-12.302104934536086	-6.864005978288696	-49.08617401123047	215.0
424	-18.568106848624655	-4.736016471140537	-47.40963363647461	215.0
444	-24.636254816375313	-2.770275434735254	-44.285911560058594	215.0
463	-25.381512090449267	-1.9475190562400801	-43.968116760253906	215.0
481	-22.835608051378614	-2.7539963491570165	-44.94080352783203	215.0
502	-21.929581644479274	-4.092629904590056	-45.261680603027344	153.0
524	-22.947129253966256	-3.5177801949983163	-44.85137939453125	153.0
542	-25.467041450248033	-1.3446143939155741	-43.76768493652344	153.0
561	-25.220554084962835	0.20699141385596764	-43.634361267089844	153.0
581	-25.220554084962835	0.20699141385596764	-43.634361267089844	153.0
600	-24.545735120624276	2.0517780152505027	-43.88409423828125	153.0
619	-24.433745651211005	3.085234384823962	-44.30463409423828	153.0
639	-26.38643821798348	2.39333793105879	-42.97855758666992	153.0
657	-22.050916233856643	5.118372069220732	-45.20477294921875	153.0
677	-21.326538043438067	4.626391375876425	-45.4933967590332	153.0
696	-19.787033490611023	2.7099536159771924	-46.3932991027832	153.0
716	-16.56354043020907	1.5696975611073067	-47.758296966552734	153.0
734	-16.051517416681612	0.08183858100791384	-48.113609313964844	108.0
756	-13.34030639875192	-1.4812274598398372	-48.884124755859375	108.0
774	-12.169833700985796	-2.641948561934749	-48.831565856933594	108.0
793	-13.494581226166565	-3.6777685568938336	-48.34328079223633	108.0
813	-15.14305746456869	-3.9995888445168806	-47.81915283203125	108.0
833	-16.734328821126454	-2.754892299597562	-47.30910110473633	108.0
855	-17.643480360765217	-2.8285716251382587	-46.60947799682617	108.0
872	-17.145167310395717	-3.4414427599995525	-46.325077056884766	108.0
889	-16.763769362545386	-4.431504309584708	-46.142574310302734	108.0
910	-16.0951560577797	-5.315221031800373	-46.1314697265625	108.0
930	-14.54834613711423	-5.393009405642954	-46.399253845214844	108.0
948	-11.76930989852023	-4.428775850855285	-47.38475036621094	108.0
969	-10.400238237555326	-0.9948933390948755	-47.54230880737305	108.0
987	-10.776114055643458	-2.100827867621016	-47.367835998535156	53.0
1007	-11.05721665177467	-4.648015067346435	-47.09934997558594	53.0
1027	-11.318736009703537	-5.8929963106014345	-47.00825881958008	53.0
1045	-11.454228624802882	-5.758933930315241	-46.87186813354492	53.0
1065	-11.650974764889662	-6.163677163311072	-46.931175231933594	53.0
1085	-11.672630521696588	-6.293243401865833	-47.04548263549805	53.0
1104	-11.392551236131942	-6.621995357650709	-46.89640426635742	53.0
1123	-11.633284100380243	-6.414875929660976	-46.93547058105469	53.0
1142	-10.92833057195127	-5.313777533712343	-47.202392578125	53.0
1163	-9.774916015069202	-4.6985054881039385	-47.54630661010742	53.0
1181	-8.205654508099151	-5.380399980256098	-47.811153411865234	53.0
1200	-7.220750831227207	-7.343374190298915	-47.703125	53.0
1220	-6.801505170275529	-7.617665409903928	-47.542213439941406	48.0
1240	-6.251524930027877	-7.8077258675224215	-47.364261627197266	48.0
1260	-5.176207987053892	-7.051371175081917	-47.48457717895508	48.0
1281	-4.0082905860130635	-6.533532813585044	-47.752864837646484	48.0
1298	-4.0082905860130635	-6.533532813585044	-47.752864837646484	48.0
1318	-2.9705230339557995	-6.57014716318295	-47.495582580566406	48.0
1336	-1.4518832121209422	-6.226052592350574	-47.69237518310547	48.0
1356	0.10267691439155352	-5.669290765241661	-47.7889404296875	48.0
1375	0.9070215036237854	-4.401201093521885	-47.887935638427734	48.0
1395	0.8192844391663658	-5.010682475083585	-47.80586242675781	48.0
1414	1.5586910475516529	-4.997637129743826	-47.975528717041016	48.0
1434	2.348077684549094	-4.257972216224329	-47.926185607910156	48.0
1453	2.2423463421514724	-3.595524282015562	-47.739158630371094	46.0
1473	2.0401535461237663	-5.053389925127403	-47.93173599243164	46.0
1492	0.8050488236353943	-5.695439224399616	-47.677947998046875	46.0
1512	-0.28845317485942745	-6.7066006185365445	-47.2669677734375	46.0
1532	-2.6444978410286475	-6.9375302913880565	-47.055782318115234	46.0
1551	-3.9964868957557798	-8.579199881862491	-46.60893249511719	46.0
1570	-4.854128515149531	-10.154526346575267	-45.980281829833984	46.0
1589	-1.6472939976144692	-12.209449726623589	-45.79558563232422	46.0
1610	-2.7704201751012767	-7.674355105024163	-46.770362854003906	46.0
1630	-12.690000292010556	-5.754729348219424	-45.47722244262695	46.0
1650	-19.43035382657316	-6.577816072289473	-42.85255432128906	46.0
1669	-23.251163180341493	-10.933097834226437	-40.15534210205078	46.0
1689	-19.68832627139637	-12.241951580851758	-41.491920471191406	46.0
1707	-15.306437461668859	-9.373535020770857	-44.071075439453125	42.0
1726	-13.50472469367593	-7.039205350045214	-44.99051284790039	42.0
1745	-13.18559365636139	-6.976676964745368	-45.353458404541016	42.0
1764	-12.024645718821397	-7.504424823842762	-45.6479606628418	42.0
1784	-13.591391683035802	-6.811806234090446	-45.15841293334961	42.0
1806	-17.22159041183967	-6.149266116638328	-43.94126510620117	42.0
1823	-18.14729725031285	-5.653879312335249	-43.51851272583008	42.0
1843	-18.252455887648285	-4.398581061892742	-44.052032470703125	42.0
1863	-18.051639488891453	-3.734869699788258	-44.065162658691406	42.0
1881	-17.36146450253147	-5.223451679766903	-44.45287322998047	42.0
1904	-17.18063746291731	-5.015118387231663	-44.261314392089844	42.0
1921	-13.967143669119473	-4.75911003368038	-45.32052993774414	42.0
1940	-11.889117085589291	-0.5127803757024982	-45.955711364746094	36.0
1960	-18.717572462248445	-2.813401213842928	-43.83610916137695	36.0
1980	-21.60806761880045	-4.49201884148867	-42.19828796386719	36.0
1999	-21.60806761880045	-4.49201884148867	-42.19828796386719	36.0
----------------출발----------------
2019	-20.382967595044413	-4.18321712740462	-42.62672424316406	36.0
2036	-16.502447402794353	-2.477390117640913	-44.347572326660156	36.0
2056	-10.57383752636731	-1.545917118295731	-46.14519119262695	36.0
2076	-8.047335520163486	-2.7123287442797808	-46.73137283325195	36.0
2096	-8.495257703996902	-2.708739046603217	-46.96923065185547	36.0
2116	-8.994013888117951	-2.1768662233460696	-47.08205795288086	36.0
2135	-11.064412535549586	0.19464613139358947	-46.35198211669922	36.0
2155	-13.337345897006866	1.3517219526308792	-45.86557388305664	36.0
2173	-15.661363519867713	0.4566404468242655	-44.94609832763672	34.0
2193	-17.611170525223027	-1.34138923567468	-44.295448303222656	34.0
2212	-18.739870243019126	-3.4553331238623493	-43.565696716308594	34.0
2231	-17.806003878686994	-3.638592520921261	-44.05205535888672	34.0
2251	-13.918608477226735	-3.099774808559613	-45.14314651489258	34.0
2270	-11.128266571432063	-1.9131407071547943	-45.8028678894043	34.0
2289	-11.760059765978719	-1.7594558280827386	-45.97235870361328	34.0
2309	-13.435330739699666	-1.7632337397582698	-45.565025329589844	34.0
2328	-15.499514848929351	-2.027851937454905	-44.884334564208984	34.0
2351	-17.05056721897263	-2.4674270501609956	-44.15413284301758	34.0
2368	-15.536784792962683	-2.598047394337252	-44.60961151123047	34.0
2387	-14.09177908694843	-3.4529679123770425	-44.800506591796875	34.0
2407	-13.835060362899348	-4.233073690227423	-44.69922637939453	34.0
2425	-13.684099198022258	-4.121729898517335	-44.96269989013672	34.0
2447	-13.19950718289142	-4.1296355962012665	-44.91361618041992	34.0
2465	-12.317870689479268	-3.1424513251302137	-45.19181442260742	34.0
2484	-12.178893903498624	-2.666800405982039	-45.10753631591797	34.0
2503	-12.851215561349049	-2.211141473213894	-44.94063949584961	34.0
2523	-13.097356018655633	-2.9593260466175146	-45.01998519897461	34.0
2543	-13.305759553369557	-3.139194081042336	-44.80051040649414	34.0
2567	-13.337146416717339	-3.3176179446833927	-44.810890197753906	34.0
2582	-13.097834948650442	-3.3740660509189953	-44.640377044677734	34.0
2601	-12.772735907810757	-3.1495072184159247	-44.58732604980469	34.0
2620	-13.855187356936264	-2.5113590778268926	-44.11262893676758	34.0
2640	-12.691952263740014	-3.3690002519541533	-44.81169128417969	34.0
2660	-11.500210795528	-3.3532829646583697	-45.22854995727539	34.0
2681	-10.500765594829712	-2.796010134342436	-45.18939971923828	34.0
2699	-10.500765594829712	-2.796010134342436	-45.18939971923828	34.0
2717	-8.469347062995137	-3.133181185806177	-45.73662567138672	34.0
2738	-5.2432058452947885	-3.731205830449387	-46.06914520263672	34.0
2757	-4.7800937156364744	-3.4399727592882483	-45.88938903808594	34.0
2776	-10.680658146628419	-4.752779341123656	-44.803810119628906	34.0
2796	-11.821466940718878	-4.215916468428842	-44.63005828857422	34.0
2816	-13.007026310741628	-3.0386690578114406	-44.06098175048828	34.0
2836	-14.133989681989435	-2.4378490942831568	-43.732261657714844	34.0
2855	-14.323480476526205	-2.7723883127220152	-43.866310119628906	34.0
2874	-14.281856510917589	-2.8339403626645474	-43.783226013183594	34.0
2894	-14.642663986557244	-2.885277615988588	-43.59457778930664	33.0
2915	-15.60236349839217	-2.873382354543205	-43.455928802490234	33.0
2933	-15.798443097227812	-3.2259120399206567	-43.53147888183594	33.0
2952	-15.196862690781531	-3.860395625371291	-43.702476501464844	33.0
2971	-14.101532314754168	-4.1415541139634495	-44.06010055541992	33.0
2990	-12.31784334706706	-4.207511008741018	-44.53944396972656	33.0
3010	-10.051590110823573	-3.51964974295268	-45.185333251953125	33.0
3032	-7.88438739978585	-2.516180955708186	-45.872920989990234	33.0
3049	-7.867078803339731	-0.8960808972099938	-46.301876068115234	33.0
3068	-12.09405586420065	-1.3029407046358485	-45.486473083496094	33.0
3089	-14.328939241721676	-2.393467910540311	-44.68611526489258	33.0
3108	-15.204174791792372	-3.171650911422642	-44.511512756347656	33.0
3129	-14.272394939589221	-3.578590374435731	-44.8311767578125	33.0
3146	-13.137430673466145	-4.48864065250135	-45.114479064941406	31.0
3164	-12.66757779671661	-4.9836032328005135	-45.146095275878906	31.0
3185	-13.980409868319573	-4.930686048087196	-44.686195373535156	31.0
3205	-14.655363999076627	-4.6303950773209035	-44.49946594238281	31.0
3223	-14.334779489139999	-4.1075342662901475	-44.70594024658203	31.0
3243	-13.86690824100202	-3.8193281241528565	-44.88778305053711	31.0
3263	-13.661769483665157	-4.00163286670674	-44.94025802612305	31.0
3282	-13.788117396764608	-4.327340052648358	-45.23902130126953	31.0
3300	-13.763808293967879	-4.326465901713827	-45.29804611206055	31.0
3320	-13.468466707703	-3.841251424166269	-45.633689880371094	31.0
3340	-12.726602332789206	-3.1512496853344247	-45.98826217651367	31.0
3361	-12.099467387335507	-2.7357080617606813	-46.018653869628906	31.0
3381	-12.023317062749527	-2.709039578358806	-46.425048828125	30.0
3398	-12.023317062749527	-2.709039578358806	-46.425048828125	30.0
3417	-12.203096678498637	-2.8519414826728458	-46.66576385498047	30.0
3437	-12.491452066107566	-2.2905582604667742	-46.57826614379883	30.0
3456	-11.594342929662387	-2.3249661575373675	-46.55704116821289	30.0
3476	-10.616591292565483	-2.534545410264051	-46.94847106933594	30.0
3495	-10.308150190920475	-2.902092214569191	-46.9180793762207	30.0
3515	-10.792253146678588	-3.235960089510755	-46.73897933959961	30.0
3534	-11.597711587882344	-3.3909841799632985	-46.74400329589844	30.0
3553	-12.08967855467167	-3.4136160499436294	-46.279850006103516	30.0
3573	-12.242855967722203	-2.8443103912667365	-46.1751594543457	30.0
3592	-12.47283841150105	-3.2463815029397605	-46.196311950683594	30.0
3612	-13.101074696505824	-3.363760605844575	-46.318946838378906	29.0
3632	-13.26871791785325	-3.34269549317063	-46.20979309082031	29.0
3651	-13.147203897618486	-4.02021919721897	-46.49959182739258	29.0
3670	-13.477274058563113	-4.164379522511825	-46.41505432128906	29.0
3690	-14.226178594399194	-3.717193565365286	-46.08074188232422	29.0
3709	-14.161643269735201	-3.424210444704571	-46.22640609741211	29.0
3729	-14.490800396652514	-3.258204645132878	-46.279361724853516	29.0
3748	-13.597364389765792	-2.7987143423975116	-46.71809387207031	29.0
3767	-13.442970619802136	-2.6344421388442116	-46.76029968261719	29.0
3787	-14.502474227671765	-3.018353561422495	-46.739463806152344	29.0
3808	-15.732341954021896	-3.819323455497746	-46.07313537597656	29.0
3828	-16.14778611338586	-3.9173353994798084	-46.068641662597656	29.0
3847	-15.096462200603696	-3.4895816465024216	-46.77027893066406	29.0
3864	-13.551709589985824	-3.229320743116955	-47.6138916015625	29.0
3884	-12.642555799908077	-3.6798613518938983	-47.91490173339844	29.0
3903	-12.297441350846963	-3.5564138974814887	-48.05054473876953	29.0
3923	-12.655860412672881	-3.488669545562862	-47.93046188354492	29.0
3943	-12.536723991744818	-3.382362412905489	-47.609214782714844	29.0
3962	-12.556534396878089	-3.169656470223347	-47.710182189941406	29.0
3981	-13.369161385753264	-2.8066925306085895	-47.47869110107422	29.0
4001	-14.59359116938834	-2.9813868327889432	-46.84550476074219	29.0
4020	-15.192084196695552	-3.2803448387118346	-46.35401153564453	29.0
4041	-14.895160934533322	-3.59511481790573	-46.273704528808594	29.0
4062	-14.359978432471324	-3.7936347313735626	-46.38543701171875	29.0
4080	-14.04218300258421	-3.793246601620835	-46.57710647583008	29.0
4099	-14.187527713140401	-3.6984735477949715	-46.680599212646484	27.0
4117	-14.187527713140401	-3.6984735477949715	-46.680599212646484	27.0
4137	-13.938540633828344	-4.104432993460935	-46.84776306152344	27.0
4156	-13.533063493845056	-4.343797464896838	-47.00801086425781	27.0
4175	-12.937744593733656	-4.293942370700399	-47.16096115112305	27.0
4195	-12.903022388889362	-4.005361879202414	-47.43351364135742	27.0
4214	-12.868363119168558	-3.64783552284846	-47.73029327392578	27.0
4234	-13.353353678859738	-3.2500855381702607	-47.709964752197266	27.0
4253	-14.031130496404868	-2.882304692074889	-47.55052947998047	27.0
4272	-14.751749008432537	-3.073089228064395	-47.600223541259766	27.0
4292	-15.24655803786153	-3.565092267485329	-47.251922607421875	27.0
4312	-15.007860912875199	-4.1129437351987	-47.31243896484375	27.0
4331	-14.601640006716922	-4.447534378531538	-47.795562744140625	27.0
4351	-14.196133904574266	-4.429864198179633	-47.783538818359375	27.0
4370	-13.513015882762383	-4.386472831046133	-47.7822380065918	27.0
4389	-12.852706926394184	-5.205352536180111	-47.87211990356445	27.0
4409	-13.137587251818571	-5.613232181637078	-47.846519470214844	27.0
4428	-13.992597246062136	-5.593778750562207	-47.54130935668945	27.0
4448	-13.618811634400984	-5.385375473747718	-47.69544982910156	27.0
4467	-12.403658971408527	-5.846863150214354	-47.86307144165039	27.0
4487	-11.511159715930518	-5.939581247462529	-48.22026062011719	27.0
4506	-12.354075020956968	-5.661875868784757	-48.200157165527344	27.0
4526	-14.08737641365513	-5.495170062881568	-47.958351135253906	27.0
4545	-14.604904407376301	-5.754729541049442	-48.094547271728516	27.0
4564	-14.004754674217942	-5.427021058211697	-48.44361114501953	27.0
4583	-13.623535118238546	-5.89378228943849	-48.76041793823242	28.0
4604	-13.899695357212751	-6.396866557641168	-48.72957229614258	28.0
4624	-15.14975390321528	-6.265768245013901	-48.45368194580078	28.0
4644	-15.770910921648424	-6.0156037508461155	-47.99643325805664	28.0
4662	-15.379439134525077	-5.737365475187749	-48.174625396728516	28.0
4681	-15.189683293528404	-5.473165302459116	-48.32004165649414	28.0
4700	-14.57688888811155	-4.873067096413914	-48.38739776611328	28.0
4720	-13.916713403468643	-4.650229358401116	-48.42957305908203	28.0
4743	-13.680367330862438	-4.169208904521877	-48.37113571166992	28.0
4761	-14.443928093789518	-3.675637920187692	-48.09143829345703	28.0
4781	-15.771652267695861	-3.8401712085612183	-47.719139099121094	28.0
4799	-15.771652267695861	-3.8401712085612183	-47.719139099121094	28.0
4817	-16.98052826372903	-3.8223643089898722	-47.45848846435547	29.0
4837	-16.934812767821924	-4.04386292746242	-47.37114715576172	29.0
4857	-15.271372478657069	-5.145875243549022	-47.81047058105469	29.0
4876	-14.058779656884061	-6.263605176920471	-48.03925323486328	29.0
4895	-14.232468426710279	-6.124038936983273	-47.95527267456055	29.0
4915	-15.125269094553095	-5.669289654493425	-47.71723175048828	29.0
4934	-16.226774694168853	-5.954710384764018	-47.45199203491211	29.0
4953	-16.859184285021797	-5.993189634285335	-47.32578659057617	29.0
4976	-16.566812726819677	-6.00968568200174	-47.598670959472656	29.0
4992	-15.903973339543539	-5.86095513939852	-48.01719665527344	29.0
5012	-15.611641744228047	-6.075125359564542	-48.147430419921875	29.0
5031	-15.230255449671487	-6.536140592336562	-48.18271255493164	29.0
5050	-15.11918804887231	-6.7701681395288835	-48.16001892089844	29.0
5070	-15.740266947673987	-6.912392111605059	-47.91072082519531	29.0
5090	-15.91895224836636	-6.398652544249053	-47.82156753540039	29.0
5109	-16.052998555707262	-5.825490052054554	-47.98688507080078	29.0
5128	-15.96649745034618	-5.351846715646986	-47.891170501708984	29.0
5148	-15.640814331188842	-5.328828367420533	-47.907081604003906	29.0
5169	-15.367090159622887	-5.808893297569802	-47.966590881347656	29.0
5188	-14.138076844178244	-6.4964803005388285	-48.2935791015625	29.0
5207	-12.732710217610375	-7.6498748704046555	-48.76995086669922	29.0
5226	-11.970965621602074	-8.699002290279774	-48.96022033691406	29.0
5246	-12.414699545133683	-8.49562971992038	-49.18170928955078	29.0
5264	-13.996379047128011	-7.905110961138443	-48.84474182128906	29.0
5284	-15.849473168843666	-7.395542494012658	-48.78070831298828	29.0
5307	-16.736878197962497	-6.508400601114531	-48.85187530517578	30.0
5325	-17.716955694992112	-6.1636544575213374	-48.53092575073242	30.0
5343	-17.981093819707358	-6.200005208734613	-48.26688766479492	30.0
5362	-18.20053035514506	-6.536323837524537	-48.402164459228516	30.0
5381	-17.854897865484464	-6.598399457113042	-48.837833404541016	30.0
5400	-17.248454456893853	-6.867516123916416	-49.10365295410156	30.0
5420	-17.039300570012948	-7.2946377065994685	-49.1436767578125	30.0
5440	-16.58248970067736	-7.531998332733344	-49.11003875732422	30.0
5460	-16.50466139523489	-7.901342628462614	-49.24695587158203	30.0
5480	-15.751102968531466	-7.96536732670123	-49.461631774902344	30.0
5499	-15.03928623702039	-7.97646564839264	-50.152835845947266	30.0
5518	-15.03928623702039	-7.97646564839264	-50.152835845947266	30.0
5538	-14.500313565589602	-7.666630867933533	-50.073883056640625	30.0
5556	-14.639390293770296	-7.242603998803134	-49.8649787902832	30.0
5575	-15.042267346218104	-6.817553506823789	-50.01844787597656	30.0
5595	-16.357017717539073	-6.154831978600874	-49.671653747558594	30.0
5614	-17.901173918270505	-5.969941631414386	-49.1300048828125	30.0
5634	-18.73940570888839	-6.051463729089949	-48.74953079223633	30.0
5655	-18.508698614935025	-6.531116181457287	-48.93743896484375	30.0
5673	-18.198589153619515	-6.885562730767704	-48.88795471191406	30.0
5692	-18.398959641468764	-6.8038982253453675	-49.05211639404297	30.0
5712	-18.572928316696142	-6.944889006602373	-48.94298553466797	30.0
5732	-17.95417493728044	-7.024420928375633	-48.85187911987305	30.0
5750	-16.69966680126092	-7.5388773720234745	-49.309669494628906	30.0
5771	-15.971821304798828	-8.079325452195334	-49.672950744628906	31.0
5790	-15.344505503520521	-8.88886112254063	-49.59819030761719	31.0
5809	-14.706543338256214	-9.348596981279272	-49.5660514831543	31.0
5828	-14.656941103260753	-9.03663492495939	-49.844932556152344	31.0
5849	-15.526072860619314	-8.284565489662809	-49.7833251953125	31.0
5869	-17.820508310477837	-7.145234132968362	-49.15755844116211	31.0
5888	-18.454151738098467	-7.202556227169392	-49.079185485839844	31.0
5906	-18.922973306379493	-7.593915581507469	-48.978885650634766	31.0
5926	-19.096940830306554	-7.368637770846721	-48.8245849609375	31.0
5945	-18.770265343998428	-7.3784708280181075	-49.02040481567383	31.0
5965	-17.98711310466896	-8.25105075582894	-49.48756790161133	31.0
5984	-16.686029871274144	-9.131117192116093	-49.58979034423828	31.0
6004	-15.639802834038095	-9.930212516002573	-49.756954193115234	31.0
6023	-15.50708880091406	-10.2108876811048	-49.99017333984375	32.0
6042	-15.43998243001752	-9.74496074051968	-50.078834533691406	32.0
6062	-15.403836207287377	-9.090631692544328	-50.291282653808594	32.0
6081	-15.660645629409718	-9.02014252527195	-50.484371185302734	32.0
6101	-16.50949974955258	-8.767855457261449	-50.3961181640625	32.0
6120	-17.445123771150143	-8.562106438072144	-50.15011978149414	32.0
6140	-18.14646003003639	-8.792327809184018	-49.90064239501953	32.0
6160	-18.14646003003639	-8.792327809184018	-49.90064239501953	32.0
6181	-19.496391321180212	-9.780092304973738	-49.32806396484375	32.0
6200	-19.937436442071967	-9.883988086019155	-49.296836853027344	32.0
6217	-19.937436442071967	-9.883988086019155	-49.296836853027344	32.0
6237	-19.681751616151534	-9.344695382490547	-49.339351654052734	32.0
6256	-19.236951214592516	-9.832221700486114	-49.51369857788086	33.0
6275	-19.11832984954676	-10.35939871877499	-49.70534896850586	33.0
6295	-18.6984719435554	-10.9772490065233	-49.63877868652344	33.0
6314	-17.87952550142391	-11.926974828557308	-49.86444091796875	33.0
6334	-17.28730426321277	-12.392470120355599	-50.32232666015625	33.0
6354	-16.728087145198913	-11.957278298432003	-50.51821517944336	33.0
6373	-17.409179198149122	-11.373934614631864	-50.56620407104492	33.0
6392	-18.75058509131061	-10.794391984726476	-50.3120002746582	33.0
6412	-19.802260305213935	-10.210681683047559	-49.87003707885742	33.0
6431	-20.424155864080486	-9.844139568535406	-49.7493782043457	33.0
6452	-20.801727656556093	-9.678969629029728	-49.708866119384766	33.0
6470	-20.92996647510961	-10.06929591679815	-49.62061309814453	33.0
6489	-20.114385643404123	-10.843245086533166	-49.83176803588867	36.0
6509	-19.2961031621882	-11.135523132883486	-50.05767059326172	36.0
6528	-18.49991933326742	-11.831952086622678	-50.30624771118164	36.0
6549	-17.83405175183992	-12.328938337782164	-50.67301940917969	36.0
6570	-17.395245173805115	-13.666604908940148	-50.65361404418945	36.0
6587	-17.762180359089232	-13.175740762606805	-50.55641174316406	36.0
6607	-18.1303603385123	-12.600521102026397	-50.714927673339844	36.0
6625	-18.41074185207492	-12.232480070837179	-50.735595703125	36.0
6646	-18.71594461239125	-11.959211849682152	-50.77705764770508	36.0
6664	-18.842372903511638	-11.680790917507721	-51.013484954833984	36.0
6685	-19.491165627992867	-11.90216362287116	-50.81764602661133	36.0
6704	-19.912138257702455	-12.316070556396667	-50.68830108642578	36.0
6723	-20.150564773493016	-12.70134354431424	-50.60392761230469	36.0
6742	-20.057813145111087	-13.475394319866849	-50.699546813964844	46.0
6762	-19.98740196053633	-13.524109914489184	-50.76121520996094	46.0
6781	-19.807816541868583	-13.94220447551505	-50.77887725830078	46.0
6801	-20.00094071629748	-14.270619218252529	-50.55534362792969	46.0
6820	-19.79162773764846	-14.011747415535726	-50.6722297668457	46.0
6840	-19.479821084396963	-13.902301975872872	-50.832733154296875	46.0
6860	-18.898350442894152	-13.898381082850559	-50.85981750488281	46.0
6880	-18.305479683495527	-13.522417022467362	-51.387332916259766	46.0
6901	-17.913110814288103	-13.775209675974168	-51.34904098510742	46.0
6917	-17.913110814288103	-13.775209675974168	-51.34904098510742	46.0
6937	-17.89158423605492	-14.082087537149233	-51.1992073059082	46.0
6956	-19.569620682702613	-13.673738894557482	-50.4770393371582	46.0
6975	-20.8939062136809	-13.697679540815676	-49.97545623779297	82.0
6995	-20.724018572907788	-14.252868904083016	-50.12501525878906	82.0
7015	-20.67023210646599	-14.691967324996675	-50.086875915527344	82.0
7035	-20.811549903406625	-15.771378233642858	-49.71493148803711	82.0
7054	-21.49312623352059	-16.440110112403634	-49.223876953125	82.0
7073	-21.155519412444395	-16.770285886242235	-49.161895751953125	82.0
7092	-20.604582093878623	-17.250570966011203	-49.48529052734375	82.0
7112	-20.50253817553895	-18.242354722069578	-49.35444641113281	82.0
7132	-21.37696558134974	-18.6923390206183	-48.72568130493164	82.0
7151	-22.688126001969817	-18.070896827250138	-48.1081428527832	82.0
7171	-22.445807007148638	-17.688221160769206	-48.282325744628906	82.0
7189	-21.644377591413043	-17.13959606902682	-48.97076416015625	82.0
7209	-19.363792140590746	-15.591403009205932	-50.18352508544922	162.0
7228	-19.2714654484942	-13.163636905974577	-50.90657424926758	162.0
7253	-19.3162941950539	-13.38486416591644	-50.70469284057617	162.0
7268	-21.307887881197153	-9.016564260637871	-51.031009674072266	162.0
7287	-21.74000102165028	-8.772306574640849	-51.00685501098633	162.0
7306	-19.573304461424055	-11.149648509638329	-51.50968933105469	162.0
7326	-16.303084123967377	-14.232300911719294	-51.936073303222656	162.0
7345	-13.552984062194986	-17.374948781984468	-51.65291976928711	162.0
7366	-14.243677429476643	-21.318819993264228	-49.938133239746094	162.0
7384	-18.793267225047654	-22.86091338535132	-47.70275115966797	162.0
7405	-23.96706697509987	-22.026066449608454	-45.47016525268555	162.0
7423	-27.263356363276305	-18.800157719623108	-44.779396057128906	162.0
7442	-29.06081483257965	-15.45013720408012	-44.64164352416992	162.0
7462	-29.97010008747782	-13.767981928304037	-44.408077239990234	290.0
7482	-29.30713890409086	-13.935423796558043	-44.64131164550781	290.0
7501	-27.359980760691567	-14.819219621669918	-45.61656188964844	290.0
7520	-24.533241129145658	-15.468000459627753	-46.71472930908203	290.0
7541	-24.56768805921998	-15.897455570536046	-46.48958969116211	290.0
7560	-26.700637275251097	-14.757698238160094	-46.0203857421875	290.0
7581	-26.874879055304582	-15.024679751920194	-45.98602294921875	290.0
7601	-23.829665513248074	-16.154063781791454	-47.198486328125	290.0
7618	-23.829665513248074	-16.154063781791454	-47.198486328125	412.0
7637	-20.33651371260955	-17.0706317566629	-48.556480407714844	412.0
7656	-18.61371044725041	-17.525102749052127	-49.212310791015625	412.0
7676	-18.17327365162672	-17.822140120427076	-49.313011169433594	412.0
7695	-17.889240782882013	-17.759993779281526	-49.69446563720703	412.0
7715	-18.42264101532887	-17.451252974555477	-49.400691986083984	412.0
7735	-19.38106700579005	-17.491562555565082	-48.75019454956055	412.0
7754	-20.328608623899115	-18.477498919264445	-47.98561096191406	412.0
7773	-21.8827955105926	-19.025861619093106	-46.79975891113281	412.0
7792	-23.29260503239749	-19.344268883351674	-45.503849029541016	412.0
7812	-24.30523007022283	-19.771194749053283	-44.17236328125	412.0
7832	-24.619363760993007	-19.953440081217522	-43.67617416381836	412.0
7851	-24.51534395936399	-19.646324495888486	-43.6173210144043	488.0
7870	-24.30836456489845	-19.484507502342513	-43.80195617675781	488.0
7889	-23.611531841804467	-18.949975794947175	-44.28274917602539	488.0
7909	-23.10750818258527	-18.464792853163257	-44.50666427612305	488.0
7929	-22.563048555986057	-18.724785138114655	-44.840938568115234	488.0
7948	-20.857832812443704	-19.695098981410972	-45.478214263916016	488.0
7967	-20.334262187952127	-20.013523836084527	-45.97874069213867	488.0
7987	-19.374944672882563	-20.33771988229525	-46.10305404663086	488.0
8007	-19.02765923504698	-20.800174004612465	-45.709537506103516	488.0
8025	-19.25998677158901	-21.237559296725603	-45.44473648071289	488.0
8047	-20.648952703889854	-20.92553742334145	-45.239959716796875	488.0
8065	-21.75098397366085	-20.378006599606184	-44.75553894042969	488.0
8084	-22.797561103446974	-20.178163458197883	-44.1235237121582	488.0
8108	-24.227733655316815	-20.658649144543705	-43.060302734375	529.0
8123	-24.507482212748126	-20.804890148694714	-42.45640182495117	529.0
8142	-23.551744605783355	-21.002089530845463	-42.839603424072266	529.0
8162	-22.868083939531097	-21.656908976039354	-42.80537033081055	529.0
8181	-21.95652565083939	-21.66376160662383	-42.67478942871094	529.0
8200	-21.03310866856084	-22.18298092780158	-42.41908264160156	529.0
8220	-19.775700927904904	-22.45368912705722	-43.06149673461914	529.0
8240	-18.21663824660019	-23.11960545342942	-43.508705139160156	529.0
8260	-17.16557050651504	-23.922256844258808	-43.02165985107422	529.0
8281	-17.100185704655463	-24.56423703564112	-42.44831466674805	529.0
8299	-17.668817863392484	-24.25413521228017	-42.57365036010742	529.0
8317	-17.668817863392484	-24.25413521228017	-42.57365036010742	529.0
8337	-17.83407051949384	-23.633164113614292	-42.7960205078125	523.0
8356	-18.351310298072	-22.930790154797617	-43.090728759765625	523.0
8375	-18.97835950762316	-22.217353085988645	-42.93793487548828	523.0
8396	-18.942775665253464	-21.858280615357895	-42.85939025878906	523.0
8415	-18.722964243880142	-21.73734362408298	-42.643638610839844	523.0
8434	-18.32107591225598	-22.12511332656779	-42.68236541748047	523.0
8453	-17.712049436824906	-22.639837748902966	-42.568939208984375	523.0
8473	-16.778424755277374	-22.89647297347163	-42.23402404785156	523.0
8492	-16.176017871747526	-23.371352434700732	-42.13728713989258	523.0
8512	-15.242163521325693	-24.029763154125742	-41.93724060058594	523.0
8531	-14.122646148959996	-24.226731942517212	-42.04145431518555	523.0
8551	-13.056253489416456	-24.039458035623724	-42.40085983276367	523.0
8570	-12.138518789649687	-24.054125066465954	-42.494529724121094	464.0
8589	-11.219134567146755	-24.027680446777392	-42.55254364013672	464.0
8611	-11.44501088374929	-24.113055067938674	-42.382503509521484	464.0
8629	-12.899388056679891	-23.956798157034193	-41.956790924072266	464.0
8648	-14.831863110672707	-23.742906483487655	-41.35186004638672	464.0
8667	-18.836680962270755	-23.136849722019885	-39.851173400878906	464.0
8687	-19.46940010617503	-23.52810314863275	-39.08903884887695	464.0
8706	-18.81415695643958	-24.51850203891488	-38.625465393066406	464.0
8725	-17.042029158943407	-24.84779762624196	-39.11269760131836	464.0
8747	-15.084772297162855	-25.06152042919174	-39.79426574707031	58.0
8764	-13.213110427736416	-25.029769723412706	-40.19365310668945	58.0
8784	-12.194397685206566	-24.51959047565158	-40.71957015991211	58.0
8805	-11.766222391785279	-24.261642080376653	-40.706504821777344	58.0
8823	-11.967543245962837	-24.19807571886833	-40.469276428222656	58.0
8842	-12.812282353841308	-24.361329100651087	-40.27470397949219	58.0
8862	-14.268064581990442	-24.72383422589794	-39.8536262512207	58.0
8881	-15.605442891822586	-24.526270364539805	-39.353660583496094	58.0
8900	-16.693886218044128	-24.177430963221628	-38.985816955566406	58.0
8921	-17.50291311424439	-24.508535733958116	-38.09674072265625	58.0
8940	-18.08399171998861	-25.23910323965084	-37.38166809082031	58.0
8963	-18.43072471981139	-25.44468103784478	-37.00941467285156	58.0
8982	-17.468018061864928	-25.737732240191544	-37.376590728759766	55.0
8999	-17.468018061864928	-25.737732240191544	-37.376590728759766	55.0
9017	-15.135378827943468	-25.52256424185861	-38.40851593017578	55.0
9037	-12.588419221369177	-24.795591296744224	-39.04665756225586	55.0
9055	-11.20276188794839	-24.216389045612353	-39.840389251708984	55.0
9075	-10.723549752411083	-23.967361438183335	-40.14724349975586	55.0
9095	-10.343993147951666	-23.576155936835423	-40.5323486328125	55.0
9114	-10.715595056899428	-23.553704784555386	-40.203250885009766	55.0
9133	-11.166813100906683	-23.583638686836235	-40.11122512817383	55.0
9153	-11.889412589065342	-23.595790212062642	-39.82157516479492	55.0
9173	-12.416357217725585	-24.00852395218193	-39.25788879394531	55.0
9195	-13.21046732068486	-24.549891879028426	-39.0034065246582	55.0
9213	-13.90968045519097	-24.854669264904285	-38.375858306884766	54.0
9231	-13.660079053916522	-24.65625054546098	-38.31512451171875	54.0
9250	-13.390570350094562	-25.050088248240197	-38.28505325317383	54.0
9269	-12.394277762319502	-25.01396353026802	-38.514404296875	54.0
9289	-11.261701595962988	-25.03622979224142	-38.80961608886719	54.0
9309	-10.534533721880589	-25.561179389906158	-38.645790100097656	54.0
9328	-8.874463346332888	-25.19867041021701	-39.02162551879883	54.0
9347	-8.496040616634662	-25.008508510119672	-38.78608703613281	54.0
9367	-8.061332694161104	-24.59279581615893	-38.94336700439453	54.0
9386	-8.21143938335713	-24.218909225244616	-38.91584014892578	54.0
9405	-9.264428951454184	-23.99290601960791	-38.610107421875	54.0
9427	-10.602136319851718	-23.801216561979093	-38.24907302856445	54.0
9444	-11.76854324015667	-23.87297313572929	-37.783355712890625	54.0
9463	-12.26271582511093	-24.05325860210113	-37.28297424316406	59.0
9483	-12.388170445864398	-24.16398790539362	-36.87724304199219	59.0
9502	-12.442172843821663	-24.504890131922327	-36.71470260620117	59.0
9522	-11.448094809490081	-24.442812479236807	-37.07365417480469	59.0
9542	-10.640636811181908	-24.727182143087145	-37.14806365966797	59.0
9561	-9.54976815200472	-24.806966353180762	-37.28972244262695	59.0
9580	-8.096109931018692	-24.149274623914526	-38.125553131103516	59.0
9599	-7.31658785163883	-23.41246186979906	-38.4484977722168	59.0
9619	-7.7624982007967205	-23.03176184147365	-38.586212158203125	59.0
9639	-8.335157538120237	-22.893699827903433	-38.739295959472656	59.0
9660	-8.26186520107753	-23.150790105995434	-38.46263885498047	59.0
9679	-8.853183479670838	-23.706902057024855	-37.89738082885742	59.0
9697	-8.853183479670838	-23.706902057024855	-37.89738082885742	73.0
9716	-9.76812276861716	-23.940995122710895	-37.67802810668945	73.0
9736	-10.490050561054932	-24.126729607599753	-37.35089874267578	73.0
9755	-10.810766178704382	-24.22179129734557	-36.992408752441406	73.0
9775	-10.493088984427212	-24.347672378862654	-37.17882537841797	73.0
9794	-9.636180193718793	-24.313571828758135	-36.99992752075195	73.0
9814	-8.925783966709725	-24.46711072425263	-36.94034194946289	73.0
9833	-8.382809783603633	-24.175987403529557	-36.960235595703125	73.0
9852	-7.717283043467699	-24.0708248065005	-37.12257385253906	73.0
9872	-7.186551520978831	-23.75013204361086	-37.41728591918945	73.0
9892	-6.7660755779484685	-23.215097471187036	-37.55624771118164	73.0
9911	-6.5909209796637365	-22.77849702959543	-37.785335540771484	73.0
9931	-6.7836814613932415	-22.421187944453745	-37.612457275390625	73.0
9950	-7.749576874140912	-22.56987133967706	-37.625343322753906	75.0
9969	-8.865939717617904	-22.366015827081174	-37.52833938598633	75.0
9988	-9.368505835695924	-22.562726983227428	-37.61978530883789	75.0
10008	-9.493427166848528	-22.69204165827958	-37.43026351928711	75.0
10027	-9.006471879561216	-22.708793657572144	-37.240962982177734	75.0
10047	-8.600114483558638	-22.95046606226444	-37.37593078613281	75.0
10066	-7.856298589814253	-22.972413042663618	-37.43385314941406	75.0
10086	-7.166207670109774	-22.791378485941266	-37.71500015258789	75.0
10105	-6.8470964815592215	-22.81070883617595	-37.74378204345703	73.0
10124	-6.46087217192644	-22.660630523821087	-37.64372634887695	73.0
10144	-5.836147119170977	-22.654682665701987	-37.64445114135742	73.0
10163	-5.243149003304304	-22.616216065963986	-37.865936279296875	73.0
10183	-5.193978784333984	-22.23701768968195	-38.00104904174805	73.0
10202	-5.7846461243228235	-22.105610622090545	-37.97138977050781	73.0
10223	-6.1610309916111525	-21.821961035150704	-38.04907989501953	73.0
10241	-6.325872455748076	-21.996338182861923	-37.7913932800293	73.0
10261	-6.560268539046615	-21.75296952264161	-37.75630187988281	73.0
10282	-7.091774722387461	-22.412569887170836	-37.31578063964844	73.0
10299	-7.395539104003183	-22.40454403271119	-36.88628387451172	73.0
10319	-6.746224387800198	-22.16627909300074	-36.87737274169922	73.0
10339	-6.232181215159393	-22.432842126209554	-37.13385772705078	81.0
10359	-6.275380500033054	-22.406886168817785	-36.834754943847656	81.0
10379	-6.265081689331183	-22.58980880668348	-36.91427993774414	81.0
10397	-6.265081689331183	-22.58980880668348	-36.91427993774414	81.0
10416	-5.0230125788376485	-22.375609239921207	-37.22777557373047	81.0
10436	-3.789618509937379	-21.75545547874589	-37.839515686035156	81.0
10456	-3.453262690767798	-21.10641128968898	-38.35799026489258	81.0
10476	-3.661287006390088	-21.050833482564602	-38.708065032958984	81.0
10494	-3.9533009098674223	-20.61276086737313	-38.8917236328125	81.0
10513	-4.368082929253778	-20.551748796968905	-38.63346862792969	81.0
10533	-4.882184383097992	-20.63859155799439	-38.55591583251953	81.0
10552	-5.445261181673492	-21.124702685168195	-38.1635627746582	81.0
10573	-5.562476744930301	-21.300701515079222	-37.88269805908203	89.0
10591	-5.512308029457594	-21.643550415217522	-37.52872848510742	89.0
10611	-5.074575757851882	-21.700422397291	-37.570552825927734	89.0
10630	-4.887536540138167	-21.48238926387487	-37.53681945800781	89.0
10650	-4.212820862905281	-21.51007064392459	-37.594242095947266	89.0
10670	-3.4623345908909284	-21.119929725090675	-37.900909423828125	89.0
10689	-3.024708948060088	-21.346193308306184	-37.89570999145508	89.0
10708	-2.662443658354167	-21.069128067574166	-38.14090347290039	89.0
10727	-2.7157394877285834	-20.881588866862685	-38.479881286621094	89.0
10747	-3.995193243896101	-21.04713643603201	-38.4616813659668	89.0
10766	-5.311062283367706	-21.25028575509831	-38.284454345703125	89.0
10786	-6.2379261957602425	-21.438319669897258	-38.08311080932617	89.0
10805	-6.283816536657167	-21.687346912512325	-37.90149688720703	89.0
10825	-6.2309423549427985	-21.566788519082916	-37.68836212158203	87.0
10844	-5.879753665891987	-20.91426274508035	-38.136478424072266	87.0
10863	-5.571862761392568	-20.754701650708782	-38.2946662902832	87.0
10883	-5.156038379296404	-20.48183838167833	-38.38451385498047	87.0
10903	-4.683499391949576	-20.400281880527583	-38.35518264770508	87.0
10922	-4.035490385316711	-20.242279834751333	-38.337501525878906	87.0
10941	-3.4642317509657414	-20.02679461494853	-38.32316589355469	87.0
10961	-2.9640345308175355	-19.997286477046455	-38.596534729003906	87.0
10980	-2.8528876528334064	-19.7133560810221	-38.993736267089844	87.0
10999	-2.8174318574173824	-18.988654975878653	-39.32889175415039	87.0
11020	-2.968194152206137	-19.175300088317954	-38.981422424316406	87.0
11040	-3.619505078120231	-19.150261296927376	-39.09468078613281	87.0
11059	-3.619505078120231	-19.150261296927376	-39.09468078613281	84.0
11079	-4.776907033477162	-19.30837438935139	-39.07517623901367	84.0
11097	-4.776907033477162	-19.30837438935139	-39.07517623901367	84.0
11116	-4.250308856862041	-19.717241920100957	-39.00959014892578	84.0
11137	-3.722717870375498	-19.636839293936536	-38.945465087890625	84.0
11156	-3.403721253903062	-19.373149177262114	-39.27060317993164	84.0
11175	-3.5803407710447046	-18.976077695855594	-39.42997741699219	84.0
11194	-3.868551225067226	-19.117986750398032	-39.3615837097168	84.0
11213	-4.079600880363851	-19.71144693214496	-38.995338439941406	84.0
11233	-3.6717708385324235	-19.783778500385534	-38.80331039428711	84.0
11253	-2.9871837638902634	-19.662178491850234	-39.02055358886719	84.0
11272	-2.145682697498465	-19.334269957670514	-39.43284225463867	84.0
11291	-1.9183797182842794	-18.75666408897436	-39.909786224365234	81.0
11311	-2.523400112477873	-18.230639061349585	-40.039363861083984	81.0
11331	-3.191136867271298	-18.358272080165595	-40.10328674316406	81.0
11349	-3.496532509561493	-17.89323990086675	-40.2530403137207	81.0
11369	-4.012240360114563	-18.173972906484778	-40.23828125	81.0
11389	-4.808830445187202	-18.69957270641089	-40.290565490722656	81.0
11408	-5.349574496505441	-18.54656864791233	-40.30916976928711	81.0
11427	-5.7333467827288604	-18.517515328625272	-40.051456451416016	81.0
11447	-5.678052678595542	-18.667500649532954	-39.9289665222168	81.0
11467	-4.11698590200979	-18.389020868113604	-40.16831588745117	81.0
11487	-3.1921819224282713	-18.095673368951747	-40.1599006652832	81.0
11507	-2.6677787290881843	-18.036782074389418	-40.37525939941406	81.0
11526	-2.5521268659001812	-17.64219860690355	-40.52562713623047	81.0
11545	-2.787358510191133	-17.32560606145159	-40.5547981262207	85.0
11564	-3.161625389944784	-17.386779558975455	-40.550479888916016	85.0
11583	-3.8931069110551344	-17.739841055477683	-40.56483459472656	85.0
11603	-4.334192638961884	-17.417577540069818	-40.47832107543945	85.0
11622	-4.776186305350703	-18.080335028276526	-40.151451110839844	85.0
11642	-5.189648568889666	-18.906421988478325	-40.132041931152344	85.0
11662	-5.43488043007944	-18.453085504048293	-40.16627502441406	85.0
11682	-5.953680958025618	-18.043748460526025	-40.1203727722168	85.0
11700	-6.352696833976956	-17.427719143938816	-40.584842681884766	85.0
11720	-5.816817334170071	-16.89291045761468	-40.64567184448242	85.0
11739	-5.400762942218624	-16.600174143831268	-40.69487762451172	85.0
11759	-5.400762942218624	-16.600174143831268	-40.69487762451172	85.0
11779	-4.58668672433615	-16.30179566969007	-41.14525604248047	86.0
11798	-4.58668672433615	-16.30179566969007	-41.14525604248047	86.0
11818	-3.4985715626735097	-16.23160382594043	-41.09220886230469	86.0
11836	-2.4680928462248604	-16.32386330549653	-41.16276931762695	86.0
11855	-2.2601564980421363	-16.39200421811084	-41.332725524902344	86.0
11876	-2.749789000163967	-16.00455015915751	-40.83578872680664	86.0
11895	-3.543317908373846	-16.141314092972582	-40.75600051879883	86.0
11914	-3.86137278305484	-16.77162046715598	-40.541404724121094	86.0
11935	-4.154854695222149	-17.619241176854946	-40.160858154296875	86.0
11953	-4.199655026639329	-18.103363147346215	-40.08428192138672	86.0
11972	-4.25213035201393	-18.08981525647548	-40.01415252685547	86.0
11992	-4.314331458005424	-18.050515927503817	-40.07003402709961	86.0
12012	-4.25722122803839	-17.833270091420903	-39.893497467041016	82.0
12031	-3.9603991320558225	-17.641536111963642	-40.10577392578125	82.0
12052	-3.1066140558702564	-17.057904710361033	-40.771141052246094	82.0
12070	-2.1240163906051555	-16.58381841409879	-41.115604400634766	82.0
12089	-1.1782441846602494	-15.857516083271873	-41.49443435668945	82.0
12109	-1.7261222157959657	-15.390508787859362	-41.523345947265625	82.0
12129	-2.7798176414713467	-15.512424942336768	-41.42295837402344	82.0
12147	-3.3645908713747694	-15.666801209509398	-41.341148376464844	82.0
12168	-4.676783932216041	-15.868806082633466	-41.168487548828125	82.0
12186	-5.5796646594406205	-16.504163749277446	-41.07456970214844	82.0
12206	-6.056896883609066	-17.258643243722517	-40.6223258972168	82.0
12226	-5.72006850052328	-17.815098034802723	-40.47631072998047	82.0
12245	-5.615318376559323	-18.167680772450364	-40.27724838256836	82.0
12264	-5.417267076896589	-17.871053417855364	-40.6705436706543	82.0
12284	-4.7926539196574796	-17.523932727913138	-41.07906723022461	82.0
12304	-4.264136564627291	-17.14577887448791	-41.35113525390625	82.0
12322	-3.8112157670035867	-17.166214289735915	-41.70759201049805	82.0
12341	-3.0603728803148167	-16.541367256583378	-41.74184036254883	82.0
12361	-2.2672588441710126	-16.286884071074116	-41.946224212646484	82.0
12381	-2.2536711393917286	-16.038723899919198	-41.954612731933594	82.0
12401	-2.6601982909861603	-15.811221438325095	-42.2038459777832	82.0
12419	-3.1787090245336556	-15.65759910705718	-41.94102096557617	82.0
12439	-3.1787090245336556	-15.65759910705718	-41.94102096557617	82.0
12460	-4.656812565531045	-16.982251952483328	-41.73879623413086	82.0
12479	-5.587393248143825	-17.32305160959097	-41.511844635009766	82.0
12498	-5.587393248143825	-17.32305160959097	-41.511844635009766	78.0
12517	-6.012780545257196	-17.673916595127462	-41.57157516479492	78.0
12537	-6.144360018364053	-17.852604671768614	-41.66804885864258	78.0
12555	-5.793413156025852	-17.160509194050707	-41.985042572021484	78.0
12575	-5.1446527366173775	-16.840327890850517	-41.99844741821289	78.0
12595	-4.304456097273817	-16.6624821486539	-42.39672088623047	78.0
12614	-3.4184156135692807	-16.425538398582034	-42.4108772277832	78.0
12635	-2.578332885565769	-15.67476777636927	-42.618019104003906	78.0
12653	-2.0064960937033334	-15.462116239287306	-42.653228759765625	78.0
12672	-1.683283477002484	-15.413627788293752	-42.749813079833984	78.0
12692	-1.3102184464644582	-15.6531383794658	-42.424251556396484	78.0
12712	-1.6797410227090435	-15.924128348662498	-42.099876403808594	78.0
12731	-2.4294335696864566	-16.01063078502608	-41.90011978149414	78.0
12750	-2.928373886856558	-16.31886933074739	-41.90907287597656	70.0
12770	-3.3972772508437514	-17.06413772749083	-41.59249496459961	70.0
12789	-3.5917718936666003	-16.921379726957483	-41.44804000854492	70.0
12810	-3.497826318054096	-16.91291480532062	-41.306060791015625	70.0
12829	-4.326291031950208	-16.81650498938074	-41.05811309814453	70.0
12848	-4.977939218623335	-16.188125460728717	-41.141014099121094	70.0
12867	-4.410240652694311	-16.11471945986694	-41.596092224121094	70.0
12886	-3.733917756559591	-16.068474005185383	-41.87432098388672	70.0
12906	-3.522915378509302	-15.689247775611419	-41.668582916259766	70.0
12926	-3.2150131035878045	-15.071517935720866	-41.91987609863281	70.0
12945	-2.964836007036179	-15.188631368054201	-41.8996467590332	70.0
12965	-3.086057370590174	-15.761334297751308	-41.84159851074219	70.0
12983	-3.344748406307823	-15.878810926893294	-41.89393615722656	67.0
13004	-3.5998825078839802	-16.435738396515603	-41.80016326904297	67.0
13022	-3.986228333050981	-16.770727919040844	-41.56729507446289	67.0
13042	-4.019007786643694	-17.0773841510303	-41.287113189697266	67.0
13062	-4.118393777892406	-16.964119963639607	-41.66315460205078	67.0
13080	-4.349357821698988	-16.735530967453624	-41.669193267822266	67.0
13100	-3.7958909875940443	-16.23797766796143	-41.970699310302734	67.0
13119	-2.583392344176978	-15.616464180891416	-42.33837127685547	67.0
13140	-2.583392344176978	-15.616464180891416	-42.33837127685547	67.0
13159	-1.6712333458405415	-15.69275740144152	-42.47975540161133	67.0
13179	-1.524017157450824	-15.096397332946403	-42.60616683959961	67.0
13199	-1.340448158318089	-14.939095148406333	-42.76029968261719	67.0
13217	-1.202332589493872	-14.761398198747687	-42.997581481933594	64.0
13236	-1.6111928467972887	-14.82961611517253	-42.90831756591797	64.0
13256	-2.042230347953639	-15.09575924509889	-43.005165100097656	64.0
13276	-3.0777606876840067	-15.47315296566154	-42.91901397705078	64.0
13295	-3.916974769594264	-15.704189647034564	-42.7619514465332	64.0
13314	-4.039836097145613	-15.941045422738286	-42.55453109741211	64.0
13334	-4.13643135140819	-15.934928928306881	-42.790775299072266	64.0
13353	-4.0026428669873635	-15.736185745249628	-42.66270065307617	64.0
13373	-3.916336972232415	-16.049164977135245	-42.61631393432617	64.0
13392	-3.544234602216004	-15.401828528892047	-42.77730941772461	64.0
13411	-3.1922167367526266	-14.946076352316027	-42.812171936035156	64.0
13431	-2.421836691417992	-14.564065301953725	-42.894554138183594	64.0
13450	-1.8594566683354528	-14.941922112018695	-42.650150299072266	64.0
13470	-1.0872236691777704	-15.08943779572455	-42.77008056640625	63.0
13490	-0.2547590513057969	-15.466167334735998	-42.531925201416016	63.0
13509	-0.7387358315985048	-15.837231703489676	-42.67879104614258	63.0
13532	-2.221461247487223	-15.490319138588577	-42.62346267700195	63.0
13548	-3.82592164884683	-15.590122881934967	-42.522762298583984	63.0
13568	-4.733117748399357	-15.952458222311442	-42.391361236572266	63.0
13588	-4.553300523795944	-16.093297105454457	-42.31676483154297	63.0
13606	-4.090123011856672	-16.410517127865145	-42.604713439941406	63.0
13626	-3.452671524711794	-16.21464316799057	-42.555259704589844	63.0
13647	-2.7124773002669267	-15.824677224620546	-42.71680450439453	63.0
13664	-2.073165643080286	-15.724056894191698	-42.74234390258789	63.0
13685	-1.729351175240376	-15.338683648885233	-42.77850341796875	63.0
13703	-1.313937534252862	-14.578236668537679	-43.0152473449707	61.0
13723	-0.8783830171569148	-13.504879658646379	-43.3253173828125	61.0
13743	-0.7525937698965907	-13.569576413859687	-43.43022918701172	61.0
13762	-0.6313480790896925	-13.645759796114955	-43.29732894897461	61.0
13781	-0.44360209391117056	-14.017629694163357	-43.32051086425781	61.0
13801	-0.885878533326501	-14.14005735818706	-43.42038345336914	61.0
13820	-2.0823688065231223	-14.794501390376153	-42.99117660522461	61.0
13840	-4.591703011130234	-15.755472338506179	-42.5374641418457	61.0
13861	-6.556344605582113	-16.02361536179435	-42.36123275756836	61.0
13880	-7.415762104765709	-16.08849874921388	-42.02550506591797	61.0
13900	-7.849707530299081	-16.406810890132018	-42.03295135498047	61.0
13917	-7.849707530299081	-16.406810890132018	-42.03295135498047	61.0
13936	-7.195996213023862	-16.644560195311758	-41.971832275390625	59.0
13957	-6.527501941231421	-16.860546294728213	-42.02593994140625	59.0
13976	-5.323196751423173	-16.87984394993661	-42.26445770263672	59.0
13995	-3.731771909379356	-16.24845692343477	-42.776588439941406	59.0
14015	-2.3121675967667645	-15.630481226927447	-43.40504837036133	59.0
14034	-1.768003606972742	-15.125142476503406	-43.595489501953125	59.0
14054	-2.054455363270528	-15.001520880980648	-43.741119384765625	59.0
14073	-2.252928953884964	-14.703102051163428	-43.568904876708984	59.0
14093	-3.1611744070252983	-14.238395410249382	-43.86528778076172	59.0
14113	-4.2322393583904026	-14.037427522481543	-43.77863311767578	59.0
14131	-4.629344939235288	-14.600500123647988	-43.42711639404297	59.0
14151	-4.3824993684769895	-15.031867036392459	-43.36067199707031	59.0
14171	-3.6447305937051815	-15.175075495041709	-43.1601448059082	59.0
14190	-3.2722342238998534	-15.278889927892598	-43.15162658691406	58.0
14209	-2.9717233235306346	-15.038335045691479	-43.325950622558594	58.0
14229	-2.51293065829617	-15.238871671475707	-43.432212829589844	58.0
14248	-2.0602718429451308	-15.548894825792491	-43.2584228515625	58.0
14267	-1.886713878377447	-15.688900849006286	-43.046844482421875	58.0
14288	-2.3907515558249606	-15.859523901905964	-42.97257614135742	58.0
14306	-2.143475382910615	-15.410109915411443	-43.04650115966797	58.0
14329	-2.3319163061759194	-15.373264666826046	-43.1163330078125	58.0
14345	-2.9720412453553737	-15.213849236003258	-43.035579681396484	58.0
14365	-3.6583250664223033	-15.127515070465561	-42.955406188964844	58.0
14384	-4.6936997321104315	-14.844092067150685	-43.0421142578125	58.0
14405	-5.064949963921194	-15.139452895192806	-42.77915954589844	58.0
14424	-4.144529695017792	-15.374380810271019	-43.1052360534668	58.0
14443	-2.710078542332977	-15.420539268976777	-43.2899055480957	58.0
14461	-1.9153565927771594	-16.151537471510363	-43.397342681884766	58.0
14480	-0.803832181999773	-15.913158147908849	-43.636192321777344	58.0
14501	0.5970213604967509	-15.741847785181287	-43.85686111450195	58.0
14521	1.0597898692585528	-15.754901734342177	-43.96791076660156	58.0
14540	1.0597898692585528	-15.754901734342177	-43.96791076660156	58.0
14561	-0.1066194924062293	-14.96985961128032	-44.14270782470703	58.0
14580	-0.8373903844362277	-14.699081525146134	-43.93288803100586	58.0
14599	-1.7956302579301504	-14.93445570108405	-43.87979507446289	58.0
14617	-1.7956302579301504	-14.93445570108405	-43.87979507446289	58.0
14637	-2.8403649716983956	-15.142237160598459	-43.575706481933594	58.0
14656	-3.2424169705870423	-15.352573610406814	-43.075584411621094	52.0
14677	-3.549956616833961	-15.81904438145453	-42.52448654174805	52.0
14698	-3.795320148616347	-16.15012659043258	-42.51954650878906	52.0
14714	-3.935025888755095	-16.12608214123946	-42.62568664550781	52.0
14734	-4.228453474019882	-15.909669459490685	-42.884788513183594	52.0
14754	-3.919857090402125	-16.023303050544612	-43.22821044921875	52.0
14774	-3.4367247484959265	-15.691105232853875	-43.38338851928711	52.0
14793	-2.7093183479731793	-15.653136189559923	-43.424774169921875	52.0
14812	-1.6943050134174367	-15.692636266934764	-43.698951721191406	52.0
14831	-0.922203916529386	-15.764974979918433	-43.88069534301758	52.0
14851	-0.5945227675581155	-15.744813277157734	-43.7929573059082	52.0
14870	-1.2736639847524667	-15.779019018864068	-43.692352294921875	52.0
14890	-1.893315659589505	-15.968747270450104	-43.29573059082031	52.0
14910	-2.6224178831959546	-15.761035922134223	-43.03022003173828	47.0
14929	-3.6509663126891674	-16.080840107334136	-42.873321533203125	47.0
14949	-4.960936094897097	-16.379745249620967	-42.61735916137695	47.0
14968	-5.814044980064003	-16.577162699514375	-42.48502731323242	47.0
14987	-4.96896594210604	-16.693896394727037	-42.769309997558594	47.0
15006	-3.9475584745595533	-16.54119949165211	-42.88303756713867	47.0
15026	-2.9163768747591043	-16.265607691440362	-43.209571838378906	47.0
15045	-1.7105423360203798	-16.069762632609695	-43.625362396240234	47.0
15065	-0.7696342464731244	-15.91612445559486	-43.93987274169922	47.0
15085	0.1413825321987689	-15.576618437817933	-44.086456298828125	47.0
15104	0.4703570185756072	-15.112591282271596	-44.31074523925781	47.0
15123	0.14485773361744889	-15.47404436918268	-44.17103958129883	47.0
15142	-0.5368855205003843	-15.321537095516994	-44.15397644042969	59.0
15162	-1.1821787522812481	-15.301242451539695	-44.29513168334961	59.0
15181	-2.0475156589381602	-15.308388494749153	-44.017295837402344	59.0
15201	-3.078594970127695	-15.616983897799882	-43.83366775512695	59.0
15221	-3.7121249698060894	-16.005263102921162	-43.66730499267578	59.0
15241	-3.0728112128347336	-16.376709697314222	-43.79385757446289	59.0
15261	-2.103617582290303	-16.77032342141549	-43.42971420288086	59.0
15280	-2.103617582290303	-16.77032342141549	-43.42971420288086	59.0
15300	-1.8413800565648193	-17.323037526421693	-42.94350051879883	59.0
15318	-1.8413800565648193	-17.323037526421693	-42.94350051879883	59.0
15338	-2.2971832123674925	-16.653284442944233	-43.14632797241211	59.0
15356	-2.150675410647488	-16.120020744407654	-43.52163314819336	59.0
15376	-1.251054039521896	-15.581624904949113	-43.72491455078125	95.0
15396	0.21854776850352142	-15.77897467141482	-43.71729278564453	95.0
15415	1.2310335555299134	-16.241682796979	-43.363319396972656	95.0
15434	2.09531408119134	-16.143761282048008	-43.71613693237305	95.0
15454	2.0305158743635556	-15.697632483753589	-44.056705474853516	95.0
15474	1.1662727482531094	-15.651103628589864	-44.43463134765625	95.0
15492	0.11372224351023388	-15.758353310848598	-44.28532791137695	95.0
15512	-0.8412710546233132	-16.017253497813257	-44.14436340332031	95.0
15532	-1.6842004515488325	-16.73970748625026	-43.849586486816406	95.0
15551	-2.338187256433945	-17.062394704099386	-43.49443054199219	95.0
15570	-2.2039242164655533	-16.9426282559265	-43.56406784057617	95.0
15591	-1.9630235932108568	-16.615209528451988	-43.67123031616211	95.0
15609	-1.755687192507441	-16.223844335507234	-43.785770416259766	95.0
15629	-1.119685347492673	-15.723642193881522	-43.87832260131836	77.0
15649	-0.4503236746548028	-15.379747839157634	-44.108680725097656	77.0
15668	0.07326269363850559	-15.511926293409466	-44.01604461669922	77.0
15687	0.4527982452566125	-15.89718101898835	-43.907779693603516	77.0
15707	0.7331819608855075	-16.109416210892256	-43.96790313720703	77.0
15726	0.10982758745334098	-16.408273661398443	-44.076900482177734	77.0
15746	-0.8935117033738996	-16.77151961383012	-44.06822204589844	77.0
15765	-1.813317427597458	-17.603683333369613	-43.71730422973633	77.0
15785	-2.4023451240124736	-17.842114180339347	-43.93882369995117	77.0
15807	-3.0583165598546174	-18.266216075636123	-43.91742706298828	77.0
15825	-3.0289708474893065	-18.255428300523214	-44.108219146728516	77.0
15842	-2.4300423385184757	-17.893839624212028	-44.34246063232422	77.0
15862	-1.9054154556237435	-17.77175587486437	-44.842185974121094	74.0
15881	-1.161807704927455	-17.89065748984524	-44.76662063598633	74.0
15901	-0.32702598423617085	-16.938319389073442	-45.07295608520508	74.0
15921	0.24789810904775836	-16.437119446528538	-45.264713287353516	74.0
15943	-0.02467286263310078	-16.894226042589903	-45.08326721191406	74.0
15961	-0.3432999968068265	-17.01916266452304	-44.984397888183594	74.0
15981	-0.8571086456558974	-17.149947967970764	-45.05646896362305	74.0
16000	-1.0231092845768426	-17.267139832959256	-45.035335540771484	74.0
16018	-1.0231092845768426	-17.267139832959256	-45.035335540771484	74.0
16037	-1.3250017073184623	-17.364079126094605	-44.425926208496094	74.0
16056	-2.1025119243252997	-17.268961190043573	-44.37937927246094	74.0
16075	-2.7761836166318417	-17.470569446901088	-44.36611557006836	74.0
16095	-3.1717071812084483	-17.810407442520898	-44.18788146972656	83.0
16115	-2.8566216317870836	-18.022525560774454	-44.045494079589844	83.0
16135	-2.503114120133712	-17.86786634824976	-44.10148239135742	83.0
16154	-1.7412955014715878	-17.693054092745683	-44.103816986083984	83.0
16173	-1.6003578267857872	-17.2943936782066	-44.32330322265625	83.0
16192	-1.4810072327919777	-16.91770649150864	-44.87293243408203	83.0
16212	-0.7480347194437875	-16.582416965643166	-44.94294357299805	83.0
16232	-0.2830157855988928	-16.389996571872654	-44.94401931762695	83.0
16250	0.25257232526066997	-16.61882915272436	-45.139793395996094	83.0
16272	0.08472843378217444	-16.77881553767783	-45.24764633178711	83.0
16291	-0.5170159519762759	-17.045057174006004	-45.509437561035156	83.0
16309	-1.716876722365306	-17.46804715867809	-45.39487838745117	83.0
16329	-2.220280502631787	-17.91510536549312	-45.29232406616211	83.0
16348	-1.916158787597601	-17.999706438963162	-44.97814178466797	96.0
16368	-0.8802883534819689	-17.878419853519123	-45.198150634765625	96.0
16390	-0.10133971199489393	-17.610225845351376	-45.53231430053711	96.0
16406	0.17403372295236164	-17.337888673703898	-45.43606948852539	96.0
16426	0.06444933633281091	-17.148667186158818	-45.14250183105469	96.0
16446	-0.03872375126927868	-17.153287571146095	-45.176048278808594	96.0
16464	-0.5782233625289457	-17.247112451992034	-45.427242279052734	96.0
16486	-1.7073939864132395	-17.615999164508104	-45.29328155517578	96.0
16506	-2.4091320983744526	-17.937554273237456	-45.46368408203125	96.0
16523	-1.9087891304749034	-17.943133392085134	-45.63803482055664	96.0
16543	-1.776524682458672	-18.5208194708022	-45.58544921875	96.0
16562	-2.5211530404366225	-18.829572916127717	-45.69206619262695	96.0
16582	-2.980634028810143	-19.02964508562129	-46.052528381347656	115.0
16602	-2.429764700253659	-19.041836672437757	-45.924957275390625	115.0
16622	-2.523496104057945	-19.330254575974273	-45.810630798339844	115.0
16641	-2.566459912201867	-19.42395621173239	-45.8530387878418	115.0
16660	-2.2340945472194433	-19.151696542960483	-45.97016143798828	115.0
16681	-1.9272970569290981	-19.184046531259327	-46.03618621826172	115.0
16700	-1.5319055458888982	-18.376715511882594	-46.19738006591797	115.0
16717	-1.5319055458888982	-18.376715511882594	-46.19738006591797	115.0
16737	-1.0801524081359295	-17.854462357554215	-46.435333251953125	115.0
16756	-0.6955775957854412	-17.530761004221905	-46.6518669128418	115.0
16776	-0.9569501716561756	-17.58191932268232	-46.89460372924805	115.0
16796	-1.1338577222511448	-17.532082085429995	-46.723304748535156	115.0
16815	-1.5483401156414396	-17.541851637753552	-46.626407623291016	119.0
16834	-2.32537262566994	-18.086124259765104	-46.381954193115234	119.0
16854	-3.023027679287062	-18.380980782363647	-46.348140716552734	119.0
16873	-3.5771739425573625	-19.388378399259423	-46.02025604248047	119.0
16893	-3.56437607534114	-19.641431453725644	-46.07402038574219	119.0
16912	-3.14755981110613	-19.461199608868483	-45.812339782714844	119.0
16933	-2.615107206009927	-19.280853128561997	-45.91027069091797	119.0
16952	-1.7829651630038896	-18.679085964724102	-46.40287399291992	119.0
16970	-1.3125381544421715	-18.37933935907158	-46.7326774597168	119.0
16989	-0.7716845540917604	-18.29023297481724	-47.01527786254883	119.0
17009	-0.546047590483639	-17.71871206034538	-47.077484130859375	119.0
17029	-0.7821791117684428	-17.45915226296317	-47.21842575073242	119.0
17048	-1.3067418479632071	-18.07681814299417	-46.981292724609375	119.0
17068	-1.9428388930717988	-18.622592834595324	-46.89113235473633	119.0
17088	-2.350914112004413	-18.60943607820529	-46.687583923339844	119.0
17107	-2.6855612630312793	-18.429963168601336	-46.91447067260742	119.0
17126	-2.8222544684500908	-18.8791102053071	-46.82526397705078	119.0
17145	-3.1811222941796977	-19.109999344652955	-46.66849899291992	119.0
17165	-2.495990955062965	-18.8326856722719	-47.019248962402344	119.0
17185	-1.7421111680968373	-18.767161339893644	-47.112186431884766	119.0
17204	-1.6517569918280643	-18.829059211081628	-46.82380294799805	119.0
17223	-2.097437731699778	-18.820644347197415	-47.01988983154297	119.0
17242	-1.8439403426720593	-19.199632975042864	-47.341590881347656	119.0
17262	-1.6322287882380475	-19.110876083873407	-47.255245208740234	119.0
17281	-1.676883208358404	-18.68631266169564	-47.24013900756836	119.0
17303	-2.045172846600388	-18.765292185322668	-47.387393951416016	120.0
17320	-2.9817765747073133	-18.63910618650378	-47.316986083984375	120.0
17341	-3.286478738687633	-18.71604854534366	-47.3476448059082	120.0
17361	-3.6927879141408524	-18.981844625934645	-47.317481994628906	120.0
17381	-4.133488166617516	-19.074710246463717	-47.240013122558594	120.0
17400	-4.505764464399315	-19.07822732947285	-46.86384201049805	120.0
17419	-4.505764464399315	-19.07822732947285	-46.86384201049805	120.0
17436	-4.185271860727438	-19.295709063888072	-46.936283111572266	120.0
17456	-3.4981272262154706	-19.55395174879011	-46.85041809082031	120.0
17476	-2.857776362805329	-19.50313096540699	-46.98482131958008	120.0
17495	-2.613389791708387	-19.430814271607197	-47.15623092651367	120.0
17515	-2.556949538629651	-19.133248046920674	-47.32368850708008	120.0
17534	-1.961334121074664	-19.27484094378732	-47.608009338378906	121.0
17553	-1.6788525073924143	-19.12138547420093	-47.75189971923828	121.0
17572	-1.9165829009833857	-19.14143244728077	-47.873111724853516	121.0
17592	-2.6638797756317674	-19.226993937251148	-47.77162170410156	121.0
17617	-3.725497474027189	-19.757166641602165	-47.985713958740234	121.0
17636	-4.612579723876168	-19.85861723342442	-47.77068328857422	121.0
17652	-5.108609205095525	-20.531798053995914	-47.4169921875	121.0
17671	-5.134153790607341	-20.820216407769134	-47.23003387451172	121.0
17689	-4.999855775747723	-20.491013647484777	-47.48995590209961	121.0
17709	-5.129400379669803	-20.65699362267449	-47.429298400878906	121.0
17729	-5.287310883247493	-20.70043269633453	-47.28102111816406	121.0
17747	-4.936839163165181	-20.71729463412655	-47.37800979614258	121.0
17767	-3.2014760891079996	-20.47037450061275	-47.29153823852539	121.0
17787	-2.0281785732464988	-20.11397551657497	-47.54450607299805	99.0
17806	-1.822362458707464	-19.922299534375018	-47.62437057495117	99.0
17826	-2.0836562371954264	-19.26688393513435	-48.01406478881836	99.0
17845	-2.0208086774273073	-18.881642766348584	-47.88008117675781	99.0
17865	-2.3011714823216423	-19.62278430718016	-47.48711395263672	99.0
17884	-3.2034519214178006	-19.981634294317292	-47.51677322387695	99.0
17903	-4.005733438136587	-20.481316233006726	-47.34336853027344	99.0
17923	-3.8619531547138606	-21.15117348073982	-47.18035125732422	99.0
17942	-3.7876414534608793	-21.053493099547353	-47.170013427734375	99.0
17962	-4.300166287921445	-20.720138068232632	-47.209693908691406	99.0
17983	-4.1356717660768645	-20.6064488077138	-47.14143371582031	99.0
18000	-3.614219295737496	-20.129236065876835	-47.4439697265625	99.0
18019	-3.6883161122226236	-20.1125154983664	-47.70217514038086	48.0
18041	-3.7717709522985876	-19.973791816943454	-47.69305419921875	48.0
18060	-2.9873199305535016	-20.02071195340684	-47.437652587890625	48.0
18083	-2.2621680632552987	-19.96295924824325	-47.40067672729492	48.0
18099	-1.6842879549966292	-20.296360526091004	-47.63373565673828	48.0
18117	-1.6842879549966292	-20.296360526091004	-47.63373565673828	48.0
18137	-1.8295830900969607	-20.45448533527395	-47.63405990600586	48.0
18156	-2.1771974041445654	-20.11902326290162	-47.629608154296875	48.0
18176	-2.8526096651195143	-20.145252756459552	-47.568214416503906	48.0
18195	-3.2290444661339652	-20.479860328365408	-47.10011291503906	48.0
18216	-3.58320313148131	-20.623514973628616	-46.971649169921875	48.0
18237	-4.213820989018328	-20.99901371444978	-46.78935623168945	48.0
18253	-4.844092965475698	-21.611001107946503	-46.40774917602539	49.0
18273	-5.0537373636908045	-21.982844220985765	-45.947357177734375	49.0
18292	-4.425565836687306	-22.250364273031472	-45.954708099365234	49.0
18311	-3.748462070309734	-22.27087126462584	-45.89997482299805	49.0
18332	-3.662940669082902	-22.202520877785044	-45.779232025146484	49.0
18350	-3.3673063229937563	-21.881289017626784	-46.06252670288086	49.0
18370	-2.778565671318362	-21.605162566296443	-46.0915641784668	49.0
18389	-2.6850043673731188	-21.395413821092827	-46.31523895263672	49.0
18409	-2.2032763971615457	-21.507946646481493	-46.19447708129883	49.0
18429	-1.795734148106835	-21.626820320196032	-45.92155456542969	49.0
18448	-1.9374295060655713	-21.65303515682516	-45.61429214477539	49.0
18467	-2.810278956449428	-21.485214174946037	-45.70176696777344	49.0
18487	-3.174552768808374	-21.429455962816967	-45.652069091796875	49.0
18506	-4.282908733728263	-22.0403321938589	-45.18617630004883	53.0
18525	-5.38042537182731	-22.90852222092157	-44.70671844482422	53.0
18545	-4.616509848296418	-22.979670436336004	-44.63453674316406	53.0
18566	-3.587520633522934	-23.262201026626766	-44.434085845947266	53.0
18584	-3.203096236564723	-23.01390287624271	-44.83388137817383	53.0
18603	-3.1174323861125033	-22.32917359006249	-45.318363189697266	53.0
18623	-3.2061432512136716	-21.734696098732943	-45.70596694946289	53.0
18642	-2.938005770169195	-21.29442077722454	-46.00463104248047	53.0
18662	-2.7697629176486562	-21.175937065048785	-46.115928649902344	53.0
18682	-2.8874953678460233	-21.73615828922286	-45.836055755615234	53.0
18700	-3.3598501073475187	-22.33569530900563	-45.24928665161133	53.0
18720	-3.6902753198812936	-22.789437973851097	-45.054134368896484	53.0
18741	-3.892303201414426	-23.048255061057183	-44.81316375732422	62.0
18760	-4.642909972517824	-23.22471681196634	-44.52466583251953	62.0
18781	-5.0778545455005535	-23.586441420477716	-44.13768005371094	62.0
18800	-4.9579867135486895	-23.645846499512356	-44.09001159667969	62.0
18817	-4.9579867135486895	-23.645846499512356	-44.09001159667969	62.0
18836	-4.378131834136535	-24.043527993221712	-43.71441650390625	62.0
18857	-3.5059001685935876	-23.792876019252674	-43.97760772705078	62.0
18876	-2.7432377782990907	-23.60406194237983	-44.04631042480469	62.0
18897	-2.713462802739195	-23.459479040796268	-43.923580169677734	62.0
18914	-2.674179985685274	-23.380568550361538	-43.53232192993164	62.0
18934	-2.7164461282538763	-22.857932984459122	-43.620853424072266	62.0
18954	-3.1424120429130227	-22.621683475128865	-43.5221061706543	62.0
18973	-3.551781919938205	-22.256376702304408	-43.377803802490234	83.0
18993	-4.000808869156745	-22.49081025967327	-42.96565628051758	83.0
19014	-4.405323837546508	-22.63102884948415	-42.36940383911133	83.0
19032	-4.614208679894184	-22.80935566314041	-42.20304489135742	83.0
19051	-4.964802858250444	-23.39631100778828	-41.8503303527832	83.0
19070	-4.963230396823765	-23.31186410506979	-41.94623565673828	83.0
19090	-4.670677313855956	-23.243171937778857	-41.70895004272461	83.0
19109	-4.041203232279328	-23.338106083614004	-41.679832458496094	83.0
19128	-1.6724464136615644	-22.804477982398712	-42.15215301513672	83.0
19147	-0.6874615410406887	-22.706233155859525	-42.227027893066406	83.0
19167	-1.5134645887222655	-22.804836161665357	-41.99059295654297	83.0
19187	-2.1506053043986157	-22.802957320302724	-41.776283264160156	83.0
19207	-1.9029223803228479	-22.49861612365345	-41.9484748840332	83.0
19226	-1.7849655431511904	-22.88131515403817	-41.41279220581055	107.0
19245	-2.2436351908144614	-22.99606981453755	-41.21841049194336	107.0
19265	-2.731514271941547	-23.048056138409283	-40.95610427856445	107.0
19284	-3.37502216847712	-23.14232038195319	-40.36733627319336	107.0
19303	-3.287586103049604	-23.137053898284567	-39.85480499267578	107.0
19323	-2.7915582810555173	-22.896022402070443	-39.95869445800781	107.0
19343	-2.088827720011967	-22.26330819118935	-40.092926025390625	107.0
19362	-1.7980102800116196	-22.2272647798598	-39.89284133911133	107.0
19382	-1.1029901202001642	-21.896132134255875	-39.937705993652344	107.0
19400	-0.08726365370974097	-21.871145298291935	-39.93611526489258	107.0
19424	0.0389235065509287	-21.834259743745825	-39.383323669433594	107.0
19440	0.0389235065509287	-21.834259743745825	-39.383323669433594	107.0
19460	0.01124769896788025	-21.918740756942913	-39.17462921142578	124.0
19480	0.1647696325102433	-21.390590302579238	-39.31519317626953	124.0
19499	0.1647696325102433	-21.390590302579238	-39.31519317626953	124.0
19517	-0.1673980014782859	-20.72740827975551	-39.43291091918945	124.0
19537	-0.5918430682637966	-20.111302783231952	-39.410484313964844	124.0
19556	-1.110272963312461	-19.869757745875	-39.25753402709961	124.0
19576	-1.5154694628458059	-19.770656912574896	-39.05766677856445	124.0
19595	-2.042449786607294	-19.96144007345494	-38.80528259277344	124.0
19615	-2.3783124543792162	-20.35401382955844	-38.19120407104492	124.0
19634	-1.5410831199230617	-20.75359851597193	-38.011173248291016	124.0
19654	-1.2348596525361988	-20.092686936928143	-37.847496032714844	124.0
19673	-0.48197520758375245	-19.74930112874275	-37.754417419433594	124.0
19694	0.46476694454678674	-19.076511308136293	-37.78318405151367	124.0
19712	1.1665185435526235	-18.79859901381223	-37.79225158691406	137.0
19732	1.0981924129990046	-18.43752579456827	-37.642826080322266	137.0
19751	1.1963547552114246	-18.41916629737334	-37.55384063720703	137.0
19771	0.9328713037106596	-18.519767464426412	-37.512821197509766	137.0
19790	0.17070688511178653	-18.716448330581503	-37.207515716552734	137.0
19811	-0.5304251893324923	-18.688156329191703	-36.914302825927734	137.0
19829	-0.9787473371558344	-18.422970266511534	-36.998661041259766	137.0
19848	-0.5416721692795782	-17.49862351044999	-37.34719467163086	137.0
19868	-1.1776231793553107	-18.05044460487775	-36.766380310058594	137.0
19887	-0.6588640511786972	-18.151968538968514	-36.5108642578125	137.0
19906	0.14451296348196307	-18.082205450589285	-36.332401275634766	137.0
19927	0.6451865821913694	-17.816954606771773	-36.22089767456055	137.0
19946	0.6390685524375115	-17.477690144154312	-36.2440071105957	151.0
19965	0.8090620253549806	-17.254784327112436	-36.51066970825195	151.0
19984	1.2116541043138613	-17.05144706325289	-36.528785705566406	151.0
20005	1.5861865456281035	-16.66034593889592	-36.15562438964844	151.0
20024	1.788221223864148	-16.08837555811056	-36.24065017700195	151.0
20043	1.5044380113396139	-15.80625662364698	-36.385597229003906	151.0
20062	1.4547333999424075	-15.92529367981776	-36.148929595947266	151.0
20082	1.49139161220531	-15.732946260932657	-36.05494689941406	151.0
20107	1.4906760822600433	-15.702256622826942	-35.68079376220703	151.0
20120	1.1071715840961058	-15.771493118885633	-35.28731918334961	151.0
20140	0.7981765790787431	-15.89474185267856	-34.8447151184082	151.0
20161	0.7981765790787431	-15.89474185267856	-34.8447151184082	151.0
20181	-0.005638196429159527	-16.15513502602551	-35.09126281738281	105.0
20200	-0.005638196429159527	-16.15513502602551	-35.09126281738281	105.0
20217	0.260844760510055	-15.999967140694807	-35.02199172973633	105.0
20237	0.4983090335817342	-15.577374716274043	-35.037750244140625	105.0
20257	0.7215742413465579	-15.35997023087531	-35.1114501953125	105.0
20276	1.063103364547124	-14.870833506264448	-35.40960693359375	105.0
20296	1.4029048507643056	-14.584877557975833	-35.565948486328125	105.0
20315	1.550716282257546	-14.001662747106495	-35.81263732910156	105.0
20335	1.7714754740207534	-13.902561324634906	-35.960670471191406	105.0
20354	1.6400416130356894	-13.71395884152427	-35.72490310668945	105.0
20373	1.3510434230584052	-13.396485303107127	-35.75294876098633	105.0
20392	0.840012549418421	-13.376363522531515	-35.84222412109375	105.0
20413	0.4022140966926935	-13.634420056814282	-35.885284423828125	105.0
20432	-0.153618921323588	-13.746799608140517	-35.7515983581543	107.0
20451	-0.2896606469249455	-13.77833721568814	-35.86836242675781	107.0
20471	0.17908837940146602	-13.743366996061223	-35.8794059753418	107.0
20490	0.053255509213289684	-13.35184842761917	-36.00444030761719	107.0
20509	0.6687120467153791	-13.06563135207629	-36.337669372558594	107.0
20528	1.5842920068801336	-12.41861092250655	-36.3776969909668	107.0
20548	1.9028880347697665	-12.221034007229857	-36.572906494140625	107.0
20568	1.1911976337710197	-11.975554468324026	-36.53373718261719	107.0
20587	1.4041726119724083	-11.92146937964718	-36.756370544433594	107.0
20610	1.3360203820324734	-11.870124586704057	-36.529090881347656	107.0
20625	0.7612168477483093	-11.369831945286876	-36.72697830200195	107.0
20645	0.31408884115706737	-11.133718021658092	-36.625484466552734	107.0
20664	-0.07243855745360206	-11.40887150558818	-36.662906646728516	115.0
20685	-0.3871372364956325	-11.636876015274629	-36.713623046875	115.0
20703	-0.3563399491740671	-12.164895580854655	-36.502685546875	115.0
20724	-0.005337076396867024	-12.021272685396047	-36.46413040161133	115.0
20742	0.4696287552510579	-11.892296566234284	-36.42743682861328	115.0
20761	0.4967374974188055	-11.620075094661068	-36.7559814453125	115.0
20780	0.8231711957917738	-10.94273834051112	-36.87651062011719	115.0
20800	1.1899766520269908	-10.593767126621385	-37.15144729614258	115.0
20820	1.4108310402602142	-10.173912418202125	-37.32682418823242	115.0
20840	1.3685608560764582	-10.09448535747539	-37.66921615600586	115.0
20860	0.7423161106067866	-10.287271509778462	-37.744258880615234	115.0
20880	0.2230407451042393	-10.222113241458077	-37.614383697509766	115.0
20899	-0.6414330810099624	-10.208106300244491	-37.68132400512695	127.0
20917	-0.6414330810099624	-10.208106300244491	-37.68132400512695	127.0
20937	-0.8877842379147245	-10.109852038613687	-37.745330810546875	127.0
20956	-1.1062525445195683	-9.845733590775152	-37.81766891479492	127.0
20975	-1.0277698229161165	-9.987176592810233	-37.754764556884766	127.0
20996	-0.7445059339303801	-9.949283421213433	-37.50364685058594	127.0
21015	-0.38695829174255536	-9.460622238922342	-37.4570426940918	127.0
21034	0.07627314668895803	-8.897221602336185	-37.45333480834961	127.0
21054	0.16522453902195264	-9.047950306922198	-37.7856559753418	127.0
21073	0.15792889476769884	-9.165305391667957	-37.7742919921875	127.0
21092	-0.0013858966995662152	-9.043911933179105	-37.77256393432617	127.0
21111	-0.00999626103662155	-8.764600837419504	-38.10579299926758	127.0
21133	0.019872582512388662	-8.394413046053444	-38.157623291015625	127.0
21151	-0.430147674073488	-8.15565701070289	-38.5636100769043	140.0
21171	-0.731407281083055	-8.309255649311739	-38.61980056762695	140.0
21189	-0.9686870902151261	-7.999994466330878	-38.96678161621094	140.0
21209	-1.0744953376308328	-7.208586827618404	-39.30449676513672	140.0
21229	-1.3763109765739585	-6.949228739470923	-39.44282150268555	140.0
21249	-2.40280731044152	-6.884056236895292	-39.53087615966797	140.0
21268	-2.378670709876847	-7.353082049812481	-39.503692626953125	140.0
21287	-1.9733982758088155	-7.9279793263294245	-39.73029327392578	140.0
21306	-1.8068679539763988	-7.91868558525061	-39.72305679321289	140.0
21326	-1.4911174810403451	-7.684277148497716	-39.89579391479492	140.0
21345	-0.902859764940913	-7.490823299421926	-40.05154037475586	140.0
21365	-0.5293751349959197	-7.136203325551456	-40.1158447265625	140.0
21384	-0.5285208926895119	-6.799723666731494	-40.153480529785156	150.0
21404	-0.6845942703858247	-6.822814225393193	-40.29788589477539	150.0
21423	-1.1301058305790697	-6.405577959792699	-40.57992172241211	150.0
21442	-1.5163083218635038	-6.226969749562036	-40.36131286621094	150.0
21462	-2.244550030113198	-6.423767885446087	-40.616188049316406	150.0
21481	-2.8825830840104802	-6.66682841985496	-40.76972961425781	150.0
21501	-3.202890942683638	-6.998330302350647	-40.687042236328125	150.0
21520	-3.36791669727362	-6.858277194417871	-40.76985549926758	150.0
21540	-3.3071219242920025	-7.084420049846611	-41.07676315307617	150.0
21560	-3.531223048261922	-6.849277942230396	-41.046356201171875	150.0
21580	-3.531223048261922	-6.849277942230396	-41.046356201171875	150.0
21600	-3.1120545519852247	-6.859862843103304	-40.99897766113281	150.0
21618	-2.3473076572743046	-6.625854863539014	-41.32813262939453	154.0
21638	-1.7882770536064327	-6.097685376430606	-41.19682312011719	154.0
21656	-1.6754506518694243	-6.139412224045065	-41.14668655395508	154.0
21675	-1.9716227555621428	-6.030571852406781	-41.16158676147461	154.0
21696	-2.1700357490672255	-6.213213701264876	-41.1462287902832	154.0
21715	-3.0735414266073633	-5.655546262178175	-41.0600700378418	154.0
21734	-3.4578872084470595	-5.556538185369237	-41.199134826660156	154.0
21754	-4.084656218319854	-5.678681190529099	-41.19530487060547	154.0
21772	-4.2600778174391465	-5.67801008533419	-41.50969696044922	154.0
21792	-4.9002848455938945	-5.934165273394993	-41.57050323486328	154.0
21812	-4.944050269994495	-5.728871207660864	-41.9106330871582	154.0
21832	-4.352797280929723	-5.6995000486978675	-42.113189697265625	154.0
21852	-4.289671455164832	-5.36547307413537	-42.335567474365234	154.0
21870	-4.029973593417734	-5.72805157761596	-42.62043380737305	166.0
21890	-3.285722552598113	-5.529157480961935	-42.98281478881836	166.0
21910	-2.1445444642166205	-5.41205457136342	-43.44813537597656	166.0
21929	-1.9967428577107	-5.551444586347043	-43.39647674560547	166.0
21948	-1.8967697054616512	-5.848959426642714	-43.38131332397461	166.0
21968	-2.3351214924980437	-5.807643807097561	-43.218849182128906	166.0
21987	-3.384954724370452	-6.122263000858529	-43.36064529418945	166.0
22006	-4.517588227088848	-6.409018858518346	-43.467506408691406	166.0
22026	-5.197299862801538	-6.0014838150134935	-43.49236297607422	166.0
22046	-5.740445684827631	-6.246227079145283	-43.29526901245117	166.0
22065	-6.195461789929154	-6.668046133720531	-43.15817642211914	166.0
22085	-6.446887394240062	-6.813094351769318	-43.295997619628906	166.0
22103	-5.77428279576363	-6.759234024860764	-43.65449905395508	174.0
22123	-4.844824202874888	-6.210431624009602	-43.84535217285156	174.0
22143	-4.096026484153898	-5.269428349867227	-44.1390495300293	174.0
22162	-3.685214538749611	-4.76444305421969	-44.05432891845703	174.0
22181	-3.697513708053106	-4.575130519216728	-44.236549377441406	174.0
22200	-3.825253045170424	-4.291666108449215	-44.673240661621094	174.0
22221	-3.827227441924557	-4.626179324937171	-44.50040817260742	174.0
22240	-4.036246982625088	-5.237669786221111	-44.21054458618164	174.0
22260	-4.861046275032993	-5.655749574642104	-44.312679290771484	174.0
22281	-5.960791730742514	-6.05101743676079	-44.31578063964844	174.0
22300	-6.707365838032989	-6.628460553699309	-44.19013595581055	174.0
22317	-6.707365838032989	-6.628460553699309	-44.19013595581055	174.0
22337	-6.97840358691774	-7.008077981820021	-44.59111785888672	173.0
22356	-6.767352904421532	-7.190996117171333	-44.46281051635742	173.0
22376	-6.905549563700242	-7.210822925620837	-44.21662902832031	173.0
22396	-6.5131782189537	-7.300903279847514	-44.64532470703125	173.0
22415	-6.3458282548994704	-7.453198237133231	-44.82575225830078	173.0
22435	-6.355229651693234	-7.137329406620821	-44.8818244934082	173.0
22453	-6.391725832093768	-7.674037466439156	-44.9748649597168	173.0
22473	-6.475779359409384	-7.726857984542212	-45.07545471191406	173.0
22492	-6.8640318888605485	-7.774593545858463	-44.837318420410156	173.0
22512	-7.397896823118304	-7.432913719988559	-44.85710144042969	173.0
22532	-7.773971321314954	-7.448069147459522	-44.82222366333008	173.0
22552	-7.913311523835401	-7.059297241894951	-44.844024658203125	173.0
22571	-7.74344395107311	-6.933856672572006	-45.03487777709961	173.0
22589	-7.712885423141735	-6.662493084045032	-44.94447708129883	137.0
22610	-7.897030867742169	-6.289024246686587	-44.95846939086914	137.0
22629	-7.077372463820712	-6.027751131437104	-44.996910095214844	137.0
22648	-6.616812987083167	-6.285988982876632	-44.93373489379883	137.0
22668	-7.297600846501528	-7.147403767329224	-44.75267791748047	137.0
22687	-7.956174133079869	-6.975382558187131	-44.94066619873047	137.0
22707	-6.429327835589441	-5.789944278578529	-45.278648376464844	137.0
22726	-6.914396239905281	-6.958908512860712	-45.29465103149414	137.0
22746	-8.172677509282547	-7.002907861967782	-45.15190505981445	137.0
22765	-8.360059769599502	-8.01906270444212	-44.95923614501953	137.0
22786	-8.852275549891175	-7.857575396084279	-45.06452941894531	137.0
22804	-8.437608987155302	-7.658725670944113	-45.288795471191406	137.0
22823	-8.321073485714685	-7.48317203604681	-45.238067626953125	117.0
22842	-8.31286725312994	-7.561348465616453	-45.14480209350586	117.0
22861	-5.666427135765929	-6.337353131591304	-45.95985412597656	117.0
22881	-5.388028413772859	-6.488586272051617	-45.62093734741211	117.0
22900	-6.593158077215484	-5.588305709946444	-45.7392578125	117.0
22920	-7.732172562962888	-5.555700960553858	-45.609222412109375	117.0
22940	-7.732172562962888	-5.555700960553858	-45.609222412109375	117.0
22960	-10.741846004923604	-6.486969582321703	-44.86163330078125	117.0
22981	-9.803709860082282	-7.204141562218325	-45.3570556640625	117.0
23003	-10.265284514286183	-7.526341451443042	-45.28018569946289	117.0
23020	-10.265284514286183	-7.526341451443042	-45.28018569946289	117.0
23037	-11.261254084702873	-7.93755135347678	-45.020591735839844	117.0
23056	-11.499692195158543	-8.666862324602254	-45.124847412109375	126.0
23076	-10.767057850266871	-8.370114327258738	-45.38420486450195	126.0
23096	-9.022587283597147	-7.995639993175673	-45.75323486328125	126.0
23117	-7.029575308071899	-8.909786686482747	-46.01680374145508	126.0
23135	-8.097958350286607	-7.918508263055417	-45.691707611083984	126.0
23153	-9.684570462961123	-7.90257849661385	-45.559471130371094	126.0
23173	-11.081638826443342	-8.124743150798757	-45.2619514465332	126.0
23193	-11.358357743173347	-8.053610159731678	-45.45933532714844	126.0
23212	-9.763028021002944	-6.734975957386996	-45.933414459228516	126.0
23232	-8.772793582817922	-8.555636308798237	-45.60915756225586	126.0
23251	-8.96097973466971	-8.454307925826928	-45.984493255615234	126.0
23271	-8.254899057823629	-8.568521682241112	-46.244808197021484	126.0
23291	-8.713921665408682	-8.251216429627005	-46.59634017944336	126.0
23310	-8.325432699807417	-8.353384666174724	-46.53709030151367	130.0
23329	-9.189311896243225	-8.247859221398523	-46.4433708190918	130.0
23350	-9.612732458668713	-8.294109111130199	-46.218170166015625	130.0
23369	-9.405618309176777	-8.104937234805753	-46.59915542602539	130.0
23387	-9.43407790789655	-8.507512215546424	-46.62192153930664	130.0
23408	-9.500319509825871	-8.499204650847593	-46.36590576171875	130.0
23426	-9.645185577886028	-8.358706406385433	-46.138397216796875	130.0
23447	-9.73258451120769	-8.45241999865666	-46.014610290527344	130.0
23468	-9.785519892598519	-8.547881251647109	-46.17290115356445	130.0
23485	-10.136696618287502	-8.5108486418471	-46.115394592285156	130.0
23504	-9.959612483113542	-8.557585990781641	-46.01826477050781	130.0
23523	-9.777953821478341	-8.567979234919965	-45.92167663574219	130.0
23542	-9.461855703616948	-8.862366357454546	-46.12143325805664	135.0
23563	-9.911403519735412	-9.652257058168614	-45.83447265625	135.0
23581	-10.163458779044195	-10.896066904237887	-45.402626037597656	135.0
23601	-9.867876325601431	-11.59984918088738	-45.36907196044922	135.0
23621	-9.299005046437532	-10.817973423083147	-45.72429275512695	135.0
23641	-9.497552198622275	-9.859979311936534	-45.704345703125	135.0
23661	-10.240926269295773	-9.623173233852881	-45.58350372314453	135.0
23682	-10.17604917664889	-10.046204585193273	-45.61954879760742	135.0
23700	-10.05352974648518	-10.784540613418189	-45.4481201171875	135.0
23717	-10.05352974648518	-10.784540613418189	-45.4481201171875	135.0
23737	-9.859731431223892	-10.445249092726444	-45.67615509033203	135.0
23757	-9.232684578391567	-10.432889549206708	-45.96647644042969	135.0
23776	-8.58417746048312	-10.749082593357292	-45.979671478271484	137.0
23797	-8.255001214506779	-11.646114347008785	-45.62004852294922	137.0
23815	-9.344572445732378	-12.277329965331573	-45.45867919921875	137.0
23834	-10.163200450620174	-12.645801297786619	-45.20191192626953	137.0
23855	-9.946917683189325	-12.325937756365379	-45.22761917114258	137.0
23873	-9.265938332785703	-11.556709092792987	-45.76101303100586	137.0
23894	-8.516264051809783	-11.216005468727955	-46.093605041503906	137.0
23913	-7.06570158578091	-11.165342283117388	-46.52348327636719	137.0
23932	-6.243139566272824	-11.295363887256704	-46.695274353027344	137.0
23952	-5.892341348747375	-11.774746638589454	-46.827171325683594	137.0
23971	-5.709495124194615	-12.396425918435854	-46.71208953857422	137.0
23990	-7.082346627120633	-12.735001170225614	-46.6048698425293	137.0
24010	-6.860341059484318	-12.992053850757516	-46.55360794067383	137.0
24030	-8.064443290316394	-13.616220001086655	-46.108673095703125	131.0
24048	-8.416933462436361	-13.175586235551958	-46.143733978271484	131.0
24067	-7.3107982393644795	-12.3866578993978	-46.401947021484375	131.0
24088	-5.647312640666755	-12.235126715688839	-46.556190490722656	131.0
24106	-5.65734558502628	-12.711658426272189	-46.382240295410156	131.0
24126	-5.544494095669675	-13.266060684970265	-46.32704162597656	131.0
24145	-4.410048375654696	-12.793358418511612	-46.40974426269531	131.0
24165	-4.240453663506921	-12.567819724067826	-46.58418273925781	131.0
24184	-4.895548180771156	-12.391847930251428	-46.47105407714844	131.0
24204	-5.619777129616008	-12.515674636946517	-46.218414306640625	131.0
24223	-6.120820235950468	-12.165616101350667	-46.46562957763672	131.0
24242	-6.651162031272397	-12.568707529412253	-46.43743133544922	131.0
24264	-6.984926395660219	-12.770211399033231	-46.24464416503906	120.0
24283	-6.845223632288024	-12.882552822158061	-46.12205123901367	120.0
24300	-6.640062581197453	-13.278813253829826	-46.223304748535156	120.0
24321	-6.85508362235656	-13.712541865415403	-45.9149169921875	120.0
24341	-6.046836903937746	-14.44751900592577	-45.95086669921875	120.0
24360	-5.424168282535725	-14.139260666977352	-46.27439498901367	120.0
24381	-5.660656935179317	-14.384544249288535	-45.8773307800293	120.0
24399	-5.660656935179317	-14.384544249288535	-45.8773307800293	120.0
24417	-6.7903249233851275	-13.856185698160276	-46.02443313598633	120.0
24441	-9.553651771923695	-13.705054397697024	-45.62548828125	120.0
24457	-11.296541242195044	-13.04219359268388	-45.4168701171875	120.0
24476	-12.230663054194075	-11.98931389627628	-45.35724639892578	120.0
24496	-12.71248954731905	-11.413765836594413	-45.53545379638672	121.0
24515	-13.461465025817565	-10.56207832182653	-45.30413055419922	121.0
24534	-14.065643881023277	-9.8988372736589	-45.39308166503906	121.0
24554	-15.483190874065277	-9.521544008195841	-45.09596633911133	121.0
24573	-16.005620612264966	-8.62925625025191	-44.85808563232422	121.0
24593	-15.342805903549635	-7.740714341061994	-45.170597076416016	121.0
24613	-15.193997497505826	-5.602812410619174	-45.40283966064453	121.0
24631	-12.653024866465252	-5.425444118988212	-46.22750473022461	121.0
24651	-11.442887760309524	-4.273450623308591	-46.58662796020508	121.0
24671	-10.203851344534769	-4.1358552493259735	-47.2341194152832	121.0
24690	-11.286269756416477	-4.905318141838584	-46.969261169433594	121.0
24709	-12.456590564767822	-5.055133618362418	-46.728797912597656	121.0
24728	-11.934594218156654	-4.842713133033029	-46.78166198730469	121.0
----------------도착----------------
24751	-11.81504941779589	-6.149296403095289	-46.64977264404297	104.0
24767	-11.83653664695583	-9.421526469059117	-46.571739196777344	104.0
24787	-10.055835376388604	-9.429845737846053	-46.98243713378906	104.0
24807	-10.109849425750234	-9.118259446864021	-47.14182662963867	104.0
24825	-10.670363294406041	-9.818216321098062	-46.60045623779297	104.0
24845	-11.49921715977517	-9.91196382045405	-46.112876892089844	104.0
24864	-11.573960710260474	-8.985095909447507	-46.31851577758789	104.0
24884	-11.17475719765482	-8.034726586965066	-46.82041931152344	104.0
24903	-12.086674987496737	-7.468669937603967	-47.0786247253418	104.0
24922	-12.490143016558678	-7.298839804129924	-46.73966598510742	104.0
24942	-13.451984465043452	-7.621789203538958	-46.44100570678711	104.0
24961	-12.867774669549934	-8.125278505317707	-46.47657775878906	104.0
24981	-11.909157137579026	-8.646807762508017	-46.67329788208008	67.0
25000	-12.150690249304159	-9.31238930771678	-46.534969329833984	67.0
25020	-11.190932607670938	-11.208458571926261	-46.30914306640625	67.0
25039	-9.865849454107792	-11.813568219260802	-46.54396057128906	67.0
25061	-10.968888029198123	-10.36935418716059	-46.149658203125	67.0
25080	-11.49351729500608	-10.439516862330798	-45.84235382080078	67.0
25099	-12.55179574136624	-11.803552104228432	-44.958290100097656	67.0
25117	-12.55179574136624	-11.803552104228432	-44.958290100097656	67.0
25137	-14.387283146924885	-13.501586310832094	-43.81808853149414	67.0
25157	-15.439709804879653	-13.30565677336849	-43.49384307861328	67.0
25175	-16.17079287082123	-11.295856436020337	-43.99821472167969	67.0
25195	-16.543002882298058	-8.98254286545064	-44.364688873291016	67.0
25214	-15.717238967864793	-6.987371504759153	-44.921321868896484	60.0
25233	-12.729147571394105	-6.032352790302266	-46.26654815673828	60.0
25253	-10.588305256485336	-6.0474772417126434	-46.63718032836914	60.0
25272	-10.455750898649312	-8.621378999310053	-46.70639419555664	60.0
25294	-9.881045690102255	-11.014995444592358	-46.38628387451172	60.0
25311	-9.574610871777333	-13.372255534739288	-45.91465759277344	60.0
25332	-8.5243851957305	-14.282920379476282	-45.93760681152344	60.0
