0.0	0.0	6.517741701527481	17.98493101882042	-14.755043983459473
0.0	1.0	5.33222048247142	18.258155826886195	-14.483755111694336
0.0	2.0	5.0897672721108265	19.06313745098484	-14.11998176574707
0.0	3.0	6.760566477282245	20.239952278058148	-13.982938766479492
0.0	4.0	5.376183030520767	20.07803034990389	-15.774805068969728
0.0	5.0	9.685625398074254	20.96224988228207	-13.747377395629885
0.0	6.0	9.27058918213512	20.632390506235765	-13.234176635742188
0.0	7.0	8.55194981907408	17.43405251350962	-19.018674850463867
0.0	8.0	5.778837958788589	21.9673643136625	-13.701924324035645
0.0	9.0	7.16367844312742	21.693497799924643	-14.363643646240234
0.0	10.0	6.0495106960771015	21.92065123827088	-14.746320724487305
0.0	11.0	7.014234381580847	22.517728946096344	-13.219181060791016
0.0	12.0	7.450536475849312	22.505007313743963	-12.334020614624023
0.0	13.0	6.585717654853354	22.06196592340289	-12.029130935668944
0.0	14.0	6.126780634656275	20.06269501691472	-16.0
0.0	15.0	8.238104569947291	23.61243919828136	-9.2337646484375
0.0	16.0	6.654291503695147	24.93391135837839	-11.598433494567873
0.0	17.0	7.819927524481061	27.03594144823053	-6.730459690093994
0.0	18.0	6.350799552659625	28.085519223003644	-9.413572311401367
0.0	19.0	5.09461076096393	29.58826979791633	-11.941864013671877
0.0	20.0	4.406908391994163	29.78223006712196	-16.414867401123047
0.0	21.0	4.470245593247784	33.151870777818	-11.079289436340332
0.0	22.0	5.241807796142273	35.530475991133784	-7.783322334289551
0.0	23.0	4.8940030819901725	35.569292089088584	-12.909272193908691
0.0	24.0	3.1912169516656954	37.42126215684604	-13.730791091918944
0.0	25.0	4.31856613022646	36.57829171065851	-19.38340950012207
0.0	26.0	5.96707397419443	35.94674634214876	-22.16841125488281
0.0	27.0	7.847736875195196	37.90493865581206	-20.95105743408203
0.0	28.0	4.822578796428481	41.1925105807725	-17.240880966186523
0.0	29.0	5.414252477829906	42.55928009326183	-16.144058227539062
0.0	30.0	7.398355097907329	42.65660233577932	-16.428844451904297
0.0	31.0	4.068174150832374	40.06251401339168	-25.545412063598636
0.0	32.0	5.712562373388531	40.45747677122031	-25.530221939086918
0.0	33.0	6.563756148546573	38.81346345677118	-27.939998626708984
0.0	34.0	4.803863126498757	41.84009949982891	-25.808761596679688
0.0	35.0	4.439018865830935	41.276637012859815	-25.59360122680664
0.0	36.0	5.809864017880007	40.17334828364803	-27.461633682250977
0.0	37.0	5.058046626590067	36.86836013035845	-31.440093994140625
0.0	38.0	6.092528068207435	33.55923081627112	-35.50680923461914
0.0	39.0	8.883538404177887	32.97222248417485	-35.31536865234375
0.0	40.0	8.606443951609949	36.190329558311895	-31.45270729064941
0.0	41.0	10.284281635017964	38.4903432888847	-27.33774948120117
0.0	42.0	6.620378526650039	34.813624370609666	-33.835304260253906
0.0	43.0	8.910321307986806	33.37612694633246	-34.230464935302734
0.0	44.0	7.671943012222184	28.91524687735317	-38.59397888183594
0.0	45.0	13.88496956345286	34.75195247747905	-31.48690414428711
0.0	46.0	6.179441571424815	31.229688915125703	-36.17253875732422
0.0	47.0	8.626704487642249	33.49815026817863	-33.70216751098633
0.0	48.0	8.244841795383262	30.9689519504288	-36.27774429321289
0.0	49.0	9.46579273803461	29.27346307891376	-38.01742172241211
0.0	50.0	10.957404675410393	26.925164173957786	-40.03504943847656
0.0	51.0	9.03686886965158	22.564365724905294	-43.3237190246582
0.0	52.0	14.99610719759604	31.99433800785929	-36.2861442565918
0.0	53.0	11.65756948254837	31.022694377583573	-38.93107223510742
0.0	54.0	10.692669041594502	28.75987606451612	-41.55155944824219
0.0	55.0	10.306757955883407	26.102114626072176	-45.42904281616211
0.0	56.0	7.721684449972832	26.708006701902672	-46.292083740234375
0.0	57.0	10.41146630835826	30.233824056351526	-44.9128303527832
0.0	58.0	10.289073715818407	31.83552769318132	-43.59147644042969
0.0	59.0	7.580801125102753	31.14647257848044	-46.28024673461914
0.0	60.0	7.936948678624633	33.298483275841875	-45.56661224365234
0.0	61.0	8.80061665423242	25.19054213445025	-51.00261688232422
0.0	62.0	19.162002925686544	25.024687292255	-47.86870956420898
0.0	63.0	6.029148925731849	18.58421952754164	-53.02919006347656
0.0	64.0	9.484778105282258	30.468686475826846	-46.80354690551758
0.0	65.0	12.208662084346738	34.599511146220856	-43.25890350341797
0.0	66.0	3.6732877477602046	25.846026325273275	-48.66960144042969
0.0	67.0	5.386750503899826	18.33170929202445	-51.16807556152344
0.0	68.0	3.886536266444061	17.846435895267344	-50.60580062866211
0.0	69.0	10.34590958768198	20.894850811949656	-47.6522331237793
0.0	70.0	9.182845922191678	24.338818239436318	-44.67659759521485
0.0	71.0	7.034239931458565	26.23153060557007	-44.55024719238281
0.0	72.0	8.864315346077014	19.93749447405608	-46.34687042236328
0.0	73.0	10.486105440967782	18.23935620484208	-47.32511520385742
0.0	74.0	8.571386502165018	6.83384066037526	-49.504486083984375
0.0	75.0	7.848445198590459	13.048647673404446	-47.607452392578125
0.0	76.0	6.915422249371955	23.03991684301155	-43.28437042236328
0.0	77.0	12.063779982075602	26.613909808457223	-40.30435180664063
0.0	78.0	10.32119233931464	16.325496583013525	-45.64932632446289
0.0	79.0	13.295007079434969	20.4468474520537	-43.9234504699707
0.0	80.0	8.066566365818485	10.645748592513367	-48.52487182617188
0.0	81.0	13.601172476018505	19.718970375741343	-44.09464645385742
0.0	82.0	17.20285653571482	23.424928397257023	-41.843353271484375
0.0	83.0	11.255395085329816	24.382715834663838	-43.16413116455078
0.0	84.0	10.791050095148975	19.624850422610983	-45.30797576904297
0.0	85.0	14.842199440297687	19.80131097585107	-44.241432189941406
0.0	86.0	14.712271465693284	20.346658959260576	-44.343509674072266
0.0	87.0	14.084052313851531	26.41908503352674	-40.64767837524414
0.0	88.0	15.355175148405046	32.64510910501275	-35.88418960571289
0.0	89.0	18.299540086325376	33.03054873452995	-34.00286865234375
0.0	90.0	10.352428045382714	27.49030207681036	-40.27495574951172
0.0	91.0	13.800707101308053	27.92570032844135	-37.08422470092773
0.0	92.0	13.773626906522653	27.896824632617644	-38.25300598144531
0.0	93.0	14.326905650252897	24.379956503262733	-39.44419479370117
0.0	94.0	10.26672821585592	31.64480180555144	-36.00248336791992
0.0	95.0	12.10238217359958	37.06744693624587	-29.218095779418945
0.0	96.0	11.129531480130192	32.39079232316465	-33.47770690917969
0.0	97.0	16.620006406898078	34.31345081284851	-29.66439247131348
0.0	98.0	13.84437742886852	31.612020416687557	-33.61490631103516
0.0	99.0	8.958642146747327	31.976686141251843	-35.1576042175293
0.0	100.0	12.87703572738939	41.26777963465184	-21.48750305175781
0.0	101.0	13.436882220618376	36.10302035711268	-29.127260208129883
0.0	102.0	12.070001203404518	37.46881215678795	-27.988012313842773
0.0	103.0	13.109762731394332	36.66638739529805	-27.4975700378418
0.0	104.0	11.294758448277207	32.66204729018057	-32.45625686645508
0.0	105.0	11.91787426369078	35.46664178634309	-28.972900390625
0.0	106.0	13.519527488619769	38.40819584638904	-24.672080993652344
0.0	107.0	10.577531609608242	39.50222974546672	-25.356250762939453
0.0	108.0	9.67044723447182	36.05896876977343	-28.031658172607425
0.0	109.0	12.48626449863008	33.898118103608944	-29.08322525024414
0.0	110.0	16.425002829233872	34.644756598789705	-27.137283325195312
0.0	111.0	12.2417941323259	33.99403154269142	-29.575462341308597
0.0	112.0	11.474660128148775	37.76429927408399	-23.305885314941406
0.0	113.0	13.625800332663172	37.08040128599138	-24.57465171813965
0.0	114.0	9.158012366832256	34.02813129693125	-30.436166763305664
0.0	115.0	9.516361217680464	32.87983060140911	-30.17595672607422
0.0	116.0	5.673279440591027	27.92835748227116	-35.915435791015625
0.0	117.0	11.209436113504603	30.252522305371027	-31.04641532897949
0.0	118.0	12.83107422106189	32.5952100974622	-26.436260223388672
0.0	119.0	7.382872914067637	29.323678858491004	-32.237213134765625
0.0	120.0	8.923263126329049	25.248834706669268	-34.62590789794922
0.0	121.0	7.47604542180744	25.48603587288485	-34.71778869628906
0.0	122.0	7.391044967489218	17.459726900876344	-38.256683349609375
0.0	123.0	10.418969658966448	22.815258199677157	-33.26628112792969
0.0	124.0	13.261730000389983	23.555935773822505	-30.520915985107425
0.0	125.0	14.960829921830696	24.669109706509005	-27.844989776611328
0.0	126.0	7.068904649220046	16.858707230567536	-35.085777282714844
0.0	127.0	8.356512510282476	19.639937904846484	-30.31330108642578
0.0	128.0	9.77981435680779	10.415027173626768	-34.33797073364258
0.0	129.0	10.762337275455982	19.829268749609657	-28.029464721679688
0.0	130.0	10.80828358483368	15.52604493476031	-28.46901512145996
0.0	131.0	5.639025429586005	16.737763195982946	-28.45846366882324
0.0	132.0	8.277409401237518	15.275643056395428	-29.13497543334961
0.0	133.0	11.7695784171829	12.69604949594277	-26.658336639404297
0.0	134.0	9.75919724146966	14.042396896263568	-27.20423889160156
0.0	135.0	11.871960221995224	17.6814654514322	-24.84385299682617
0.0	136.0	10.183246578517997	19.71969683693301	-23.670995712280277
0.0	137.0	13.560795345712672	19.06713812973019	-22.98432922363281
0.0	138.0	9.595914844081172	19.264226846392404	-25.375423431396484
0.0	139.0	9.3968578940401	16.676563720493725	-27.139423370361328
0.0	140.0	7.50901816543302	15.13164620720487	-30.21585464477539
0.0	141.0	12.377913753736498	20.67062005546772	-25.809171676635746
0.0	142.0	10.79553274983979	20.68802045222445	-28.12960433959961
0.0	143.0	8.69983710635884	23.283580029231054	-27.340944290161133
0.0	144.0	9.305480617666015	23.42106672764224	-28.676088333129883
0.0	145.0	10.66203218646465	23.189535675301254	-29.85174560546875
0.0	146.0	8.217872091965527	22.48885170632888	-32.031742095947266
0.0	147.0	12.22864116165041	23.905713409186102	-31.10100555419922
0.0	148.0	9.293139601269258	30.144592325761565	-28.803733825683597
0.0	149.0	14.735817205945928	29.07896258323663	-28.107364654541016
0.0	150.0	7.558912982441924	25.80314465648621	-33.971893310546875
0.0	151.0	6.7558453572472414	25.15510345142567	-36.398582458496094
0.0	152.0	9.60403864651074	28.589139535541577	-31.97554588317871
0.0	153.0	9.367237581578888	22.91854588430324	-37.10197448730469
0.0	154.0	8.113666570646622	31.66856838296122	-29.79551887512207
0.0	155.0	8.678357389328388	28.189625179287106	-33.256832122802734
0.0	156.0	7.742529090124973	24.01565138568169	-36.6057243347168
0.0	157.0	9.294578563565125	25.5138913816621	-33.70740509033203
0.0	158.0	9.34489979724019	17.998923039292634	-37.67943572998047
0.0	159.0	12.865912936014448	22.64803060969202	-31.595481872558597
0.0	160.0	11.558651868877806	26.7840597633501	-28.03556060791016
0.0	161.0	12.325207573518368	24.921635078103787	-28.07904815673828
0.0	162.0	9.601171853986598	20.728418510298216	-29.57523727416992
0.0	163.0	12.108126364246043	20.70302208715516	-26.384254455566406
0.0	164.0	10.686846950208787	14.343669724294935	-30.24816131591797
0.0	165.0	15.167595714559878	21.939681906150177	-21.01039123535156
0.0	166.0	14.677564237637016	20.924893443623137	-19.91618156433105
0.0	167.0	15.566511554272706	20.832600108555354	-20.797348022460938
0.0	168.0	15.192588252591246	22.65396393274923	-18.751279830932617
0.0	0.0	11.831862106707012	18.015809026027785	-18.88732147216797
0.0	1.0	11.583158726631952	19.673187875640973	-18.21305084228516
0.0	2.0	13.08974882780238	20.33140328602177	-16.13813018798828
0.0	3.0	11.16496649783338	19.97363397293087	-18.475017547607425
0.0	4.0	12.517597207555864	22.77154465078049	-16.225996017456055
0.0	5.0	9.09954767594035	15.487749678938174	-23.91358184814453
0.0	6.0	10.440256449049237	22.153056270210687	-15.828502655029297
0.0	7.0	10.268322813303117	19.965083140436928	-18.39027214050293
0.0	8.0	10.741372786683714	17.00172751357017	-19.736143112182617
0.0	9.0	10.07666835438937	16.09817132806887	-20.89130973815918
0.0	10.0	9.126506850800522	17.651819698090872	-18.494422912597656
0.0	11.0	11.913422825474685	21.937765013994508	-13.319486618041992
0.0	12.0	7.882540203035117	19.07161802497941	-16.854900360107422
0.0	13.0	8.010867797894154	19.963849418868183	-15.177165985107422
0.0	14.0	8.437444135147633	23.36248825426401	-11.617263793945312
0.0	15.0	9.267295542458664	23.18687289194661	-12.700695037841797
0.0	16.0	7.75081437464853	24.02521162947398	-11.117679595947266
0.0	17.0	7.241268189430609	25.571152242909186	-11.48965835571289
0.0	18.0	8.790709184573023	25.924553760119416	-13.231966972351074
0.0	19.0	8.359470649465168	27.545740561115075	-12.510945320129396
0.0	20.0	6.647393871683625	27.915717279056548	-15.584745407104492
0.0	21.0	8.856613337627019	30.612235520536263	-12.42161750793457
0.0	22.0	8.255025012638141	33.65261475885891	-7.11874532699585
0.0	23.0	8.531460595565038	34.740110255305545	-6.762606620788574
0.0	24.0	6.005816559727686	34.946919769558946	-12.143756866455078
0.0	25.0	7.052083196683197	37.44887881553553	-13.832549095153809
0.0	26.0	6.224139265447179	35.4478180137568	-20.116188049316406
0.0	27.0	6.37598793998812	40.234429877640274	-12.22280502319336
0.0	28.0	7.442932372341234	39.00248387509005	-15.639528274536133
0.0	29.0	3.381735671188657	41.84150910530354	-16.84957504272461
0.0	30.0	4.529087351477327	40.720360615075386	-20.55990219116211
0.0	31.0	5.154872811108169	40.23562043832375	-24.238874435424805
0.0	32.0	9.099819610074135	38.30101908221756	-28.229541778564453
0.0	33.0	5.831818141580442	37.28560138908745	-30.879112243652344
0.0	34.0	8.186987783525947	43.93223210089955	-22.187992095947266
0.0	35.0	9.220254116207238	45.541459692346926	-17.54117774963379
0.0	36.0	4.114319182587575	40.66087418483912	-28.79936981201172
0.0	37.0	8.825172991279878	42.27400981556723	-27.798667907714844
0.0	38.0	2.952767498006131	32.168813403990434	-40.07400894165039
0.0	39.0	9.986653299425596	40.01572211853072	-30.553991317749023
0.0	40.0	7.32668266658554	35.303992876129286	-35.89651870727539
0.0	41.0	6.033896439609393	41.29559577708385	-28.76460075378418
0.0	42.0	6.285402981340376	37.85684286946135	-33.45216369628906
0.0	43.0	5.84209756977648	32.95245469650068	-38.31348419189453
0.0	44.0	9.622106109257832	31.764233564325757	-38.27766799926758
0.0	45.0	11.39505844302562	28.591864179290454	-40.51614761352539
0.0	46.0	8.541938488592121	35.05484452785086	-33.98484420776367
0.0	47.0	6.9748849598624085	34.63148488435836	-34.257713317871094
0.0	48.0	8.859079149551034	32.57723605104379	-36.75165557861328
0.0	49.0	8.975086189924161	28.365563149354383	-39.1080322265625
0.0	50.0	6.334823100657391	26.38533576109845	-40.81468200683594
0.0	51.0	8.83267208080428	27.30198857297069	-39.61148452758789
0.0	52.0	7.658350089266232	30.517715784995648	-36.26274490356445
0.0	53.0	4.632844147990604	33.68744471324116	-35.87200164794922
0.0	54.0	6.119216564109363	27.04156830615972	-40.268165588378906
0.0	55.0	8.903706229250936	24.123170569139653	-42.17275619506836
0.0	56.0	9.544435118656516	23.04017045916468	-43.2004280090332
0.0	57.0	3.0391831119858868	22.28449464785599	-43.758399963378906
0.0	58.0	1.4495986075307872	29.558210170468577	-39.72893905639648
0.0	59.0	9.52894233188342	31.737561490490865	-37.42925643920898
0.0	60.0	0.7198115827086009	23.85652379089719	-43.5634880065918
0.0	61.0	2.029198360663104	22.1663759146864	-45.10881042480469
0.0	62.0	-0.2881216311631236	19.555673903271387	-46.04427719116211
0.0	63.0	2.1607230362591747	25.63706145623348	-41.74681854248047
0.0	64.0	1.799145779876473	25.34038130262017	-42.36148834228516
0.0	65.0	-3.2960115779413246	19.02335111187373	-44.53677368164063
0.0	66.0	0.0703685589414047	23.52712337021142	-42.74335861206055
0.0	67.0	-1.177105190882551	15.492094966656548	-44.99251937866211
0.0	68.0	-0.4154710387634966	12.728996527493294	-45.85234451293945
0.0	69.0	0.4773636057423608	18.10101736446121	-42.65593338012695
0.0	70.0	2.477479327788389	29.7400442962189	-35.083065032958984
0.0	71.0	3.3833788735968056	25.432488992053464	-37.37120056152344
0.0	72.0	-0.0682901640297044	21.030514631879598	-39.97871017456055
0.0	73.0	3.637636315144245	24.07666100970885	-37.719181060791016
0.0	74.0	-1.055204550289407	21.03383827579704	-37.85161209106445
0.0	75.0	3.735674097706205	19.87084399259151	-39.65073013305664
0.0	76.0	0.2955738436671133	21.83448153993461	-38.29174041748047
0.0	77.0	2.6329515944719346	26.88243256712345	-33.867218017578125
0.0	78.0	2.8465092649636548	23.438538755431196	-37.77812957763672
0.0	79.0	4.366734233748241	20.23810622861125	-39.65998840332031
0.0	80.0	5.673478515806121	27.31161927397264	-36.610595703125
0.0	81.0	11.126427834737925	28.981634669022576	-33.199981689453125
0.0	82.0	12.066640422510147	30.492179951338247	-32.63923645019531
0.0	83.0	5.566901603462291	30.61456856176956	-34.06926345825195
0.0	84.0	8.047547206324356	29.610209203300297	-35.22431945800781
0.0	85.0	4.285159793711366	27.75499014304899	-37.80500411987305
0.0	86.0	5.554147024325939	32.383839510900714	-34.54237365722656
0.0	87.0	7.588756426312045	33.153091585547315	-33.88909912109375
0.0	88.0	1.2539507406123414	33.95914541715126	-33.430145263671875
0.0	89.0	7.01174954789321	33.425091319627484	-33.05017852783203
0.0	90.0	6.357085698122169	28.795977151182942	-38.20693206787109
0.0	91.0	10.482508490588334	31.21409160902012	-36.56076431274414
0.0	92.0	5.941190146356998	27.20921550322063	-41.93947219848633
0.0	93.0	14.722550842031714	40.37535050948098	-25.195640563964844
0.0	94.0	12.839129764571306	38.47633804752054	-28.406185150146484
0.0	95.0	11.870545828397823	32.08617612084657	-36.462669372558594
0.0	96.0	9.771382526865404	38.87569702733997	-30.566791534423828
0.0	97.0	8.99290489727243	35.21955499266622	-35.66913604736328
0.0	98.0	8.000089556074412	33.98527546103227	-37.7373161315918
0.0	99.0	7.498658137866573	32.33390429990201	-39.25297927856445
0.0	100.0	11.73955967652656	37.36603400145012	-32.04176330566406
0.0	101.0	10.318232242589442	32.601760386444454	-35.355892181396484
0.0	102.0	5.892362891422066	40.50407982813536	-26.623964309692383
0.0	103.0	7.38905036277075	33.849318180616706	-33.09388732910156
0.0	104.0	9.83296518827954	29.420361729577557	-36.69649887084961
0.0	105.0	12.560126927867946	35.00400363626776	-28.92149353027344
0.0	106.0	4.32101678111823	32.60867328934009	-32.12653350830078
0.0	107.0	6.967040725658587	38.20090874369363	-24.63377952575684
0.0	108.0	14.725820272018414	33.08919515213533	-26.23066711425781
0.0	109.0	3.0239432747691164	28.868878731798382	-31.81123352050781
0.0	110.0	1.2499860205759703	26.685631147485484	-32.14130401611328
0.0	111.0	9.509657980840815	29.38732071232456	-26.43595123291016
0.0	112.0	8.260462358764196	24.922403091208647	-29.49760055541992
0.0	113.0	5.885836349166637	27.226267011628888	-27.095008850097656
0.0	114.0	4.4880293608461	21.058703677708127	-30.96134185791016
0.0	115.0	6.265076006330676	16.366596229734498	-31.316478729248047
0.0	116.0	7.749995947664732	27.807126626551597	-20.133113861083984
0.0	117.0	6.175432288280936	16.21215159841487	-30.35894775390625
0.0	118.0	7.265608982890859	21.037041731746367	-24.916749954223636
0.0	119.0	3.540415864461402	22.163191889365248	-23.873422622680664
0.0	120.0	4.196459338521616	16.446148256192004	-27.22823905944824
0.0	121.0	-1.4643148049755992	16.303078664717848	-26.71251678466797
0.0	122.0	3.210851340335449	14.860459836182248	-27.694379806518555
0.0	123.0	4.756565639389451	15.74649714772236	-26.266002655029297
0.0	124.0	8.669402062585338	20.8406603603764	-21.56334686279297
0.0	125.0	1.9909061513596515	16.755037396554524	-26.43121337890625
0.0	126.0	5.638885147334759	18.204175785733558	-26.052583694458008
0.0	127.0	7.625502538891685	17.841250450246616	-26.717464447021484
0.0	128.0	9.902174052302136	17.79540867761036	-25.46986198425293
0.0	129.0	4.119519570446811	14.294424156925412	-30.21478080749512
0.0	130.0	5.637324930398238	20.84613699053973	-26.30894470214844
0.0	131.0	5.602733113234058	27.660932276132595	-21.430086135864254
0.0	132.0	10.678527952171171	24.5648328855261	-22.653793334960938
0.0	133.0	3.7721029144019096	21.906322958015107	-31.038658142089844
0.0	134.0	8.268329701460676	24.769598663543885	-29.308128356933597
0.0	135.0	7.433557397601807	21.54968835779712	-32.902854919433594
0.0	136.0	5.119528596575405	29.535298050259428	-28.22830390930176
0.0	137.0	4.283776030643337	28.005461746426096	-31.10552024841309
0.0	138.0	5.329665853126267	24.818704819348643	-35.12667465209961
0.0	139.0	7.201228729423971	26.123391346560545	-34.01749801635742
0.0	140.0	14.866974090910167	28.598234171278943	-29.64719581604004
0.0	141.0	6.143830020738073	22.463954177166386	-37.093788146972656
0.0	142.0	9.4357468686568	32.76584197817097	-27.283653259277344
0.0	143.0	8.805169650318412	30.48944047404088	-30.323022842407227
0.0	144.0	8.72184492558129	28.982078334363305	-31.75654411315918
0.0	145.0	5.585204591331563	25.87388845527131	-33.7253532409668
0.0	146.0	8.089620152776552	22.80968963172605	-34.6505012512207
0.0	147.0	7.520077185339946	25.991328057470792	-32.418418884277344
0.0	148.0	9.275239318925028	30.017667073090248	-27.57717704772949
0.0	149.0	7.205737590888115	26.83218804259538	-29.2502555847168
0.0	150.0	6.501433842246236	24.521949488141416	-30.36543273925781
0.0	151.0	13.071383521887435	20.44203005863796	-29.858470916748047
0.0	152.0	13.728051528766036	26.67150101408957	-22.12061309814453
0.0	153.0	11.934511070652768	27.313815094787007	-22.29641914367676
0.0	154.0	13.367683453693369	27.465471015623304	-22.18428421020508
0.0	155.0	11.9556517268461	25.245061093627594	-23.76505279541016
0.0	156.0	9.941632440980989	27.207114007560858	-22.26322364807129
0.0	157.0	13.184962674315742	25.80709655227812	-19.87381362915039
0.0	158.0	11.7040662797406	22.398621464333928	-24.39860725402832
0.0	159.0	14.303113358264316	24.888752829624288	-20.083162307739254
0.0	160.0	11.564734470193526	24.15430668212146	-22.224477767944336
0.0	161.0	12.271629263921644	25.379537979356343	-20.762264251708984
0.0	162.0	12.10698633656087	27.66106781728193	-18.66955947875977
0.0	163.0	14.609536630450236	26.00270691797556	-17.582523345947266
0.0	164.0	16.657247025565212	25.20595148351022	-16.293432235717773
0.0	165.0	15.917365877681773	26.72429481644528	-14.9738130569458
0.0	166.0	16.515329253264998	26.963292076115795	-14.452235221862791
0.0	167.0	15.68001202670024	26.865826545877997	-15.037559509277344
0.0	168.0	17.097827259281146	26.20493661656524	-14.242509841918944
0.0	0.0	17.047769812521015	15.559624516109269	-22.853689193725582
0.0	1.0	18.94148137002457	17.09156358919663	-19.383909225463867
0.0	2.0	16.977765753954536	18.57753080428075	-20.47689247131348
0.0	3.0	16.731466521086844	19.64711199777879	-18.328855514526367
0.0	4.0	16.70043333915942	16.371727162221596	-20.775146484375
0.0	5.0	16.965643685673715	16.80831587131373	-19.560619354248047
0.0	6.0	13.869069485547325	19.315033967716985	-17.643308639526367
0.0	7.0	14.614124081245691	17.345466849565174	-20.98641586303711
0.0	8.0	12.11477471645425	18.40386387588502	-20.420215606689453
0.0	9.0	14.984163231974328	19.12320394166015	-18.06352806091309
0.0	10.0	12.732681832250073	21.211885747906237	-18.304018020629883
0.0	11.0	13.68766898732792	21.002675390248235	-16.464672088623047
0.0	12.0	14.45485332627495	20.553609678797542	-16.045806884765625
0.0	13.0	14.124219733486486	21.555291163881837	-17.03894805908203
0.0	14.0	15.708243859765547	22.203751400994708	-15.308392524719238
0.0	15.0	16.181405614894803	22.392413230348843	-15.53499984741211
0.0	16.0	14.043294789769082	24.914437653968594	-16.689661026000977
0.0	17.0	16.366912008866013	27.287640327222476	-8.172663688659668
0.0	18.0	13.624612073841227	26.02086685965929	-16.395137786865234
0.0	19.0	12.2216954553237	28.069210872027877	-18.366436004638672
0.0	20.0	13.245425570986985	30.741770834950945	-15.192277908325195
0.0	21.0	13.436770632893822	32.58631155149445	-12.906808853149414
0.0	22.0	11.458503108617808	34.87983981785196	-11.50125217437744
0.0	23.0	11.714993324077083	35.087092456535046	-11.992518424987791
0.0	24.0	11.441019030362527	33.28317577212199	-20.89205551147461
0.0	25.0	9.772564315552136	34.51180257560773	-19.57343292236328
0.0	26.0	9.866577313390254	34.763043921800346	-21.2520809173584
0.0	27.0	10.60493299697507	36.49995057771893	-20.72114944458008
0.0	28.0	10.300241730547242	38.78853275267292	-16.38434600830078
0.0	29.0	9.17029238028545	41.035956790008825	-15.152422904968262
0.0	30.0	5.234484720249982	39.51535809647381	-22.822494506835938
0.0	31.0	5.607587257616533	38.03134555975352	-26.17328453063965
0.0	32.0	4.003511774325886	38.885685514691446	-26.58114624023437
0.0	33.0	4.759716667535429	40.4367824344188	-24.72146987915039
0.0	34.0	0.7510365682120763	42.49590245153807	-25.11878967285156
0.0	35.0	0.5799222084611143	37.004397656050216	-32.601558685302734
0.0	36.0	0.2398802402230707	34.44437694683419	-36.15612411499024
0.0	37.0	2.9252078815243987	36.11061504211435	-35.31061935424805
0.0	38.0	6.148449733646395	37.6869490273177	-33.003082275390625
0.0	39.0	-0.6965648051093479	30.837916866844505	-39.89336013793945
0.0	40.0	1.1462106210831853	39.39704730833727	-30.53861618041992
0.0	41.0	2.559838620458574	37.2689061335278	-32.58256149291992
0.0	42.0	3.8450473105061183	37.65232541531612	-32.14030838012695
0.0	43.0	-0.9671622326087376	27.96968787197016	-39.38750076293945
0.0	44.0	3.671839358504672	31.462681477735263	-36.36141586303711
0.0	45.0	-0.5607088762914159	22.245935317994974	-42.3778190612793
0.0	46.0	0.9095300601435454	29.764562848344035	-36.39575958251953
0.0	47.0	-8.192306080953802	28.11725563247246	-35.6556396484375
0.0	48.0	0.6350515377460755	24.49409267852571	-38.64424896240234
0.0	49.0	-1.0888172970934888	20.51663989313	-41.06972503662109
0.0	50.0	3.5559402364712764	24.023017605474017	-36.74163818359375
0.0	51.0	4.273104251995397	31.703121373629266	-30.899524688720703
0.0	52.0	2.7417946538184697	21.980572627513048	-37.86749649047852
0.0	53.0	3.030757118730493	23.051949188294245	-36.43089294433594
0.0	54.0	-2.918182245991781	23.071706168657755	-35.97745895385742
0.0	55.0	-1.7898406296204743	16.697508034766578	-38.43082427978516
0.0	56.0	-3.154801876973235	19.00098459826757	-36.65175628662109
0.0	57.0	0.5729799529288869	20.849557532134813	-34.65235900878906
0.0	58.0	-6.561406610106996	23.36656109298371	-32.728416442871094
0.0	59.0	-4.20386066468298	20.3507342270516	-33.734657287597656
0.0	60.0	-0.4772470979337586	19.715284011275457	-34.19219207763672
0.0	61.0	-0.9643755190000678	16.04138781437878	-35.72581481933594
0.0	62.0	-0.758700496813098	14.871493379521826	-35.73922348022461
0.0	63.0	-0.8195416010979402	15.360542821979344	-35.8638801574707
0.0	64.0	5.034046907745895	25.786290596863378	-28.775373458862305
0.0	65.0	-3.625228390512571	23.270544889739256	-31.0468864440918
0.0	66.0	-4.2192856558573855	28.293837784594583	-26.07034683227539
0.0	67.0	-2.5732922772073343	20.79170937241769	-31.868337631225582
0.0	68.0	1.1985124904223112	29.11608237439581	-25.339675903320312
0.0	69.0	0.1601708445715103	19.2706542147682	-33.911773681640625
0.0	70.0	3.675964759780449	30.45042698643486	-22.926044464111328
0.0	71.0	-2.921865702174147	22.32855785018414	-31.456958770751957
0.0	72.0	-2.031558254971105	26.22919623173021	-28.018360137939453
0.0	73.0	-1.127997158603218	25.60556544754487	-29.405075073242188
0.0	74.0	-0.0280467770486931	22.71577654102429	-32.78398513793945
0.0	75.0	1.9343972191257064	26.71575598372707	-28.703256607055664
0.0	76.0	-0.2252757661854812	33.36647346979857	-22.846290588378903
0.0	77.0	-3.4696414837819938	28.388513076771165	-28.67313766479492
0.0	78.0	1.8764635529011864	32.044219450082224	-24.4638729095459
0.0	79.0	-3.327043020361637	28.34478223577032	-28.884571075439453
0.0	80.0	-1.8926441477306173	28.14496480550147	-30.87594985961914
0.0	81.0	1.9654457361132172	29.09715624296276	-30.02530670166016
0.0	82.0	-1.5922283311427576	35.28471174454528	-24.51970100402832
0.0	83.0	-4.2492922767907615	35.81279190857064	-25.250003814697266
0.0	84.0	0.2423039806952833	32.263716057998906	-31.150150299072266
0.0	85.0	-1.0917330897341693	33.42369867322486	-30.98372459411621
0.0	86.0	11.927881388301303	36.849749852582754	-24.91537857055664
0.0	87.0	-1.4671236229674516	31.15813141659244	-35.50957107543945
0.0	88.0	-3.782233946758978	42.59101752548726	-21.371273040771484
0.0	89.0	0.1839746850397312	42.75853440724187	-22.683143615722656
0.0	90.0	-0.5171212002908568	33.40165509005582	-36.11158752441406
0.0	91.0	-1.6621865443615564	40.2438903304787	-31.93126106262207
0.0	92.0	2.773582376044076	38.41082818911807	-33.24481964111328
0.0	93.0	8.292415527862046	37.54721336741169	-34.0046272277832
0.0	94.0	-1.2904424018133809	36.06039418565131	-38.37273406982422
0.0	95.0	0.7900813256561953	41.62094098315322	-32.71636199951172
0.0	96.0	-0.4544051181196467	34.29169622526048	-40.73744201660156
0.0	97.0	4.15993768195708	33.93333947503797	-41.77787399291992
0.0	98.0	8.897536137857706	36.18875233394302	-37.85222244262695
0.0	99.0	4.618293248813488	31.610646116496977	-41.359840393066406
0.0	100.0	0.3562296987577507	37.11202226398784	-36.566036224365234
0.0	101.0	7.619597978907451	35.71882501353479	-34.339881896972656
0.0	102.0	6.140288256568909	29.63659707993644	-39.71473693847656
0.0	103.0	-2.4180964512308707	25.59956255810654	-40.70156478881836
0.0	104.0	-2.788165584800861	23.953471875747045	-40.71760559082031
0.0	105.0	-0.5917710334638543	29.061498061238733	-35.676177978515625
0.0	106.0	-0.9412045861895753	25.06644656144968	-36.939571380615234
0.0	107.0	-0.5705867720271122	30.5801800000703	-31.284080505371094
0.0	108.0	-0.1708484194142086	24.71181640498619	-34.204959869384766
0.0	109.0	0.3774463456325065	17.786703931053665	-34.592994689941406
0.0	110.0	8.408262293994834	26.72239372393599	-26.050020217895508
0.0	111.0	-5.687367714871075	21.481571732627632	-30.225902557373047
0.0	112.0	-4.608619140370057	23.103131599263595	-26.468908309936523
0.0	113.0	-0.8728538016175156	23.96670667547001	-25.04020500183105
0.0	114.0	-2.663225540777439	20.627515917688783	-27.31403350830078
0.0	115.0	-5.280195914661323	15.94396594744452	-29.0093936920166
0.0	116.0	-1.8917380752893995	20.64406057958533	-27.47432518005371
0.0	117.0	1.9077969670104051	23.34381959720311	-21.08916473388672
0.0	118.0	-2.571565440528867	22.80811348157921	-24.09777069091797
0.0	119.0	-3.340051133221836	19.72340486559084	-26.64068031311035
0.0	120.0	-2.6122396977067344	18.236628742179157	-27.445432662963867
0.0	121.0	-1.861410827493452	15.964112076771166	-29.440750122070312
0.0	122.0	-4.201427563117627	13.824764514350136	-30.021867752075195
0.0	123.0	0.3359925810872486	22.886089190803723	-25.591257095336918
0.0	124.0	-4.9239113127194365	22.328013134005094	-25.17219352722168
0.0	125.0	4.069703624589916	22.18912444075596	-21.161415100097656
0.0	126.0	2.73802312591596	17.69523685571998	-25.486328125
0.0	127.0	1.5071189469695307	20.15396727783884	-25.24906539916992
0.0	128.0	2.569206454407994	17.77797164171288	-25.916597366333008
0.0	129.0	3.339193794516324	19.794926405123498	-25.40541076660156
0.0	130.0	5.16622612458271	23.533404993397767	-22.73136329650879
0.0	131.0	1.9094898597772776	23.66382822293095	-25.25558853149414
0.0	132.0	0.705008360505905	21.677230263140174	-28.255447387695312
0.0	133.0	5.511066204655994	21.22259884559239	-28.707263946533203
0.0	134.0	7.246024879052075	21.56176485523691	-28.815479278564453
0.0	135.0	6.147009049135982	27.549209964563172	-25.4257755279541
0.0	136.0	3.643457785138111	30.26166655342724	-26.96119880676269
0.0	137.0	2.0802178696248506	29.588706728616703	-28.861486434936523
0.0	138.0	4.720537795812218	30.473320850572048	-29.375635147094727
0.0	139.0	2.248478755921705	25.70290169932652	-33.334129333496094
0.0	140.0	1.4590756957955615	27.771755870944453	-33.66865158081055
0.0	141.0	-1.1500769046876478	28.52344974408696	-33.78986358642578
0.0	142.0	3.13969273893876	37.60636211867353	-25.370689392089844
0.0	143.0	1.7520911193005844	32.09150920257684	-30.069259643554688
0.0	144.0	2.587690145580406	28.561245267270422	-34.85117721557617
0.0	145.0	6.041385201392221	29.70228539320165	-31.944175720214844
0.0	146.0	8.356430482329325	29.35302664259556	-30.081928253173828
0.0	147.0	5.170900671279004	31.882359701741844	-29.452775955200195
0.0	148.0	7.474591863682733	35.57478488736092	-25.605222702026367
0.0	149.0	10.407649469082246	35.48716117328674	-23.76704406738281
0.0	150.0	3.9781516560149774	30.11334462954973	-30.510299682617188
0.0	151.0	8.988389754145915	30.5405096243587	-28.808578491210938
0.0	152.0	6.0618779207595805	28.253966793771895	-30.446691513061523
0.0	153.0	7.9808178183833105	29.35796402837659	-29.065120697021484
0.0	154.0	11.150201618947516	35.51613461791632	-20.55312728881836
0.0	155.0	7.635162195254171	32.492565491703	-25.63343048095703
0.0	156.0	8.799801940494397	34.64250331519573	-23.50996208190918
0.0	157.0	11.27856306854044	29.898821783763555	-27.143516540527344
0.0	158.0	12.710666661553418	35.34347893387437	-19.846271514892575
0.0	159.0	13.14100007954175	29.8340159495385	-25.238290786743164
0.0	160.0	11.691705534707896	30.231573701724702	-26.5211124420166
0.0	161.0	12.962757357362229	31.85211763957724	-22.98020362854004
0.0	162.0	12.188939177359815	31.043724933671943	-24.4243106842041
0.0	163.0	15.518510024775733	35.06575219565499	-15.539403915405272
0.0	164.0	11.846697671925858	31.59860455591185	-22.41745948791504
0.0	165.0	10.121939343293466	34.02325959436689	-19.982797622680664
0.0	166.0	12.525300324415594	31.56074897184932	-21.6265811920166
0.0	167.0	10.475746557063127	30.310284816204124	-26.130266189575195
0.0	168.0	11.47819107575881	32.1760839220513	-23.98301887512207
0.0	0.0	14.213063184904572	12.418921306211969	-28.538259506225582
0.0	1.0	14.37579950890618	13.09769756727022	-28.534194946289062
0.0	2.0	14.910753858794012	14.656574881597852	-28.32403945922852
0.0	3.0	15.583036840485684	17.057819326881575	-26.22296524047852
0.0	4.0	15.542480990142945	14.529410343095249	-27.45658302307129
0.0	5.0	17.926872399129895	15.862602245198191	-22.61775016784668
0.0	6.0	15.352651152491276	15.153050386745	-24.66407012939453
0.0	7.0	13.5478845237543	12.188015955694484	-28.66141128540039
0.0	8.0	15.37347674196022	19.29877560979117	-24.359825134277344
0.0	9.0	14.641265192470888	15.747088805451236	-26.10061454772949
0.0	10.0	12.482818225117764	16.95886383769297	-26.201231002807617
0.0	11.0	14.23639092686653	18.18866883449953	-24.56022453308105
0.0	12.0	15.261065217165056	17.228755192700664	-24.59800338745117
0.0	13.0	15.52528326582988	17.475813902065017	-25.79501342773437
0.0	14.0	18.78383498674764	15.28942009858006	-24.226991653442383
0.0	15.0	16.740711932387498	17.372159701940223	-24.28290367126465
0.0	16.0	13.889045293500253	16.911317709206145	-27.52363586425781
0.0	17.0	17.931317404319426	22.722214004749425	-20.87751197814941
0.0	18.0	15.191630569404191	20.771612901390856	-24.74037170410156
0.0	19.0	16.112032909604295	20.309552289217443	-26.00225257873535
0.0	20.0	16.223572731791297	20.34282405197535	-26.40060043334961
0.0	21.0	15.190818282389756	21.86398784962324	-25.561023712158203
0.0	22.0	19.48947961697893	25.949724963565806	-19.266036987304688
0.0	23.0	15.764558997517296	26.947776185569097	-23.844236373901367
0.0	24.0	13.859915147512188	23.46290569759037	-28.616464614868164
0.0	25.0	16.682774481272457	25.995055226240154	-25.260560989379883
0.0	26.0	17.523342710393106	24.331180163723875	-27.962461471557617
0.0	27.0	14.928156390287027	25.890930667623465	-28.85854148864746
0.0	28.0	13.695137980430069	27.48385013820934	-29.42222213745117
0.0	29.0	17.92182778036645	31.913095061087947	-22.870269775390625
0.0	30.0	17.216973966992864	29.268473564467573	-25.762601852416992
0.0	31.0	14.377644067541976	26.148106715322143	-31.56949615478516
0.0	32.0	14.922341778588216	26.631749576116217	-30.705963134765625
0.0	33.0	14.389293765972438	26.12236255775336	-32.172210693359375
0.0	34.0	14.921065213965552	31.602895912421168	-26.262210845947266
0.0	35.0	11.491191742015236	29.63839663206024	-30.605382919311523
0.0	36.0	9.542223067070063	28.533943727896688	-32.35543441772461
0.0	37.0	10.831568903781896	27.772360601701973	-32.56608581542969
0.0	38.0	15.039306026225097	29.92556013213523	-29.87777709960937
0.0	39.0	7.403674529370385	21.285188318262016	-38.42853546142578
0.0	40.0	10.04968648202937	30.20120500202531	-30.557958602905277
0.0	41.0	12.275460129488923	34.167534967269106	-25.544294357299805
0.0	42.0	8.149329672623951	28.84652422308374	-32.73759078979492
0.0	43.0	6.691004923663079	27.23079134755504	-33.03294372558594
0.0	44.0	6.212536770937717	22.526225042316074	-36.25747680664063
0.0	45.0	4.79572470760062	27.388285996334595	-32.630638122558594
0.0	46.0	3.9468187965283392	25.41460426345428	-33.70599365234375
0.0	47.0	1.5413289745718717	25.79963309968907	-32.82758331298828
0.0	48.0	2.879325002521244	28.856222787775984	-29.40842628479004
0.0	49.0	4.116823917825954	25.14772118568721	-31.408222198486328
0.0	50.0	5.543251099030323	23.817171629710035	-32.498348236083984
0.0	51.0	1.35663623929444	24.921816848882383	-32.43375015258789
0.0	52.0	-0.457652740809811	28.72571379936829	-28.659019470214844
0.0	53.0	0.5821972237589229	29.284557694241496	-27.38010025024414
0.0	54.0	1.0428157573563812	25.83432856402393	-30.23711395263672
0.0	55.0	0.4087910132542411	24.727126327083724	-30.92723274230957
0.0	56.0	-1.0766429574025045	23.00039380632485	-32.194374084472656
0.0	57.0	-0.8494894209005076	24.15492131035282	-31.921424865722656
0.0	58.0	0.5630601328571804	27.013348741533907	-29.202104568481445
0.0	59.0	0.4199864282798518	26.364950436292567	-30.07368850708008
0.0	60.0	-1.9257546077241112	22.25408403209969	-32.69900894165039
0.0	61.0	1.898164668823059	22.79606958649912	-33.44729232788086
0.0	62.0	8.442632668653108	22.97089645595196	-32.25906753540039
0.0	63.0	2.158034461742552	21.411195615511097	-35.362308502197266
0.0	64.0	-1.4264946253192463	25.4256812563041	-32.57011032104492
0.0	65.0	4.602428709157377	27.7880655408978	-29.442550659179688
0.0	66.0	3.743208291540647	24.97705543323952	-33.96472930908203
0.0	67.0	6.395566928842281	23.16405333979511	-35.13248825073242
0.0	68.0	3.834628673141052	20.255045353981664	-37.53614807128906
0.0	69.0	0.4317594485004233	16.01271378751388	-39.35149383544922
0.0	70.0	3.076518569899796	26.27883441635948	-33.40318298339844
0.0	71.0	7.871419687396153	29.172280402973943	-29.26272964477539
0.0	72.0	3.636855943445543	22.339001480897185	-35.51909637451172
0.0	73.0	8.335940367904351	19.578200641367783	-35.937591552734375
0.0	74.0	7.729502086032452	18.569965585385717	-34.86481094360352
0.0	75.0	6.854841976635679	26.335222173087967	-29.71002578735352
0.0	76.0	5.702662517330295	21.671473125378043	-33.19173812866211
0.0	77.0	7.53132523118204	22.84155354851829	-30.06247901916504
0.0	78.0	3.886369847664235	18.50266570927476	-32.83889389038086
0.0	79.0	5.483171365809425	20.583254934088483	-30.28831672668457
0.0	80.0	5.290114388338632	19.693150197276086	-30.567188262939453
0.0	81.0	3.900907334959277	19.643276893574495	-28.98212432861328
0.0	82.0	0.5511295217768083	22.13906343544805	-27.43516731262207
0.0	83.0	2.149926187551113	22.95762823821517	-26.193660736083984
0.0	84.0	3.489549749192145	24.184516135009865	-25.625959396362305
0.0	85.0	2.747348066583847	21.53426885664916	-27.074825286865234
0.0	86.0	4.1119041392535305	23.1543066286456	-23.737768173217773
0.0	87.0	2.559503097839998	27.239229691566308	-21.503189086914062
0.0	88.0	1.6464067677212866	28.14223450129738	-21.99481964111328
0.0	89.0	1.366456213248331	26.461676676071583	-22.52939224243164
0.0	90.0	-1.435867126586977	27.37610017838222	-23.39511489868164
0.0	91.0	-0.1006307201321795	27.115621989581037	-25.168272018432617
0.0	92.0	1.6339717767569268	28.30498114615749	-24.30885505676269
0.0	93.0	-1.546603959222384	29.59192792461878	-26.72254180908203
0.0	94.0	0.3681652142939635	34.60357813313051	-21.474557876586918
0.0	95.0	-0.7379383936688259	35.577162073610225	-22.586856842041016
0.0	96.0	-0.7555025473664719	34.3429575342227	-26.36060333251953
0.0	97.0	1.3623933667150532	35.954591998476324	-28.773801803588867
0.0	98.0	2.853848384185914	37.49554368784623	-29.045549392700195
0.0	99.0	-0.34100748444103	35.3566445396092	-33.61096954345703
0.0	100.0	-4.587702300230364	38.20661862349061	-30.95259475708008
0.0	101.0	4.2793978636034575	45.40449936656261	-22.525264739990234
0.0	102.0	2.458107374892945	41.81567590133537	-32.58049774169922
0.0	103.0	-1.0418574481982554	38.118133986679325	-38.36897659301758
0.0	104.0	-4.155672836448624	36.86069788313344	-41.34505081176758
0.0	105.0	-3.0454440308754327	39.40284242203811	-39.62223434448242
0.0	106.0	0.9361847817075448	43.72358979827179	-36.68111801147461
0.0	107.0	0.6677393114430896	42.8300707947792	-38.29600143432617
0.0	108.0	-0.375303700622916	38.49598147070005	-43.19047927856445
0.0	109.0	0.3297382551960393	34.022195715704974	-47.0251579284668
0.0	110.0	3.813429491344118	34.321360127759	-45.442604064941406
0.0	111.0	0.9600447942540398	37.90821807858732	-42.48004913330078
0.0	112.0	-5.23943964393967	33.8255613478816	-44.0254020690918
0.0	113.0	1.1708368505764717	32.77656132240747	-44.79451751708984
0.0	114.0	-0.19994572822337	33.65476076802494	-43.17669677734375
0.0	115.0	-2.023538327648239	25.306737215733005	-46.73699951171875
0.0	116.0	0.3810056229486916	23.850031618837612	-45.54083251953125
0.0	117.0	-2.641725511088686	20.78769195114568	-45.41508102416992
0.0	118.0	-3.2229260490684397	23.763397504288218	-42.46986389160156
0.0	119.0	-1.2567905197253526	24.387513409261555	-40.3660774230957
0.0	120.0	-3.0200840555783057	22.42290491588456	-39.586063385009766
0.0	121.0	-0.8427469050381697	16.58674133374271	-38.80685043334961
0.0	122.0	0.1276981062842852	16.287721080157525	-37.04376220703125
0.0	123.0	0.4267771684578573	20.80225921571037	-33.937442779541016
0.0	124.0	1.7714922284185224	23.29079919563477	-30.37497329711914
0.0	125.0	-0.0575512345998066	21.728434960330738	-30.528810501098636
0.0	126.0	-1.0962381475952772	20.18829575493883	-29.0269832611084
0.0	127.0	-2.6416186120881684	16.744290784535785	-29.979455947875977
0.0	128.0	-1.6145847513127096	13.46154190642259	-30.97394371032715
0.0	129.0	-1.5549314952643245	16.61551714214422	-28.63639640808105
0.0	130.0	-1.0688700459863307	20.551237180848943	-25.77712821960449
0.0	131.0	-1.4615653845487946	21.379802583331987	-23.63150787353516
0.0	132.0	-0.2726896941826287	22.09211153239883	-23.9478702545166
0.0	133.0	1.6279033707119008	19.235582661737418	-26.343074798583984
0.0	134.0	-0.4287134063284243	19.01178685133411	-27.484695434570312
0.0	135.0	-0.3268457915623965	25.111860633236592	-22.986194610595703
0.0	136.0	1.4390548069838187	25.447690758275108	-23.17281913757324
0.0	137.0	-0.2526605937092593	23.51198676349443	-25.835205078125
0.0	138.0	-1.9094812427955157	25.15205824241537	-24.755268096923828
0.0	139.0	0.0777832267953299	22.916641837114067	-28.35862159729004
0.0	140.0	1.531928696397344	23.99167193655954	-26.99580383300781
0.0	141.0	-1.1822950684228175	25.674799364134977	-26.99492454528809
0.0	142.0	2.790327151747437	27.767830047115616	-25.073543548583984
0.0	143.0	2.7466653861869683	28.385117375015724	-26.45174789428711
0.0	144.0	2.035788234759797	26.141012984030304	-29.942859649658203
0.0	145.0	0.3688585906996701	23.93799783438876	-31.85863494873047
0.0	146.0	7.01525334421802	24.431560023484533	-32.197959899902344
0.0	147.0	2.8902027299039657	27.31122593001536	-32.41329574584961
0.0	148.0	2.515400185346309	28.71882953058154	-30.868486404418945
0.0	149.0	5.577089604327751	30.454272532125312	-30.29860496520996
0.0	150.0	1.465258806954836	30.36724791660604	-31.7276554107666
0.0	151.0	4.1413200235946	27.800390294031804	-34.78386306762695
0.0	152.0	5.332519322161023	29.832495769869787	-34.07361602783203
0.0	153.0	2.9605691322024565	31.57688549314925	-33.28508377075195
0.0	154.0	4.500594291355177	34.633534618265074	-30.038087844848636
0.0	155.0	3.6336635939116233	36.01534954992911	-31.124866485595703
0.0	156.0	4.137563811588826	35.30042432519236	-31.46198844909668
0.0	157.0	8.708709537093357	34.42012538275511	-32.183555603027344
0.0	158.0	8.651947633116952	32.38794693626683	-36.59608840942383
0.0	159.0	9.122825581706476	37.60874862361778	-31.441015243530277
0.0	160.0	8.677408793075376	41.69302832005828	-27.23408889770508
0.0	161.0	10.62737508050608	39.26191990563674	-31.255590438842773
0.0	162.0	5.729998949644546	38.05962908069204	-34.79145431518555
0.0	163.0	10.456687281001788	37.49235374404622	-34.84436798095703
0.0	164.0	7.276711389173906	37.48159396187068	-35.80772399902344
0.0	165.0	8.403130111117184	37.45373204138545	-35.74820327758789
0.0	166.0	14.472849567849122	42.018291902174425	-28.2373046875
0.0	167.0	11.7436958396771	40.739342987934265	-30.77358055114746
0.0	168.0	10.98165703777032	37.99493471947413	-34.22434616088867
0.0	0.0	2.995189856995585	12.212427677338844	-40.51742935180664
0.0	1.0	2.497405914660355	11.506028782532724	-39.96733093261719
0.0	2.0	2.2145704800873225	13.754517740335912	-39.61780548095703
0.0	3.0	3.284073799187912	17.75493849371052	-36.96409225463867
0.0	4.0	3.394409237722924	16.65047882118862	-36.38191223144531
0.0	5.0	4.959598358263001	14.068663604257509	-35.378814697265625
0.0	6.0	4.102539982407509	15.536365473084802	-32.418392181396484
0.0	7.0	3.9504614182882336	13.261378339624445	-32.50991439819336
0.0	8.0	0.2272641232596479	5.776866043437575	-34.295684814453125
0.0	9.0	-0.1185213161012347	17.740716266987725	-30.307796478271484
0.0	10.0	4.921624513335724	18.28589809130252	-29.336000442504883
0.0	11.0	3.960688982170733	19.648383339383663	-27.33669090270996
0.0	12.0	0.972244014726923	16.195421045005837	-28.726192474365234
0.0	13.0	1.6512152548121928	18.846486707765187	-25.90497589111328
0.0	14.0	1.720651105770551	12.534775898823089	-30.24541282653809
0.0	15.0	2.243673274415087	14.77072562160444	-29.89684295654297
0.0	16.0	5.20667088215215	22.596472677631503	-24.375961303710938
0.0	17.0	0.0364319347614218	22.45708604638789	-24.946765899658203
0.0	18.0	2.186554631627048	21.823012047261557	-25.29830551147461
0.0	19.0	2.9074068708399285	21.844044485606883	-26.380617141723636
0.0	20.0	1.642695030764049	21.025920968356065	-27.870296478271484
0.0	21.0	1.6328456747603486	23.112327582172643	-26.572221755981445
0.0	22.0	3.160933505717914	25.25609779676641	-25.785717010498047
0.0	23.0	1.1373969663383436	27.271239983278896	-23.488645553588867
0.0	24.0	2.200441204789481	27.31967991150762	-24.058237075805664
0.0	25.0	3.55658379613074	25.96926697377173	-28.874662399291992
0.0	26.0	7.356947475434596	26.00474441333432	-27.7720947265625
0.0	27.0	3.534871010138116	22.40757234892839	-33.13646697998047
0.0	28.0	0.6041455219728524	27.13648833162772	-29.474544525146484
0.0	29.0	5.416660508627942	30.467436735924803	-26.980567932128903
0.0	30.0	2.169652460689405	26.56456218278701	-30.794923782348636
0.0	31.0	4.638299100278795	25.573352601548734	-33.37738037109375
0.0	32.0	2.741258749737308	22.75611310783133	-35.62676239013672
0.0	33.0	2.4709867830483887	23.853856082042466	-34.18692398071289
0.0	34.0	4.630982348088791	27.22062542010853	-32.937801361083984
0.0	35.0	3.0164702856864647	25.669588557409305	-33.51540756225586
0.0	36.0	3.5672463879895355	28.24870034510843	-30.430326461791992
0.0	37.0	2.946921037638249	25.917694748801804	-32.40871047973633
0.0	38.0	7.916114687128505	25.49391977552312	-32.50079727172852
0.0	39.0	0.574322391771287	16.861032913051083	-37.92359161376953
0.0	40.0	0.8246574911665272	28.052826939714684	-30.51905632019043
0.0	41.0	1.2899403221965986	25.10294757753484	-32.81593704223633
0.0	42.0	1.646434611827934	22.889520155442543	-34.30242156982422
0.0	43.0	1.1892560124385312	22.6372634903838	-34.1906852722168
0.0	44.0	0.5464690835670524	15.962793211826396	-36.32662963867188
0.0	45.0	3.035511439545008	23.496001573744014	-30.899173736572266
0.0	46.0	2.966314998189133	23.231811182889967	-30.70126724243164
0.0	47.0	0.6928620087987183	22.675501123457	-31.194480895996094
0.0	48.0	3.812347038302488	23.30083603850718	-30.321985244750977
0.0	49.0	1.8606637218450977	20.758985807093275	-30.875463485717773
0.0	50.0	1.9017146413031032	18.49162004867105	-32.08289337158203
0.0	51.0	0.6842507943761074	19.130251321947853	-31.26579093933105
0.0	52.0	1.7728568368787272	24.763041680924687	-27.023006439208984
0.0	53.0	3.0637227535632845	25.25205634086402	-26.856693267822266
0.0	54.0	2.818688315226016	22.158858840246925	-27.930238723754883
0.0	55.0	1.9268947749507048	22.844232846148287	-29.447031021118164
0.0	56.0	3.653505608313701	23.20935216548128	-29.410377502441406
0.0	57.0	-0.2161780753955563	21.86275088859411	-30.41111183166504
0.0	58.0	2.3456343751661737	28.09495005304549	-26.50502014160156
0.0	59.0	2.564272630970397	27.553314621590477	-28.41281509399414
0.0	60.0	1.7997979260396348	25.801952354161884	-30.26392936706543
0.0	61.0	1.5231245476136437	26.165137725325867	-32.70351791381836
0.0	62.0	6.005439682731664	23.3466925153183	-35.669891357421875
0.0	63.0	0.785732012217176	25.834289709365727	-35.34492492675781
0.0	64.0	1.1306762005822837	29.84433338227925	-32.08976745605469
0.0	65.0	3.023334825393303	30.104149313993425	-33.1966552734375
0.0	66.0	1.3085766714009743	28.026975121245226	-35.624629974365234
0.0	67.0	2.267990828118561	25.72625289232421	-39.07657241821289
0.0	68.0	0.0112291424515382	25.481250151548878	-39.439788818359375
0.0	69.0	-0.6370138716725398	23.288493507903286	-40.7736701965332
0.0	70.0	-4.113642058490679	23.51267440599028	-41.58615112304688
0.0	71.0	0.2782765500256309	27.575887657407705	-40.33820724487305
0.0	72.0	-1.8074618835755845	25.07078553838392	-40.86849212646485
0.0	73.0	-2.1784218005550224	19.991803104311906	-42.67626953125
0.0	74.0	3.0258600791567365	14.542009674073327	-45.53304290771485
0.0	75.0	-3.2001414042992598	14.74734148802883	-45.085880279541016
0.0	76.0	1.7371360677429633	28.806804564053103	-36.55712890625
0.0	77.0	-0.52143852600199	21.09963970013857	-40.22167205810547
0.0	78.0	-4.290468093058323	19.94785476014188	-39.88755035400391
0.0	79.0	-2.586226379904076	13.043084213816448	-40.9998893737793
0.0	80.0	-3.44440596834032	14.28197158591262	-39.4439582824707
0.0	81.0	-2.353898550318228	22.10014302076641	-34.86736297607422
0.0	82.0	-4.955457626028999	17.325487257277146	-35.66890335083008
0.0	83.0	-5.231654090458975	17.435125668401856	-34.653114318847656
0.0	84.0	-1.9996532392177064	21.02392482723616	-32.960540771484375
0.0	85.0	-1.0485303366190113	17.724987865913874	-33.562889099121094
0.0	86.0	1.4017371781258043	17.967910892182346	-33.95490264892578
0.0	87.0	-4.571017909054817	13.864271166206391	-35.133785247802734
0.0	88.0	-5.07793839299628	22.14972538300139	-30.42364883422852
0.0	89.0	0.1471955020000787	27.347524091042565	-26.023855209350582
0.0	90.0	-2.990513529263159	24.474338266635	-29.83156967163086
0.0	91.0	-2.467492496401463	24.513413226026135	-30.502605438232425
0.0	92.0	-4.576011034141778	24.20532848774641	-31.14080810546875
0.0	93.0	-1.0323517978072505	27.470194406598733	-29.364320755004883
0.0	94.0	-6.615563432526237	26.007196433868355	-31.67403793334961
0.0	95.0	-4.409009778877405	32.00115037118667	-26.898027420043945
0.0	96.0	-1.3859763154737603	32.16912301558311	-28.452999114990234
0.0	97.0	-0.9091842121700784	33.92348015661886	-31.598299026489254
0.0	98.0	-1.690897995262538	28.84482545004936	-37.27680587768555
0.0	99.0	-1.018822929237058	36.371472917555366	-31.564096450805664
0.0	100.0	-3.401651816454535	37.66915776297519	-32.67877960205078
0.0	101.0	-3.557656852107239	36.17516717143901	-35.7998046875
0.0	102.0	-4.188931730789746	40.10927635062975	-31.04938507080078
0.0	103.0	-2.982982981847925	34.85461057660569	-40.04956817626953
0.0	104.0	-3.8804314415241374	34.1327210269314	-40.730201721191406
0.0	105.0	-10.30227503293959	30.25844834810205	-44.482643127441406
0.0	106.0	-5.618591399290043	35.977440339197585	-40.550899505615234
0.0	107.0	-7.844681283476867	42.49162209936026	-33.96718215942383
0.0	108.0	-9.679225985750868	34.89373758481732	-41.95347213745117
0.0	109.0	-7.223850847388936	35.42235405414223	-41.44039916992188
0.0	110.0	-1.0535140967686567	33.063070847366426	-43.94221878051758
0.0	111.0	-7.424550315922968	26.0455320671906	-48.19795608520508
0.0	112.0	-8.210172465641923	34.65241861977339	-40.817684173583984
0.0	113.0	-7.800729920859959	32.815850475899154	-42.35678863525391
0.0	114.0	-8.068765039008314	34.679688917046626	-40.18012237548828
0.0	115.0	-9.776869200203036	28.376044141622284	-42.96746826171875
0.0	116.0	-11.584082354475065	24.81063687317999	-43.91797637939453
0.0	117.0	-16.888299765727226	21.7533283000408	-42.62501525878906
0.0	118.0	-10.161862812189256	28.53308309784965	-40.124549865722656
0.0	119.0	-6.259276751673233	32.25575441517162	-37.24011993408203
0.0	120.0	-11.651667375247632	25.690329118444577	-39.83991241455078
0.0	121.0	-9.578505161010696	21.431875792111377	-42.09067535400391
0.0	122.0	-5.338483077089695	18.98101867305637	-41.96175384521485
0.0	123.0	-4.358391533075835	26.27152174541138	-37.281837463378906
0.0	124.0	-7.246326374324459	24.432541815823427	-37.32713317871094
0.0	125.0	-5.608701315377012	28.36957422271201	-34.093048095703125
0.0	126.0	-9.679794458486596	24.76233401753203	-34.03791809082031
0.0	127.0	-3.960219938097108	21.587493087813723	-35.99737930297852
0.0	128.0	-7.128176865694982	20.53604300844017	-35.51553726196289
0.0	129.0	-7.787485648719997	22.55707531904341	-34.36700439453125
0.0	130.0	-4.448439847211356	23.11928093036308	-33.97269821166992
0.0	131.0	-2.3820179297797184	30.1780866821754	-28.648536682128903
0.0	132.0	-4.514207790872804	23.57088525909622	-33.70771026611328
0.0	133.0	-1.31345294895886	25.103898807355897	-32.868648529052734
0.0	134.0	5.582924581526557	28.100524270373494	-30.340938568115234
0.0	135.0	1.139873274270727	23.655043323396924	-34.711875915527344
0.0	136.0	1.4945330003687145	27.49737950836328	-31.13364601135254
0.0	137.0	5.122608950760642	27.276444341770265	-31.51399040222168
0.0	138.0	3.742583743944509	28.75001507532802	-31.98727035522461
0.0	139.0	3.683480358817413	27.407819800921253	-33.71693420410156
0.0	140.0	0.0058125530541515	21.58175233927976	-38.5966911315918
0.0	141.0	1.4510676787741126	24.946444534659037	-37.661895751953125
0.0	142.0	9.164030638320412	32.42659962264185	-29.68407821655273
0.0	143.0	4.507748396444153	28.702032900593867	-35.16646957397461
0.0	144.0	1.75616772789651	27.69797164007652	-37.681976318359375
0.0	145.0	7.503099179750762	28.99379687725294	-34.93818664550781
0.0	146.0	7.42892138338027	24.73964611639946	-40.28359222412109
0.0	147.0	8.07003639871286	30.78174470451316	-36.89613342285156
0.0	148.0	6.103629722607478	33.26701164843107	-34.956966400146484
0.0	149.0	9.189106773761528	30.121200213304867	-38.97444152832031
0.0	150.0	11.638864530057504	32.57116810296	-36.46949768066406
0.0	151.0	7.5738809268469	32.68964841266446	-38.63751220703125
0.0	152.0	5.327848176747873	25.94660770773424	-45.54184341430664
0.0	153.0	4.278091126249264	30.133583799648605	-43.99029541015625
0.0	154.0	10.515377036280093	34.25554117321871	-40.18428039550781
0.0	155.0	6.398349303801082	36.23778336895356	-40.73967361450195
0.0	156.0	8.750831201026614	35.61236938437015	-41.94585418701172
0.0	157.0	9.35048660858482	32.86479792875649	-46.81688690185547
0.0	158.0	18.555381375060968	40.39504729028912	-37.9632568359375
0.0	159.0	14.390359891837296	35.924731188715384	-45.001991271972656
0.0	160.0	10.36324735339231	45.37264324976648	-38.548675537109375
0.0	161.0	10.869632454654534	38.54757016302843	-45.90010452270508
0.0	162.0	5.180921481339414	40.1467052602634	-46.06305313110352
0.0	163.0	8.157598046613481	36.813498877556086	-50.214263916015625
0.0	164.0	9.010015225645718	41.35204464921588	-45.736576080322266
0.0	165.0	9.294565420539088	38.09132063151061	-48.87778472900391
0.0	166.0	10.72330651713244	37.645783189356514	-47.31510543823242
0.0	167.0	4.5384884191332935	39.281208503760745	-47.97380065917969
0.0	168.0	4.730345708782922	41.76765143648218	-44.16700744628906
0.0	0.0	-3.968329965068692	17.845174131566193	-38.74663543701172
0.0	1.0	-7.19412298747594	15.70020934187206	-38.4151496887207
0.0	2.0	-4.217658358824199	17.619491528304152	-38.79219055175781
0.0	3.0	-2.140210371085612	20.759221686013817	-35.060264587402344
0.0	4.0	-2.406744066178493	17.171823514947143	-35.82413101196289
0.0	5.0	-0.1137336633514466	15.85148715384686	-33.805049896240234
0.0	6.0	-0.9420866072726676	20.13877544986846	-27.809276580810547
0.0	7.0	-0.5297029765510506	18.597419205089658	-28.352441787719727
0.0	8.0	3.747364838830738	18.04218617843588	-27.09588432312012
0.0	9.0	-0.4234302599570928	15.938135521937104	-29.367956161499023
0.0	10.0	-2.392850043906885	18.551452538954823	-27.272327423095703
0.0	11.0	0.691372005246373	22.683800952023176	-23.05353355407715
0.0	12.0	-0.3818260539818604	20.00279011670489	-25.969356536865234
0.0	13.0	-0.7787409034450568	19.72341670057249	-25.56206703186035
0.0	14.0	-4.043973384612424	19.19146527302541	-27.459640502929688
0.0	15.0	-1.0941561705164151	22.59188540298529	-25.56172752380371
0.0	16.0	-4.340441528126369	24.20964419950636	-24.078271865844727
0.0	17.0	-4.017434132055442	26.001436561762706	-22.48648834228516
0.0	18.0	-3.6900503041195583	25.192304609996413	-24.818134307861328
0.0	19.0	-3.069553987569046	25.10575216505408	-27.23237991333008
0.0	20.0	0.1936388260579089	26.538299588192583	-26.89525604248047
0.0	21.0	-4.220393717172717	22.211386654971907	-31.962251663208008
0.0	22.0	-3.3668379051901742	29.475093210363376	-24.678686141967773
0.0	23.0	0.0195922290494796	32.413142538075874	-21.729467391967773
0.0	24.0	-3.934063876346129	27.37463335486777	-28.077587127685547
0.0	25.0	-1.916135950065792	27.251572851208174	-29.65656852722168
0.0	26.0	-4.900720105907394	23.08095131583677	-32.71942138671875
0.0	27.0	-2.5090950837353394	26.465419857354465	-28.85647964477539
0.0	28.0	-4.034057726462203	26.355170228812742	-29.15268325805664
0.0	29.0	-1.1836502995300338	28.5980702743426	-26.699617385864254
0.0	30.0	-2.023714101450891	27.785852380272253	-26.166126251220703
0.0	31.0	-2.0652211199239985	24.951456329913597	-29.39948844909668
0.0	32.0	-0.4913633305488243	24.261990778798623	-29.740434646606445
0.0	33.0	0.2143361266834612	24.72184398891731	-28.866418838500977
0.0	34.0	-1.1593491205860031	26.208487978742824	-27.839889526367188
0.0	35.0	0.3652049399829301	27.26039100173813	-25.40999984741211
0.0	36.0	1.016803037283739	26.7002843273287	-26.90091896057129
0.0	37.0	0.6987840881085708	24.425290084580865	-27.91145133972168
0.0	38.0	0.8749913096817198	23.306699041754506	-28.266801834106445
0.0	39.0	1.3792081139466286	23.219222307156752	-29.322364807128903
0.0	40.0	3.169483942629332	24.87819402032831	-26.50826072692871
0.0	41.0	3.3725058188460424	26.05438651311146	-25.211597442626957
0.0	42.0	3.03416549314266	24.85541919083088	-27.167999267578125
0.0	43.0	4.619010695617196	21.58738199598472	-28.558670043945312
0.0	44.0	5.76627754236623	21.635575821019103	-27.94967460632324
0.0	45.0	5.571277962746285	20.010911551172047	-29.27573585510254
0.0	46.0	7.212067578806307	24.478195031132067	-27.173194885253903
0.0	47.0	6.767804026356011	24.99741080309388	-25.76081085205078
0.0	48.0	5.45344379734491	24.41685866991025	-26.465473175048828
0.0	49.0	5.034240908157848	20.29010779944682	-29.227710723876957
0.0	50.0	4.831789675713774	20.781717262069893	-29.764312744140625
0.0	51.0	8.011252138302469	30.791618709422327	-19.62416076660156
0.0	52.0	6.2934603644233	21.276163643517	-29.848642349243164
0.0	53.0	-0.3382755669655758	21.25530124207201	-30.29439163208008
0.0	54.0	2.065577022201801	23.33486271682545	-30.64692687988281
0.0	55.0	5.058202820435561	23.057074561421874	-31.022974014282227
0.0	56.0	7.0457109777151965	21.720687477806905	-32.28748321533203
0.0	57.0	4.1742034024796615	20.23688352124637	-34.56891632080078
0.0	58.0	2.8405956027938477	25.44722033815162	-30.877830505371094
0.0	59.0	6.101425844539684	27.0081662891205	-31.04810333251953
0.0	60.0	0.5605147789143834	23.963160632696653	-34.22764587402344
0.0	61.0	0.0181424910515845	22.28361467239404	-35.726749420166016
0.0	62.0	0.7298255001288301	21.12354901775228	-38.04536437988281
0.0	63.0	-2.361003670511208	18.19631725211674	-38.29061126708984
0.0	64.0	0.9333151943979688	23.041366141894965	-37.501895904541016
0.0	65.0	-1.6835775359996492	23.97321229360297	-35.963157653808594
0.0	66.0	-4.850797634277424	18.15855092278182	-39.9631233215332
0.0	67.0	-2.6656930323553576	17.957366427280224	-40.17155456542969
0.0	68.0	-4.195412665507712	11.768699280995053	-42.13344955444336
0.0	69.0	-8.202514403695176	11.933074757876408	-40.57933044433594
0.0	70.0	-5.267423398585856	20.25358224174626	-37.87417984008789
0.0	71.0	-4.995271557343808	19.166644969599304	-39.06945037841797
0.0	72.0	-9.68916422414384	15.892924741963268	-37.78993988037109
0.0	73.0	-12.852684907634549	10.411795042395276	-37.15239715576172
0.0	74.0	-15.799453704878204	11.012297614183815	-37.67403030395508
0.0	75.0	-15.44616683767667	11.39390294935029	-37.0146598815918
0.0	76.0	-17.002340200438425	13.68201252527618	-34.61468505859375
0.0	77.0	-18.860614586821125	14.797138389178157	-33.835113525390625
0.0	78.0	-19.44874544625516	14.02012546261268	-34.59718704223633
0.0	79.0	-20.17808377859191	16.32964498301983	-34.604286193847656
0.0	80.0	-16.311739298928988	17.77924902128273	-35.21355438232422
0.0	81.0	-19.972500528071343	23.01409714605518	-31.910215377807617
0.0	82.0	-23.466890869928697	22.146814038698405	-31.652563095092773
0.0	83.0	-18.60912323709196	27.084459646670425	-31.54572486877441
0.0	84.0	-20.0201055549691	28.83927962977074	-29.345001220703125
0.0	85.0	-19.518850643410325	26.189527338083227	-32.989707946777344
0.0	86.0	-21.309519494100595	26.777301020847933	-34.32230758666992
0.0	87.0	-19.23654975973373	30.218717358228155	-31.95754814147949
0.0	88.0	-13.56825049779718	35.446296399787144	-30.920656204223636
0.0	89.0	-16.724364783908346	35.789359417226585	-29.464263916015625
0.0	90.0	-16.24366757870743	35.13202013500575	-31.50153160095215
0.0	91.0	-11.856792151447584	34.22664558809477	-34.29316329956055
0.0	92.0	-8.63528530092311	32.340989948928446	-37.14696502685547
0.0	93.0	-12.005220971178325	34.22411318434303	-34.123958587646484
0.0	94.0	-5.701903336931092	41.452280739217095	-26.960952758789062
0.0	95.0	-7.52753277761962	37.39718725153404	-31.243297576904297
0.0	96.0	-9.159004389489288	36.95999882055027	-30.39389419555664
0.0	97.0	-9.255939512902533	35.55463520782192	-32.79357147216797
0.0	98.0	-9.244803195228176	30.0599190800738	-36.13916778564453
0.0	99.0	-9.991973065063393	33.12336447498671	-32.69773483276367
0.0	100.0	-6.782444706045528	35.89453769121885	-29.68350601196289
0.0	101.0	-8.386818930507136	34.025470831355	-30.42508888244629
0.0	102.0	-7.911910973758583	32.73539355646762	-32.21828079223633
0.0	103.0	-7.589932607319727	31.414049846459434	-32.458229064941406
0.0	104.0	-6.541921182322723	28.915838887088245	-33.7721061706543
0.0	105.0	-4.667670205541391	29.699355482918676	-33.31440734863281
0.0	106.0	-8.076495630441569	32.578452432878045	-29.959028244018555
0.0	107.0	-7.40257545420521	30.96714002587244	-29.592134475708008
0.0	108.0	-8.160739053597318	29.3163573699218	-30.20628547668457
0.0	109.0	-7.633601449161794	28.56949197417064	-31.248178482055664
0.0	110.0	-7.26479853949064	26.42138328635477	-32.378318786621094
0.0	111.0	-9.458888498720157	27.05469966992356	-31.078536987304688
0.0	112.0	-8.922520917489383	28.769084671164247	-30.362911224365234
0.0	113.0	-10.540319693512812	29.024731853956123	-27.806331634521484
0.0	114.0	-11.195249377140222	26.49782619415234	-31.333423614501957
0.0	115.0	-7.865918720231583	27.837837153645903	-30.33565902709961
0.0	116.0	-4.783194463717434	28.441911833284745	-31.436996459960938
0.0	117.0	-9.05591287141619	26.62488249585228	-32.03175735473633
0.0	118.0	-5.903688912019097	31.62126244579696	-27.01494407653809
0.0	119.0	-5.388721546445557	30.904028378669796	-29.7414608001709
0.0	120.0	-5.840396107287783	29.04402971960594	-28.87944602966309
0.0	121.0	-7.37950131799236	26.050739200448145	-33.05551528930664
0.0	122.0	-4.708051445860891	31.750793076681344	-28.407859802246094
0.0	123.0	-5.729491486234044	30.528544695058702	-28.888591766357425
0.0	124.0	-4.323416710995569	30.948841018487272	-30.32022857666016
0.0	125.0	-3.627683253656452	33.562251810811006	-26.780616760253903
0.0	126.0	-2.312628231323007	31.27041405363614	-30.348461151123047
0.0	127.0	-1.3612924076015611	31.958148315940168	-30.28397560119629
0.0	128.0	1.3719175291775056	29.56290692318198	-35.425106048583984
0.0	129.0	0.325971310142119	31.81573350803701	-33.818790435791016
0.0	130.0	-1.519458734835594	33.369657241681224	-32.73370742797852
0.0	131.0	4.0897244088188005	37.42095798072866	-29.015438079833984
0.0	132.0	1.3264722834680185	36.54175827979609	-31.306869506835938
0.0	133.0	4.430336755606096	31.901954082240383	-35.6234130859375
0.0	134.0	3.910900354270362	34.14633705544271	-33.87232971191406
0.0	135.0	3.530307045222524	31.799462960061405	-36.42432403564453
0.0	136.0	1.807074757407838	33.612803264156426	-35.54121780395508
0.0	137.0	5.994058020313025	35.43426864591813	-33.35991668701172
0.0	138.0	5.221323170917823	32.21230596999089	-35.957664489746094
0.0	139.0	4.110136063509184	34.13480583675085	-35.38916778564453
0.0	140.0	3.303460540796633	26.224887970346032	-41.03883743286133
0.0	141.0	6.888130645708747	28.814869255288443	-39.257999420166016
0.0	142.0	10.666710594430738	34.9335419212524	-32.263824462890625
0.0	143.0	11.054241466236308	34.00361506643315	-33.5411376953125
0.0	144.0	5.445333764439338	32.18315472034223	-36.49478149414063
0.0	145.0	7.3799762158312445	32.390977001109945	-37.67361831665039
0.0	146.0	8.786198081698357	36.3122400563844	-34.10335922241211
0.0	147.0	6.062490889029847	30.508961888552776	-39.892234802246094
0.0	148.0	6.666428397232763	33.33115093447326	-39.3593864440918
0.0	149.0	7.714796009727376	36.392904053546125	-37.17755126953125
0.0	150.0	6.899457027073372	33.01462274972187	-42.56313705444336
0.0	151.0	8.315712786798963	31.627601158422955	-46.383445739746094
0.0	152.0	10.456896273836165	35.9723343202254	-44.403282165527344
0.0	153.0	9.42752505287078	37.86807819139545	-44.19804000854492
0.0	154.0	10.390013632342423	41.11298790344572	-41.438438415527344
0.0	155.0	8.822932246941695	35.975797670662665	-47.13536071777344
0.0	156.0	8.265618245207474	40.10065333886362	-46.75543975830078
0.0	157.0	6.897439573608076	36.61933995813161	-49.96600341796875
0.0	158.0	3.455902461293548	29.711492074491872	-56.06414031982422
0.0	159.0	0.9102853601682256	30.79388582683917	-55.87106323242188
0.0	160.0	7.126344120129703	35.40721427020988	-50.75490188598633
0.0	161.0	4.1010953471400295	38.654313680182064	-48.40560150146485
0.0	162.0	0.3056110954751955	32.882252256291416	-53.85369491577149
0.0	163.0	2.352145956603424	28.77995120198039	-54.03364944458008
0.0	164.0	9.24275712718656	29.63888294631253	-52.523075103759766
0.0	165.0	3.630697027953309	32.32763991399832	-50.4936752319336
0.0	166.0	-0.7009921816144449	27.513586456171208	-52.04474639892578
0.0	167.0	-1.215503794888561	30.66619572705064	-48.10237884521485
0.0	168.0	2.976979743279609	32.194416778190885	-46.026214599609375
