0	0	0	0	0	0	0	0	0	0	0	0	0	0	0	0	0	0	0	0	0	0	0	0	0	0	0	0	0	0	0	0	0	0	0	0	0	0	0	0	0	0	0	0	0	0	0	0	0	0	0	0	0	0	0	0	0	0	0	0	0	0	0	0	0	0	0	0	0	0	0	0	0	0	0	0	0	0	0	0	0	0	0	0	0	0	0	0	0	0	0	0	0	0	0	0	0	0	0	0	0	0	0	0	0	0	0	0	0	0	0	0	0	0	0	0	0	0	0	0	0	0	0	0	0	0	0	0	0	0	0	0	0	0	0	0	0	0	0	0	0	0	0	0	0	0	0	0	0	0	0	0	0	0	0	0	0	0	0	0	0	0	0	0	0	0	0	0	0	0	0	0	0	0	0	0	0	0	0	0	0	0	0	0	0	0	0	0	0	0	0	0	0	0	0	0	0	0	0	0	0	0	0	0	0	0	0	0	0	0	0	0	0	0	0	0	0	0	0	0	0	0	0	0	0	0	0	0	0	0	0	0	0	0	56.4818	52.4798	48.4777	44.4757	40.4737	36.4717	32.4696	32.8486	33.2276	33.6065	33.9855	34.3645	34.7434	
0	0	0	0	0	0	0	0	0	0	0	0	0	0	0	0	0	0	0	0	0	0	0	0	0	0	0	0	0	0	0	0	0	0	0	0	0	0	0	0	0	0	0	0	0	0	0	0	0	0	0	0	0	0	0	0	0	0	0	0	0	0	0	0	0	0	0	0	0	0	0	0	0	0	0	0	0	0	0	0	0	0	0	0	0	0	0	0	0	0	0	0	0	0	0	0	0	0	0	0	0	0	0	0	0	0	0	0	0	0	0	0	0	0	0	0	0	0	0	0	0	0	0	0	0	0	0	0	0	0	0	0	0	0	0	0	0	0	0	0	0	0	0	0	0	0	0	0	0	0	0	0	0	0	0	0	0	0	0	0	0	0	0	0	0	0	0	0	0	0	0	0	0	0	0	0	0	0	0	0	0	0	0	0	0	0	0	0	0	0	0	0	0	0	0	0	0	0	0	0	0	0	0	0	0	0	0	0	0	0	0	0	0	0	0	0	0	0	0	0	0	0	0	0	0	0	0	0	0	0	0	0	0	0	54.632	51.2068	47.7816	44.3564	40.9312	37.506	34.0808	34.3751	34.6693	34.9635	35.2578	35.552	35.8462	
0	0	0	0	0	0	0	0	0	0	0	0	0	0	0	0	0	0	0	0	0	0	0	0	0	0	0	0	0	0	0	0	0	0	0	0	0	0	0	0	0	0	0	0	0	0	0	0	0	0	0	0	0	0	0	0	0	0	0	0	0	0	0	0	0	0	0	0	0	0	0	0	0	0	0	0	0	0	0	0	0	0	0	0	0	0	0	0	0	0	0	0	0	0	0	0	0	0	0	0	0	0	0	0	0	0	0	0	0	0	0	0	0	0	0	0	0	0	0	0	0	0	0	0	0	0	0	0	0	0	0	0	0	0	0	0	0	0	0	0	0	0	0	0	0	0	0	0	0	0	0	0	0	0	0	0	0	0	0	0	0	0	0	0	0	0	0	0	0	0	0	0	0	0	0	0	0	0	0	0	0	0	0	0	0	0	0	0	0	0	0	0	0	0	0	0	0	0	0	0	0	0	0	0	0	0	0	0	0	0	0	0	0	0	0	0	0	0	0	0	0	0	0	0	0	0	0	0	0	0	0	0	0	0	52.7822	49.9338	47.0855	44.2371	41.3887	38.5404	35.692	35.9015	36.111	36.3205	36.53	36.7396	36.9491	
0	0	0	0	0	0	0	0	0	0	0	0	0	0	0	0	0	0	0	0	0	0	0	0	0	0	0	0	0	0	0	0	0	0	0	0	0	0	0	0	0	0	0	0	0	0	0	0	0	0	0	0	0	0	0	0	0	0	0	0	0	0	0	0	0	0	0	0	0	0	0	0	0	0	0	0	0	0	0	0	0	0	0	0	0	0	0	0	0	0	0	0	0	0	0	0	0	0	0	0	0	0	0	0	0	0	0	0	0	0	0	0	0	0	0	0	0	0	0	0	0	0	0	0	0	0	0	0	0	0	0	0	0	0	0	0	0	0	0	0	0	0	0	0	0	0	0	0	0	0	0	0	0	0	0	0	0	0	0	0	0	0	0	0	0	0	0	0	0	0	0	0	0	0	0	0	0	0	0	0	0	0	0	0	0	0	0	0	0	0	0	0	0	0	0	0	0	0	0	0	0	0	0	0	0	0	0	0	0	0	0	0	0	0	0	0	0	0	0	0	0	0	0	0	0	0	0	0	0	0	0	0	0	0	50.9324	48.6609	46.3893	44.1178	41.8463	39.5747	37.3032	37.428	37.5528	37.6775	37.8023	37.9271	38.0519	
0	0	0	0	0	0	0	0	0	0	0	0	0	0	0	0	0	0	0	0	0	0	0	0	0	0	0	0	0	0	0	0	0	0	0	0	0	0	0	0	0	0	0	0	0	0	0	0	0	0	0	0	0	0	0	0	0	0	0	0	0	0	0	0	0	0	0	0	0	0	0	0	0	0	0	0	0	0	0	0	0	0	0	0	0	0	0	0	0	0	0	0	0	0	0	0	0	0	0	0	0	0	0	0	0	0	0	0	0	0	0	0	0	0	0	0	0	0	0	0	0	0	0	0	0	0	0	0	0	0	0	0	0	0	0	0	0	0	0	0	0	0	0	0	0	0	0	0	0	0	0	0	0	0	0	0	0	0	0	0	0	0	0	0	0	0	0	0	0	0	0	0	0	0	0	0	0	0	0	0	0	0	0	0	0	0	0	0	0	0	0	0	0	0	0	0	0	0	0	0	0	0	0	0	0	0	0	0	0	0	0	0	0	0	0	0	0	0	0	0	0	0	0	0	0	0	0	0	0	0	0	0	0	0	49.0826	47.3879	45.6932	43.9985	42.3038	40.6091	38.9144	38.9544	38.9945	39.0345	39.0746	39.1147	39.1547	
0	0	0	0	0	0	0	0	0	0	0	0	0	0	0	0	0	0	0	0	0	0	0	0	0	0	0	0	0	0	0	0	0	0	0	0	0	0	0	0	0	0	0	0	0	0	0	0	0	0	0	0	0	0	0	0	0	0	0	0	0	0	0	0	0	0	0	0	0	0	0	0	0	0	0	0	0	0	0	0	0	0	0	0	0	0	0	0	0	0	0	0	0	0	0	0	0	0	0	0	0	0	0	0	0	0	0	0	0	0	0	0	0	0	0	0	0	0	0	0	0	0	0	0	0	0	0	0	0	0	0	0	0	0	0	0	0	0	0	0	0	0	0	0	0	0	0	0	0	0	0	0	0	0	0	0	0	0	0	0	0	0	0	0	0	0	0	0	0	0	0	0	0	0	0	0	0	0	0	0	0	0	0	0	0	0	0	0	0	0	0	0	0	0	0	0	0	0	0	0	0	0	0	0	0	0	0	0	0	0	0	0	0	0	0	0	0	0	0	0	0	0	0	0	0	0	0	0	0	0	0	0	0	0	47.2328	46.1149	44.9971	43.8792	42.7613	41.6434	40.5255	40.4809	40.4362	40.3915	40.3469	40.3022	40.2575	
0	0	0	0	0	0	0	0	0	0	0	0	0	0	0	0	0	0	0	0	0	0	0	0	0	0	0	0	0	0	0	0	0	0	0	0	0	0	0	0	0	0	0	0	0	0	0	0	0	0	0	0	0	0	0	0	0	0	0	0	0	0	0	0	0	0	0	0	0	0	0	0	0	0	0	0	0	0	0	0	0	0	0	0	0	0	0	0	0	0	0	0	0	0	0	0	0	0	0	0	0	0	0	0	0	0	0	0	0	0	0	0	0	0	0	0	0	0	0	0	0	0	0	0	0	0	0	0	0	0	0	0	0	0	0	0	0	0	0	0	0	0	0	0	0	0	0	0	0	0	0	0	0	0	0	0	0	0	0	0	0	0	0	0	0	0	0	0	0	0	0	0	0	0	0	0	0	0	0	0	0	0	0	0	0	0	0	0	0	0	0	0	0	0	0	0	0	0	0	0	0	0	0	0	0	0	0	0	0	0	0	0	0	0	0	0	0	0	0	0	0	0	0	0	0	0	0	0	0	0	0	0	0	0	45.383	44.842	44.3009	43.7599	43.2188	42.6778	42.1367	42.0073	41.8779	41.7486	41.6192	41.4898	41.3604	
0	0	0	0	0	0	0	0	0	0	0	0	0	0	0	0	0	0	0	0	0	0	0	0	0	0	0	0	0	0	0	0	0	0	0	0	0	0	0	0	0	0	0	0	0	0	0	0	0	0	0	0	0	0	0	0	0	0	0	0	0	0	0	0	0	0	0	0	0	0	0	0	0	0	0	0	0	0	0	0	0	0	0	0	0	0	0	0	0	0	0	0	0	0	0	0	0	0	0	0	0	0	0	0	0	0	0	0	0	0	0	0	0	0	0	0	0	0	0	0	0	0	0	0	0	0	0	0	0	0	0	0	0	0	0	0	0	0	0	0	0	0	0	0	0	0	0	0	0	0	0	0	0	0	0	0	0	0	0	0	0	0	0	0	0	0	0	0	0	0	0	0	0	0	0	0	0	0	0	0	0	0	0	0	0	0	0	0	0	0	0	0	0	0	0	0	0	0	0	0	0	0	0	0	0	0	0	0	0	0	0	0	0	0	0	0	0	0	0	0	0	0	0	0	0	0	0	0	0	0	0	0	0	0	42.91	42.5056	42.1011	41.6966	41.2921	40.8877	40.4832	40.5198	40.5564	40.593	40.6296	40.6662	40.7027	
0	0	0	0	0	0	0	0	0	0	0	0	0	0	0	0	0	0	0	0	0	0	0	0	0	0	0	0	0	0	0	0	0	0	0	0	0	0	0	0	0	0	0	0	0	0	0	0	0	0	0	0	0	0	0	0	0	0	0	0	0	0	0	0	0	0	0	0	0	0	0	0	0	0	0	0	0	0	0	0	0	0	0	0	0	0	0	0	0	0	0	0	0	0	0	0	0	0	0	0	0	0	0	0	0	0	0	0	0	0	0	0	0	0	0	0	0	0	0	0	0	0	0	0	0	0	0	0	0	0	0	0	0	0	0	0	0	0	0	0	0	0	0	0	0	0	0	0	0	0	0	0	0	0	0	0	0	0	0	0	0	0	0	0	0	0	0	0	0	0	0	0	0	0	0	0	0	0	0	0	0	0	0	0	0	0	0	0	0	0	0	0	0	0	0	0	0	0	0	0	0	0	0	0	0	0	0	0	0	0	0	0	0	0	0	0	0	0	0	0	0	0	0	0	0	0	0	0	0	0	0	0	0	0	40.437	40.1691	39.9012	39.6334	39.3655	39.0976	38.8297	39.0322	39.2348	39.4374	39.64	39.8425	40.0451	
0	0	0	0	0	0	0	0	0	0	0	0	0	0	0	0	0	0	0	0	0	0	0	0	0	0	0	0	0	0	0	0	0	0	0	0	0	0	0	0	0	0	0	0	0	0	0	0	0	0	0	0	0	0	0	0	0	0	0	0	0	0	0	0	0	0	0	0	0	0	0	0	0	0	0	0	0	0	0	0	0	0	0	0	0	0	0	0	0	0	0	0	0	0	0	0	0	0	0	0	0	0	0	0	0	0	0	0	0	0	0	0	0	0	0	0	0	0	0	0	0	0	0	0	0	0	0	0	0	0	0	0	0	0	0	0	0	0	0	0	0	0	0	0	0	0	0	0	0	0	0	0	0	0	0	0	0	0	0	0	0	0	0	0	0	0	0	0	0	0	0	0	0	0	0	0	0	0	0	0	0	0	0	0	0	0	0	0	0	0	0	0	0	0	0	0	0	0	0	0	0	0	0	0	0	0	0	0	0	0	0	0	0	0	0	0	0	0	0	0	0	0	0	0	0	0	0	0	0	0	0	0	0	0	37.9641	37.8327	37.7014	37.5701	37.4388	37.3074	37.1761	37.5447	37.9132	38.2818	38.6504	39.0189	39.3875	
0	0	0	0	0	0	0	0	0	0	0	0	0	0	0	0	0	0	0	0	0	0	0	0	0	0	0	0	0	0	0	0	0	0	0	0	0	0	0	0	0	0	0	0	0	0	0	0	0	0	0	0	0	0	0	0	0	0	0	0	0	0	0	0	0	0	0	0	0	0	0	0	0	0	0	0	0	0	0	0	0	0	0	0	0	0	0	0	0	0	0	0	0	0	0	0	0	0	0	0	0	0	0	0	0	0	0	0	0	0	0	0	0	0	0	0	0	0	0	0	0	0	0	0	0	0	0	0	0	0	0	0	0	0	0	0	0	0	0	0	0	0	0	0	0	0	0	0	0	0	0	0	0	0	0	0	0	0	0	0	0	0	0	0	0	0	0	0	0	0	0	0	0	0	0	0	0	0	0	0	0	0	0	0	0	0	0	0	0	0	0	0	0	0	0	0	0	0	0	0	0	0	0	0	0	0	0	0	0	0	0	0	0	0	0	0	0	0	0	0	0	0	0	0	0	0	0	0	0	0	0	0	0	0	35.4911	35.4963	35.5016	35.5068	35.5121	35.5173	35.5226	36.0571	36.5917	37.1262	37.6608	38.1953	38.7299	
0	0	0	0	0	0	0	0	0	0	0	0	0	0	0	0	0	0	0	0	0	0	0	0	0	0	0	0	0	0	0	0	0	0	0	0	0	0	0	0	0	0	0	0	0	0	0	0	0	0	0	0	0	0	0	0	0	0	0	0	0	0	0	0	0	0	0	0	0	0	0	0	0	0	0	0	0	0	0	0	0	0	0	0	0	0	0	0	0	0	0	0	0	0	0	0	0	0	0	0	0	0	0	0	0	0	0	0	0	0	0	0	0	0	0	0	0	0	0	0	0	0	0	0	0	0	0	0	0	0	0	0	0	0	0	0	0	0	0	0	0	0	0	0	0	0	0	0	0	0	0	0	0	0	0	0	0	0	0	0	0	0	0	0	0	0	0	0	0	0	0	0	0	0	0	0	0	0	0	0	0	0	0	0	0	0	0	0	0	0	0	0	0	0	0	0	0	0	0	0	0	0	0	0	0	0	0	0	0	0	0	0	0	0	0	0	0	0	0	0	0	0	0	0	0	0	0	0	0	0	0	0	0	0	33.0181	33.1599	33.3017	33.4436	33.5854	33.7272	33.869	34.5696	35.2701	35.9706	36.6712	37.3717	38.0722	
0	0	0	0	0	0	0	0	0	0	0	0	0	0	0	0	0	0	0	0	0	0	0	0	0	0	0	0	0	0	0	0	0	0	0	0	0	0	0	0	0	0	0	0	0	0	0	0	0	0	0	0	0	0	0	0	0	0	0	0	0	0	0	0	0	0	0	0	0	0	0	0	0	0	0	0	0	0	0	0	0	0	0	0	0	0	0	0	0	0	0	0	0	0	0	0	0	0	0	0	0	0	0	0	0	0	0	0	0	0	0	0	0	0	0	0	0	0	0	0	0	0	0	0	0	0	0	0	0	0	0	0	0	0	0	0	0	0	0	0	0	0	0	0	0	0	0	0	0	0	0	0	0	0	0	0	0	0	0	0	0	0	0	0	0	0	0	0	0	0	0	0	0	0	0	0	0	0	0	0	0	0	0	0	0	0	0	0	0	0	0	0	38.9069	35.6952	32.4834	29.2717	26.0599	22.8482	19.6364	18.1352	16.6339	15.1327	13.6314	12.1302	10.629	11.1172	11.6055	12.0937	12.582	13.0703	13.5585	14.9568	16.3551	17.7534	19.1517	20.55	21.9483	22.3517	22.7551	23.1585	23.5619	23.9652	24.3686	24.5771	24.7855	24.9939	25.2024	25.4108	25.6193	26.4402	27.2612	28.0822	28.9031	29.7241	30.5451	30.8235	31.1019	31.3803	31.6587	31.9371	32.2155	33.082	33.9485	34.815	35.6816	36.5481	37.4146	
0	0	0	0	0	0	0	0	0	0	0	0	0	0	0	0	0	0	0	0	0	0	0	0	0	0	0	0	0	0	0	0	0	0	0	0	0	0	0	0	0	0	0	0	0	0	0	0	0	0	0	0	0	0	0	0	0	0	0	0	0	0	0	0	0	0	0	0	0	0	0	0	0	0	0	0	0	0	0	0	0	0	0	0	0	0	0	0	0	0	0	0	0	0	0	0	0	0	0	0	0	0	0	0	0	0	0	0	0	0	0	0	0	0	0	0	0	0	0	0	0	0	0	0	0	0	0	0	0	0	0	0	0	0	0	0	0	0	0	0	0	0	0	0	0	0	0	0	0	0	0	0	0	0	0	0	0	0	0	0	0	0	0	0	0	0	0	0	0	0	0	0	0	0	0	0	0	0	0	0	0	0	0	0	0	0	0	0	0	0	0	0	37.7213	35.2453	32.7694	30.2935	27.8175	25.3416	22.8657	21.5598	20.254	18.9482	17.6423	16.3365	15.0307	14.8736	14.7166	14.5595	14.4024	14.2454	14.0883	15.3036	16.5188	17.734	18.9493	20.1645	21.3797	22.0491	22.7185	23.3878	24.0572	24.7266	25.3959	25.673	25.9501	26.2272	26.5043	26.7814	27.0585	27.5977	28.1368	28.676	29.2152	29.7544	30.2935	30.4994	30.7053	30.9112	31.1171	31.323	31.5289	32.691	33.8531	35.0151	36.1772	37.3393	38.5014	
0	0	0	0	0	0	0	0	0	0	0	0	0	0	0	0	0	0	0	0	0	0	0	0	0	0	0	0	0	0	0	0	0	0	0	0	0	0	0	0	0	0	0	0	0	0	0	0	0	0	0	0	0	0	0	0	0	0	0	0	0	0	0	0	0	0	0	0	0	0	0	0	0	0	0	0	0	0	0	0	0	0	0	0	0	0	0	0	0	0	0	0	0	0	0	0	0	0	0	0	0	0	0	0	0	0	0	0	0	0	0	0	0	0	0	0	0	0	0	0	0	0	0	0	0	0	0	0	0	0	0	0	0	0	0	0	0	0	0	0	0	0	0	0	0	0	0	0	0	0	0	0	0	0	0	0	0	0	0	0	0	0	0	0	0	0	0	0	0	0	0	0	0	0	0	0	0	0	0	0	0	0	0	0	0	0	0	0	0	0	0	0	36.5356	34.7955	33.0554	31.3152	29.5751	27.835	26.0949	24.9845	23.8741	22.7637	21.6532	20.5428	19.4324	18.63	17.8276	17.0253	16.2229	15.4205	14.6181	15.6503	16.6825	17.7146	18.7468	19.779	20.8111	21.7465	22.6818	23.6172	24.5525	25.4879	26.4232	26.769	27.1147	27.4605	27.8062	28.152	28.4977	28.7551	29.0125	29.2698	29.5272	29.7846	30.042	30.1754	30.3087	30.4421	30.5755	30.7089	30.8423	32.2999	33.7576	35.2152	36.6729	38.1306	39.5882	
0	0	0	0	0	0	0	0	0	0	0	0	0	0	0	0	0	0	0	0	0	0	0	0	0	0	0	0	0	0	0	0	0	0	0	0	0	0	0	0	0	0	0	0	0	0	0	0	0	0	0	0	0	0	0	0	0	0	0	0	0	0	0	0	0	0	0	0	0	0	0	0	0	0	0	0	0	0	0	0	0	0	0	0	0	0	0	0	0	0	0	0	0	0	0	0	0	0	0	0	0	0	0	0	0	0	0	0	0	0	0	0	0	0	0	0	0	0	0	0	0	0	0	0	0	0	0	0	0	0	0	0	0	0	0	0	0	0	0	0	0	0	0	0	0	0	0	0	0	0	0	0	0	0	0	0	0	0	0	0	0	0	0	0	0	0	0	0	0	0	0	0	0	0	0	0	0	0	0	0	0	0	0	0	0	0	0	0	0	0	0	0	35.3499	34.3456	33.3413	32.337	31.3327	30.3284	29.3241	28.4091	27.4941	26.5791	25.6641	24.7491	23.8341	22.3864	20.9387	19.491	18.0433	16.5956	15.1479	15.997	16.8461	17.6952	18.5443	19.3934	20.2426	21.4439	22.6452	23.8465	25.0479	26.2492	27.4505	27.8649	28.2793	28.6937	29.1081	29.5225	29.9369	29.9125	29.8881	29.8637	29.8393	29.8148	29.7904	29.8513	29.9122	29.973	30.0339	30.0948	30.1556	31.9089	33.6621	35.4153	37.1686	38.9218	40.6751	
0	0	0	0	0	0	0	0	0	0	0	0	0	0	0	0	0	0	0	0	0	0	0	0	0	0	0	0	0	0	0	0	0	0	0	0	0	0	0	0	0	0	0	0	0	0	0	0	0	0	0	0	0	0	0	0	0	0	0	0	0	0	0	0	0	0	0	0	0	0	0	0	0	0	0	0	0	0	0	0	0	0	0	0	0	0	0	0	0	0	0	0	0	0	0	0	0	0	0	0	0	0	0	0	0	0	0	0	0	0	0	0	0	0	0	0	0	0	0	0	0	0	0	0	0	0	0	0	0	0	0	0	0	0	0	0	0	0	0	0	0	0	0	0	0	0	0	0	0	0	0	0	0	0	0	0	0	0	0	0	0	0	0	0	0	0	0	0	0	0	0	0	0	0	0	0	0	0	0	0	0	0	0	0	0	0	0	0	0	0	0	0	34.1643	33.8958	33.6273	33.3588	33.0903	32.8218	32.5534	31.8338	31.1142	30.3946	29.675	28.9555	28.2359	26.1428	24.0498	21.9568	19.8638	17.7707	15.6777	16.3437	17.0098	17.6758	18.3419	19.0079	19.674	21.1413	22.6086	24.0759	25.5432	27.0105	28.4778	28.9609	29.4439	29.927	30.41	30.8931	31.3761	31.0699	30.7637	30.4575	30.1513	29.8451	29.5389	29.5272	29.5156	29.5039	29.4923	29.4807	29.469	31.5178	33.5666	35.6155	37.6643	39.7131	41.7619	
0	0	0	0	0	0	0	0	0	0	0	0	0	0	0	0	0	0	0	0	0	0	0	0	0	0	0	0	0	0	0	0	0	0	0	0	0	0	0	0	0	0	0	0	0	0	0	0	0	0	0	0	0	0	0	0	0	0	0	0	0	0	0	0	0	0	0	0	0	0	0	0	0	0	0	0	0	0	0	0	0	0	0	0	0	0	0	0	0	0	0	0	0	0	0	0	0	0	0	0	0	0	0	0	0	0	0	0	0	0	0	0	0	0	0	0	0	0	0	0	0	0	0	0	0	0	0	0	0	0	0	0	0	0	0	0	0	0	0	0	0	0	0	0	0	0	0	0	0	0	0	0	0	0	0	0	0	0	0	0	0	0	0	0	0	0	0	0	0	0	0	0	0	0	0	0	0	0	0	0	0	0	0	0	0	0	0	0	0	0	0	0	32.9786	33.4459	33.9133	34.3806	34.8479	35.3153	35.7826	35.2584	34.7343	34.2101	33.6859	33.1618	32.6376	29.8992	27.1609	24.4225	21.6842	18.9458	16.2075	16.6905	17.1734	17.6564	18.1394	18.6224	19.1054	20.8387	22.5719	24.3052	26.0385	27.7718	29.5051	30.0568	30.6085	31.1602	31.7119	32.2637	32.8154	32.2274	31.6393	31.0513	30.4633	29.8753	29.2873	29.2032	29.119	29.0349	28.9507	28.8665	28.7824	31.1268	33.4712	35.8156	38.1599	40.5043	42.8487	
36.0646	36.5285	36.9924	37.4563	37.9202	38.3841	38.848	38.3605	37.873	37.3855	36.898	36.4105	35.923	35.2138	34.5046	33.7954	33.0863	32.3771	31.6679	30.7918	29.9157	29.0397	28.1636	27.2875	26.4114	26.1492	25.887	25.6248	25.3626	25.1004	24.8382	25.0206	25.203	25.3854	25.5678	25.7502	25.9326	26.2656	26.5986	26.9316	27.2646	27.5976	27.9307	28.4799	29.0292	29.5784	30.1277	30.6769	31.2262	31.1448	31.0635	30.9821	30.9008	30.8194	30.7381	30.3804	30.0227	29.665	29.3073	28.9496	28.5919	27.8524	27.1128	26.3732	25.6336	24.8941	24.1545	24.384	24.6134	24.8429	25.0724	25.3018	25.5313	25.8322	26.133	26.4339	26.7347	27.0356	27.3364	28.3775	29.4186	30.4596	31.5007	32.5417	33.5828	34.0619	34.5409	35.02	35.4991	35.9782	36.4572	37.0096	37.5619	38.1143	38.6667	39.219	39.7714	38.0288	36.2862	34.5436	32.801	31.0584	29.3159	28.6158	27.9157	27.2157	26.5156	25.8155	25.1155	25.5361	25.9567	26.3773	26.7979	27.2184	27.639	27.5894	27.5397	27.49	27.4403	27.3906	27.341	27.5269	27.7128	27.8987	28.0847	28.2706	28.4565	29.166	29.8755	30.585	31.2945	32.0041	32.7136	32.4601	32.2066	31.9531	31.6996	31.4461	31.1926	31.252	31.3115	31.371	31.4305	31.49	31.5494	31.8355	32.1216	32.4077	32.6938	32.9799	33.266	34.0636	34.8611	35.6587	36.4562	37.2538	38.0513	37.782	37.5128	37.2435	36.9743	36.705	36.4358	36.3163	36.1969	36.0775	35.958	35.8386	35.7192	35.3762	35.0333	34.6904	34.3475	34.0045	33.6616	32.7052	31.7489	30.7925	29.8362	28.8798	27.9234	27.1346	26.3458	25.557	24.7682	23.9794	23.1906	24.6243	26.058	27.4918	28.9255	30.3592	31.7929	32.9961	34.1992	35.4024	36.6055	37.8087	39.0118	38.6831	38.3543	38.0256	37.6968	37.3681	37.0393	33.6556	30.272	26.8883	23.5046	20.121	16.7373	17.0372	17.3371	17.637	17.9369	18.2369	18.5368	20.536	22.5353	24.5346	26.5339	28.5331	30.5324	31.1528	31.7731	32.3935	33.0139	33.6342	34.2546	33.3848	32.515	31.6452	30.7754	29.9056	29.0358	28.8791	28.7224	28.5658	28.4091	28.2524	28.0958	30.7357	33.3757	36.0157	38.6556	41.2956	43.9355	
0	0	0	0	0	0	38.4776	37.8195	37.1613	36.5032	35.845	35.1869	34.5287	33.759	32.9892	32.2194	31.4497	30.6799	29.9102	29.0397	28.1692	27.2988	26.4283	25.5578	24.6874	24.3599	24.0325	23.705	23.3775	23.0501	22.7226	23.0119	23.3011	23.5904	23.8797	24.1689	24.4582	24.8244	25.1906	25.5568	25.923	26.2892	26.6554	27.0935	27.5317	27.9699	28.4081	28.8462	29.2844	29.3077	29.3309	29.3541	29.3774	29.4006	29.4238	29.2785	29.1331	28.9877	28.8424	28.697	28.5516	27.922	27.2924	26.6629	26.0333	25.4037	24.7741	24.9254	25.0767	25.228	25.3792	25.5305	25.6818	25.8765	26.0711	26.2658	26.4604	26.6551	26.8497	27.6936	28.5374	29.3812	30.2251	31.0689	31.9128	32.3088	32.7047	33.1007	33.4967	33.8927	34.2887	34.7612	35.2338	35.7064	36.179	36.6516	37.1242	35.5554	33.9866	32.4177	30.8489	29.2801	27.7112	27.1144	26.5177	25.9209	25.3241	24.7273	24.1305	24.38	24.6295	24.879	25.1284	25.3779	25.6274	25.5763	25.5252	25.4741	25.423	25.372	25.3209	25.5422	25.7636	25.9849	26.2063	26.4277	26.649	27.3052	27.9614	28.6176	29.2738	29.93	30.5862	30.416	30.2458	30.0756	29.9054	29.7353	29.5651	29.6689	29.7728	29.8766	29.9804	30.0843	30.1881	30.4985	30.8089	31.1192	31.4296	31.74	32.0504	32.8568	33.6632	34.4696	35.2759	36.0823	36.8887	36.6715	36.4542	36.237	36.0197	35.8025	35.5852	35.3879	35.1905	34.9931	34.7957	34.5983	34.401	34.056	33.711	33.366	33.0211	32.6761	32.3311	31.424	30.5168	29.6096	28.7024	27.7952	26.888	26.3165	25.745	25.1735	24.602	24.0305	23.459	24.9881	26.5172	28.0463	29.5754	31.1045	32.6336	33.7925	34.9514	36.1104	37.2693	38.4282	39.5871	38.7708	37.9545	37.1381	36.3218	35.5055	34.6891	31.4577	28.2262	24.9948	21.7633	18.5319	15.3004	15.8439	16.3874	16.9309	17.4744	18.018	18.5615	20.5351	22.5088	24.4824	26.456	28.4297	30.4033	30.9717	31.5401	32.1085	32.6769	33.2453	33.8137	32.7084	31.6031	30.4979	29.3926	28.2873	27.1821	27.1298	27.0775	27.0253	26.973	26.9207	26.8685	29.3077	31.747	34.1862	36.6255	39.0647	41.504	
0	0	0	0	0	0	38.1072	37.2784	36.4497	35.6209	34.7921	33.9633	33.1345	32.3041	31.4738	30.6434	29.8131	28.9828	28.1524	27.2876	26.4227	25.5579	24.693	23.8282	22.9633	22.5706	22.1779	21.7852	21.3925	20.9998	20.6071	21.0032	21.3993	21.7954	22.1915	22.5876	22.9837	23.3831	23.7825	24.1819	24.5813	24.9807	25.3801	25.7072	26.0343	26.3614	26.6885	27.0156	27.3427	27.4705	27.5983	27.7262	27.854	27.9818	28.1096	28.1766	28.2435	28.3105	28.3774	28.4443	28.5113	27.9917	27.4721	26.9525	26.4329	25.9133	25.3937	25.4668	25.5399	25.613	25.6861	25.7592	25.8323	25.9207	26.0092	26.0976	26.1861	26.2745	26.363	27.0096	27.6562	28.3029	28.9495	29.5961	30.2428	30.5556	30.8685	31.1814	31.4943	31.8072	32.1201	32.5129	32.9057	33.2986	33.6914	34.0843	34.4771	33.082	31.6869	30.2919	28.8968	27.5017	26.1066	25.6131	25.1196	24.6261	24.1326	23.6391	23.1456	23.2239	23.3023	23.3807	23.459	23.5374	23.6158	23.5633	23.5108	23.4583	23.4058	23.3533	23.3008	23.5576	23.8144	24.0711	24.3279	24.5847	24.8415	25.4444	26.0473	26.6501	27.253	27.8559	28.4588	28.3719	28.285	28.1982	28.1113	28.0245	27.9376	28.0858	28.234	28.3822	28.5304	28.6786	28.8267	29.1614	29.4961	29.8307	30.1654	30.5	30.8347	31.6499	32.4652	33.2804	34.0957	34.9109	35.7262	35.5609	35.3957	35.2304	35.0652	34.9	34.7347	34.4594	34.1841	33.9087	33.6334	33.3581	33.0827	32.7357	32.3887	32.0417	31.6947	31.3477	31.0007	30.1427	29.2847	28.4267	27.5687	26.7107	25.8526	25.4985	25.1443	24.7901	24.4359	24.0817	23.7275	25.352	26.9764	28.6009	30.2254	31.8498	33.4743	34.589	35.7037	36.8183	37.933	39.0477	40.1624	38.8585	37.5546	36.2507	34.9468	33.6428	32.3389	29.2597	26.1805	23.1012	20.022	16.9428	13.8635	14.6506	15.4377	16.2248	17.012	17.7991	18.5862	20.5342	22.4822	24.4302	26.3782	28.3262	30.2742	30.7907	31.3071	31.8235	32.3399	32.8563	33.3728	32.032	30.6913	29.3506	28.0098	26.6691	25.3284	25.3805	25.4326	25.4848	25.5369	25.589	25.6411	27.8797	30.1183	32.3568	34.5954	36.8339	39.0725	
0	0	0	0	0	0	37.7369	36.7374	35.738	34.7386	33.7391	32.7397	31.7402	30.8493	29.9584	29.0675	28.1765	27.2856	26.3947	25.5354	24.6762	23.817	22.9577	22.0985	21.2393	20.7813	20.3234	19.8654	19.4075	18.9495	18.4916	18.9945	19.4975	20.0004	20.5034	21.0063	21.5093	21.9419	22.3744	22.807	23.2396	23.6722	24.1048	24.3208	24.5368	24.7529	24.9689	25.1849	25.4009	25.6333	25.8658	26.0982	26.3306	26.563	26.7954	27.0747	27.3539	27.6332	27.9124	28.1917	28.4709	28.0614	27.6518	27.2422	26.8326	26.423	26.0134	26.0083	26.0032	25.9981	25.993	25.9879	25.9828	25.965	25.9473	25.9295	25.9118	25.894	25.8762	26.3257	26.7751	27.2245	27.6739	28.1233	28.5727	28.8025	29.0323	29.2621	29.4919	29.7217	29.9515	30.2646	30.5776	30.8907	31.2038	31.5169	31.83	30.6086	29.3873	28.166	26.9446	25.7233	24.502	24.1118	23.7215	23.3313	22.9411	22.5508	22.1606	22.0679	21.9751	21.8824	21.7896	21.6969	21.6041	21.5502	21.4963	21.4424	21.3885	21.3346	21.2807	21.5729	21.8651	22.1574	22.4496	22.7418	23.034	23.5836	24.1331	24.6827	25.2323	25.7818	26.3314	26.3278	26.3243	26.3207	26.3172	26.3137	26.3101	26.5027	26.6952	26.8878	27.0803	27.2729	27.4654	27.8243	28.1833	28.5422	28.9012	29.2601	29.619	30.4431	31.2672	32.0913	32.9154	33.7395	34.5636	34.4503	34.3371	34.2239	34.1107	33.9975	33.8842	33.5309	33.1777	32.8244	32.4711	32.1178	31.7645	31.4155	31.0664	30.7174	30.3683	30.0193	29.6702	28.8614	28.0526	27.2437	26.4349	25.6261	24.8173	24.6804	24.5435	24.4066	24.2697	24.1328	23.996	25.7158	27.4356	29.1555	30.8753	32.5951	34.3149	35.3854	36.4559	37.5263	38.5968	39.6672	40.7377	38.9462	37.1547	35.3632	33.5717	31.7802	29.9887	27.0617	24.1347	21.2077	18.2807	15.3537	12.4267	13.4574	14.4881	15.5188	16.5495	17.5802	18.6108	20.5332	22.4556	24.378	26.3004	28.2228	30.1452	30.6096	31.0741	31.5385	32.0029	32.4674	32.9318	31.3556	29.7795	28.2033	26.6271	25.0509	23.4747	23.6312	23.7877	23.9443	24.1008	24.2573	24.4138	26.4517	28.4895	30.5274	32.5652	34.6031	36.6409	
0	0	0	0	0	0	37.3665	36.1964	35.0263	33.8563	32.6862	31.5161	30.346	29.3945	28.443	27.4915	26.54	25.5884	24.6369	23.7833	22.9297	22.0761	21.2224	20.3688	19.5152	18.992	18.4688	17.9456	17.4224	16.8992	16.376	16.9858	17.5956	18.2054	18.8152	19.425	20.0348	20.5006	20.9664	21.4322	21.898	22.3638	22.8295	22.9345	23.0394	23.1443	23.2493	23.3542	23.4592	23.7962	24.1332	24.4702	24.8072	25.1442	25.4812	25.9728	26.4644	26.9559	27.4475	27.9391	28.4306	28.131	27.8314	27.5318	27.2322	26.9326	26.633	26.5497	26.4664	26.3831	26.2998	26.2166	26.1333	26.0093	25.8854	25.7614	25.6374	25.5135	25.3895	25.6417	25.8939	26.1461	26.3983	26.6505	26.9027	27.0494	27.1961	27.3428	27.4895	27.6362	27.7829	28.0162	28.2495	28.4829	28.7162	28.9495	29.1828	28.1353	27.0877	26.0401	24.9925	23.9449	22.8974	22.6104	22.3235	22.0365	21.7495	21.4626	21.1756	20.9118	20.6479	20.3841	20.1202	19.8564	19.5925	19.5372	19.4819	19.4265	19.3712	19.3159	19.2606	19.5882	19.9159	20.2436	20.5712	20.8989	21.2265	21.7228	22.219	22.7153	23.2115	23.7077	24.204	24.2837	24.3635	24.4433	24.5231	24.6029	24.6827	24.9196	25.1565	25.3934	25.6303	25.8672	26.1041	26.4873	26.8705	27.2537	27.6369	28.0201	28.4034	29.2363	30.0692	30.9022	31.7351	32.5681	33.401	33.3398	33.2786	33.2174	33.1561	33.0949	33.0337	32.6025	32.1713	31.74	31.3088	30.8775	30.4463	30.0952	29.7441	29.393	29.0419	28.6908	28.3397	27.5801	26.8205	26.0608	25.3012	24.5415	23.7819	23.8623	23.9427	24.0231	24.1036	24.184	24.2644	26.0796	27.8948	29.71	31.5252	33.3404	35.1556	36.1818	37.2081	38.2343	39.2605	40.2868	41.313	39.0339	36.7548	34.4758	32.1967	29.9176	27.6385	24.8637	22.089	19.3142	16.5394	13.7646	10.9898	12.2641	13.5384	14.8127	16.087	17.3612	18.6355	20.5323	22.4291	24.3258	26.2226	28.1193	30.0161	30.4286	30.841	31.2535	31.666	32.0785	32.4909	30.6793	28.8676	27.056	25.2443	23.4327	21.621	21.8819	22.1428	22.4038	22.6647	22.9256	23.1865	25.0237	26.8608	28.698	30.5351	32.3723	34.2094	
0	0	0	0	0	0	36.9962	35.6554	34.3147	32.9739	31.6332	30.2925	28.9517	27.9396	26.9276	25.9155	24.9034	23.8913	22.8792	22.0312	21.1832	20.3352	19.4872	18.6391	17.7911	17.2027	16.6142	16.0258	15.4374	14.8489	14.2605	14.9771	15.6938	16.4104	17.1271	17.8437	18.5604	19.0594	19.5583	20.0573	20.5563	21.0553	21.5543	21.5481	21.542	21.5358	21.5297	21.5235	21.5174	21.959	22.4006	22.8422	23.2838	23.7254	24.167	24.8709	25.5748	26.2787	26.9825	27.6864	28.3903	28.2007	28.0111	27.8214	27.6318	27.4422	27.2526	27.0911	26.9297	26.7682	26.6067	26.4452	26.2838	26.0536	25.8234	25.5933	25.3631	25.1329	24.9028	24.9578	25.0128	25.0678	25.1227	25.1777	25.2327	25.2963	25.3599	25.4235	25.4871	25.5507	25.6143	25.7679	25.9214	26.075	26.2286	26.3821	26.5357	25.6619	24.7881	23.9142	23.0404	22.1666	21.2927	21.1091	20.9254	20.7417	20.558	20.3744	20.1907	19.7557	19.3207	18.8858	18.4508	18.0158	17.5809	17.5241	17.4674	17.4107	17.3539	17.2972	17.2405	17.6036	17.9667	18.3298	18.6929	19.056	19.419	19.862	20.3049	20.7478	21.1907	21.6336	22.0766	22.2397	22.4028	22.5659	22.729	22.8921	23.0552	23.3364	23.6177	23.8989	24.1802	24.4615	24.7427	25.1502	25.5577	25.9652	26.3727	26.7802	27.1877	28.0295	28.8713	29.7131	30.5548	31.3966	32.2384	32.2292	32.22	32.2108	32.2016	32.1924	32.1832	31.674	31.1648	30.6557	30.1465	29.6373	29.1281	28.775	28.4218	28.0687	27.7156	27.3624	27.0093	26.2988	25.5883	24.8779	24.1674	23.4569	22.7465	23.0442	23.3419	23.6397	23.9374	24.2352	24.5329	26.4435	28.354	30.2646	32.1752	34.0857	35.9963	36.9783	37.9603	38.9423	39.9243	40.9063	41.8883	39.1216	36.355	33.5883	30.8217	28.055	25.2883	22.6658	20.0432	17.4206	14.7981	12.1755	9.55292	11.0708	12.5887	14.1066	15.6245	17.1423	18.6602	20.5314	22.4025	24.2736	26.1448	28.0159	29.887	30.2475	30.608	30.9685	31.329	31.6895	32.05	30.0029	27.9558	25.9087	23.8615	21.8144	19.7673	20.1326	20.4979	20.8633	21.2286	21.5939	21.9592	23.5957	25.2321	26.8685	28.505	30.1414	31.7779	
0	0	0	0	0	0	36.6258	35.1144	33.603	32.0916	30.5803	29.0689	27.5575	26.4848	25.4121	24.3395	23.2668	22.1941	21.1215	20.2791	19.4367	18.5943	17.7519	16.9095	16.0671	15.4134	14.7597	14.106	13.4523	12.7986	12.1449	12.9684	13.7919	14.6154	15.4389	16.2624	17.0859	17.6181	18.1503	18.6825	19.2146	19.7468	20.279	20.1618	20.0445	19.9273	19.8101	19.6929	19.5756	20.1218	20.668	21.2142	21.7604	22.3066	22.8528	23.769	24.6852	25.6014	26.5176	27.4338	28.35	28.2703	28.1907	28.1111	28.0315	27.9519	27.8722	27.6326	27.3929	27.1532	26.9136	26.6739	26.4342	26.0979	25.7615	25.4252	25.0888	24.7524	24.4161	24.2738	24.1316	23.9894	23.8472	23.7049	23.5627	23.5432	23.5237	23.5042	23.4847	23.4652	23.4457	23.5195	23.5933	23.6672	23.741	23.8148	23.8886	23.1885	22.4884	21.7883	21.0883	20.3882	19.6881	19.6077	19.5273	19.4469	19.3665	19.2861	19.2057	18.5996	17.9936	17.3875	16.7814	16.1753	15.5692	15.5111	15.4529	15.3948	15.3367	15.2785	15.2204	15.6189	16.0174	16.416	16.8145	17.213	17.6116	18.0012	18.3908	18.7804	19.17	19.5596	19.9492	20.1956	20.442	20.6884	20.9349	21.1813	21.4277	21.7533	22.0789	22.4045	22.7301	23.0558	23.3814	23.8131	24.2449	24.6767	25.1085	25.5402	25.972	26.8227	27.6733	28.5239	29.3746	30.2252	31.0758	31.1186	31.1615	31.2043	31.2471	31.2899	31.3327	30.7456	30.1584	29.5713	28.9842	28.397	27.8099	27.4547	27.0995	26.7444	26.3892	26.034	25.6788	25.0175	24.3562	23.695	23.0337	22.3724	21.7111	22.2261	22.7412	23.2562	23.7713	24.2863	24.8013	26.8073	28.8132	30.8192	32.8251	34.831	36.837	37.7747	38.7125	39.6503	40.588	41.5258	42.4636	39.2093	35.9551	32.7009	29.4466	26.1924	22.9381	20.4678	17.9974	15.5271	13.0567	10.5864	8.11605	9.87753	11.639	13.4005	15.162	16.9234	18.6849	20.5304	22.3759	24.2214	26.0669	27.9124	29.758	30.0665	30.375	30.6835	30.992	31.3006	31.6091	29.3265	27.0439	24.7614	22.4788	20.1962	17.9136	18.3833	18.853	19.3228	19.7925	20.2622	20.7319	22.1676	23.6034	25.0391	26.4749	27.9106	29.3463	
0	0	0	0	0	0	36.6675	35.1355	33.6036	32.0716	30.5397	29.0077	27.4758	26.3626	25.2494	24.1361	23.0229	21.9097	20.7965	19.7054	18.6143	17.5233	16.4322	15.3412	14.2501	13.9566	13.663	13.3694	13.0759	12.7823	12.4887	13.4186	14.3485	15.2784	16.2082	17.1381	18.068	18.3016	18.5352	18.7689	19.0025	19.2362	19.4698	19.7319	19.9941	20.2562	20.5184	20.7805	21.0426	21.5784	22.1141	22.6499	23.1856	23.7214	24.2571	24.9208	25.5846	26.2483	26.9121	27.5758	28.2396	28.1106	27.9817	27.8528	27.7239	27.595	27.466	27.1465	26.827	26.5075	26.188	25.8685	25.549	25.2276	24.9063	24.5849	24.2635	23.9422	23.6208	23.4872	23.3536	23.22	23.0863	22.9527	22.8191	22.8517	22.8844	22.917	22.9497	22.9823	23.0149	23.2671	23.5192	23.7713	24.0235	24.2756	24.5277	23.7551	22.9824	22.2097	21.4371	20.6644	19.8918	19.7301	19.5685	19.4069	19.2452	19.0836	18.922	18.4029	17.8837	17.3646	16.8455	16.3264	15.8072	15.8644	15.9216	15.9787	16.0359	16.0931	16.1503	16.5538	16.9573	17.3608	17.7644	18.1679	18.5714	18.9383	19.3053	19.6722	20.0391	20.406	20.773	20.9342	21.0955	21.2568	21.4181	21.5794	21.7407	22.1059	22.4711	22.8363	23.2014	23.5666	23.9318	24.4908	25.0499	25.6089	26.1679	26.7269	27.2859	27.9916	28.6972	29.4029	30.1085	30.8142	31.5198	31.6659	31.812	31.9581	32.1042	32.2503	32.3964	31.8254	31.2545	30.6836	30.1127	29.5418	28.9709	28.6313	28.2916	27.952	27.6123	27.2727	26.933	26.2344	25.5359	24.8373	24.1387	23.4402	22.7416	23.1999	23.6583	24.1166	24.575	25.0333	25.4916	27.3817	29.2718	31.1618	33.0519	34.9419	36.832	37.6178	38.4036	39.1894	39.9751	40.7609	41.5467	38.5397	35.5326	32.5256	29.5185	26.5115	23.5044	21.0691	18.6339	16.1986	13.7633	11.328	8.89272	10.4168	11.9408	13.4648	14.9889	16.5129	18.0369	19.8712	21.7054	23.5396	25.3738	27.2081	29.0423	29.3347	29.627	29.9194	30.2118	30.5042	30.7965	28.6678	26.5391	24.4104	22.2816	20.1529	18.0242	18.6186	19.2131	19.8076	20.402	20.9965	21.5909	23.4438	25.2967	27.1497	29.0026	30.8555	32.7084	
0	0	0	0	0	0	36.7092	35.1567	33.6042	32.0516	30.4991	28.9466	27.3941	26.2403	25.0866	23.9328	22.779	21.6252	20.4715	19.1317	17.792	16.4523	15.1126	13.7729	12.4332	12.4997	12.5663	12.6329	12.6994	12.766	12.8325	13.8688	14.905	15.9413	16.9775	18.0138	19.05	18.9851	18.9202	18.8553	18.7904	18.7255	18.6606	19.3021	19.9436	20.5851	21.2266	21.8681	22.5096	23.0349	23.5602	24.0855	24.6108	25.1361	25.6614	26.0727	26.484	26.8953	27.3066	27.7179	28.1292	27.9509	27.7727	27.5945	27.4163	27.2381	27.0599	26.6605	26.2611	25.8618	25.4624	25.0631	24.6637	24.3573	24.051	23.7446	23.4383	23.1319	22.8256	22.7006	22.5755	22.4505	22.3255	22.2005	22.0755	22.1603	22.245	22.3298	22.4146	22.4994	22.5841	23.0146	23.4451	23.8755	24.306	24.7365	25.1669	24.3217	23.4764	22.6312	21.7859	20.9406	20.0954	19.8525	19.6097	19.3668	19.124	18.8811	18.6382	18.2061	17.7739	17.3417	16.9096	16.4774	16.0453	16.2177	16.3902	16.5627	16.7352	16.9077	17.0801	17.4887	17.8972	18.3057	18.7142	19.1227	19.5312	19.8755	20.2198	20.564	20.9083	21.2525	21.5968	21.6729	21.7491	21.8252	21.9014	21.9775	22.0537	22.4584	22.8632	23.268	23.6727	24.0775	24.4823	25.1685	25.8548	26.541	27.2273	27.9136	28.5998	29.1605	29.7212	30.2818	30.8425	31.4032	31.9638	32.2132	32.4626	32.7119	32.9613	33.2106	33.46	32.9053	32.3507	31.796	31.2413	30.6867	30.132	29.8078	29.4837	29.1596	28.8355	28.5113	28.1872	27.4513	26.7155	25.9796	25.2438	24.5079	23.7721	24.1737	24.5754	24.977	25.3787	25.7803	26.1819	27.9561	29.7303	31.5045	33.2786	35.0528	36.827	37.4608	38.0946	38.7284	39.3622	39.9961	40.6299	37.87	35.1102	32.3503	29.5904	26.8306	24.0707	21.6705	19.2703	16.8701	14.4698	12.0696	9.66939	10.956	12.2426	13.5292	14.8158	16.1024	17.389	19.2119	21.0349	22.8578	24.6808	26.5037	28.3266	28.6029	28.8791	29.1553	29.4315	29.7078	29.984	28.0091	26.0342	24.0593	22.0845	20.1096	18.1347	18.8539	19.5731	20.2923	21.0115	21.7308	22.45	24.72	26.9901	29.2602	31.5303	33.8004	36.0704	
0	0	0	0	0	0	36.7509	35.1778	33.6047	32.0317	30.4586	28.8855	27.3124	26.1181	24.9238	23.7295	22.5351	21.3408	20.1465	18.5581	16.9697	15.3813	13.7929	12.2046	10.6162	11.0429	11.4696	11.8963	12.323	12.7497	13.1764	14.319	15.4616	16.6042	17.7468	18.8894	20.032	19.6686	19.3052	18.9417	18.5783	18.2149	17.8515	18.8723	19.8932	20.914	21.9349	22.9557	23.9766	24.4915	25.0063	25.5211	26.036	26.5508	27.0657	27.2245	27.3834	27.5422	27.7011	27.8599	28.0188	27.7913	27.5637	27.3362	27.1087	26.8812	26.6537	26.1745	25.6953	25.216	24.7368	24.2576	23.7784	23.4871	23.1957	22.9044	22.613	22.3217	22.0303	21.9139	21.7975	21.6811	21.5647	21.4483	21.3319	21.4688	21.6057	21.7426	21.8795	22.0164	22.1534	22.7621	23.3709	23.9797	24.5885	25.1973	25.8061	24.8882	23.9704	23.0526	22.1347	21.2169	20.299	19.975	19.6509	19.3268	19.0027	18.6786	18.3545	18.0093	17.6641	17.3189	16.9737	16.6285	16.2833	16.5711	16.8589	17.1466	17.4344	17.7222	18.01	18.4235	18.837	19.2506	19.6641	20.0776	20.4911	20.8127	21.1342	21.4558	21.7774	22.099	22.4206	22.4116	22.4026	22.3936	22.3846	22.3756	22.3666	22.811	23.2553	23.6997	24.144	24.5884	25.0327	25.8462	26.6597	27.4732	28.2867	29.1002	29.9137	30.3294	30.7451	31.1608	31.5765	31.9921	32.4078	32.7605	33.1131	33.4657	33.8184	34.171	34.5237	33.9852	33.4468	32.9083	32.3699	31.8315	31.293	30.9844	30.6758	30.3672	30.0586	29.75	29.4414	28.6683	27.8951	27.122	26.3489	25.5757	24.8026	25.1475	25.4925	25.8374	26.1824	26.5273	26.8722	28.5305	30.1888	31.8471	33.5054	35.1637	36.822	37.3038	37.7857	38.2675	38.7494	39.2312	39.713	37.2004	34.6877	32.175	29.6624	27.1497	24.637	22.2719	19.9067	17.5415	15.1764	12.8112	10.4461	11.4952	12.5444	13.5935	14.6427	15.6918	16.741	18.5526	20.3643	22.176	23.9877	25.7993	27.611	27.8711	28.1311	28.3912	28.6513	28.9113	29.1714	27.3504	25.5294	23.7083	21.8873	20.0663	18.2453	19.0892	19.9332	20.7771	21.6211	22.465	23.309	25.9962	28.6835	31.3707	34.058	36.7452	39.4325	
0	0	0	0	0	0	36.7925	35.1989	33.6053	32.0117	30.418	28.8244	27.2308	25.9959	24.761	23.5261	22.2912	21.0563	19.8215	17.9844	16.1474	14.3103	12.4733	10.6363	8.79923	9.58606	10.3729	11.1597	11.9465	12.7333	13.5202	14.7692	16.0181	17.2671	18.5161	19.7651	21.0141	20.3521	19.6901	19.0282	18.3662	17.7042	17.0423	18.4425	19.8427	21.2429	22.6432	24.0434	25.4436	25.948	26.4524	26.9568	27.4612	27.9656	28.47	28.3764	28.2828	28.1892	28.0956	28.002	27.9084	27.6316	27.3547	27.0779	26.8011	26.5243	26.2475	25.6884	25.1294	24.5703	24.0113	23.4522	22.8931	22.6168	22.3404	22.0641	21.7878	21.5114	21.2351	21.1273	21.0195	20.9117	20.8039	20.6961	20.5883	20.7773	20.9664	21.1554	21.3445	21.5335	21.7226	22.5097	23.2968	24.0839	24.871	25.6581	26.4452	25.4548	24.4644	23.474	22.4835	21.4931	20.5027	20.0974	19.692	19.2867	18.8814	18.4761	18.0708	17.8125	17.5543	17.296	17.0378	16.7795	16.5213	16.9244	17.3275	17.7306	18.1337	18.5368	18.9399	19.3584	19.7769	20.1954	20.6139	21.0324	21.4509	21.7498	22.0487	22.3476	22.6465	22.9454	23.2444	23.1502	23.0561	22.962	22.8679	22.7737	22.6796	23.1635	23.6475	24.1314	24.6153	25.0993	25.5832	26.5239	27.4647	28.4054	29.3461	30.2869	31.2276	31.4983	31.769	32.0397	32.3104	32.5811	32.8518	33.3077	33.7637	34.2196	34.6755	35.1314	35.5873	35.0651	34.5429	34.0207	33.4985	32.9763	32.4541	32.161	31.8679	31.5748	31.2817	30.9887	30.6956	29.8852	29.0748	28.2643	27.4539	26.6435	25.8331	26.1213	26.4096	26.6978	26.9861	27.2743	27.5625	29.1049	30.6474	32.1898	33.7322	35.2746	36.817	37.1469	37.4767	37.8066	38.1365	38.4663	38.7962	36.5307	34.2652	31.9997	29.7343	27.4688	25.2033	22.8732	20.5431	18.213	15.8829	13.5528	11.2227	12.0344	12.8461	13.6579	14.4696	15.2813	16.093	17.8934	19.6938	21.4942	23.2946	25.095	26.8953	27.1393	27.3832	27.6271	27.871	28.1149	28.3588	26.6917	25.0245	23.3573	21.6902	20.023	18.3558	19.3245	20.2932	21.2619	22.2306	23.1993	24.168	27.2724	30.3769	33.4813	36.5857	39.6901	42.7945	
0	0	0	0	0	0	36.8342	35.22	33.6058	31.9917	30.3775	28.7633	27.1491	25.8737	24.5982	23.3228	22.0473	20.7719	19.4965	17.4108	15.3251	13.2394	11.1537	9.06797	6.98227	8.12922	9.27617	10.4231	11.5701	12.717	13.864	15.2193	16.5747	17.93	19.2854	20.6407	21.9961	21.0356	20.0751	19.1146	18.1541	17.1936	16.2331	18.0127	19.7923	21.5718	23.3514	25.131	26.9106	27.4045	27.8985	28.3924	28.8864	29.3803	29.8743	29.5282	29.1822	28.8361	28.4901	28.144	27.798	27.4719	27.1458	26.8196	26.4935	26.1674	25.8413	25.2024	24.5635	23.9246	23.2857	22.6468	22.0079	21.7465	21.4852	21.2238	20.9625	20.7012	20.4398	20.3406	20.2414	20.1422	20.043	19.9438	19.8447	20.0858	20.327	20.5682	20.8094	21.0506	21.2918	22.2572	23.2226	24.1881	25.1535	26.119	27.0844	26.0214	24.9584	23.8954	22.8324	21.7693	20.7063	20.2198	19.7332	19.2467	18.7601	18.2736	17.787	17.6157	17.4445	17.2732	17.1019	16.9306	16.7593	17.2777	17.7961	18.3145	18.8329	19.3514	19.8698	20.2933	20.7168	21.1403	21.5638	21.9873	22.4108	22.687	22.9632	23.2395	23.5157	23.7919	24.0681	23.8889	23.7096	23.5304	23.3511	23.1718	22.9926	23.5161	24.0396	24.5631	25.0866	25.6102	26.1337	27.2016	28.2696	29.3376	30.4055	31.4735	32.5415	32.6672	32.7929	32.9187	33.0444	33.1701	33.2958	33.855	34.4142	34.9734	35.5326	36.0918	36.651	36.145	35.639	35.133	34.6271	34.1211	33.6151	33.3376	33.06	32.7824	32.5049	32.2273	31.9498	31.1021	30.2544	29.4067	28.559	27.7113	26.8636	27.0952	27.3267	27.5582	27.7898	28.0213	28.2528	29.6794	31.1059	32.5324	33.959	35.3855	36.812	36.9899	37.1678	37.3457	37.5236	37.7014	37.8793	35.861	33.8427	31.8245	29.8062	27.7879	25.7696	23.4746	21.1795	18.8845	16.5895	14.2944	11.9994	12.5737	13.1479	13.7222	14.2965	14.8707	15.445	17.2341	19.0232	20.8123	22.6015	24.3906	26.1797	26.4075	26.6352	26.863	27.0908	27.3185	27.5463	26.033	24.5197	23.0063	21.493	19.9797	18.4664	19.5598	20.6533	21.7467	22.8402	23.9336	25.027	28.5486	32.0702	35.5918	39.1134	42.635	46.1566	
33.989	34.4702	34.9513	35.4325	35.9136	36.3948	36.8759	35.2412	33.6064	31.9717	30.3369	28.7022	27.0674	25.7514	24.4354	23.1194	21.8034	20.4874	19.1715	16.8371	14.5027	12.1684	9.83403	7.49967	5.16531	6.67239	8.17947	9.68655	11.1936	12.7007	14.2078	15.6695	17.1312	18.593	20.0547	21.5164	22.9781	21.7191	20.4601	19.201	17.942	16.683	15.4239	17.5829	19.7418	21.9008	24.0597	26.2186	28.3776	28.8611	29.3446	29.8281	30.3116	30.7951	31.2785	30.6801	30.0816	29.4831	28.8846	28.2861	27.6876	27.3122	26.9368	26.5613	26.1859	25.8105	25.4351	24.7164	23.9976	23.2788	22.5601	21.8413	21.1226	20.8762	20.6299	20.3836	20.1372	19.8909	19.6446	19.554	19.4634	19.3728	19.2822	19.1916	19.101	19.3944	19.6877	19.981	20.2743	20.5677	20.861	22.0047	23.1485	24.2923	25.436	26.5798	27.7236	26.588	25.4524	24.3168	23.1812	22.0456	20.91	20.3422	19.7744	19.2066	18.6389	18.0711	17.5033	17.419	17.3346	17.2503	17.166	17.0817	16.9973	17.631	18.2648	18.8985	19.5322	20.1659	20.7996	21.2281	21.6566	22.0851	22.5136	22.9421	23.3706	23.6242	23.8777	24.1313	24.3848	24.6384	24.8919	24.6275	24.3631	24.0987	23.8343	23.5699	23.3055	23.8686	24.4317	24.9948	25.5579	26.121	26.6841	27.8793	29.0745	30.2698	31.465	32.6602	33.8554	33.8361	33.8169	33.7976	33.7783	33.7591	33.7398	34.4023	35.0648	35.7272	36.3897	37.0522	37.7146	37.2249	36.7351	36.2454	35.7556	35.2659	34.7762	34.5141	34.2521	33.9901	33.728	33.466	33.204	32.319	31.434	30.549	29.6641	28.7791	27.8941	28.069	28.2438	28.4186	28.5934	28.7683	28.9431	30.2538	31.5644	32.8751	34.1857	35.4964	36.8071	36.833	36.8589	36.8848	36.9107	36.9366	36.9625	35.1914	33.4203	31.6492	29.8781	28.107	26.3359	24.0759	21.816	19.556	17.296	15.036	12.7761	13.1129	13.4497	13.7865	14.1234	14.4602	14.797	16.5748	18.3527	20.1305	21.9084	23.6862	25.464	25.6757	25.8873	26.0989	26.3105	26.5221	26.7337	25.3743	24.0148	22.6553	21.2959	19.9364	18.5769	19.7951	21.0133	22.2315	23.4497	24.6679	25.8861	29.8248	33.7636	37.7023	41.6411	45.5799	49.5186	
33.1869	33.3924	33.5979	33.8034	34.009	34.2145	34.42	32.974	31.5279	30.0819	28.6359	27.1898	25.7438	24.6618	23.5797	22.4977	21.4156	20.3336	19.2515	17.1332	15.0148	12.8964	10.778	8.65964	6.54126	7.97896	9.41666	10.8544	12.2921	13.7298	15.1675	16.3701	17.5727	18.7753	19.9779	21.1805	22.3831	21.3269	20.2707	19.2145	18.1583	17.102	16.0458	17.9369	19.8279	21.7189	23.61	25.501	27.392	27.753	28.1139	28.4749	28.8358	29.1967	29.5577	29.1102	28.6627	28.2152	27.7677	27.3202	26.8727	26.5009	26.1291	25.7573	25.3854	25.0136	24.6418	23.9253	23.2089	22.4924	21.7759	21.0594	20.3429	20.2197	20.0965	19.9733	19.8501	19.7269	19.6037	19.4174	19.2311	19.0448	18.8585	18.6722	18.4859	18.6683	18.8507	19.0331	19.2155	19.3979	19.5803	20.4803	21.3803	22.2803	23.1804	24.0804	24.9804	23.901	22.8217	21.7423	20.663	19.5836	18.5043	18.1835	17.8627	17.5419	17.2211	16.9003	16.5796	16.602	16.6245	16.647	16.6694	16.6919	16.7144	17.2297	17.7449	18.2602	18.7755	19.2908	19.8061	20.2788	20.7514	21.2241	21.6967	22.1694	22.642	22.9067	23.1714	23.4361	23.7008	23.9655	24.2302	24.1767	24.1232	24.0697	24.0162	23.9628	23.9093	24.32	24.7308	25.1415	25.5523	25.9631	26.3738	27.3753	28.3769	29.3784	30.3799	31.3815	32.383	32.3476	32.3123	32.2769	32.2416	32.2062	32.1708	32.7223	33.2737	33.8252	34.3766	34.9281	35.4795	35.1593	34.839	34.5188	34.1985	33.8783	33.558	33.3998	33.2415	33.0833	32.925	32.7667	32.6085	31.7868	30.9652	30.1436	29.3219	28.5003	27.6786	27.9648	28.2511	28.5373	28.8235	29.1097	29.3959	30.555	31.714	32.873	34.032	35.1911	36.3501	36.353	36.356	36.3589	36.3619	36.3648	36.3678	34.7342	33.1006	31.467	29.8334	28.1998	26.5662	24.3423	22.1185	19.8947	17.6709	15.4471	13.2233	13.5557	13.8882	14.2206	14.5531	14.8855	15.218	16.8298	18.4415	20.0532	21.665	23.2767	24.8885	24.9545	25.0205	25.0866	25.1526	25.2186	25.2846	23.9653	22.646	21.3266	20.0073	18.688	17.3687	18.6781	19.9875	21.297	22.6064	23.9159	25.2253	28.6389	32.0526	35.4663	38.8799	42.2936	45.7072	
32.3847	32.3146	32.2445	32.1744	32.1043	32.0342	31.9641	30.7068	29.4495	28.1922	26.9348	25.6775	24.4202	23.5721	22.724	21.8759	21.0278	20.1797	19.3316	17.4292	15.5268	13.6244	11.722	9.81961	7.91721	9.28553	10.6538	12.0222	13.3905	14.7588	16.1271	17.0706	18.0141	18.9576	19.9011	20.8445	21.788	20.9346	20.0813	19.2279	18.3745	17.5211	16.6678	18.2909	19.914	21.5371	23.1602	24.7834	26.4065	26.6449	26.8833	27.1217	27.36	27.5984	27.8368	27.5403	27.2438	26.9473	26.6508	26.3543	26.0578	25.6896	25.3214	24.9532	24.585	24.2168	23.8486	23.1343	22.4201	21.7059	20.9917	20.2775	19.5633	19.5632	19.5631	19.563	19.563	19.5629	19.5628	19.2808	18.9988	18.7168	18.4348	18.1528	17.8708	17.9423	18.0137	18.0852	18.1567	18.2281	18.2996	18.9559	19.6121	20.2684	20.9247	21.5809	22.2372	21.2141	20.191	19.1679	18.1448	17.1217	16.0986	16.0248	15.951	15.8772	15.8034	15.7296	15.6558	15.7851	15.9144	16.0436	16.1729	16.3021	16.4314	16.8283	17.2251	17.622	18.0189	18.4157	18.8126	19.3294	19.8462	20.363	20.8798	21.3966	21.9134	22.1893	22.4651	22.7409	23.0168	23.2926	23.5684	23.7258	23.8833	24.0407	24.1981	24.3556	24.513	24.7714	25.0298	25.2882	25.5467	25.8051	26.0635	26.8713	27.6792	28.487	29.2949	30.1028	30.9106	30.8592	30.8077	30.7562	30.7048	30.6533	30.6019	31.0423	31.4827	31.9232	32.3636	32.804	33.2445	33.0937	32.9429	32.7922	32.6414	32.4906	32.3398	32.2854	32.2309	32.1764	32.122	32.0675	32.013	31.2547	30.4964	29.7381	28.9798	28.2214	27.4631	27.8607	28.2583	28.656	29.0536	29.4512	29.8488	30.8562	31.8636	32.8709	33.8783	34.8857	35.8931	35.8731	35.8531	35.8331	35.8131	35.7931	35.773	34.2769	32.7808	31.2847	29.7886	28.2925	26.7964	24.6088	22.4211	20.2334	18.0458	15.8581	13.6704	13.9985	14.3266	14.6547	14.9828	15.3109	15.639	17.0847	18.5303	19.976	21.4216	22.8673	24.3129	24.2334	24.1538	24.0742	23.9946	23.9151	23.8355	22.5563	21.2771	19.998	18.7188	17.4396	16.1604	17.5611	18.9618	20.3625	21.7632	23.1638	24.5645	27.4531	30.3416	33.2302	36.1187	39.0073	41.8958	
31.5826	31.2368	30.8911	30.5454	30.1997	29.854	29.5082	28.4396	27.371	26.3024	25.2338	24.1652	23.0966	22.4824	21.8683	21.2541	20.64	20.0258	19.4117	17.7253	16.0388	14.3524	12.666	10.9796	9.29316	10.5921	11.891	13.19	14.4889	15.7878	17.0868	17.7711	18.4555	19.1399	19.8242	20.5086	21.193	20.5424	19.8919	19.2413	18.5908	17.9402	17.2897	18.6449	20.0001	21.3553	22.7105	24.0657	25.421	25.5368	25.6526	25.7685	25.8843	26.0001	26.116	25.9704	25.8249	25.6794	25.5339	25.3884	25.2428	24.8783	24.5137	24.1491	23.7845	23.4199	23.0553	22.3433	21.6314	20.9194	20.2075	19.4956	18.7836	18.9067	19.0297	19.1528	19.2758	19.3989	19.5219	19.1442	18.7665	18.3888	18.0111	17.6334	17.2557	17.2162	17.1767	17.1373	17.0978	17.0584	17.0189	17.4314	17.8439	18.2565	18.669	19.0815	19.494	18.5272	17.5603	16.5934	15.6266	14.6597	13.6929	13.8661	14.0393	14.2125	14.3857	14.5589	14.7321	14.9682	15.2042	15.4403	15.6763	15.9124	16.1485	16.4269	16.7053	16.9838	17.2622	17.5406	17.8191	18.38	18.941	19.502	20.0629	20.6239	21.1849	21.4718	21.7588	22.0458	22.3327	22.6197	22.9067	23.275	23.6433	24.0117	24.38	24.7484	25.1167	25.2228	25.3289	25.4349	25.541	25.6471	25.7532	26.3673	26.9815	27.5957	28.2099	28.824	29.4382	29.3707	29.3031	29.2356	29.168	29.1004	29.0329	29.3623	29.6917	30.0212	30.3506	30.68	31.0094	31.0281	31.0468	31.0656	31.0843	31.103	31.1217	31.171	31.2203	31.2696	31.3189	31.3683	31.4176	30.7226	30.0276	29.3326	28.6376	27.9426	27.2476	27.7566	28.2656	28.7746	29.2836	29.7926	30.3016	31.1574	32.0131	32.8689	33.7246	34.5804	35.4361	35.3932	35.3502	35.3072	35.2643	35.2213	35.1783	33.8197	32.4611	31.1025	29.7439	28.3853	27.0267	24.8752	22.7237	20.5722	18.4207	16.2691	14.1176	14.4414	14.7651	15.0888	15.4125	15.7363	16.06	17.3396	18.6191	19.8987	21.1783	22.4578	23.7374	23.5122	23.2871	23.0619	22.8367	22.6115	22.3864	21.1473	19.9083	18.6693	17.4302	16.1912	14.9522	16.4441	17.936	19.428	20.9199	22.4118	23.9037	26.2672	28.6306	30.9941	33.3575	35.721	38.0844	
30.7804	30.1591	29.5377	28.9164	28.295	27.6737	27.0523	26.1724	25.2925	24.4126	23.5327	22.6528	21.7729	21.3927	21.0125	20.6324	20.2522	19.872	19.4918	18.0213	16.5509	15.0804	13.61	12.1395	10.6691	11.8987	13.1282	14.3578	15.5873	16.8169	18.0464	18.4717	18.8969	19.3222	19.7474	20.1727	20.5979	20.1502	19.7025	19.2547	18.807	18.3593	17.9116	18.9989	20.0862	21.1735	22.2608	23.3481	24.4354	24.4287	24.422	24.4153	24.4085	24.4018	24.3951	24.4006	24.406	24.4115	24.417	24.4225	24.4279	24.0669	23.706	23.345	22.984	22.623	22.262	21.5523	20.8427	20.133	19.4233	18.7136	18.0039	18.2501	18.4963	18.7425	18.9887	19.2349	19.481	19.0076	18.5342	18.0608	17.5874	17.114	16.6406	16.4902	16.3398	16.1894	16.039	15.8886	15.7382	15.907	16.0757	16.2445	16.4133	16.5821	16.7508	15.8402	14.9296	14.019	13.1084	12.1978	11.2871	11.7073	12.1276	12.5478	12.968	13.3882	13.8084	14.1512	14.4941	14.8369	15.1798	15.5226	15.8655	16.0255	16.1855	16.3455	16.5055	16.6655	16.8255	17.4307	18.0358	18.6409	19.246	19.8511	20.4563	20.7544	21.0525	21.3506	21.6487	21.9468	22.2449	22.8242	23.4034	23.9827	24.5619	25.1412	25.7205	25.6742	25.6279	25.5816	25.5354	25.4891	25.4428	25.8633	26.2838	26.7043	27.1248	27.5453	27.9658	27.8822	27.7985	27.7149	27.6312	27.5476	27.4639	27.6823	27.9007	28.1191	28.3375	28.5559	28.7743	28.9625	29.1507	29.3389	29.5271	29.7153	29.9035	30.0566	30.2097	30.3628	30.5159	30.669	30.8221	30.1905	29.5588	28.9271	28.2955	27.6638	27.0321	27.6525	28.2729	28.8933	29.5137	30.1341	30.7544	31.4586	32.1627	32.8668	33.5709	34.275	34.9792	34.9132	34.8473	34.7814	34.7155	34.6495	34.5836	33.3625	32.1414	30.9203	29.6992	28.4781	27.257	25.1416	23.0263	20.9109	18.7955	16.6802	14.5648	14.8842	15.2035	15.5229	15.8423	16.1616	16.481	17.5945	18.7079	19.8214	20.9349	22.0484	23.1618	22.7911	22.4203	22.0496	21.6788	21.308	20.9373	19.7384	18.5395	17.3406	16.1417	14.9428	13.7439	15.3271	16.9103	18.4934	20.0766	21.6598	23.243	25.0813	26.9197	28.758	30.5964	32.4347	34.273	
29.9783	29.0813	28.1843	27.2874	26.3904	25.4934	24.5964	23.9053	23.2141	22.5229	21.8317	21.1405	20.4493	20.3031	20.1568	20.0106	19.8643	19.7181	19.5718	18.3174	17.0629	15.8084	14.554	13.2995	12.0451	13.2052	14.3654	15.5256	16.6858	17.8459	19.0061	19.1722	19.3384	19.5045	19.6706	19.8367	20.0029	19.758	19.5131	19.2682	19.0233	18.7784	18.5335	19.3529	20.1723	20.9917	21.8111	22.6305	23.4499	23.3206	23.1913	23.0621	22.9328	22.8035	22.6742	22.8307	22.9872	23.1436	23.3001	23.4566	23.613	23.2556	22.8983	22.5409	22.1835	21.8261	21.4687	20.7613	20.0539	19.3465	18.6391	17.9317	17.2243	17.5936	17.9629	18.3322	18.7015	19.0709	19.4402	18.871	18.3019	17.7328	17.1637	16.5946	16.0254	15.7641	15.5028	15.2415	14.9801	14.7188	14.4575	14.3825	14.3076	14.2326	14.1576	14.0826	14.0077	13.1533	12.2989	11.4445	10.5902	9.73581	8.88144	9.54864	10.2158	10.883	11.5502	12.2174	12.8846	13.3343	13.7839	14.2336	14.6832	15.1329	15.5825	15.6241	15.6657	15.7073	15.7488	15.7904	15.832	16.4813	17.1306	17.7798	18.4291	19.0784	19.7277	20.0369	20.3462	20.6554	20.9646	21.2739	21.5831	22.3733	23.1635	23.9537	24.7438	25.534	26.3242	26.1256	25.927	25.7283	25.5297	25.3311	25.1325	25.3593	25.5862	25.813	26.0398	26.2666	26.4934	26.3937	26.2939	26.1942	26.0944	25.9947	25.8949	26.0023	26.1097	26.2171	26.3245	26.4319	26.5393	26.897	27.2546	27.6123	27.97	28.3277	28.6854	28.9423	29.1991	29.456	29.7129	29.9698	30.2267	29.6583	29.09	28.5216	27.9533	27.385	26.8166	27.5484	28.2802	29.012	29.7437	30.4755	31.2073	31.7598	32.3122	32.8647	33.4172	33.9697	34.5222	34.4333	34.3444	34.2555	34.1667	34.0778	33.9889	32.9053	31.8217	30.7381	29.6545	28.5709	27.4873	25.408	23.3288	21.2496	19.1704	17.0912	15.012	15.327	15.642	15.957	16.272	16.587	16.902	17.8494	18.7968	19.7441	20.6915	21.6389	22.5863	22.0699	21.5536	21.0372	20.5209	20.0045	19.4882	18.3294	17.1706	16.0119	14.8531	13.6944	12.5356	14.2101	15.8845	17.5589	19.2333	20.9078	22.5822	23.8954	25.2087	26.5219	27.8352	29.1484	30.4616	
29.1761	28.0035	26.8309	25.6583	24.4857	23.3131	22.1405	21.6381	21.1356	20.6331	20.1307	19.6282	19.1257	19.2134	19.3011	19.3888	19.4765	19.5642	19.6519	18.6134	17.5749	16.5365	15.498	14.4595	13.421	14.5118	15.6026	16.6934	17.7842	18.875	19.9658	19.8728	19.7798	19.6868	19.5938	19.5008	19.4078	19.3657	19.3237	19.2816	19.2395	19.1975	19.1554	19.7069	20.2584	20.8099	21.3614	21.9129	22.4643	22.2125	21.9607	21.7089	21.457	21.2052	20.9534	21.2608	21.5683	21.8757	22.1832	22.4906	22.7981	22.4443	22.0906	21.7368	21.383	21.0292	20.6755	19.9703	19.2652	18.56	17.8549	17.1498	16.4446	16.9371	17.4295	17.922	18.4144	18.9068	19.3993	18.7345	18.0696	17.4048	16.74	16.0751	15.4103	15.0381	14.6658	14.2936	13.9213	13.5491	13.1768	12.8581	12.5394	12.2206	11.9019	11.5832	11.2645	10.4664	9.66823	8.8701	8.07198	7.27385	6.47573	7.38993	8.30412	9.21832	10.1325	11.0467	11.9609	12.5174	13.0738	13.6302	14.1867	14.7431	15.2996	15.2227	15.1459	15.069	14.9922	14.9153	14.8385	15.5319	16.2253	16.9188	17.6122	18.3056	18.9991	19.3195	19.6398	19.9602	20.2806	20.601	20.9214	21.9225	22.9235	23.9246	24.9257	25.9268	26.9279	26.577	26.226	25.8751	25.5241	25.1731	24.8222	24.8553	24.8885	24.9216	24.9548	24.9879	25.0211	24.9052	24.7894	24.6735	24.5577	24.4418	24.326	24.3223	24.3187	24.3151	24.3115	24.3078	24.3042	24.8314	25.3585	25.8857	26.4129	26.94	27.4672	27.8279	28.1885	28.5492	28.9099	29.2705	29.6312	29.1262	28.6212	28.1162	27.6112	27.1061	26.6011	27.4443	28.2875	29.1306	29.9738	30.8169	31.6601	32.061	32.4618	32.8627	33.2635	33.6644	34.0652	33.9534	33.8415	33.7297	33.6179	33.506	33.3942	32.4481	31.502	30.5559	29.6097	28.6636	27.7175	25.6745	23.6314	21.5884	19.5453	17.5022	15.4592	15.7698	16.0804	16.3911	16.7017	17.0123	17.323	18.1043	18.8856	19.6669	20.4481	21.2294	22.0107	21.3488	20.6868	20.0249	19.3629	18.701	18.039	16.9204	15.8018	14.6832	13.5646	12.446	11.3274	13.093	14.8587	16.6244	18.3901	20.1558	21.9214	22.7096	23.4977	24.2858	25.074	25.8621	26.6503	
