0	0	0	0	0	0	0	0	0	0	0	0	0	0	0	0	0	0	0	0	0	0	0	0	0	0	0	0	0	0	0	0	0	0	0	0	0	0	0	0	0	0	0	0	0	0	0	0	0	0	0	0	0	0	0	0	0	0	0	0	0	0	0	0	0	0	0	0	0	0	0	0	0	0	0	0	0	0	0	0	0	0	0	0	0	0	0	0	0	0	0	0	0	0	0	0	0	0	0	0	0	0	0	0	0	0	0	0	0	0	0	0	0	0	0	0	0	0	0	0	0	0	0	0	0	0	0	0	0	0	0	0	0	0	0	0	0	0	0	0	0	0	0	0	0	0	0	0	0	0	0	0	0	0	0	0	0	0	0	0	0	0	0	0	0	0	0	0	0	0	0	0	0	0	0	0	0	0	0	0	0	0	0	0	0	0	0	0	0	0	0	0	0	0	0	0	0	0	0	0	0	0	0	0	0	0	0	0	0	0	0	0	0	0	0	0	0	0	0	0	0	0	0	0	0	0	0	0	0	0	0	0	0	0	11.4121	12.4156	13.4191	14.4226	15.4261	16.4296	17.4331	17.938	18.4429	18.9478	19.4527	19.9576	20.4625	
0	0	0	0	0	0	0	0	0	0	0	0	0	0	0	0	0	0	0	0	0	0	0	0	0	0	0	0	0	0	0	0	0	0	0	0	0	0	0	0	0	0	0	0	0	0	0	0	0	0	0	0	0	0	0	0	0	0	0	0	0	0	0	0	0	0	0	0	0	0	0	0	0	0	0	0	0	0	0	0	0	0	0	0	0	0	0	0	0	0	0	0	0	0	0	0	0	0	0	0	0	0	0	0	0	0	0	0	0	0	0	0	0	0	0	0	0	0	0	0	0	0	0	0	0	0	0	0	0	0	0	0	0	0	0	0	0	0	0	0	0	0	0	0	0	0	0	0	0	0	0	0	0	0	0	0	0	0	0	0	0	0	0	0	0	0	0	0	0	0	0	0	0	0	0	0	0	0	0	0	0	0	0	0	0	0	0	0	0	0	0	0	0	0	0	0	0	0	0	0	0	0	0	0	0	0	0	0	0	0	0	0	0	0	0	0	0	0	0	0	0	0	0	0	0	0	0	0	0	0	0	0	0	0	11.5462	12.4177	13.2892	14.1606	15.0321	15.9036	16.7751	17.0233	17.2714	17.5195	17.7676	18.0157	18.2638	
0	0	0	0	0	0	0	0	0	0	0	0	0	0	0	0	0	0	0	0	0	0	0	0	0	0	0	0	0	0	0	0	0	0	0	0	0	0	0	0	0	0	0	0	0	0	0	0	0	0	0	0	0	0	0	0	0	0	0	0	0	0	0	0	0	0	0	0	0	0	0	0	0	0	0	0	0	0	0	0	0	0	0	0	0	0	0	0	0	0	0	0	0	0	0	0	0	0	0	0	0	0	0	0	0	0	0	0	0	0	0	0	0	0	0	0	0	0	0	0	0	0	0	0	0	0	0	0	0	0	0	0	0	0	0	0	0	0	0	0	0	0	0	0	0	0	0	0	0	0	0	0	0	0	0	0	0	0	0	0	0	0	0	0	0	0	0	0	0	0	0	0	0	0	0	0	0	0	0	0	0	0	0	0	0	0	0	0	0	0	0	0	0	0	0	0	0	0	0	0	0	0	0	0	0	0	0	0	0	0	0	0	0	0	0	0	0	0	0	0	0	0	0	0	0	0	0	0	0	0	0	0	0	0	11.6802	12.4197	13.1592	13.8987	14.6382	15.3777	16.1172	16.1085	16.0999	16.0912	16.0825	16.0739	16.0652	
0	0	0	0	0	0	0	0	0	0	0	0	0	0	0	0	0	0	0	0	0	0	0	0	0	0	0	0	0	0	0	0	0	0	0	0	0	0	0	0	0	0	0	0	0	0	0	0	0	0	0	0	0	0	0	0	0	0	0	0	0	0	0	0	0	0	0	0	0	0	0	0	0	0	0	0	0	0	0	0	0	0	0	0	0	0	0	0	0	0	0	0	0	0	0	0	0	0	0	0	0	0	0	0	0	0	0	0	0	0	0	0	0	0	0	0	0	0	0	0	0	0	0	0	0	0	0	0	0	0	0	0	0	0	0	0	0	0	0	0	0	0	0	0	0	0	0	0	0	0	0	0	0	0	0	0	0	0	0	0	0	0	0	0	0	0	0	0	0	0	0	0	0	0	0	0	0	0	0	0	0	0	0	0	0	0	0	0	0	0	0	0	0	0	0	0	0	0	0	0	0	0	0	0	0	0	0	0	0	0	0	0	0	0	0	0	0	0	0	0	0	0	0	0	0	0	0	0	0	0	0	0	0	0	11.8142	12.4217	13.0292	13.6367	14.2442	14.8518	15.4593	15.1938	14.9284	14.6629	14.3974	14.132	13.8665	
0	0	0	0	0	0	0	0	0	0	0	0	0	0	0	0	0	0	0	0	0	0	0	0	0	0	0	0	0	0	0	0	0	0	0	0	0	0	0	0	0	0	0	0	0	0	0	0	0	0	0	0	0	0	0	0	0	0	0	0	0	0	0	0	0	0	0	0	0	0	0	0	0	0	0	0	0	0	0	0	0	0	0	0	0	0	0	0	0	0	0	0	0	0	0	0	0	0	0	0	0	0	0	0	0	0	0	0	0	0	0	0	0	0	0	0	0	0	0	0	0	0	0	0	0	0	0	0	0	0	0	0	0	0	0	0	0	0	0	0	0	0	0	0	0	0	0	0	0	0	0	0	0	0	0	0	0	0	0	0	0	0	0	0	0	0	0	0	0	0	0	0	0	0	0	0	0	0	0	0	0	0	0	0	0	0	0	0	0	0	0	0	0	0	0	0	0	0	0	0	0	0	0	0	0	0	0	0	0	0	0	0	0	0	0	0	0	0	0	0	0	0	0	0	0	0	0	0	0	0	0	0	0	0	11.9482	12.4237	12.8992	13.3748	13.8503	14.3258	14.8013	14.2791	13.7569	13.2346	12.7124	12.1901	11.6679	
0	0	0	0	0	0	0	0	0	0	0	0	0	0	0	0	0	0	0	0	0	0	0	0	0	0	0	0	0	0	0	0	0	0	0	0	0	0	0	0	0	0	0	0	0	0	0	0	0	0	0	0	0	0	0	0	0	0	0	0	0	0	0	0	0	0	0	0	0	0	0	0	0	0	0	0	0	0	0	0	0	0	0	0	0	0	0	0	0	0	0	0	0	0	0	0	0	0	0	0	0	0	0	0	0	0	0	0	0	0	0	0	0	0	0	0	0	0	0	0	0	0	0	0	0	0	0	0	0	0	0	0	0	0	0	0	0	0	0	0	0	0	0	0	0	0	0	0	0	0	0	0	0	0	0	0	0	0	0	0	0	0	0	0	0	0	0	0	0	0	0	0	0	0	0	0	0	0	0	0	0	0	0	0	0	0	0	0	0	0	0	0	0	0	0	0	0	0	0	0	0	0	0	0	0	0	0	0	0	0	0	0	0	0	0	0	0	0	0	0	0	0	0	0	0	0	0	0	0	0	0	0	0	0	12.0822	12.4257	12.7693	13.1128	13.4563	13.7999	14.1434	13.3644	12.5854	11.8063	11.0273	10.2482	9.46921	
0	0	0	0	0	0	0	0	0	0	0	0	0	0	0	0	0	0	0	0	0	0	0	0	0	0	0	0	0	0	0	0	0	0	0	0	0	0	0	0	0	0	0	0	0	0	0	0	0	0	0	0	0	0	0	0	0	0	0	0	0	0	0	0	0	0	0	0	0	0	0	0	0	0	0	0	0	0	0	0	0	0	0	0	0	0	0	0	0	0	0	0	0	0	0	0	0	0	0	0	0	0	0	0	0	0	0	0	0	0	0	0	0	0	0	0	0	0	0	0	0	0	0	0	0	0	0	0	0	0	0	0	0	0	0	0	0	0	0	0	0	0	0	0	0	0	0	0	0	0	0	0	0	0	0	0	0	0	0	0	0	0	0	0	0	0	0	0	0	0	0	0	0	0	0	0	0	0	0	0	0	0	0	0	0	0	0	0	0	0	0	0	0	0	0	0	0	0	0	0	0	0	0	0	0	0	0	0	0	0	0	0	0	0	0	0	0	0	0	0	0	0	0	0	0	0	0	0	0	0	0	0	0	0	12.2162	12.4278	12.6393	12.8509	13.0624	13.2739	13.4855	12.4497	11.4138	10.378	9.3422	8.30638	7.27055	
0	0	0	0	0	0	0	0	0	0	0	0	0	0	0	0	0	0	0	0	0	0	0	0	0	0	0	0	0	0	0	0	0	0	0	0	0	0	0	0	0	0	0	0	0	0	0	0	0	0	0	0	0	0	0	0	0	0	0	0	0	0	0	0	0	0	0	0	0	0	0	0	0	0	0	0	0	0	0	0	0	0	0	0	0	0	0	0	0	0	0	0	0	0	0	0	0	0	0	0	0	0	0	0	0	0	0	0	0	0	0	0	0	0	0	0	0	0	0	0	0	0	0	0	0	0	0	0	0	0	0	0	0	0	0	0	0	0	0	0	0	0	0	0	0	0	0	0	0	0	0	0	0	0	0	0	0	0	0	0	0	0	0	0	0	0	0	0	0	0	0	0	0	0	0	0	0	0	0	0	0	0	0	0	0	0	0	0	0	0	0	0	0	0	0	0	0	0	0	0	0	0	0	0	0	0	0	0	0	0	0	0	0	0	0	0	0	0	0	0	0	0	0	0	0	0	0	0	0	0	0	0	0	0	13.2841	13.2737	13.2634	13.253	13.2427	13.2323	13.222	12.2951	11.3682	10.4413	9.51444	8.58756	7.66067	
0	0	0	0	0	0	0	0	0	0	0	0	0	0	0	0	0	0	0	0	0	0	0	0	0	0	0	0	0	0	0	0	0	0	0	0	0	0	0	0	0	0	0	0	0	0	0	0	0	0	0	0	0	0	0	0	0	0	0	0	0	0	0	0	0	0	0	0	0	0	0	0	0	0	0	0	0	0	0	0	0	0	0	0	0	0	0	0	0	0	0	0	0	0	0	0	0	0	0	0	0	0	0	0	0	0	0	0	0	0	0	0	0	0	0	0	0	0	0	0	0	0	0	0	0	0	0	0	0	0	0	0	0	0	0	0	0	0	0	0	0	0	0	0	0	0	0	0	0	0	0	0	0	0	0	0	0	0	0	0	0	0	0	0	0	0	0	0	0	0	0	0	0	0	0	0	0	0	0	0	0	0	0	0	0	0	0	0	0	0	0	0	0	0	0	0	0	0	0	0	0	0	0	0	0	0	0	0	0	0	0	0	0	0	0	0	0	0	0	0	0	0	0	0	0	0	0	0	0	0	0	0	0	0	14.3519	14.1197	13.8875	13.6552	13.423	13.1907	12.9585	12.1405	11.3226	10.5046	9.68669	8.86874	8.05079	
0	0	0	0	0	0	0	0	0	0	0	0	0	0	0	0	0	0	0	0	0	0	0	0	0	0	0	0	0	0	0	0	0	0	0	0	0	0	0	0	0	0	0	0	0	0	0	0	0	0	0	0	0	0	0	0	0	0	0	0	0	0	0	0	0	0	0	0	0	0	0	0	0	0	0	0	0	0	0	0	0	0	0	0	0	0	0	0	0	0	0	0	0	0	0	0	0	0	0	0	0	0	0	0	0	0	0	0	0	0	0	0	0	0	0	0	0	0	0	0	0	0	0	0	0	0	0	0	0	0	0	0	0	0	0	0	0	0	0	0	0	0	0	0	0	0	0	0	0	0	0	0	0	0	0	0	0	0	0	0	0	0	0	0	0	0	0	0	0	0	0	0	0	0	0	0	0	0	0	0	0	0	0	0	0	0	0	0	0	0	0	0	0	0	0	0	0	0	0	0	0	0	0	0	0	0	0	0	0	0	0	0	0	0	0	0	0	0	0	0	0	0	0	0	0	0	0	0	0	0	0	0	0	0	15.4198	14.9657	14.5115	14.0574	13.6033	13.1491	12.695	11.986	11.277	10.5679	9.85893	9.14992	8.4409	
0	0	0	0	0	0	0	0	0	0	0	0	0	0	0	0	0	0	0	0	0	0	0	0	0	0	0	0	0	0	0	0	0	0	0	0	0	0	0	0	0	0	0	0	0	0	0	0	0	0	0	0	0	0	0	0	0	0	0	0	0	0	0	0	0	0	0	0	0	0	0	0	0	0	0	0	0	0	0	0	0	0	0	0	0	0	0	0	0	0	0	0	0	0	0	0	0	0	0	0	0	0	0	0	0	0	0	0	0	0	0	0	0	0	0	0	0	0	0	0	0	0	0	0	0	0	0	0	0	0	0	0	0	0	0	0	0	0	0	0	0	0	0	0	0	0	0	0	0	0	0	0	0	0	0	0	0	0	0	0	0	0	0	0	0	0	0	0	0	0	0	0	0	0	0	0	0	0	0	0	0	0	0	0	0	0	0	0	0	0	0	0	0	0	0	0	0	0	0	0	0	0	0	0	0	0	0	0	0	0	0	0	0	0	0	0	0	0	0	0	0	0	0	0	0	0	0	0	0	0	0	0	0	0	16.4877	15.8117	15.1356	14.4596	13.7836	13.1075	12.4315	11.8314	11.2313	10.6313	10.0312	9.4311	8.83102	
0	0	0	0	0	0	0	0	0	0	0	0	0	0	0	0	0	0	0	0	0	0	0	0	0	0	0	0	0	0	0	0	0	0	0	0	0	0	0	0	0	0	0	0	0	0	0	0	0	0	0	0	0	0	0	0	0	0	0	0	0	0	0	0	0	0	0	0	0	0	0	0	0	0	0	0	0	0	0	0	0	0	0	0	0	0	0	0	0	0	0	0	0	0	0	0	0	0	0	0	0	0	0	0	0	0	0	0	0	0	0	0	0	0	0	0	0	0	0	0	0	0	0	0	0	0	0	0	0	0	0	0	0	0	0	0	0	0	0	0	0	0	0	0	0	0	0	0	0	0	0	0	0	0	0	0	0	0	0	0	0	0	0	0	0	0	0	0	0	0	0	0	0	0	0	0	0	0	0	0	0	0	0	0	0	0	0	0	0	0	0	0	0	0	0	0	0	0	0	0	0	0	0	0	0	0	0	0	0	0	0	0	0	0	0	0	0	0	0	0	0	0	0	0	0	0	0	0	0	0	0	0	0	0	17.5556	16.6576	15.7597	14.8618	13.9639	13.0659	12.168	11.6769	11.1857	10.6946	10.2034	9.71228	9.22114	
0	0	0	0	0	0	0	0	0	0	0	0	0	0	0	0	0	0	0	0	0	0	0	0	0	0	0	0	0	0	0	0	0	0	0	0	0	0	0	0	0	0	0	0	0	0	0	0	0	0	0	0	0	0	0	0	0	0	0	0	0	0	0	0	0	0	0	0	0	0	0	0	0	0	0	0	0	0	0	0	0	0	0	0	0	0	0	0	0	0	0	0	0	0	0	0	0	0	0	0	0	0	0	0	0	0	0	0	0	0	0	0	0	0	0	0	0	0	0	0	0	0	0	0	0	0	0	0	0	0	0	0	0	0	0	0	0	0	0	0	0	0	0	0	0	0	0	0	0	0	0	0	0	0	0	0	0	0	0	0	0	0	0	0	0	0	0	0	0	0	0	0	0	0	0	0	0	0	0	0	0	0	0	0	0	0	0	0	0	0	0	0	19.8909	21.2461	22.6012	23.9564	25.3115	26.6667	28.0219	27.6631	27.3043	26.9456	26.5868	26.2281	25.8693	25.7222	25.575	25.4279	25.2808	25.1336	24.9865	27.5678	30.149	32.7303	35.3115	37.8928	40.4741	39.9628	39.4515	38.9402	38.4289	37.9176	37.4063	36.3419	35.2775	34.2131	33.1486	32.0842	31.0198	28.9538	26.8877	24.8216	22.7556	20.6895	18.6234	17.5036	16.3838	15.264	14.1441	13.0243	11.9045	11.5223	11.1401	10.7579	10.3757	9.99346	9.61125	
0	0	0	0	0	0	0	0	0	0	0	0	0	0	0	0	0	0	0	0	0	0	0	0	0	0	0	0	0	0	0	0	0	0	0	0	0	0	0	0	0	0	0	0	0	0	0	0	0	0	0	0	0	0	0	0	0	0	0	0	0	0	0	0	0	0	0	0	0	0	0	0	0	0	0	0	0	0	0	0	0	0	0	0	0	0	0	0	0	0	0	0	0	0	0	0	0	0	0	0	0	0	0	0	0	0	0	0	0	0	0	0	0	0	0	0	0	0	0	0	0	0	0	0	0	0	0	0	0	0	0	0	0	0	0	0	0	0	0	0	0	0	0	0	0	0	0	0	0	0	0	0	0	0	0	0	0	0	0	0	0	0	0	0	0	0	0	0	0	0	0	0	0	0	0	0	0	0	0	0	0	0	0	0	0	0	0	0	0	0	0	0	18.3734	19.4414	20.5095	21.5776	22.6457	23.7137	24.7818	24.5658	24.3497	24.1337	23.9176	23.7016	23.4855	23.4386	23.3917	23.3448	23.2979	23.251	23.204	25.2623	27.3206	29.379	31.4373	33.4956	35.5539	35.1968	34.8397	34.4827	34.1256	33.7685	33.4115	32.4706	31.5297	30.5889	29.648	28.7071	27.7663	25.9759	24.1855	22.3951	20.6047	18.8143	17.0239	15.7951	14.5663	13.3376	12.1088	10.8801	9.65129	9.16634	8.68139	8.19644	7.71149	7.22654	6.74159	
0	0	0	0	0	0	0	0	0	0	0	0	0	0	0	0	0	0	0	0	0	0	0	0	0	0	0	0	0	0	0	0	0	0	0	0	0	0	0	0	0	0	0	0	0	0	0	0	0	0	0	0	0	0	0	0	0	0	0	0	0	0	0	0	0	0	0	0	0	0	0	0	0	0	0	0	0	0	0	0	0	0	0	0	0	0	0	0	0	0	0	0	0	0	0	0	0	0	0	0	0	0	0	0	0	0	0	0	0	0	0	0	0	0	0	0	0	0	0	0	0	0	0	0	0	0	0	0	0	0	0	0	0	0	0	0	0	0	0	0	0	0	0	0	0	0	0	0	0	0	0	0	0	0	0	0	0	0	0	0	0	0	0	0	0	0	0	0	0	0	0	0	0	0	0	0	0	0	0	0	0	0	0	0	0	0	0	0	0	0	0	0	16.8558	17.6368	18.4178	19.1988	19.9798	20.7608	21.5418	21.4684	21.3951	21.3218	21.2484	21.1751	21.1018	21.1551	21.2084	21.2617	21.315	21.3683	21.4216	22.9569	24.4923	26.0276	27.563	29.0983	30.6337	30.4308	30.228	30.0252	29.8224	29.6195	29.4167	28.5994	27.782	26.9647	26.1473	25.33	24.5127	22.9979	21.4832	19.9685	18.4538	16.939	15.4243	14.0866	12.7489	11.4112	10.0735	8.73578	7.39808	6.81039	6.2227	5.635	5.04731	4.45962	3.87193	
0	0	0	0	0	0	0	0	0	0	0	0	0	0	0	0	0	0	0	0	0	0	0	0	0	0	0	0	0	0	0	0	0	0	0	0	0	0	0	0	0	0	0	0	0	0	0	0	0	0	0	0	0	0	0	0	0	0	0	0	0	0	0	0	0	0	0	0	0	0	0	0	0	0	0	0	0	0	0	0	0	0	0	0	0	0	0	0	0	0	0	0	0	0	0	0	0	0	0	0	0	0	0	0	0	0	0	0	0	0	0	0	0	0	0	0	0	0	0	0	0	0	0	0	0	0	0	0	0	0	0	0	0	0	0	0	0	0	0	0	0	0	0	0	0	0	0	0	0	0	0	0	0	0	0	0	0	0	0	0	0	0	0	0	0	0	0	0	0	0	0	0	0	0	0	0	0	0	0	0	0	0	0	0	0	0	0	0	0	0	0	0	15.3383	15.8322	16.3261	16.82	17.3139	17.8078	18.3017	18.3711	18.4405	18.5099	18.5793	18.6486	18.718	18.8715	19.0251	19.1786	19.3321	19.4856	19.6391	20.6515	21.6639	22.6763	23.6887	24.7011	25.7135	25.6649	25.6163	25.5677	25.5191	25.4705	25.4219	24.7281	24.0343	23.3405	22.6467	21.9529	21.2591	20.02	18.781	17.5419	16.3029	15.0638	13.8247	12.3781	10.9314	9.4848	8.03816	6.59151	5.14487	4.45443	3.764	3.07357	2.38313	1.6927	1.00227	
0	0	0	0	0	0	0	0	0	0	0	0	0	0	0	0	0	0	0	0	0	0	0	0	0	0	0	0	0	0	0	0	0	0	0	0	0	0	0	0	0	0	0	0	0	0	0	0	0	0	0	0	0	0	0	0	0	0	0	0	0	0	0	0	0	0	0	0	0	0	0	0	0	0	0	0	0	0	0	0	0	0	0	0	0	0	0	0	0	0	0	0	0	0	0	0	0	0	0	0	0	0	0	0	0	0	0	0	0	0	0	0	0	0	0	0	0	0	0	0	0	0	0	0	0	0	0	0	0	0	0	0	0	0	0	0	0	0	0	0	0	0	0	0	0	0	0	0	0	0	0	0	0	0	0	0	0	0	0	0	0	0	0	0	0	0	0	0	0	0	0	0	0	0	0	0	0	0	0	0	0	0	0	0	0	0	0	0	0	0	0	0	13.8208	14.0276	14.2344	14.4412	14.648	14.8549	15.0617	15.2738	15.4859	15.698	15.9101	16.1222	16.3343	16.588	16.8417	17.0955	17.3492	17.6029	17.8566	18.3461	18.8355	19.325	19.8144	20.3038	20.7933	20.8989	21.0046	21.1102	21.2159	21.3215	21.4272	20.8569	20.2866	19.7163	19.146	18.5758	18.0055	17.0421	16.0787	15.1153	14.1519	13.1886	12.2252	10.6696	9.114	7.55842	6.00283	4.44724	2.89166	2.09848	1.30531	0.512131	-0.281043	-1.07422	-1.86739	
0	0	0	0	0	0	0	0	0	0	0	0	0	0	0	0	0	0	0	0	0	0	0	0	0	0	0	0	0	0	0	0	0	0	0	0	0	0	0	0	0	0	0	0	0	0	0	0	0	0	0	0	0	0	0	0	0	0	0	0	0	0	0	0	0	0	0	0	0	0	0	0	0	0	0	0	0	0	0	0	0	0	0	0	0	0	0	0	0	0	0	0	0	0	0	0	0	0	0	0	0	0	0	0	0	0	0	0	0	0	0	0	0	0	0	0	0	0	0	0	0	0	0	0	0	0	0	0	0	0	0	0	0	0	0	0	0	0	0	0	0	0	0	0	0	0	0	0	0	0	0	0	0	0	0	0	0	0	0	0	0	0	0	0	0	0	0	0	0	0	0	0	0	0	0	0	0	0	0	0	0	0	0	0	0	0	0	0	0	0	0	0	12.3032	12.223	12.1427	12.0624	11.9822	11.9019	11.8216	12.1764	12.5313	12.8861	13.2409	13.5957	13.9505	14.3045	14.6584	15.0124	15.3663	15.7202	16.0742	16.0407	16.0071	15.9736	15.9401	15.9066	15.873	16.1329	16.3928	16.6527	16.9126	17.1725	17.4324	16.9856	16.5389	16.0921	15.6454	15.1987	14.7519	14.0642	13.3765	12.6888	12.001	11.3133	10.6256	8.96109	7.29656	5.63203	3.9675	2.30297	0.638445	-0.257472	-1.15339	-2.0493	-2.94522	-3.84114	-4.73705	
-13.6641	-12.9061	-12.1481	-11.3901	-10.6321	-9.87411	-9.1161	-9.33094	-9.54578	-9.76062	-9.97546	-10.1903	-10.4051	-11.4608	-12.5165	-13.5722	-14.6279	-15.6836	-16.7393	-17.3688	-17.9982	-18.6276	-19.2571	-19.8865	-20.516	-20.0097	-19.5035	-18.9972	-18.491	-17.9847	-17.4785	-15.0397	-12.6009	-10.162	-7.72322	-5.2844	-2.84558	-4.24817	-5.65076	-7.05335	-8.45594	-9.85853	-11.2611	-11.396	-11.5309	-11.6657	-11.8006	-11.9355	-12.0703	-12.0877	-12.1051	-12.1224	-12.1398	-12.1572	-12.1746	-10.6769	-9.1792	-7.68152	-6.18384	-4.68617	-3.18849	-1.81174	-0.434995	0.94175	2.3185	3.69524	5.07199	5.10026	5.12853	5.1568	5.18507	5.21334	5.24162	5.17962	5.11762	5.05563	4.99363	4.93164	4.86964	3.40539	1.94114	0.476885	-0.987368	-2.45162	-3.91587	-4.90322	-5.89057	-6.87792	-7.86526	-8.85261	-9.83996	-8.61839	-7.39682	-6.17525	-4.95368	-3.73211	-2.51054	-1.86093	-1.21132	-0.561709	0.0879009	0.737511	1.38712	1.80117	2.21522	2.62927	3.04332	3.45736	3.87141	3.0667	2.26198	1.45726	0.652549	-0.152168	-0.956884	-1.38364	-1.81039	-2.23714	-2.66389	-3.09064	-3.51739	-2.95495	-2.3925	-1.83006	-1.26761	-0.705166	-0.14272	-0.582502	-1.02228	-1.46207	-1.90185	-2.34163	-2.78141	-1.91513	-1.04885	-0.182566	0.683715	1.55	2.41628	1.96096	1.50564	1.05032	0.595007	0.139689	-0.315628	-0.336162	-0.356695	-0.377228	-0.397761	-0.418295	-0.438828	-0.647099	-0.855371	-1.06364	-1.27191	-1.48018	-1.68846	-1.41396	-1.13946	-0.864955	-0.590455	-0.315955	-0.0414541	0.33099	0.703434	1.07588	1.44832	1.82077	2.19321	2.61097	3.02873	3.44649	3.86425	4.28201	4.69977	5.99384	7.2879	8.58196	9.87603	11.1701	12.4642	11.8075	11.1508	10.4941	9.83743	9.18075	8.52407	8.90102	9.27796	9.6549	10.0318	10.4088	10.7857	10.4184	10.051	9.68365	9.3163	8.94894	8.58159	9.07912	9.57665	10.0742	10.5717	11.0692	11.5668	12.0209	12.4751	12.9292	13.3834	13.8376	14.2917	13.7352	13.1788	12.6223	12.0658	11.5093	10.9528	11.367	11.7811	12.1952	12.6093	13.0235	13.4376	13.1144	12.7912	12.468	12.1447	11.8215	11.4983	11.0863	10.6742	10.2622	9.85014	9.4381	9.02605	7.25258	5.47911	3.70564	1.93217	0.158704	-1.61477	-2.61342	-3.61208	-4.61074	-5.6094	-6.60806	-7.60672	
0	0	0	0	0	0	-8.15799	-8.42205	-8.6861	-8.95016	-9.21421	-9.47827	-9.74232	-10.6318	-11.5212	-12.4106	-13.3001	-14.1895	-15.0789	-15.8411	-16.6033	-17.3654	-18.1276	-18.8898	-19.652	-19.1925	-18.7331	-18.2737	-17.8143	-17.3549	-16.8955	-14.821	-12.7465	-10.672	-8.59752	-6.52301	-4.4485	-5.54473	-6.64096	-7.7372	-8.83343	-9.92966	-11.0259	-11.0713	-11.1167	-11.1621	-11.2075	-11.2529	-11.2983	-11.3236	-11.3488	-11.374	-11.3992	-11.4244	-11.4496	-10.3038	-9.15806	-8.01229	-6.86653	-5.72076	-4.575	-3.33644	-2.09788	-0.859322	0.379236	1.61779	2.85635	2.78064	2.70492	2.62921	2.5535	2.47778	2.40207	2.45982	2.51758	2.57534	2.63309	2.69085	2.7486	1.47453	0.200466	-1.0736	-2.34767	-3.62174	-4.89581	-5.74549	-6.59517	-7.44486	-8.29454	-9.14422	-9.99391	-9.06004	-8.12618	-7.19231	-6.25845	-5.32459	-4.39072	-3.8562	-3.32168	-2.78716	-2.25263	-1.71811	-1.18359	-0.784475	-0.385361	0.0137537	0.412868	0.811983	1.2111	0.399397	-0.412303	-1.224	-2.0357	-2.8474	-3.6591	-4.07106	-4.48301	-4.89496	-5.30691	-5.71887	-6.13082	-5.68386	-5.23691	-4.78995	-4.343	-3.89604	-3.44909	-3.76649	-4.0839	-4.40131	-4.71872	-5.03613	-5.35353	-4.65469	-3.95584	-3.25699	-2.55815	-1.8593	-1.16046	-1.53532	-1.91019	-2.28506	-2.65992	-3.03479	-3.40966	-3.32165	-3.23364	-3.14563	-3.05762	-2.96961	-2.8816	-2.95354	-3.02549	-3.09743	-3.16938	-3.24132	-3.31327	-3.08781	-2.86235	-2.63689	-2.41144	-2.18598	-1.96052	-1.64346	-1.32641	-1.00935	-0.692289	-0.375231	-0.0581734	0.399198	0.856569	1.31394	1.77131	2.22868	2.68605	3.84822	5.01039	6.17256	7.33472	8.49689	9.65906	9.2238	8.78854	8.35329	7.91803	7.48277	7.04752	7.40204	7.75657	8.11109	8.46562	8.82014	9.17466	8.73728	8.2999	7.86251	7.42513	6.98774	6.55036	7.1508	7.75123	8.35167	8.95211	9.55254	10.153	10.5878	11.0227	11.4575	11.8924	12.3272	12.7621	12.0255	11.2889	10.5524	9.8158	9.07923	8.34266	8.59602	8.84938	9.10274	9.35609	9.60945	9.86281	9.86009	9.85738	9.85466	9.85195	9.84923	9.84652	9.35881	8.87111	8.3834	7.89569	7.40799	6.92028	5.30346	3.68665	2.06983	0.453008	-1.16381	-2.78063	-3.7177	-4.65476	-5.59183	-6.5289	-7.46596	-8.40303	
0	0	0	0	0	0	-7.19988	-7.51315	-7.82642	-8.13969	-8.45297	-8.76624	-9.07951	-9.80268	-10.5258	-11.249	-11.9722	-12.6953	-13.4185	-14.3134	-15.2083	-16.1032	-16.9981	-17.893	-18.7879	-18.3754	-17.9628	-17.5503	-17.1377	-16.7251	-16.3126	-14.6024	-12.8922	-11.182	-9.47181	-7.76162	-6.05143	-6.8413	-7.63117	-8.42104	-9.21091	-10.0008	-10.7907	-10.7466	-10.7026	-10.6585	-10.6145	-10.5704	-10.5264	-10.5594	-10.5925	-10.6255	-10.6585	-10.6916	-10.7246	-9.93076	-9.13691	-8.34306	-7.54921	-6.75536	-5.96151	-4.86114	-3.76077	-2.66039	-1.56002	-0.459652	0.64072	0.46102	0.28132	0.10162	-0.0780797	-0.25778	-0.437479	-0.259973	-0.0824659	0.0950408	0.272548	0.450054	0.627561	-0.456323	-1.54021	-2.62409	-3.70797	-4.79186	-5.87574	-6.58776	-7.29978	-8.0118	-8.72382	-9.43584	-10.1479	-9.5017	-8.85554	-8.20938	-7.56322	-6.91706	-6.2709	-5.85147	-5.43204	-5.0126	-4.59317	-4.17373	-3.7543	-3.37012	-2.98594	-2.60176	-2.21758	-1.8334	-1.44922	-2.2679	-3.08659	-3.90527	-4.72396	-5.54264	-6.36132	-6.75848	-7.15563	-7.55278	-7.94994	-8.34709	-8.74424	-8.41278	-8.08131	-7.74985	-7.41838	-7.08692	-6.75545	-6.95049	-7.14552	-7.34055	-7.53559	-7.73062	-7.92565	-7.39424	-6.86283	-6.33142	-5.80001	-5.2686	-4.73719	-5.03161	-5.32602	-5.62044	-5.91486	-6.20927	-6.50369	-6.30714	-6.11058	-5.91403	-5.71748	-5.52092	-5.32437	-5.25999	-5.1956	-5.13122	-5.06684	-5.00246	-4.93807	-4.76166	-4.58525	-4.40883	-4.23242	-4.056	-3.87959	-3.61792	-3.35624	-3.09457	-2.8329	-2.57123	-2.30956	-1.81258	-1.31559	-0.818611	-0.32163	0.175352	0.672334	1.70261	2.73288	3.76315	4.79342	5.82369	6.85396	6.64013	6.42629	6.21246	5.99863	5.78479	5.57096	5.90307	6.23518	6.56728	6.89939	7.2315	7.56361	7.0562	6.54878	6.04137	5.53396	5.02654	4.51913	5.22247	5.92582	6.62916	7.3325	8.03585	8.73919	9.15473	9.57027	9.98581	10.4013	10.8169	11.2324	10.3158	9.39912	8.48246	7.5658	6.64914	5.73248	5.82507	5.91767	6.01026	6.10285	6.19544	6.28803	6.60581	6.92359	7.24137	7.55915	7.87693	8.19471	7.63135	7.06798	6.50461	5.94125	5.37788	4.81451	3.35434	1.89418	0.43401	-1.02616	-2.48632	-3.94649	-4.82197	-5.69744	-6.57292	-7.44839	-8.32387	-9.19934	
0	0	0	0	0	0	-6.24177	-6.60425	-6.96674	-7.32923	-7.69172	-8.05421	-8.4167	-8.9736	-9.5305	-10.0874	-10.6443	-11.2012	-11.7581	-12.7857	-13.8134	-14.841	-15.8687	-16.8963	-17.9239	-17.5582	-17.1925	-16.8268	-16.4611	-16.0954	-15.7296	-14.3838	-13.0379	-11.692	-10.3461	-9.00023	-7.65435	-8.13786	-8.62138	-9.10489	-9.5884	-10.0719	-10.5554	-10.4219	-10.2884	-10.1549	-10.0214	-9.88791	-9.75441	-9.79528	-9.83615	-9.87702	-9.91789	-9.95876	-9.99964	-9.5577	-9.11576	-8.67383	-8.23189	-7.78996	-7.34802	-6.38584	-5.42365	-4.46147	-3.49928	-2.5371	-1.57491	-1.8586	-2.14228	-2.42597	-2.70966	-2.99334	-3.27703	-2.97977	-2.68251	-2.38525	-2.088	-1.79074	-1.49348	-2.38718	-3.28088	-4.17458	-5.06828	-5.96198	-6.85567	-7.43003	-8.00438	-8.57874	-9.1531	-9.72745	-10.3018	-9.94335	-9.5849	-9.22645	-8.86799	-8.50954	-8.15109	-7.84674	-7.5424	-7.23805	-6.9337	-6.62936	-6.32501	-5.95576	-5.58652	-5.21727	-4.84803	-4.47878	-4.10954	-4.9352	-5.76087	-6.58654	-7.41221	-8.23788	-9.06354	-9.4459	-9.82825	-10.2106	-10.593	-10.9753	-11.3577	-11.1417	-10.9257	-10.7097	-10.4938	-10.2778	-10.0618	-10.1345	-10.2071	-10.2798	-10.3525	-10.4251	-10.4978	-10.1338	-9.76983	-9.40585	-9.04188	-8.6779	-8.31392	-8.52789	-8.74186	-8.95582	-9.16979	-9.38376	-9.59772	-9.29262	-8.98753	-8.68243	-8.37733	-8.07224	-7.76714	-7.56643	-7.36572	-7.16501	-6.9643	-6.76359	-6.56288	-6.43551	-6.30814	-6.18077	-6.0534	-5.92603	-5.79866	-5.59237	-5.38608	-5.1798	-4.97351	-4.76723	-4.56094	-4.02435	-3.48776	-2.95116	-2.41457	-1.87798	-1.34139	-0.443011	0.455364	1.35374	2.25211	3.15049	4.04886	4.05645	4.06404	4.07163	4.07922	4.08681	4.0944	4.40409	4.71378	5.02348	5.33317	5.64286	5.95256	5.37511	4.79767	4.22023	3.64279	3.06534	2.4879	3.29415	4.1004	4.90665	5.7129	6.51915	7.3254	7.72163	8.11786	8.51409	8.91032	9.30655	9.70279	8.60604	7.50929	6.41255	5.3158	4.21905	3.12231	3.05413	2.98595	2.91777	2.8496	2.78142	2.71324	3.35152	3.9898	4.62808	5.26636	5.90463	6.54291	5.90388	5.26486	4.62583	3.9868	3.34777	2.70874	1.40522	0.101709	-1.20181	-2.50532	-3.80884	-5.11235	-5.92624	-6.74012	-7.554	-8.36789	-9.18177	-9.99565	
0	0	0	0	0	0	-5.28365	-5.69536	-6.10706	-6.51877	-6.93047	-7.34218	-7.75389	-8.14452	-8.53516	-8.92579	-9.31643	-9.70706	-10.0977	-11.2581	-12.4184	-13.5788	-14.7392	-15.8996	-17.0599	-16.7411	-16.4222	-16.1033	-15.7844	-15.4656	-15.1467	-14.1651	-13.1835	-12.202	-11.2204	-10.2388	-9.25727	-9.43443	-9.61158	-9.78874	-9.96589	-10.143	-10.3202	-10.0972	-9.87428	-9.65132	-9.42836	-9.2054	-8.98244	-9.03114	-9.07984	-9.12855	-9.17725	-9.22596	-9.27466	-9.18464	-9.09462	-9.0046	-8.91457	-8.82455	-8.73453	-7.91053	-7.08654	-6.26254	-5.43854	-4.61454	-3.79055	-4.17822	-4.56589	-4.95356	-5.34123	-5.7289	-6.11657	-5.69957	-5.28256	-4.86555	-4.44854	-4.03153	-3.61452	-4.31804	-5.02155	-5.72506	-6.42858	-7.13209	-7.83561	-8.2723	-8.70899	-9.14568	-9.58237	-10.0191	-10.4558	-10.385	-10.3143	-10.2435	-10.1728	-10.102	-10.0313	-9.84201	-9.65275	-9.4635	-9.27424	-9.08498	-8.89572	-8.54141	-8.1871	-7.83279	-7.47848	-7.12416	-6.76985	-7.60251	-8.43516	-9.26781	-10.1005	-10.9331	-11.7658	-12.1333	-12.5009	-12.8684	-13.236	-13.6035	-13.9711	-13.8706	-13.7701	-13.6696	-13.5692	-13.4687	-13.3682	-13.3185	-13.2688	-13.219	-13.1693	-13.1196	-13.0699	-12.8734	-12.6768	-12.4803	-12.2837	-12.0872	-11.8907	-12.0242	-12.1577	-12.2912	-12.4247	-12.5582	-12.6918	-12.2781	-11.8645	-11.4508	-11.0372	-10.6236	-10.2099	-9.87287	-9.53584	-9.1988	-8.86177	-8.52473	-8.18769	-8.10936	-8.03104	-7.95271	-7.87438	-7.79605	-7.71772	-7.56682	-7.41592	-7.26502	-7.11412	-6.96322	-6.81232	-6.23612	-5.65992	-5.08371	-4.50751	-3.93131	-3.35511	-2.58863	-1.82215	-1.05567	-0.289191	0.477288	1.24377	1.47278	1.70179	1.9308	2.15982	2.38883	2.61784	2.90512	3.19239	3.47967	3.76695	4.05422	4.3415	3.69403	3.04656	2.39909	1.75162	1.10414	0.456673	1.36583	2.27499	3.18414	4.0933	5.00245	5.91161	6.28853	6.66545	7.04237	7.4193	7.79622	8.17314	6.8963	5.61947	4.34263	3.0658	1.78896	0.512127	0.283183	0.0542381	-0.174707	-0.403651	-0.632596	-0.861541	0.0972344	1.05601	2.01478	2.97356	3.93233	4.89111	4.17642	3.46173	2.74704	2.03235	1.31766	0.60297	-0.543895	-1.69076	-2.83762	-3.98449	-5.13135	-6.27822	-7.03051	-7.7828	-8.53509	-9.28738	-10.0397	-10.792	
0	0	0	0	0	0	-4.32554	-4.78646	-5.24738	-5.70831	-6.16923	-6.63015	-7.09107	-7.31544	-7.53981	-7.76418	-7.98855	-8.21292	-8.43729	-9.7304	-11.0235	-12.3166	-13.6097	-14.9028	-16.1959	-15.9239	-15.6519	-15.3798	-15.1078	-14.8358	-14.5637	-13.9465	-13.3292	-12.712	-12.0947	-11.4775	-10.8602	-10.731	-10.6018	-10.4726	-10.3434	-10.2142	-10.085	-9.77255	-9.46013	-9.14771	-8.8353	-8.52288	-8.21046	-8.267	-8.32354	-8.38007	-8.43661	-8.49315	-8.54969	-8.81158	-9.07347	-9.33536	-9.59726	-9.85915	-10.121	-9.43523	-8.74942	-8.06361	-7.3778	-6.69199	-6.00618	-6.49784	-6.98949	-7.48115	-7.97281	-8.46446	-8.95612	-8.41936	-7.8826	-7.34584	-6.80908	-6.27232	-5.73556	-6.24889	-6.76222	-7.27555	-7.78888	-8.30221	-8.81554	-9.11457	-9.4136	-9.71262	-10.0117	-10.3107	-10.6097	-10.8267	-11.0436	-11.2606	-11.4775	-11.6945	-11.9115	-11.8373	-11.7631	-11.6889	-11.6148	-11.5406	-11.4664	-11.1271	-10.7877	-10.4483	-10.1089	-9.76955	-9.43017	-10.2698	-11.1094	-11.9491	-12.7887	-13.6283	-14.468	-14.8207	-15.1735	-15.5263	-15.879	-16.2318	-16.5845	-16.5995	-16.6145	-16.6295	-16.6445	-16.6595	-16.6746	-16.5025	-16.3304	-16.1583	-15.9862	-15.8141	-15.642	-15.6129	-15.5838	-15.5547	-15.5256	-15.4965	-15.4674	-15.5205	-15.5735	-15.6266	-15.6797	-15.7327	-15.7858	-15.2636	-14.7414	-14.2192	-13.697	-13.1749	-12.6527	-12.1793	-11.706	-11.2326	-10.7592	-10.2859	-9.8125	-9.78322	-9.75393	-9.72465	-9.69536	-9.66607	-9.63679	-9.54128	-9.44576	-9.35025	-9.25473	-9.15922	-9.06371	-8.44789	-7.83208	-7.21627	-6.60045	-5.98464	-5.36883	-4.73424	-4.09966	-3.46508	-2.8305	-2.19591	-1.56133	-1.1109	-0.66046	-0.210024	0.240411	0.690847	1.14128	1.40614	1.671	1.93586	2.20073	2.46559	2.73045	2.01295	1.29545	0.577946	-0.139555	-0.857055	-1.57456	-0.562493	0.44957	1.46163	2.47369	3.48576	4.49782	4.85543	5.21304	5.57066	5.92827	6.28588	6.64349	5.18657	3.72965	2.27272	0.815797	-0.641127	-2.09805	-2.48776	-2.87748	-3.26719	-3.6569	-4.04661	-4.43632	-3.15705	-1.87778	-0.598508	0.680764	1.96004	3.23931	2.44896	1.6586	0.868253	0.0779014	-0.71245	-1.5028	-2.49301	-3.48323	-4.47344	-5.46365	-6.45387	-7.44408	-8.13478	-8.82548	-9.51618	-10.2069	-10.8976	-11.5883	
0	0	0	0	0	0	-3.36743	-3.87757	-4.38771	-4.89784	-5.40798	-5.91812	-6.42826	-6.48636	-6.54447	-6.60257	-6.66067	-6.71878	-6.77688	-8.20272	-9.62856	-11.0544	-12.4802	-13.9061	-15.3319	-15.1067	-14.8815	-14.6563	-14.4312	-14.206	-13.9808	-13.7278	-13.4749	-13.2219	-12.969	-12.7161	-12.4631	-12.0276	-11.592	-11.1564	-10.7209	-10.2853	-9.84973	-9.44786	-9.04599	-8.64411	-8.24224	-7.84037	-7.43849	-7.50286	-7.56723	-7.6316	-7.69597	-7.76034	-7.82471	-8.43852	-9.05232	-9.66613	-10.2799	-10.8937	-11.5076	-10.9599	-10.4123	-9.86468	-9.31706	-8.76944	-8.22181	-8.81746	-9.4131	-10.0087	-10.6044	-11.2	-11.7957	-11.1392	-10.4826	-9.82614	-9.16963	-8.51312	-7.85661	-8.17975	-8.50289	-8.82604	-9.14918	-9.47233	-9.79547	-9.95684	-10.1182	-10.2796	-10.4409	-10.6023	-10.7637	-11.2683	-11.773	-12.2776	-12.7823	-13.287	-13.7916	-13.8326	-13.8735	-13.9144	-13.9553	-13.9962	-14.0371	-13.7127	-13.3883	-13.0638	-12.7394	-12.4149	-12.0905	-12.9371	-13.7837	-14.6303	-15.477	-16.3236	-17.1702	-17.5082	-17.8461	-18.1841	-18.522	-18.86	-19.1979	-19.3284	-19.4589	-19.5894	-19.7199	-19.8504	-19.9809	-19.6865	-19.392	-19.0975	-18.8031	-18.5086	-18.2141	-18.3525	-18.4908	-18.6291	-18.7675	-18.9058	-19.0441	-19.0167	-18.9894	-18.962	-18.9346	-18.9072	-18.8798	-18.2491	-17.6184	-16.9876	-16.3569	-15.7262	-15.0955	-14.4858	-13.8761	-13.2664	-12.6567	-12.047	-11.4373	-11.4571	-11.4768	-11.4966	-11.5163	-11.5361	-11.5559	-11.5157	-11.4756	-11.4355	-11.3953	-11.3552	-11.3151	-10.6597	-10.0042	-9.34882	-8.69339	-8.03797	-7.38255	-6.87986	-6.37717	-5.87449	-5.3718	-4.86911	-4.36643	-3.69457	-3.02271	-2.35085	-1.67899	-1.00713	-0.335276	-0.0928311	0.149614	0.392058	0.634503	0.876948	1.11939	0.331863	-0.455666	-1.2432	-2.03072	-2.81825	-3.60578	-2.49081	-1.37585	-0.260877	0.854092	1.96906	3.08403	3.42233	3.76064	4.09894	4.43724	4.77555	5.11385	3.47684	1.83982	0.20281	-1.4342	-3.07122	-4.70823	-5.25871	-5.80919	-6.35967	-6.91015	-7.46063	-8.01111	-6.41134	-4.81157	-3.2118	-1.61203	-0.0122639	1.5875	0.721492	-0.144521	-1.01053	-1.87655	-2.74256	-3.60857	-4.44213	-5.2757	-6.10926	-6.94282	-7.77638	-8.60994	-9.23905	-9.86816	-10.4973	-11.1264	-11.7555	-12.3846	
0	0	0	0	0	0	-2.46001	-3.09292	-3.72583	-4.35874	-4.99164	-5.62455	-6.25746	-6.31975	-6.38204	-6.44432	-6.50661	-6.5689	-6.63119	-7.75605	-8.88092	-10.0058	-11.1307	-12.2555	-13.3804	-13.1124	-12.8445	-12.5765	-12.3086	-12.0407	-11.7727	-11.7215	-11.6703	-11.6191	-11.5679	-11.5166	-11.4654	-11.0106	-10.5558	-10.1011	-9.64627	-9.19148	-8.73669	-8.44005	-8.14342	-7.84679	-7.55015	-7.25352	-6.95688	-7.00629	-7.05569	-7.1051	-7.1545	-7.20391	-7.25331	-7.88135	-8.50938	-9.13742	-9.76546	-10.3935	-11.0215	-10.6826	-10.3437	-10.0047	-9.66578	-9.32685	-8.98791	-9.45333	-9.91875	-10.3842	-10.8496	-11.315	-11.7804	-11.236	-10.6917	-10.1473	-9.60288	-9.0585	-8.51411	-8.81079	-9.10747	-9.40415	-9.70082	-9.9975	-10.2942	-10.5028	-10.7113	-10.9199	-11.1285	-11.3371	-11.5456	-12.0634	-12.5812	-13.099	-13.6168	-14.1346	-14.6524	-14.7271	-14.8018	-14.8765	-14.9512	-15.0259	-15.1007	-14.7304	-14.3602	-13.9899	-13.6197	-13.2494	-12.8792	-13.5513	-14.2234	-14.8955	-15.5677	-16.2398	-16.9119	-17.2202	-17.5285	-17.8368	-18.1451	-18.4534	-18.7617	-18.8912	-19.0207	-19.1501	-19.2796	-19.409	-19.5385	-19.3875	-19.2364	-19.0854	-18.9343	-18.7833	-18.6322	-18.8224	-19.0125	-19.2026	-19.3927	-19.5829	-19.773	-19.6698	-19.5667	-19.4635	-19.3603	-19.2571	-19.154	-18.5507	-17.9475	-17.3442	-16.7409	-16.1377	-15.5344	-15.0443	-14.5542	-14.064	-13.5739	-13.0838	-12.5937	-12.6346	-12.6755	-12.7164	-12.7574	-12.7983	-12.8392	-12.6805	-12.5217	-12.3629	-12.2041	-12.0454	-11.8866	-11.2723	-10.6579	-10.0436	-9.42924	-8.8149	-8.20055	-7.62035	-7.04015	-6.45996	-5.87976	-5.29956	-4.71936	-4.10593	-3.49251	-2.87908	-2.26565	-1.65223	-1.0388	-0.744596	-0.45039	-0.156184	0.138022	0.432228	0.726434	0.0247263	-0.676981	-1.37869	-2.0804	-2.7821	-3.48381	-2.54192	-1.60003	-0.65814	0.283751	1.22564	2.16753	2.46622	2.7649	3.06359	3.36227	3.66096	3.95964	2.70263	1.44563	0.188619	-1.06839	-2.3254	-3.5824	-3.8969	-4.2114	-4.52589	-4.84039	-5.15488	-5.46938	-4.33278	-3.19618	-2.05958	-0.92298	0.21362	1.35022	0.517534	-0.315152	-1.14784	-1.98052	-2.81321	-3.64589	-4.3484	-5.05091	-5.75341	-6.45592	-7.15842	-7.86093	-8.26889	-8.67685	-9.0848	-9.49276	-9.90072	-10.3087	
0	0	0	0	0	0	-1.5526	-2.30827	-3.06395	-3.81963	-4.5753	-5.33098	-6.08666	-6.15313	-6.2196	-6.28608	-6.35255	-6.41902	-6.4855	-7.30939	-8.13328	-8.95718	-9.78107	-10.605	-11.4289	-11.1182	-10.8075	-10.4968	-10.186	-9.87535	-9.56464	-9.71516	-9.86567	-10.0162	-10.1667	-10.3172	-10.4677	-9.99371	-9.5197	-9.04568	-8.57167	-8.09765	-7.62364	-7.43225	-7.24085	-7.04946	-6.85806	-6.66667	-6.47527	-6.50971	-6.54415	-6.57859	-6.61304	-6.64748	-6.68192	-7.32418	-7.96644	-8.60871	-9.25097	-9.89323	-10.5355	-10.4053	-10.275	-10.1448	-10.0145	-9.88426	-9.75401	-10.0892	-10.4244	-10.7596	-11.0948	-11.43	-11.7652	-11.3329	-10.9007	-10.4684	-10.0361	-9.60388	-9.17162	-9.44183	-9.71204	-9.98225	-10.2525	-10.5227	-10.7929	-11.0487	-11.3045	-11.5602	-11.816	-12.0718	-12.3276	-12.8585	-13.3895	-13.9204	-14.4513	-14.9822	-15.5132	-15.6217	-15.7302	-15.8387	-15.9472	-16.0557	-16.1642	-15.7481	-15.3321	-14.916	-14.5	-14.0839	-13.6679	-14.1655	-14.6631	-15.1607	-15.6584	-16.156	-16.6536	-16.9323	-17.2109	-17.4896	-17.7682	-18.0469	-18.3256	-18.454	-18.5824	-18.7108	-18.8392	-18.9677	-19.0961	-19.0885	-19.0808	-19.0732	-19.0656	-19.058	-19.0503	-19.2923	-19.5342	-19.7761	-20.018	-20.26	-20.5019	-20.3229	-20.144	-19.965	-19.7861	-19.6071	-19.4281	-18.8523	-18.2766	-17.7008	-17.125	-16.5492	-15.9734	-15.6028	-15.2323	-14.8617	-14.4911	-14.1206	-13.75	-13.8121	-13.8742	-13.9363	-13.9984	-14.0605	-14.1226	-13.8452	-13.5678	-13.2904	-13.0129	-12.7355	-12.4581	-11.8849	-11.3116	-10.7383	-10.1651	-9.59182	-9.01856	-8.36085	-7.70314	-7.04542	-6.38771	-5.73	-5.07228	-4.51729	-3.9623	-3.40731	-2.85231	-2.29732	-1.74233	-1.39636	-1.05039	-0.704427	-0.35846	-0.0124924	0.333475	-0.282411	-0.898296	-1.51418	-2.13007	-2.74595	-3.36184	-2.59303	-1.82421	-1.0554	-0.286591	0.482221	1.25103	1.5101	1.76917	2.02823	2.2873	2.54637	2.80543	1.92843	1.05143	0.174428	-0.702574	-1.57958	-2.45658	-2.53509	-2.6136	-2.69211	-2.77063	-2.84914	-2.92765	-2.25422	-1.58079	-0.907359	-0.233928	0.439503	1.11293	0.313576	-0.485783	-1.28514	-2.0845	-2.88386	-3.68322	-4.25467	-4.82612	-5.39757	-5.96902	-6.54047	-7.11192	-7.29873	-7.48553	-7.67234	-7.85915	-8.04596	-8.23276	
0	0	0	0	0	0	-0.645181	-1.52363	-2.40207	-3.28052	-4.15897	-5.03741	-5.91586	-5.98652	-6.05717	-6.12783	-6.19849	-6.26915	-6.3398	-6.86272	-7.38565	-7.90857	-8.43149	-8.95441	-9.47733	-9.12387	-8.77042	-8.41696	-8.0635	-7.71004	-7.35658	-7.70882	-8.06106	-8.4133	-8.76554	-9.11779	-9.47003	-8.97679	-8.48355	-7.99031	-7.49707	-7.00383	-6.51059	-6.42444	-6.33828	-6.25213	-6.16597	-6.07982	-5.99366	-6.01314	-6.03262	-6.05209	-6.07157	-6.09104	-6.11052	-6.76701	-7.4235	-8.07999	-8.73649	-9.39298	-10.0495	-10.1279	-10.2063	-10.2848	-10.3632	-10.4417	-10.5201	-10.7251	-10.93	-11.135	-11.34	-11.545	-11.7499	-11.4298	-11.1097	-10.7895	-10.4694	-10.1493	-9.82913	-10.0729	-10.3166	-10.5604	-10.8041	-11.0478	-11.2916	-11.5946	-11.8976	-12.2006	-12.5036	-12.8066	-13.1096	-13.6536	-14.1977	-14.7418	-15.2858	-15.8299	-16.3739	-16.5162	-16.6585	-16.8008	-16.9431	-17.0854	-17.2277	-16.7658	-16.304	-15.8421	-15.3803	-14.9184	-14.4566	-14.7797	-15.1028	-15.4259	-15.7491	-16.0722	-16.3953	-16.6443	-16.8933	-17.1423	-17.3914	-17.6404	-17.8894	-18.0167	-18.1441	-18.2715	-18.3989	-18.5263	-18.6537	-18.7895	-18.9252	-19.061	-19.1968	-19.3326	-19.4684	-19.7621	-20.0559	-20.3496	-20.6433	-20.937	-21.2308	-20.976	-20.7213	-20.4665	-20.2118	-19.957	-19.7023	-19.154	-18.6056	-18.0573	-17.509	-16.9607	-16.4123	-16.1613	-15.9103	-15.6594	-15.4084	-15.1574	-14.9064	-14.9896	-15.0729	-15.1562	-15.2394	-15.3227	-15.4059	-15.0099	-14.6138	-14.2178	-13.8217	-13.4257	-13.0296	-12.4975	-11.9653	-11.4331	-10.9009	-10.3687	-9.83657	-9.10135	-8.36612	-7.63089	-6.89567	-6.16044	-5.42521	-4.92865	-4.43209	-3.93553	-3.43897	-2.94242	-2.44586	-2.04813	-1.6504	-1.25267	-0.854941	-0.457213	-0.0594839	-0.589548	-1.11961	-1.64968	-2.17974	-2.7098	-3.23987	-2.64413	-2.0484	-1.45267	-0.856932	-0.261198	0.334535	0.553984	0.773432	0.99288	1.21233	1.43178	1.65123	1.15423	0.657233	0.160237	-0.336759	-0.833756	-1.33075	-1.17328	-1.01581	-0.858337	-0.700866	-0.543394	-0.385923	-0.175661	0.0346008	0.244863	0.455125	0.665387	0.875648	0.109617	-0.656414	-1.42244	-2.18848	-2.95451	-3.72054	-4.16093	-4.60133	-5.04172	-5.48212	-5.92251	-6.36291	-6.32856	-6.29422	-6.25988	-6.22553	-6.19119	-6.15685	
0	0	0	0	0	0	0.262235	-0.73898	-1.7402	-2.74141	-3.74263	-4.74384	-5.74506	-5.8199	-5.89474	-5.96958	-6.04443	-6.11927	-6.19411	-6.41606	-6.63801	-6.85996	-7.08191	-7.30386	-7.52581	-7.12959	-6.73338	-6.33716	-5.94095	-5.54473	-5.14851	-5.70248	-6.25645	-6.81042	-7.36439	-7.91836	-8.47233	-7.95987	-7.4474	-6.93494	-6.42247	-5.91001	-5.39755	-5.41663	-5.43572	-5.4548	-5.47389	-5.49297	-5.51206	-5.51657	-5.52108	-5.52559	-5.5301	-5.53461	-5.53912	-6.20984	-6.88056	-7.55128	-8.222	-8.89272	-9.56344	-9.85057	-10.1377	-10.4248	-10.7119	-10.9991	-11.2862	-11.3609	-11.4357	-11.5104	-11.5852	-11.6599	-11.7347	-11.5267	-11.3187	-11.1107	-10.9027	-10.6946	-10.4866	-10.7039	-10.9212	-11.1385	-11.3557	-11.573	-11.7903	-12.1405	-12.4907	-12.8409	-13.1911	-13.5413	-13.8916	-14.4487	-15.0059	-15.5631	-16.1203	-16.6775	-17.2347	-17.4108	-17.5869	-17.763	-17.939	-18.1151	-18.2912	-17.7835	-17.2759	-16.7682	-16.2606	-15.7529	-15.2453	-15.3939	-15.5425	-15.6911	-15.8398	-15.9884	-16.137	-16.3564	-16.5757	-16.7951	-17.0145	-17.2338	-17.4532	-17.5795	-17.7059	-17.8322	-17.9585	-18.0849	-18.2112	-18.4904	-18.7697	-19.0489	-19.3281	-19.6073	-19.8865	-20.232	-20.5776	-20.9231	-21.2686	-21.6141	-21.9596	-21.6291	-21.2986	-20.968	-20.6375	-20.307	-19.9765	-19.4556	-18.9347	-18.4139	-17.893	-17.3721	-16.8513	-16.7199	-16.5884	-16.457	-16.3256	-16.1942	-16.0627	-16.1672	-16.2716	-16.376	-16.4805	-16.5849	-16.6893	-16.1746	-15.6599	-15.1452	-14.6305	-14.1158	-13.6012	-13.1101	-12.619	-12.1279	-11.6368	-11.1457	-10.6546	-9.84184	-9.0291	-8.21636	-7.40362	-6.59088	-5.77814	-5.34001	-4.90189	-4.46376	-4.02564	-3.58751	-3.14938	-2.69989	-2.2504	-1.80091	-1.35142	-0.901933	-0.452443	-0.896685	-1.34093	-1.78517	-2.22941	-2.67365	-3.11789	-2.69524	-2.27258	-1.84993	-1.42727	-1.00462	-0.581963	-0.402133	-0.222303	-0.0424726	0.137358	0.317188	0.497018	0.380027	0.263037	0.146046	0.0290552	-0.0879354	-0.204926	0.188529	0.581984	0.97544	1.36889	1.76235	2.15581	1.9029	1.64999	1.39708	1.14418	0.89127	0.638363	-0.0943407	-0.827044	-1.55975	-2.29245	-3.02516	-3.75786	-4.0672	-4.37654	-4.68588	-4.99522	-5.30455	-5.61389	-5.3584	-5.10291	-4.84741	-4.59192	-4.33643	-4.08093	
0	0	0	0	0	0	1.16965	0.0456662	-1.07832	-2.2023	-3.32629	-4.45027	-5.57426	-5.65329	-5.73231	-5.81134	-5.89036	-5.96939	-6.04842	-5.96939	-5.89037	-5.81135	-5.73233	-5.6533	-5.57428	-5.13531	-4.69634	-4.25737	-3.81839	-3.37942	-2.94045	-3.69615	-4.45184	-5.20754	-5.96324	-6.71893	-7.47463	-6.94294	-6.41125	-5.87957	-5.34788	-4.81619	-4.2845	-4.40882	-4.53315	-4.65747	-4.7818	-4.90612	-5.03045	-5.01999	-5.00954	-4.99908	-4.98863	-4.97818	-4.96772	-5.65267	-6.33762	-7.02257	-7.70752	-8.39247	-9.07742	-9.57323	-10.069	-10.5649	-11.0607	-11.5565	-12.0523	-11.9968	-11.9413	-11.8859	-11.8304	-11.7749	-11.7194	-11.6236	-11.5277	-11.4318	-11.3359	-11.24	-11.1441	-11.335	-11.5258	-11.7166	-11.9074	-12.0982	-12.289	-12.6864	-13.0838	-13.4813	-13.8787	-14.2761	-14.6735	-15.2439	-15.8142	-16.3845	-16.9548	-17.5252	-18.0955	-18.3053	-18.5152	-18.7251	-18.935	-19.1448	-19.3547	-18.8012	-18.2478	-17.6943	-17.1409	-16.5874	-16.034	-16.0081	-15.9822	-15.9563	-15.9305	-15.9046	-15.8787	-16.0684	-16.2582	-16.4479	-16.6376	-16.8273	-17.017	-17.1423	-17.2676	-17.3929	-17.5182	-17.6435	-17.7688	-18.1914	-18.6141	-19.0367	-19.4593	-19.882	-20.3046	-20.7019	-21.0992	-21.4966	-21.8939	-22.2912	-22.6885	-22.2822	-21.8759	-21.4696	-21.0633	-20.6569	-20.2506	-19.7572	-19.2638	-18.7704	-18.277	-17.7836	-17.2902	-17.2784	-17.2665	-17.2547	-17.2428	-17.2309	-17.2191	-17.3447	-17.4703	-17.5959	-17.7215	-17.8471	-17.9727	-17.3393	-16.706	-16.0727	-15.4393	-14.806	-14.1727	-13.7227	-13.2726	-12.8226	-12.3726	-11.9226	-11.4726	-10.5823	-9.69208	-8.80183	-7.91158	-7.02132	-6.13107	-5.75138	-5.37168	-4.99199	-4.6123	-4.2326	-3.85291	-3.35166	-2.85041	-2.34916	-1.8479	-1.34665	-0.845402	-1.20382	-1.56224	-1.92066	-2.27908	-2.6375	-2.99592	-2.74635	-2.49677	-2.24719	-1.99762	-1.74804	-1.49846	-1.35825	-1.21804	-1.07783	-0.937614	-0.797402	-0.65719	-0.394175	-0.13116	0.131855	0.39487	0.657885	0.9209	1.55034	2.17978	2.80922	3.43866	4.06809	4.69753	3.98146	3.26538	2.54931	1.83323	1.11715	0.401078	-0.298299	-0.997675	-1.69705	-2.39643	-3.0958	-3.79518	-3.97346	-4.15175	-4.33003	-4.50831	-4.6866	-4.86488	-4.38824	-3.91159	-3.43495	-2.95831	-2.48166	-2.00502	
6.18583	5.50103	4.81624	4.13145	3.44665	2.76186	2.07707	0.830313	-0.416442	-1.6632	-2.90995	-4.1567	-5.40346	-5.48667	-5.56988	-5.65309	-5.7363	-5.81951	-5.90272	-5.52273	-5.14273	-4.76274	-4.38275	-4.00275	-3.62276	-3.14103	-2.6593	-2.17757	-1.69584	-1.21411	-0.732383	-1.68981	-2.64723	-3.60466	-4.56208	-5.51951	-6.47693	-5.92602	-5.37511	-4.82419	-4.27328	-3.72237	-3.17145	-3.40102	-3.63058	-3.86015	-4.08971	-4.31927	-4.54884	-4.52342	-4.498	-4.47258	-4.44716	-4.42174	-4.39633	-5.0955	-5.79468	-6.49386	-7.19303	-7.89221	-8.59139	-9.29589	-10.0004	-10.7049	-11.4094	-12.1139	-12.8184	-12.6327	-12.447	-12.2613	-12.0756	-11.8899	-11.7042	-11.7204	-11.7367	-11.7529	-11.7692	-11.7854	-11.8017	-11.966	-12.1303	-12.2947	-12.459	-12.6234	-12.7877	-13.2323	-13.677	-14.1216	-14.5662	-15.0109	-15.4555	-16.039	-16.6224	-17.2059	-17.7893	-18.3728	-18.9562	-19.1999	-19.4436	-19.6872	-19.9309	-20.1746	-20.4182	-19.819	-19.2197	-18.6204	-18.0212	-17.4219	-16.8227	-16.6223	-16.4219	-16.2216	-16.0212	-15.8208	-15.6204	-15.7805	-15.9406	-16.1006	-16.2607	-16.4207	-16.5808	-16.7051	-16.8293	-16.9536	-17.0779	-17.2021	-17.3264	-17.8924	-18.4585	-19.0245	-19.5906	-20.1566	-20.7227	-21.1718	-21.6209	-22.07	-22.5191	-22.9683	-23.4174	-22.9353	-22.4532	-21.9711	-21.489	-21.0069	-20.5248	-20.0589	-19.5929	-19.127	-18.6611	-18.1951	-17.7292	-17.8369	-17.9446	-18.0523	-18.16	-18.2677	-18.3754	-18.5222	-18.669	-18.8157	-18.9625	-19.1093	-19.256	-18.5041	-17.7521	-17.0001	-16.2481	-15.4962	-14.7442	-14.3353	-13.9263	-13.5174	-13.1085	-12.6995	-12.2906	-11.3228	-10.3551	-9.3873	-8.41953	-7.45176	-6.484	-6.16274	-5.84148	-5.52022	-5.19896	-4.8777	-4.55644	-4.00342	-3.45041	-2.8974	-2.34439	-1.79137	-1.23836	-1.51096	-1.78356	-2.05616	-2.32875	-2.60135	-2.87395	-2.79745	-2.72095	-2.64446	-2.56796	-2.49146	-2.41496	-2.31437	-2.21377	-2.11318	-2.01259	-1.91199	-1.8114	-1.16838	-0.525357	0.117664	0.760685	1.40371	2.04673	2.91215	3.77757	4.64299	5.50842	6.37384	7.23926	6.06002	4.88077	3.70153	2.52228	1.34304	0.163792	-0.502257	-1.16831	-1.83436	-2.5004	-3.16645	-3.8325	-3.87973	-3.92696	-3.97419	-4.02141	-4.06864	-4.11587	-3.41808	-2.72028	-2.02249	-1.32469	-0.6269	0.0708938	
8.22539	7.39927	6.57315	5.74702	4.9209	4.09478	3.26866	2.10769	0.946725	-0.214242	-1.37521	-2.53617	-3.69714	-3.57704	-3.45694	-3.33684	-3.21675	-3.09665	-2.97655	-2.53341	-2.09027	-1.64714	-1.204	-0.76086	-0.317723	0.183732	0.685187	1.18664	1.6881	2.18955	2.69101	1.82136	0.951717	0.0820723	-0.787572	-1.65722	-2.52686	-2.18044	-1.83401	-1.48759	-1.14116	-0.794736	-0.448311	-0.853833	-1.25935	-1.66488	-2.0704	-2.47592	-2.88144	-2.94293	-3.00442	-3.06591	-3.1274	-3.18889	-3.25038	-3.93799	-4.62561	-5.31322	-6.00083	-6.68845	-7.37606	-7.92622	-8.47639	-9.02655	-9.57671	-10.1269	-10.677	-10.5003	-10.3236	-10.1469	-9.97024	-9.79354	-9.61684	-9.61564	-9.61444	-9.61324	-9.61204	-9.61085	-9.60965	-9.78938	-9.96911	-10.1488	-10.3286	-10.5083	-10.688	-11.2512	-11.8143	-12.3774	-12.9405	-13.5036	-14.0667	-14.6827	-15.2987	-15.9148	-16.5308	-17.1468	-17.7628	-18.0874	-18.4121	-18.7367	-19.0613	-19.386	-19.7106	-19.3674	-19.0241	-18.6809	-18.3377	-17.9944	-17.6512	-17.4136	-17.176	-16.9385	-16.7009	-16.4633	-16.2257	-16.362	-16.4983	-16.6346	-16.7709	-16.9072	-17.0435	-17.2136	-17.3838	-17.5539	-17.7241	-17.8942	-18.0643	-18.5405	-19.0167	-19.4929	-19.9691	-20.4453	-20.9215	-21.0417	-21.162	-21.2822	-21.4024	-21.5226	-21.6429	-21.1882	-20.7336	-20.279	-19.8243	-19.3697	-18.9151	-18.5355	-18.156	-17.7765	-17.3969	-17.0174	-16.6379	-16.937	-17.2361	-17.5353	-17.8344	-18.1335	-18.4326	-18.5868	-18.7409	-18.895	-19.0492	-19.2033	-19.3574	-18.7652	-18.1729	-17.5806	-16.9883	-16.3961	-15.8038	-15.2043	-14.6048	-14.0053	-13.4058	-12.8063	-12.2068	-11.2241	-10.2415	-9.25879	-8.27611	-7.29344	-6.31077	-5.91578	-5.52079	-5.12579	-4.7308	-4.33581	-3.94081	-3.39757	-2.85433	-2.31109	-1.76786	-1.22462	-0.681376	-0.899017	-1.11666	-1.3343	-1.55194	-1.76958	-1.98722	-2.027	-2.06678	-2.10657	-2.14635	-2.18613	-2.22591	-2.24959	-2.27327	-2.29695	-2.32063	-2.34432	-2.368	-1.68603	-1.00407	-0.322106	0.359858	1.04182	1.72378	2.37477	3.02575	3.67673	4.32771	4.97869	5.62967	4.45293	3.27619	2.09945	0.922713	-0.254026	-1.43076	-2.16506	-2.89935	-3.63364	-4.36793	-5.10223	-5.83652	-5.94199	-6.04746	-6.15293	-6.2584	-6.36387	-6.46934	-5.81047	-5.1516	-4.49272	-3.83385	-3.17498	-2.51611	
10.265	9.2975	8.33005	7.3626	6.39515	5.4277	4.46025	3.38507	2.30989	1.23471	0.159535	-0.915643	-1.99082	-1.66741	-1.34401	-1.0206	-0.69719	-0.373782	-0.0503738	0.455907	0.962188	1.46847	1.97475	2.48103	2.98731	3.50849	4.02967	4.55085	5.07203	5.59322	6.1144	5.33253	4.55067	3.7688	2.98694	2.20507	1.42321	1.56515	1.70708	1.84902	1.99096	2.13289	2.27483	1.69335	1.11187	0.530394	-0.0510845	-0.632563	-1.21404	-1.36244	-1.51084	-1.65924	-1.80764	-1.95603	-2.10443	-2.78048	-3.45653	-4.13258	-4.80863	-5.48468	-6.16073	-6.55656	-6.95238	-7.34821	-7.74403	-8.13985	-8.53568	-8.36798	-8.20029	-8.03259	-7.86489	-7.6972	-7.5295	-7.51086	-7.49222	-7.47357	-7.45493	-7.43628	-7.41764	-7.61277	-7.80789	-8.00302	-8.19815	-8.39328	-8.5884	-9.26999	-9.95157	-10.6332	-11.3147	-11.9963	-12.6779	-13.3265	-13.9751	-14.6236	-15.2722	-15.9208	-16.5694	-16.975	-17.3806	-17.7862	-18.1918	-18.5973	-19.0029	-18.9157	-18.8286	-18.7414	-18.6542	-18.567	-18.4798	-18.205	-17.9302	-17.6554	-17.3806	-17.1058	-16.831	-16.9435	-17.056	-17.1685	-17.2811	-17.3936	-17.5061	-17.7222	-17.9382	-18.1542	-18.3703	-18.5863	-18.8023	-19.1886	-19.575	-19.9613	-20.3477	-20.734	-21.1203	-20.9117	-20.703	-20.4943	-20.2857	-20.077	-19.8684	-19.4412	-19.014	-18.5868	-18.1597	-17.7325	-17.3053	-17.0122	-16.7191	-16.4259	-16.1328	-15.8397	-15.5466	-16.0371	-16.5277	-17.0182	-17.5088	-17.9993	-18.4898	-18.6513	-18.8128	-18.9743	-19.1358	-19.2973	-19.4588	-19.0263	-18.5937	-18.1611	-17.7285	-17.296	-16.8634	-16.0733	-15.2833	-14.4932	-13.7031	-12.9131	-12.123	-11.1254	-10.1278	-9.13027	-8.1327	-7.13512	-6.13755	-5.66882	-5.2001	-4.73137	-4.26264	-3.79392	-3.32519	-2.79172	-2.25826	-1.72479	-1.19132	-0.657858	-0.124392	-0.287075	-0.449759	-0.612442	-0.775126	-0.937809	-1.10049	-1.25655	-1.41262	-1.56868	-1.72474	-1.8808	-2.03686	-2.18482	-2.33277	-2.48073	-2.62868	-2.77664	-2.92459	-2.20369	-1.48278	-0.761876	-0.0409695	0.679937	1.40084	1.83738	2.27392	2.71046	3.147	3.58354	4.02008	2.84584	1.67161	0.497377	-0.676855	-1.85109	-3.02532	-3.82786	-4.63039	-5.43293	-6.23547	-7.038	-7.84054	-8.00425	-8.16796	-8.33167	-8.49539	-8.6591	-8.82281	-8.20286	-7.58291	-6.96296	-6.34301	-5.72306	-5.10311	
12.3045	11.1957	10.087	8.97818	7.8694	6.76062	5.65184	4.66245	3.67306	2.68367	1.69428	0.704888	-0.284502	0.242215	0.768932	1.29565	1.82237	2.34908	2.8758	3.44522	4.01465	4.58407	5.1535	5.72292	6.29235	6.83325	7.37416	7.91507	8.45597	8.99688	9.53779	8.8437	8.14962	7.45553	6.76145	6.06736	5.37328	5.31073	5.24818	5.18563	5.12307	5.06052	4.99797	4.24054	3.4831	2.72566	1.96823	1.21079	0.453355	0.218049	-0.0172582	-0.252565	-0.487872	-0.723179	-0.958486	-1.62297	-2.28746	-2.95195	-3.61643	-4.28092	-4.94541	-5.18689	-5.42838	-5.66986	-5.91135	-6.15283	-6.39432	-6.23563	-6.07693	-5.91824	-5.75955	-5.60086	-5.44216	-5.40607	-5.36999	-5.3339	-5.29781	-5.26172	-5.22563	-5.43615	-5.64668	-5.8572	-6.06772	-6.27824	-6.48876	-7.28882	-8.08887	-8.88893	-9.68899	-10.489	-11.2891	-11.9702	-12.6514	-13.3325	-14.0136	-14.6948	-15.3759	-15.8625	-16.3491	-16.8356	-17.3222	-17.8087	-18.2953	-18.4641	-18.633	-18.8018	-18.9706	-19.1395	-19.3083	-18.9963	-18.6843	-18.3723	-18.0602	-17.7482	-17.4362	-17.525	-17.6137	-17.7025	-17.7913	-17.88	-17.9688	-18.2307	-18.4926	-18.7545	-19.0164	-19.2784	-19.5403	-19.8367	-20.1332	-20.4297	-20.7262	-21.0227	-21.3191	-20.7816	-20.244	-19.7065	-19.1689	-18.6314	-18.0938	-17.6941	-17.2944	-16.8947	-16.495	-16.0953	-15.6956	-15.4889	-15.2821	-15.0754	-14.8687	-14.662	-14.4553	-15.1372	-15.8192	-16.5012	-17.1831	-17.8651	-18.547	-18.7159	-18.8848	-19.0536	-19.2225	-19.3914	-19.5602	-19.2874	-19.0145	-18.7416	-18.4687	-18.1959	-17.923	-16.9424	-15.9617	-14.9811	-14.0005	-13.0198	-12.0392	-11.0267	-10.0142	-9.00176	-7.98928	-6.9768	-5.96433	-5.42187	-4.87941	-4.33695	-3.79449	-3.25202	-2.70956	-2.18587	-1.66218	-1.13849	-0.614793	-0.0911006	0.432592	0.324866	0.21714	0.109414	0.00168857	-0.106037	-0.213763	-0.486105	-0.758447	-1.03079	-1.30313	-1.57547	-1.84781	-2.12004	-2.39227	-2.6645	-2.93673	-3.20896	-3.48119	-2.72134	-1.9615	-1.20165	-0.441797	0.318053	1.0779	1.3	1.5221	1.74419	1.96629	2.18839	2.41048	1.23876	0.0670294	-1.1047	-2.27642	-3.44815	-4.61988	-5.49066	-6.36144	-7.23222	-8.103	-8.97378	-9.84456	-10.0665	-10.2885	-10.5104	-10.7324	-10.9543	-11.1763	-10.5953	-10.0142	-9.4332	-8.85217	-8.27114	-7.69011	
14.3441	13.094	11.8439	10.5938	9.34364	8.09353	6.84343	5.93982	5.03622	4.13262	3.22902	2.32542	1.42182	2.15184	2.88187	3.6119	4.34192	5.07195	5.80197	6.43454	7.06711	7.69968	8.33224	8.96481	9.59738	10.158	10.7186	11.2793	11.8399	12.4005	12.9612	12.3549	11.7486	11.1423	10.536	9.92965	9.32335	9.05631	8.78927	8.52223	8.25519	7.98815	7.72111	6.78772	5.85433	4.92093	3.98754	3.05415	2.12075	1.79854	1.47632	1.15411	0.831892	0.509676	0.187461	-0.465463	-1.11839	-1.77131	-2.42423	-3.07716	-3.73008	-3.81723	-3.90437	-3.99152	-4.07867	-4.16581	-4.25296	-4.10327	-3.95358	-3.80389	-3.6542	-3.50451	-3.35482	-3.30129	-3.24776	-3.19422	-3.14069	-3.08716	-3.03363	-3.25954	-3.48546	-3.71137	-3.93729	-4.1632	-4.38911	-5.30764	-6.22618	-7.14471	-8.06324	-8.98177	-9.9003	-10.614	-11.3277	-12.0414	-12.7551	-13.4688	-14.1825	-14.75	-15.3175	-15.8851	-16.4526	-17.0201	-17.5877	-18.0125	-18.4374	-18.8623	-19.2871	-19.712	-20.1369	-19.7876	-19.4384	-19.0892	-18.7399	-18.3907	-18.0415	-18.1065	-18.1715	-18.2365	-18.3015	-18.3665	-18.4315	-18.7393	-19.0471	-19.3549	-19.6626	-19.9704	-20.2782	-20.4849	-20.6915	-20.8981	-21.1047	-21.3113	-21.518	-20.6515	-19.7851	-18.9186	-18.0522	-17.1858	-16.3193	-15.9471	-15.5748	-15.2026	-14.8303	-14.4581	-14.0858	-13.9655	-13.8452	-13.7249	-13.6046	-13.4843	-13.364	-14.2374	-15.1107	-15.9841	-16.8575	-17.7309	-18.6042	-18.7805	-18.9567	-19.1329	-19.3092	-19.4854	-19.6616	-19.5485	-19.4353	-19.3221	-19.2089	-19.0958	-18.9826	-17.8114	-16.6402	-15.469	-14.2978	-13.1266	-11.9554	-10.928	-9.90063	-8.87325	-7.84587	-6.81848	-5.7911	-5.17491	-4.55872	-3.94252	-3.32633	-2.71013	-2.09394	-1.58002	-1.0661	-0.552182	-0.0382626	0.475657	0.989577	0.936808	0.88404	0.831271	0.778503	0.725734	0.672966	0.284344	-0.104278	-0.4929	-0.881523	-1.27014	-1.65877	-2.05527	-2.45178	-2.84828	-3.24478	-3.64129	-4.03779	-3.239	-2.44021	-1.64142	-0.842624	-0.0438315	0.754961	0.762615	0.77027	0.777925	0.78558	0.793235	0.80089	-0.368331	-1.53755	-2.70677	-3.87599	-5.04521	-6.21443	-7.15346	-8.09248	-9.0315	-9.97053	-10.9096	-11.8486	-12.1288	-12.409	-12.6892	-12.9694	-13.2496	-13.5298	-12.9876	-12.4455	-11.9034	-11.3613	-10.8192	-10.2771	
16.3836	14.9922	13.6008	12.2093	10.8179	9.42645	8.03502	7.2172	6.39939	5.58158	4.76376	3.94595	3.12814	4.06147	4.99481	5.92814	6.86148	7.79481	8.72815	9.42386	10.1196	10.8153	11.511	12.2067	12.9024	13.4828	14.0631	14.6435	15.2238	15.8042	16.3846	15.866	15.3475	14.829	14.3105	13.7919	13.2734	12.8019	12.3304	11.8588	11.3873	10.9158	10.4443	9.33491	8.22555	7.1162	6.00685	4.8975	3.78815	3.37903	2.9699	2.56078	2.15166	1.74253	1.33341	0.692047	0.0506873	-0.590673	-1.23203	-1.87339	-2.51475	-2.44756	-2.38037	-2.31318	-2.24599	-2.1788	-2.1116	-1.97092	-1.83023	-1.68954	-1.54885	-1.40817	-1.26748	-1.1965	-1.12553	-1.05455	-0.983574	-0.912597	-0.841621	-1.08293	-1.32424	-1.56554	-1.80685	-2.04816	-2.28947	-3.32647	-4.36348	-5.40048	-6.43749	-7.47449	-8.5115	-9.25775	-10.004	-10.7503	-11.4965	-12.2428	-12.989	-13.6375	-14.286	-14.9345	-15.583	-16.2315	-16.88	-17.5609	-18.2418	-18.9227	-19.6036	-20.2845	-20.9654	-20.579	-20.1925	-19.8061	-19.4196	-19.0332	-18.6467	-18.688	-18.7292	-18.7704	-18.8117	-18.8529	-18.8942	-19.2478	-19.6015	-19.9552	-20.3088	-20.6625	-21.0162	-21.133	-21.2497	-21.3665	-21.4832	-21.6	-21.7168	-20.5214	-19.3261	-18.1308	-16.9355	-15.7402	-14.5448	-14.2	-13.8552	-13.5105	-13.1657	-12.8209	-12.4761	-12.4422	-12.4083	-12.3744	-12.3405	-12.3066	-12.2727	-13.3375	-14.4023	-15.4671	-16.5318	-17.5966	-18.6614	-18.845	-19.0286	-19.2122	-19.3958	-19.5794	-19.763	-19.8096	-19.8561	-19.9026	-19.9491	-19.9957	-20.0422	-18.6804	-17.3187	-15.9569	-14.5951	-13.2334	-11.8716	-10.8293	-9.78702	-8.74474	-7.70245	-6.66016	-5.61788	-4.92795	-4.23803	-3.5481	-2.85817	-2.16824	-1.47832	-0.974171	-0.470024	0.0341219	0.538268	1.04241	1.54656	1.54875	1.55094	1.55313	1.55532	1.55751	1.55969	1.05479	0.54989	0.0449881	-0.459914	-0.964816	-1.46972	-1.9905	-2.51128	-3.03205	-3.55283	-4.07361	-4.59439	-3.75666	-2.91892	-2.08119	-1.24345	-0.405716	0.432019	0.225232	0.0184452	-0.188342	-0.395129	-0.601916	-0.808703	-1.97542	-3.14213	-4.30885	-5.47556	-6.64228	-7.80899	-8.81626	-9.82352	-10.8308	-11.8381	-12.8453	-13.8526	-14.191	-14.5295	-14.8679	-15.2063	-15.5448	-15.8832	-15.38	-14.8769	-14.3737	-13.8705	-13.3673	-12.8641	
18.4232	16.8904	15.3577	13.8249	12.2921	10.7594	9.22661	8.49458	7.76256	7.03053	6.29851	5.56648	4.83445	5.9711	7.10774	8.24439	9.38103	10.5177	11.6543	12.4132	13.172	13.9309	14.6897	15.4486	16.2074	16.8075	17.4076	18.0077	18.6078	19.2079	19.808	19.3772	18.9465	18.5157	18.085	17.6542	17.2235	16.5475	15.8715	15.1954	14.5194	13.8434	13.1674	11.8821	10.5968	9.31147	8.02616	6.74086	5.45555	4.95952	4.46348	3.96745	3.47142	2.97539	2.47935	1.84956	1.21976	0.589964	-0.0398327	-0.669629	-1.29943	-1.0779	-0.856366	-0.634836	-0.413306	-0.191776	0.0297539	0.161438	0.293123	0.424807	0.556492	0.688176	0.81986	0.908281	0.996702	1.08512	1.17354	1.26196	1.35039	1.09368	0.836982	0.580281	0.323579	0.0668776	-0.189824	-1.3453	-2.50078	-3.65626	-4.81174	-5.96722	-7.12269	-7.90151	-8.68033	-9.45915	-10.238	-11.0168	-11.7956	-12.5251	-13.2545	-13.984	-14.7135	-15.4429	-16.1724	-17.1093	-18.0463	-18.9832	-19.9201	-20.857	-21.794	-21.3703	-20.9466	-20.523	-20.0993	-19.6756	-19.252	-19.2695	-19.2869	-19.3044	-19.3219	-19.3393	-19.3568	-19.7564	-20.1559	-20.5555	-20.955	-21.3546	-21.7542	-21.7811	-21.808	-21.8349	-21.8618	-21.8887	-21.9156	-20.3914	-18.8672	-17.3429	-15.8187	-14.2945	-12.7703	-12.453	-12.1357	-11.8183	-11.501	-11.1837	-10.8663	-10.9188	-10.9713	-11.0239	-11.0764	-11.1289	-11.1814	-12.4376	-13.6938	-14.95	-16.2062	-17.4624	-18.7186	-18.9096	-19.1006	-19.2915	-19.4825	-19.6735	-19.8644	-20.0707	-20.2769	-20.4831	-20.6894	-20.8956	-21.1018	-19.5495	-17.9971	-16.4448	-14.8925	-13.3401	-11.7878	-10.7306	-9.67341	-8.61622	-7.55903	-6.50184	-5.44466	-4.681	-3.91733	-3.15367	-2.39001	-1.62635	-0.862693	-0.36832	0.126053	0.620426	1.1148	1.60917	2.10355	2.16069	2.21784	2.27498	2.33213	2.38928	2.44642	1.82524	1.20406	0.582877	-0.0383056	-0.659488	-1.28067	-1.92572	-2.57078	-3.21583	-3.86088	-4.50594	-5.15099	-4.27431	-3.39763	-2.52096	-1.64428	-0.7676	0.109078	-0.312151	-0.73338	-1.15461	-1.57584	-1.99707	-2.4183	-3.5825	-4.74671	-5.91092	-7.07513	-8.23934	-9.40355	-10.4791	-11.5546	-12.6301	-13.7056	-14.7811	-15.8566	-16.2533	-16.65	-17.0467	-17.4433	-17.84	-18.2367	-17.7724	-17.3082	-16.8439	-16.3796	-15.9154	-15.4511	
