0	210.0	294.0		e4:55:a8:27:78:a8	-80
0	210.0	294.0	ShinsegaeDF	00:42:68:84:05:be	-62
0	210.0	294.0		00:42:68:84:05:bf	-62
0	210.0	294.0	iptime	88:36:6c:88:30:98	-61
0	210.0	294.0	ShinsegaeDF	00:c1:64:96:de:2e	-76
0	210.0	294.0	HP-Print-09-Officejet Pro 6830	50:65:f3:e4:78:09	-63
0	210.0	294.0		00:c1:64:96:de:2f	-77
0	210.0	294.0	SaintLaurent	00:35:1a:4e:16:01	-77
0	210.0	294.0	CLEANAIR_DF	00:42:68:84:05:bc	-62
0	210.0	294.0		00:42:68:84:05:bd	-62
0	210.0	294.0		70:70:8b:83:d1:bf	-76
0	210.0	294.0		70:70:8b:83:d1:be	-78
0	210.0	294.0		70:70:8b:83:d1:bd	-77
0	210.0	294.0	CLEANAIR_DF	00:c1:64:96:de:2c	-74
0	210.0	294.0	Redwood	70:b3:17:90:a0:62	-85
0	210.0	294.0	SpecialK	70:b3:17:90:a0:63	-86
0	210.0	294.0	CLEANAIR_DF	00:78:88:4e:f4:13	-78
0	210.0	294.0		00:c8:8b:ff:82:cf	-68
0	210.0	294.0		00:c8:8b:ff:82:cd	-68
0	210.0	294.0	ShinsegaeDF	00:c8:8b:ff:82:ce	-68
0	210.0	294.0	피플카운팅(전용5G)	88:36:6c:55:de:40	-76
0	210.0	294.0	CLEANAIR_DF	00:c8:8b:ff:82:cc	-68
0	210.0	294.0	BottegaVeneta	70:b3:17:90:a0:61	-85
0	210.0	294.0		00:42:68:84:05:b0	-59
0	210.0	294.0	ShinsegaeDF	00:42:68:84:05:b1	-58
0	210.0	294.0	CLEANAIR_DF	00:42:68:84:05:b3	-57
0	210.0	294.0	RessS33015!!RFd1	e2:55:2d:c0:d6:04	-78
0	210.0	294.0		b6:15:54:ab:10:0a	-82
0	210.0	294.0		00:c1:64:96:dd:b2	-64
0	210.0	294.0		70:70:8b:bc:43:8f	-70
0	210.0	294.0	Redwood	e0:d1:73:e9:f9:e3	-89
0	210.0	294.0	F&B_WAITTING	a8:5b:f7:26:19:03	-87
0	210.0	294.0	Shinsegae_free_wifi	a8:5b:f7:26:19:01	-88
0	210.0	294.0	CLEANAIR_DF	00:c1:64:96:dd:b3	-63
0	210.0	294.0		70:70:8b:d9:37:bf	-79
0	210.0	294.0		00:42:68:92:ee:10	-80
0	210.0	294.0	Redwood	e0:d1:73:e9:f9:ec	-83
0	210.0	294.0		70:70:8b:d9:37:bd	-80
0	210.0	294.0	DIRECT-e1-HP M283 LaserJet	5e:fb:3a:94:dc:e1	-73
0	210.0	294.0	DEPTWIFI	a8:5b:f7:26:19:05	-88
0	210.0	294.0		70:70:8b:bc:47:6f	-88
0	210.0	294.0		70:70:8b:bc:47:6d	-89
0	210.0	294.0		70:70:8b:bc:47:6e	-91
0	210.0	294.0		00:c8:8b:ff:82:c2	-62
0	210.0	294.0		00:c8:8b:ff:82:c0	-62
0	210.0	294.0	ShinsegaeDF	00:c8:8b:ff:82:c1	-63
0	210.0	294.0	Redwood	70:b3:17:90:a0:6d	-88
0	210.0	294.0	BottegaVeneta	70:b3:17:90:a0:6e	-89
0	210.0	294.0	SpecialK	70:b3:17:90:a0:6c	-89
0	210.0	294.0	1ST	a0:23:9f:c0:a6:8e	-77
0	210.0	294.0	RCCWIFI	a0:23:9f:c0:a6:8f	-78
0	210.0	294.0	Redwood	70:b3:17:90:a2:0d	-92
0	210.0	294.0	SpecialK	70:b3:17:90:a2:0c	-91
0	210.0	294.0		00:78:88:07:1b:2d	-84
0	210.0	294.0	CLEANAIR_DF	00:78:88:07:1b:2c	-83
0	210.0	294.0		00:78:88:07:1b:2f	-83
0	210.0	294.0		00:42:68:92:ee:12	-77
0	210.0	294.0	CLEANAIR_DF	00:42:68:92:ee:13	-78
0	210.0	294.0	bvoip	86:15:54:ab:10:0a	-83
0	210.0	294.0		70:70:8b:bc:43:7d	-69
0	210.0	294.0		00:c1:64:96:dd:bf	-65
0	210.0	294.0	ShinsegaeDF	00:c1:64:96:dd:be	-65
0	210.0	294.0		00:c1:64:96:dd:bd	-65
0	210.0	294.0	CLEANAIR_DF	00:c1:64:96:dd:bc	-67
0	210.0	294.0		e0:55:3d:c0:d6:04	-69
0	210.0	294.0	RessS33015!!RFv1	e6:55:2d:c0:d6:04	-78
0	210.0	294.0	TiffanyandCo	ea:55:2d:c0:d6:04	-77
0	210.0	294.0	bstaff	8a:15:54:ab:10:0a	-81
0	210.0	294.0	Bryce	e0:d1:73:e9:f9:ed	-81
0	210.0	294.0	Gucci	e0:d1:73:e9:f9:ee	-82
0	210.0	294.0	RessS33015!!RFd1	e2:55:2d:c0:ed:66	-78
0	210.0	294.0	1ST	a0:23:9f:c0:a6:81	-70
0	210.0	294.0	TiffanyandCo	ea:55:2d:c0:ed:66	-78
0	210.0	294.0		70:70:8b:bc:43:8d	-69
0	210.0	294.0		70:70:8b:bc:43:8e	-69
0	210.0	294.0	Bryce	1c:de:a7:ee:48:32	-78
0	210.0	294.0	Redwood	1c:de:a7:ee:48:33	-81
0	210.0	294.0		70:70:8b:bc:43:7e	-69
0	210.0	294.0		70:70:8b:bc:43:7f	-69
0	210.0	294.0	ShinsegaeDF	00:78:88:4e:f4:1e	-85
0	210.0	294.0	mpd	a0:e0:af:d6:37:f8	-87
0	210.0	294.0	Store_YC	00:35:1a:4e:16:0c	-88
0	210.0	294.0	CLEANAIR_DF	00:78:88:4e:f4:1c	-85
0	210.0	294.0		00:78:88:4e:f4:1d	-87
0	210.0	294.0		da:55:a8:27:78:a8	-84
0	210.0	294.0	SaintLaurent	00:35:1a:4e:16:0e	-87
0	210.0	294.0	olleh_WiFi_43B9_5GHz	08:5d:dd:d0:43:bc	-81
0	210.0	294.0	ZZ-Korea-XG_2.4G	14:cc:20:ef:99:c2	-76
0	210.0	294.0	ZZ-Korea-XG_5G	14:cc:20:ef:99:c1	-88
0	210.0	294.0	Linksys05005	c0:56:27:06:34:f2	-58
0	210.0	294.0	Linksys05005_5GHz	c0:56:27:06:34:f3	-62
0	210.0	294.0	1ST	a0:23:9f:b7:34:4e	-66
0	210.0	294.0	olleh_WiFi_43B9	08:5d:dd:d0:43:bd	-74
0	210.0	294.0	RCCWIFI	a0:23:9f:b7:34:4f	-66
0	210.0	294.0	RessS33015!!RFv1	e6:55:2d:c0:ed:66	-78
0	210.0	294.0		de:55:3d:c0:d6:04	-69
0	210.0	294.0	bmobile	8e:15:54:ab:10:0a	-83
0	210.0	294.0	SA-Print-46-SL-J1760FW	b0:5a:da:a3:96:46	-66
0	210.0	294.0	iptime5G	88:36:6c:88:30:9a	-63
0	210.0	294.0		00:c1:64:96:de:20	-82
0	210.0	294.0		ea:55:3d:c0:d6:04	-69
0	210.0	294.0	Fendi	00:26:66:7f:9e:e6	-63
0	210.0	294.0	ShinsegaeDF	00:c1:64:b3:3e:ce	-85
0	210.0	294.0		00:c1:64:b3:3e:cd	-84
0	210.0	294.0	CLEANAIR_DF	00:c1:64:b3:3e:cc	-84
0	210.0	294.0		00:c1:64:b3:3e:cf	-85
0	210.0	294.0		70:70:8b:bc:43:70	-90
1	210.0	294.0		e4:55:a8:27:78:a8	-80
1	210.0	294.0	ShinsegaeDF	00:42:68:84:05:be	-62
1	210.0	294.0		00:42:68:84:05:bf	-62
1	210.0	294.0	iptime	88:36:6c:88:30:98	-61
1	210.0	294.0	ShinsegaeDF	00:c1:64:96:de:2e	-76
1	210.0	294.0	HP-Print-09-Officejet Pro 6830	50:65:f3:e4:78:09	-63
1	210.0	294.0		00:c1:64:96:de:2f	-77
1	210.0	294.0	SaintLaurent	00:35:1a:4e:16:01	-77
1	210.0	294.0	CLEANAIR_DF	00:42:68:84:05:bc	-62
1	210.0	294.0		00:42:68:84:05:bd	-62
1	210.0	294.0		70:70:8b:83:d1:bf	-76
1	210.0	294.0		70:70:8b:83:d1:be	-78
1	210.0	294.0		70:70:8b:83:d1:bd	-77
1	210.0	294.0	CLEANAIR_DF	00:c1:64:96:de:2c	-74
1	210.0	294.0	Redwood	70:b3:17:90:a0:62	-85
1	210.0	294.0	SpecialK	70:b3:17:90:a0:63	-86
1	210.0	294.0	CLEANAIR_DF	00:78:88:4e:f4:13	-78
1	210.0	294.0		00:c8:8b:ff:82:cf	-68
1	210.0	294.0		00:c8:8b:ff:82:cd	-68
1	210.0	294.0	ShinsegaeDF	00:c8:8b:ff:82:ce	-68
1	210.0	294.0	피플카운팅(전용5G)	88:36:6c:55:de:40	-76
1	210.0	294.0	CLEANAIR_DF	00:c8:8b:ff:82:cc	-68
1	210.0	294.0	BottegaVeneta	70:b3:17:90:a0:61	-85
1	210.0	294.0		00:42:68:84:05:b0	-59
1	210.0	294.0	ShinsegaeDF	00:42:68:84:05:b1	-58
1	210.0	294.0	CLEANAIR_DF	00:42:68:84:05:b3	-57
1	210.0	294.0	RessS33015!!RFd1	e2:55:2d:c0:d6:04	-78
1	210.0	294.0		b6:15:54:ab:10:0a	-82
1	210.0	294.0		00:c1:64:96:dd:b2	-64
1	210.0	294.0		70:70:8b:bc:43:8f	-70
1	210.0	294.0	Redwood	e0:d1:73:e9:f9:e3	-89
1	210.0	294.0	F&B_WAITTING	a8:5b:f7:26:19:03	-87
1	210.0	294.0	Shinsegae_free_wifi	a8:5b:f7:26:19:01	-88
1	210.0	294.0	CLEANAIR_DF	00:c1:64:96:dd:b3	-63
1	210.0	294.0		70:70:8b:d9:37:bf	-79
1	210.0	294.0		00:42:68:92:ee:10	-80
1	210.0	294.0	Redwood	e0:d1:73:e9:f9:ec	-83
1	210.0	294.0		70:70:8b:d9:37:bd	-80
1	210.0	294.0	DIRECT-e1-HP M283 LaserJet	5e:fb:3a:94:dc:e1	-73
1	210.0	294.0	DEPTWIFI	a8:5b:f7:26:19:05	-88
1	210.0	294.0		70:70:8b:bc:47:6f	-88
1	210.0	294.0		70:70:8b:bc:47:6d	-89
1	210.0	294.0		70:70:8b:bc:47:6e	-91
1	210.0	294.0		00:c8:8b:ff:82:c2	-62
1	210.0	294.0		00:c8:8b:ff:82:c0	-62
1	210.0	294.0	ShinsegaeDF	00:c8:8b:ff:82:c1	-63
1	210.0	294.0	Redwood	70:b3:17:90:a0:6d	-88
1	210.0	294.0	BottegaVeneta	70:b3:17:90:a0:6e	-89
1	210.0	294.0	SpecialK	70:b3:17:90:a0:6c	-89
1	210.0	294.0	1ST	a0:23:9f:c0:a6:8e	-77
1	210.0	294.0	RCCWIFI	a0:23:9f:c0:a6:8f	-78
1	210.0	294.0	Redwood	70:b3:17:90:a2:0d	-92
1	210.0	294.0	SpecialK	70:b3:17:90:a2:0c	-91
1	210.0	294.0		00:78:88:07:1b:2d	-84
1	210.0	294.0	CLEANAIR_DF	00:78:88:07:1b:2c	-83
1	210.0	294.0		00:78:88:07:1b:2f	-83
1	210.0	294.0		00:42:68:92:ee:12	-77
1	210.0	294.0	CLEANAIR_DF	00:42:68:92:ee:13	-78
1	210.0	294.0	bvoip	86:15:54:ab:10:0a	-83
1	210.0	294.0		70:70:8b:bc:43:7d	-69
1	210.0	294.0		00:c1:64:96:dd:bf	-65
1	210.0	294.0	ShinsegaeDF	00:c1:64:96:dd:be	-65
1	210.0	294.0		00:c1:64:96:dd:bd	-65
1	210.0	294.0	CLEANAIR_DF	00:c1:64:96:dd:bc	-67
1	210.0	294.0		e0:55:3d:c0:d6:04	-69
1	210.0	294.0	RessS33015!!RFv1	e6:55:2d:c0:d6:04	-78
1	210.0	294.0	TiffanyandCo	ea:55:2d:c0:d6:04	-77
1	210.0	294.0	bstaff	8a:15:54:ab:10:0a	-81
1	210.0	294.0	Bryce	e0:d1:73:e9:f9:ed	-81
1	210.0	294.0	Gucci	e0:d1:73:e9:f9:ee	-82
1	210.0	294.0	RessS33015!!RFd1	e2:55:2d:c0:ed:66	-78
1	210.0	294.0	1ST	a0:23:9f:c0:a6:81	-70
1	210.0	294.0	TiffanyandCo	ea:55:2d:c0:ed:66	-78
1	210.0	294.0		70:70:8b:bc:43:8d	-69
1	210.0	294.0		70:70:8b:bc:43:8e	-69
1	210.0	294.0	Bryce	1c:de:a7:ee:48:32	-78
1	210.0	294.0	Redwood	1c:de:a7:ee:48:33	-81
1	210.0	294.0		70:70:8b:bc:43:7e	-69
1	210.0	294.0		70:70:8b:bc:43:7f	-69
1	210.0	294.0	ShinsegaeDF	00:78:88:4e:f4:1e	-85
1	210.0	294.0	mpd	a0:e0:af:d6:37:f8	-87
1	210.0	294.0	Store_YC	00:35:1a:4e:16:0c	-88
1	210.0	294.0	CLEANAIR_DF	00:78:88:4e:f4:1c	-85
1	210.0	294.0		00:78:88:4e:f4:1d	-87
1	210.0	294.0		da:55:a8:27:78:a8	-84
1	210.0	294.0	SaintLaurent	00:35:1a:4e:16:0e	-87
1	210.0	294.0	olleh_WiFi_43B9_5GHz	08:5d:dd:d0:43:bc	-81
1	210.0	294.0	ZZ-Korea-XG_2.4G	14:cc:20:ef:99:c2	-76
1	210.0	294.0	ZZ-Korea-XG_5G	14:cc:20:ef:99:c1	-88
1	210.0	294.0	Linksys05005	c0:56:27:06:34:f2	-58
1	210.0	294.0	Linksys05005_5GHz	c0:56:27:06:34:f3	-62
1	210.0	294.0	1ST	a0:23:9f:b7:34:4e	-66
1	210.0	294.0	olleh_WiFi_43B9	08:5d:dd:d0:43:bd	-74
1	210.0	294.0	RCCWIFI	a0:23:9f:b7:34:4f	-66
1	210.0	294.0	RessS33015!!RFv1	e6:55:2d:c0:ed:66	-78
1	210.0	294.0		de:55:3d:c0:d6:04	-69
1	210.0	294.0	bmobile	8e:15:54:ab:10:0a	-83
1	210.0	294.0	SA-Print-46-SL-J1760FW	b0:5a:da:a3:96:46	-66
1	210.0	294.0	iptime5G	88:36:6c:88:30:9a	-63
1	210.0	294.0		00:c1:64:96:de:20	-82
1	210.0	294.0		ea:55:3d:c0:d6:04	-69
1	210.0	294.0	Fendi	00:26:66:7f:9e:e6	-63
1	210.0	294.0	ShinsegaeDF	00:c1:64:b3:3e:ce	-85
1	210.0	294.0		00:c1:64:b3:3e:cd	-84
1	210.0	294.0	CLEANAIR_DF	00:c1:64:b3:3e:cc	-84
1	210.0	294.0		00:c1:64:b3:3e:cf	-85
1	210.0	294.0		70:70:8b:bc:43:70	-90
0	210.0	288.0		e4:55:a8:27:78:a8	-80
0	210.0	288.0	ShinsegaeDF	00:42:68:84:05:be	-62
0	210.0	288.0		00:42:68:84:05:bf	-62
0	210.0	288.0	iptime	88:36:6c:88:30:98	-61
0	210.0	288.0	ShinsegaeDF	00:c1:64:96:de:2e	-76
0	210.0	288.0	HP-Print-09-Officejet Pro 6830	50:65:f3:e4:78:09	-63
0	210.0	288.0		00:c1:64:96:de:2f	-77
0	210.0	288.0	SaintLaurent	00:35:1a:4e:16:01	-77
0	210.0	288.0	CLEANAIR_DF	00:42:68:84:05:bc	-62
0	210.0	288.0		00:42:68:84:05:bd	-62
0	210.0	288.0		70:70:8b:83:d1:bf	-76
0	210.0	288.0		70:70:8b:83:d1:be	-78
0	210.0	288.0		70:70:8b:83:d1:bd	-77
0	210.0	288.0	CLEANAIR_DF	00:c1:64:96:de:2c	-74
0	210.0	288.0	Redwood	70:b3:17:90:a0:62	-85
0	210.0	288.0	SpecialK	70:b3:17:90:a0:63	-86
0	210.0	288.0	CLEANAIR_DF	00:78:88:4e:f4:13	-78
0	210.0	288.0		00:c8:8b:ff:82:cf	-68
0	210.0	288.0		00:c8:8b:ff:82:cd	-68
0	210.0	288.0	ShinsegaeDF	00:c8:8b:ff:82:ce	-68
0	210.0	288.0	피플카운팅(전용5G)	88:36:6c:55:de:40	-76
0	210.0	288.0	CLEANAIR_DF	00:c8:8b:ff:82:cc	-68
0	210.0	288.0	BottegaVeneta	70:b3:17:90:a0:61	-85
0	210.0	288.0		00:42:68:84:05:b0	-59
0	210.0	288.0	ShinsegaeDF	00:42:68:84:05:b1	-58
0	210.0	288.0	CLEANAIR_DF	00:42:68:84:05:b3	-57
0	210.0	288.0	RessS33015!!RFd1	e2:55:2d:c0:d6:04	-78
0	210.0	288.0		b6:15:54:ab:10:0a	-82
0	210.0	288.0		00:c1:64:96:dd:b2	-64
0	210.0	288.0		70:70:8b:bc:43:8f	-70
0	210.0	288.0	Redwood	e0:d1:73:e9:f9:e3	-89
0	210.0	288.0	F&B_WAITTING	a8:5b:f7:26:19:03	-87
0	210.0	288.0	Shinsegae_free_wifi	a8:5b:f7:26:19:01	-88
0	210.0	288.0	CLEANAIR_DF	00:c1:64:96:dd:b3	-63
0	210.0	288.0		70:70:8b:d9:37:bf	-79
0	210.0	288.0		00:42:68:92:ee:10	-80
0	210.0	288.0	Redwood	e0:d1:73:e9:f9:ec	-83
0	210.0	288.0		70:70:8b:d9:37:bd	-80
0	210.0	288.0	DIRECT-e1-HP M283 LaserJet	5e:fb:3a:94:dc:e1	-73
0	210.0	288.0	DEPTWIFI	a8:5b:f7:26:19:05	-88
0	210.0	288.0		70:70:8b:bc:47:6f	-88
0	210.0	288.0		70:70:8b:bc:47:6d	-89
0	210.0	288.0		70:70:8b:bc:47:6e	-91
0	210.0	288.0		00:c8:8b:ff:82:c2	-62
0	210.0	288.0		00:c8:8b:ff:82:c0	-62
0	210.0	288.0	ShinsegaeDF	00:c8:8b:ff:82:c1	-63
0	210.0	288.0	Redwood	70:b3:17:90:a0:6d	-88
0	210.0	288.0	BottegaVeneta	70:b3:17:90:a0:6e	-89
0	210.0	288.0	SpecialK	70:b3:17:90:a0:6c	-89
0	210.0	288.0	1ST	a0:23:9f:c0:a6:8e	-77
0	210.0	288.0	RCCWIFI	a0:23:9f:c0:a6:8f	-78
0	210.0	288.0	Redwood	70:b3:17:90:a2:0d	-92
0	210.0	288.0	SpecialK	70:b3:17:90:a2:0c	-91
0	210.0	288.0		00:78:88:07:1b:2d	-84
0	210.0	288.0	CLEANAIR_DF	00:78:88:07:1b:2c	-83
0	210.0	288.0		00:78:88:07:1b:2f	-83
0	210.0	288.0		00:42:68:92:ee:12	-77
0	210.0	288.0	CLEANAIR_DF	00:42:68:92:ee:13	-78
0	210.0	288.0	bvoip	86:15:54:ab:10:0a	-83
0	210.0	288.0		70:70:8b:bc:43:7d	-69
0	210.0	288.0		00:c1:64:96:dd:bf	-65
0	210.0	288.0	ShinsegaeDF	00:c1:64:96:dd:be	-65
0	210.0	288.0		00:c1:64:96:dd:bd	-65
0	210.0	288.0	CLEANAIR_DF	00:c1:64:96:dd:bc	-67
0	210.0	288.0		e0:55:3d:c0:d6:04	-69
0	210.0	288.0	RessS33015!!RFv1	e6:55:2d:c0:d6:04	-78
0	210.0	288.0	TiffanyandCo	ea:55:2d:c0:d6:04	-77
0	210.0	288.0	bstaff	8a:15:54:ab:10:0a	-81
0	210.0	288.0	Bryce	e0:d1:73:e9:f9:ed	-81
0	210.0	288.0	Gucci	e0:d1:73:e9:f9:ee	-82
0	210.0	288.0	RessS33015!!RFd1	e2:55:2d:c0:ed:66	-78
0	210.0	288.0	1ST	a0:23:9f:c0:a6:81	-70
0	210.0	288.0	TiffanyandCo	ea:55:2d:c0:ed:66	-78
0	210.0	288.0		70:70:8b:bc:43:8d	-69
0	210.0	288.0		70:70:8b:bc:43:8e	-69
0	210.0	288.0	Bryce	1c:de:a7:ee:48:32	-78
0	210.0	288.0	Redwood	1c:de:a7:ee:48:33	-81
0	210.0	288.0		70:70:8b:bc:43:7e	-69
0	210.0	288.0		70:70:8b:bc:43:7f	-69
0	210.0	288.0	ShinsegaeDF	00:78:88:4e:f4:1e	-85
0	210.0	288.0	mpd	a0:e0:af:d6:37:f8	-87
0	210.0	288.0	Store_YC	00:35:1a:4e:16:0c	-88
0	210.0	288.0	CLEANAIR_DF	00:78:88:4e:f4:1c	-85
0	210.0	288.0		00:78:88:4e:f4:1d	-87
0	210.0	288.0		da:55:a8:27:78:a8	-84
0	210.0	288.0	SaintLaurent	00:35:1a:4e:16:0e	-87
0	210.0	288.0	olleh_WiFi_43B9_5GHz	08:5d:dd:d0:43:bc	-81
0	210.0	288.0	ZZ-Korea-XG_2.4G	14:cc:20:ef:99:c2	-76
0	210.0	288.0	ZZ-Korea-XG_5G	14:cc:20:ef:99:c1	-88
0	210.0	288.0	Linksys05005	c0:56:27:06:34:f2	-58
0	210.0	288.0	Linksys05005_5GHz	c0:56:27:06:34:f3	-62
0	210.0	288.0	1ST	a0:23:9f:b7:34:4e	-66
0	210.0	288.0	olleh_WiFi_43B9	08:5d:dd:d0:43:bd	-74
0	210.0	288.0	RCCWIFI	a0:23:9f:b7:34:4f	-66
0	210.0	288.0	RessS33015!!RFv1	e6:55:2d:c0:ed:66	-78
0	210.0	288.0		de:55:3d:c0:d6:04	-69
0	210.0	288.0	bmobile	8e:15:54:ab:10:0a	-83
0	210.0	288.0	SA-Print-46-SL-J1760FW	b0:5a:da:a3:96:46	-66
0	210.0	288.0	iptime5G	88:36:6c:88:30:9a	-63
0	210.0	288.0		00:c1:64:96:de:20	-82
0	210.0	288.0		ea:55:3d:c0:d6:04	-69
0	210.0	288.0	Fendi	00:26:66:7f:9e:e6	-63
0	210.0	288.0	ShinsegaeDF	00:c1:64:b3:3e:ce	-85
0	210.0	288.0		00:c1:64:b3:3e:cd	-84
0	210.0	288.0	CLEANAIR_DF	00:c1:64:b3:3e:cc	-84
0	210.0	288.0		00:c1:64:b3:3e:cf	-85
0	210.0	288.0		70:70:8b:bc:43:70	-90
1	210.0	288.0		e4:55:a8:27:78:a8	-80
1	210.0	288.0	ShinsegaeDF	00:42:68:84:05:be	-62
1	210.0	288.0		00:42:68:84:05:bf	-62
1	210.0	288.0	iptime	88:36:6c:88:30:98	-61
1	210.0	288.0	ShinsegaeDF	00:c1:64:96:de:2e	-76
1	210.0	288.0	HP-Print-09-Officejet Pro 6830	50:65:f3:e4:78:09	-63
1	210.0	288.0		00:c1:64:96:de:2f	-77
1	210.0	288.0	SaintLaurent	00:35:1a:4e:16:01	-77
1	210.0	288.0	CLEANAIR_DF	00:42:68:84:05:bc	-62
1	210.0	288.0		00:42:68:84:05:bd	-62
1	210.0	288.0		70:70:8b:83:d1:bf	-76
1	210.0	288.0		70:70:8b:83:d1:be	-78
1	210.0	288.0		70:70:8b:83:d1:bd	-77
1	210.0	288.0	CLEANAIR_DF	00:c1:64:96:de:2c	-74
1	210.0	288.0	Redwood	70:b3:17:90:a0:62	-85
1	210.0	288.0	SpecialK	70:b3:17:90:a0:63	-86
1	210.0	288.0	CLEANAIR_DF	00:78:88:4e:f4:13	-78
1	210.0	288.0		00:c8:8b:ff:82:cf	-68
1	210.0	288.0		00:c8:8b:ff:82:cd	-68
1	210.0	288.0	ShinsegaeDF	00:c8:8b:ff:82:ce	-68
1	210.0	288.0	피플카운팅(전용5G)	88:36:6c:55:de:40	-76
1	210.0	288.0	CLEANAIR_DF	00:c8:8b:ff:82:cc	-68
1	210.0	288.0	BottegaVeneta	70:b3:17:90:a0:61	-85
1	210.0	288.0		00:42:68:84:05:b0	-59
1	210.0	288.0	ShinsegaeDF	00:42:68:84:05:b1	-58
1	210.0	288.0	CLEANAIR_DF	00:42:68:84:05:b3	-57
1	210.0	288.0	RessS33015!!RFd1	e2:55:2d:c0:d6:04	-78
1	210.0	288.0		b6:15:54:ab:10:0a	-82
1	210.0	288.0		00:c1:64:96:dd:b2	-64
1	210.0	288.0		70:70:8b:bc:43:8f	-70
1	210.0	288.0	Redwood	e0:d1:73:e9:f9:e3	-89
1	210.0	288.0	F&B_WAITTING	a8:5b:f7:26:19:03	-87
1	210.0	288.0	Shinsegae_free_wifi	a8:5b:f7:26:19:01	-88
1	210.0	288.0	CLEANAIR_DF	00:c1:64:96:dd:b3	-63
1	210.0	288.0		70:70:8b:d9:37:bf	-79
1	210.0	288.0		00:42:68:92:ee:10	-80
1	210.0	288.0	Redwood	e0:d1:73:e9:f9:ec	-83
1	210.0	288.0		70:70:8b:d9:37:bd	-80
1	210.0	288.0	DIRECT-e1-HP M283 LaserJet	5e:fb:3a:94:dc:e1	-73
1	210.0	288.0	DEPTWIFI	a8:5b:f7:26:19:05	-88
1	210.0	288.0		70:70:8b:bc:47:6f	-88
1	210.0	288.0		70:70:8b:bc:47:6d	-89
1	210.0	288.0		70:70:8b:bc:47:6e	-91
1	210.0	288.0		00:c8:8b:ff:82:c2	-62
1	210.0	288.0		00:c8:8b:ff:82:c0	-62
1	210.0	288.0	ShinsegaeDF	00:c8:8b:ff:82:c1	-63
1	210.0	288.0	Redwood	70:b3:17:90:a0:6d	-88
1	210.0	288.0	BottegaVeneta	70:b3:17:90:a0:6e	-89
1	210.0	288.0	SpecialK	70:b3:17:90:a0:6c	-89
1	210.0	288.0	1ST	a0:23:9f:c0:a6:8e	-77
1	210.0	288.0	RCCWIFI	a0:23:9f:c0:a6:8f	-78
1	210.0	288.0	Redwood	70:b3:17:90:a2:0d	-92
1	210.0	288.0	SpecialK	70:b3:17:90:a2:0c	-91
1	210.0	288.0		00:78:88:07:1b:2d	-84
1	210.0	288.0	CLEANAIR_DF	00:78:88:07:1b:2c	-83
1	210.0	288.0		00:78:88:07:1b:2f	-83
1	210.0	288.0		00:42:68:92:ee:12	-77
1	210.0	288.0	CLEANAIR_DF	00:42:68:92:ee:13	-78
1	210.0	288.0	bvoip	86:15:54:ab:10:0a	-83
1	210.0	288.0		70:70:8b:bc:43:7d	-69
1	210.0	288.0		00:c1:64:96:dd:bf	-65
1	210.0	288.0	ShinsegaeDF	00:c1:64:96:dd:be	-65
1	210.0	288.0		00:c1:64:96:dd:bd	-65
1	210.0	288.0	CLEANAIR_DF	00:c1:64:96:dd:bc	-67
1	210.0	288.0		e0:55:3d:c0:d6:04	-69
1	210.0	288.0	RessS33015!!RFv1	e6:55:2d:c0:d6:04	-78
1	210.0	288.0	TiffanyandCo	ea:55:2d:c0:d6:04	-77
1	210.0	288.0	bstaff	8a:15:54:ab:10:0a	-81
1	210.0	288.0	Bryce	e0:d1:73:e9:f9:ed	-81
1	210.0	288.0	Gucci	e0:d1:73:e9:f9:ee	-82
1	210.0	288.0	RessS33015!!RFd1	e2:55:2d:c0:ed:66	-78
1	210.0	288.0	1ST	a0:23:9f:c0:a6:81	-70
1	210.0	288.0	TiffanyandCo	ea:55:2d:c0:ed:66	-78
1	210.0	288.0		70:70:8b:bc:43:8d	-69
1	210.0	288.0		70:70:8b:bc:43:8e	-69
1	210.0	288.0	Bryce	1c:de:a7:ee:48:32	-78
1	210.0	288.0	Redwood	1c:de:a7:ee:48:33	-81
1	210.0	288.0		70:70:8b:bc:43:7e	-69
1	210.0	288.0		70:70:8b:bc:43:7f	-69
1	210.0	288.0	ShinsegaeDF	00:78:88:4e:f4:1e	-85
1	210.0	288.0	mpd	a0:e0:af:d6:37:f8	-87
1	210.0	288.0	Store_YC	00:35:1a:4e:16:0c	-88
1	210.0	288.0	CLEANAIR_DF	00:78:88:4e:f4:1c	-85
1	210.0	288.0		00:78:88:4e:f4:1d	-87
1	210.0	288.0		da:55:a8:27:78:a8	-84
1	210.0	288.0	SaintLaurent	00:35:1a:4e:16:0e	-87
1	210.0	288.0	olleh_WiFi_43B9_5GHz	08:5d:dd:d0:43:bc	-81
1	210.0	288.0	ZZ-Korea-XG_2.4G	14:cc:20:ef:99:c2	-76
1	210.0	288.0	ZZ-Korea-XG_5G	14:cc:20:ef:99:c1	-88
1	210.0	288.0	Linksys05005	c0:56:27:06:34:f2	-58
1	210.0	288.0	Linksys05005_5GHz	c0:56:27:06:34:f3	-62
1	210.0	288.0	1ST	a0:23:9f:b7:34:4e	-66
1	210.0	288.0	olleh_WiFi_43B9	08:5d:dd:d0:43:bd	-74
1	210.0	288.0	RCCWIFI	a0:23:9f:b7:34:4f	-66
1	210.0	288.0	RessS33015!!RFv1	e6:55:2d:c0:ed:66	-78
1	210.0	288.0		de:55:3d:c0:d6:04	-69
1	210.0	288.0	bmobile	8e:15:54:ab:10:0a	-83
1	210.0	288.0	SA-Print-46-SL-J1760FW	b0:5a:da:a3:96:46	-66
1	210.0	288.0	iptime5G	88:36:6c:88:30:9a	-63
1	210.0	288.0		00:c1:64:96:de:20	-82
1	210.0	288.0		ea:55:3d:c0:d6:04	-69
1	210.0	288.0	Fendi	00:26:66:7f:9e:e6	-63
1	210.0	288.0	ShinsegaeDF	00:c1:64:b3:3e:ce	-85
1	210.0	288.0		00:c1:64:b3:3e:cd	-84
1	210.0	288.0	CLEANAIR_DF	00:c1:64:b3:3e:cc	-84
1	210.0	288.0		00:c1:64:b3:3e:cf	-85
1	210.0	288.0		70:70:8b:bc:43:70	-90
0	210.0	282.0		e4:55:a8:27:78:a8	-80
0	210.0	282.0	ShinsegaeDF	00:42:68:84:05:be	-62
0	210.0	282.0		00:42:68:84:05:bf	-62
0	210.0	282.0	iptime	88:36:6c:88:30:98	-61
0	210.0	282.0	ShinsegaeDF	00:c1:64:96:de:2e	-76
0	210.0	282.0	HP-Print-09-Officejet Pro 6830	50:65:f3:e4:78:09	-63
0	210.0	282.0		00:c1:64:96:de:2f	-77
0	210.0	282.0	SaintLaurent	00:35:1a:4e:16:01	-77
0	210.0	282.0	CLEANAIR_DF	00:42:68:84:05:bc	-62
0	210.0	282.0		00:42:68:84:05:bd	-62
0	210.0	282.0		70:70:8b:83:d1:bf	-76
0	210.0	282.0		70:70:8b:83:d1:be	-78
0	210.0	282.0		70:70:8b:83:d1:bd	-77
0	210.0	282.0	CLEANAIR_DF	00:c1:64:96:de:2c	-74
0	210.0	282.0	Redwood	70:b3:17:90:a0:62	-85
0	210.0	282.0	SpecialK	70:b3:17:90:a0:63	-86
0	210.0	282.0	CLEANAIR_DF	00:78:88:4e:f4:13	-78
0	210.0	282.0		00:c8:8b:ff:82:cf	-68
0	210.0	282.0		00:c8:8b:ff:82:cd	-68
0	210.0	282.0	ShinsegaeDF	00:c8:8b:ff:82:ce	-68
0	210.0	282.0	피플카운팅(전용5G)	88:36:6c:55:de:40	-76
0	210.0	282.0	CLEANAIR_DF	00:c8:8b:ff:82:cc	-68
0	210.0	282.0	BottegaVeneta	70:b3:17:90:a0:61	-85
0	210.0	282.0		00:42:68:84:05:b0	-59
0	210.0	282.0	ShinsegaeDF	00:42:68:84:05:b1	-58
0	210.0	282.0	CLEANAIR_DF	00:42:68:84:05:b3	-57
0	210.0	282.0	RessS33015!!RFd1	e2:55:2d:c0:d6:04	-78
0	210.0	282.0		b6:15:54:ab:10:0a	-82
0	210.0	282.0		00:c1:64:96:dd:b2	-64
0	210.0	282.0		70:70:8b:bc:43:8f	-70
0	210.0	282.0	Redwood	e0:d1:73:e9:f9:e3	-89
0	210.0	282.0	F&B_WAITTING	a8:5b:f7:26:19:03	-87
0	210.0	282.0	Shinsegae_free_wifi	a8:5b:f7:26:19:01	-88
0	210.0	282.0	CLEANAIR_DF	00:c1:64:96:dd:b3	-63
0	210.0	282.0		70:70:8b:d9:37:bf	-79
0	210.0	282.0		00:42:68:92:ee:10	-80
0	210.0	282.0	Redwood	e0:d1:73:e9:f9:ec	-83
0	210.0	282.0		70:70:8b:d9:37:bd	-80
0	210.0	282.0	DIRECT-e1-HP M283 LaserJet	5e:fb:3a:94:dc:e1	-73
0	210.0	282.0	DEPTWIFI	a8:5b:f7:26:19:05	-88
0	210.0	282.0		70:70:8b:bc:47:6f	-88
0	210.0	282.0		70:70:8b:bc:47:6d	-89
0	210.0	282.0		70:70:8b:bc:47:6e	-91
0	210.0	282.0		00:c8:8b:ff:82:c2	-62
0	210.0	282.0		00:c8:8b:ff:82:c0	-62
0	210.0	282.0	ShinsegaeDF	00:c8:8b:ff:82:c1	-63
0	210.0	282.0	Redwood	70:b3:17:90:a0:6d	-88
0	210.0	282.0	BottegaVeneta	70:b3:17:90:a0:6e	-89
0	210.0	282.0	SpecialK	70:b3:17:90:a0:6c	-89
0	210.0	282.0	1ST	a0:23:9f:c0:a6:8e	-77
0	210.0	282.0	RCCWIFI	a0:23:9f:c0:a6:8f	-78
0	210.0	282.0	Redwood	70:b3:17:90:a2:0d	-92
0	210.0	282.0	SpecialK	70:b3:17:90:a2:0c	-91
0	210.0	282.0		00:78:88:07:1b:2d	-84
0	210.0	282.0	CLEANAIR_DF	00:78:88:07:1b:2c	-83
0	210.0	282.0		00:78:88:07:1b:2f	-83
0	210.0	282.0		00:42:68:92:ee:12	-77
0	210.0	282.0	CLEANAIR_DF	00:42:68:92:ee:13	-78
0	210.0	282.0	bvoip	86:15:54:ab:10:0a	-83
0	210.0	282.0		70:70:8b:bc:43:7d	-69
0	210.0	282.0		00:c1:64:96:dd:bf	-65
0	210.0	282.0	ShinsegaeDF	00:c1:64:96:dd:be	-65
0	210.0	282.0		00:c1:64:96:dd:bd	-65
0	210.0	282.0	CLEANAIR_DF	00:c1:64:96:dd:bc	-67
0	210.0	282.0		e0:55:3d:c0:d6:04	-69
0	210.0	282.0	RessS33015!!RFv1	e6:55:2d:c0:d6:04	-78
0	210.0	282.0	TiffanyandCo	ea:55:2d:c0:d6:04	-77
0	210.0	282.0	bstaff	8a:15:54:ab:10:0a	-81
0	210.0	282.0	Bryce	e0:d1:73:e9:f9:ed	-81
0	210.0	282.0	Gucci	e0:d1:73:e9:f9:ee	-82
0	210.0	282.0	RessS33015!!RFd1	e2:55:2d:c0:ed:66	-78
0	210.0	282.0	1ST	a0:23:9f:c0:a6:81	-70
0	210.0	282.0	TiffanyandCo	ea:55:2d:c0:ed:66	-78
0	210.0	282.0		70:70:8b:bc:43:8d	-69
0	210.0	282.0		70:70:8b:bc:43:8e	-69
0	210.0	282.0	Bryce	1c:de:a7:ee:48:32	-78
0	210.0	282.0	Redwood	1c:de:a7:ee:48:33	-81
0	210.0	282.0		70:70:8b:bc:43:7e	-69
0	210.0	282.0		70:70:8b:bc:43:7f	-69
0	210.0	282.0	ShinsegaeDF	00:78:88:4e:f4:1e	-85
0	210.0	282.0	mpd	a0:e0:af:d6:37:f8	-87
0	210.0	282.0	Store_YC	00:35:1a:4e:16:0c	-88
0	210.0	282.0	CLEANAIR_DF	00:78:88:4e:f4:1c	-85
0	210.0	282.0		00:78:88:4e:f4:1d	-87
0	210.0	282.0		da:55:a8:27:78:a8	-84
0	210.0	282.0	SaintLaurent	00:35:1a:4e:16:0e	-87
0	210.0	282.0	olleh_WiFi_43B9_5GHz	08:5d:dd:d0:43:bc	-81
0	210.0	282.0	ZZ-Korea-XG_2.4G	14:cc:20:ef:99:c2	-76
0	210.0	282.0	ZZ-Korea-XG_5G	14:cc:20:ef:99:c1	-88
0	210.0	282.0	Linksys05005	c0:56:27:06:34:f2	-58
0	210.0	282.0	Linksys05005_5GHz	c0:56:27:06:34:f3	-62
0	210.0	282.0	1ST	a0:23:9f:b7:34:4e	-66
0	210.0	282.0	olleh_WiFi_43B9	08:5d:dd:d0:43:bd	-74
0	210.0	282.0	RCCWIFI	a0:23:9f:b7:34:4f	-66
0	210.0	282.0	RessS33015!!RFv1	e6:55:2d:c0:ed:66	-78
0	210.0	282.0		de:55:3d:c0:d6:04	-69
0	210.0	282.0	bmobile	8e:15:54:ab:10:0a	-83
0	210.0	282.0	SA-Print-46-SL-J1760FW	b0:5a:da:a3:96:46	-66
0	210.0	282.0	iptime5G	88:36:6c:88:30:9a	-63
0	210.0	282.0		00:c1:64:96:de:20	-82
0	210.0	282.0		ea:55:3d:c0:d6:04	-69
0	210.0	282.0	Fendi	00:26:66:7f:9e:e6	-63
0	210.0	282.0	ShinsegaeDF	00:c1:64:b3:3e:ce	-85
0	210.0	282.0		00:c1:64:b3:3e:cd	-84
0	210.0	282.0	CLEANAIR_DF	00:c1:64:b3:3e:cc	-84
0	210.0	282.0		00:c1:64:b3:3e:cf	-85
0	210.0	282.0		70:70:8b:bc:43:70	-90
0	210.0	276.0		e4:55:a8:27:78:a8	-80
0	210.0	276.0	ShinsegaeDF	00:42:68:84:05:be	-62
0	210.0	276.0		00:42:68:84:05:bf	-62
0	210.0	276.0	iptime	88:36:6c:88:30:98	-61
0	210.0	276.0	ShinsegaeDF	00:c1:64:96:de:2e	-76
0	210.0	276.0	HP-Print-09-Officejet Pro 6830	50:65:f3:e4:78:09	-63
0	210.0	276.0		00:c1:64:96:de:2f	-77
0	210.0	276.0	SaintLaurent	00:35:1a:4e:16:01	-77
0	210.0	276.0	CLEANAIR_DF	00:42:68:84:05:bc	-62
0	210.0	276.0		00:42:68:84:05:bd	-62
0	210.0	276.0		70:70:8b:83:d1:bf	-76
0	210.0	276.0		70:70:8b:83:d1:be	-78
0	210.0	276.0		70:70:8b:83:d1:bd	-77
0	210.0	276.0	CLEANAIR_DF	00:c1:64:96:de:2c	-74
0	210.0	276.0	Redwood	70:b3:17:90:a0:62	-85
0	210.0	276.0	SpecialK	70:b3:17:90:a0:63	-86
0	210.0	276.0	CLEANAIR_DF	00:78:88:4e:f4:13	-78
0	210.0	276.0		00:c8:8b:ff:82:cf	-68
0	210.0	276.0		00:c8:8b:ff:82:cd	-68
0	210.0	276.0	ShinsegaeDF	00:c8:8b:ff:82:ce	-68
0	210.0	276.0	피플카운팅(전용5G)	88:36:6c:55:de:40	-76
0	210.0	276.0	CLEANAIR_DF	00:c8:8b:ff:82:cc	-68
0	210.0	276.0	BottegaVeneta	70:b3:17:90:a0:61	-85
0	210.0	276.0		00:42:68:84:05:b0	-59
0	210.0	276.0	ShinsegaeDF	00:42:68:84:05:b1	-58
0	210.0	276.0	CLEANAIR_DF	00:42:68:84:05:b3	-57
0	210.0	276.0	RessS33015!!RFd1	e2:55:2d:c0:d6:04	-78
0	210.0	276.0		b6:15:54:ab:10:0a	-82
0	210.0	276.0		00:c1:64:96:dd:b2	-64
0	210.0	276.0		70:70:8b:bc:43:8f	-70
0	210.0	276.0	Redwood	e0:d1:73:e9:f9:e3	-89
0	210.0	276.0	F&B_WAITTING	a8:5b:f7:26:19:03	-87
0	210.0	276.0	Shinsegae_free_wifi	a8:5b:f7:26:19:01	-88
0	210.0	276.0	CLEANAIR_DF	00:c1:64:96:dd:b3	-63
0	210.0	276.0		70:70:8b:d9:37:bf	-79
0	210.0	276.0		00:42:68:92:ee:10	-80
0	210.0	276.0	Redwood	e0:d1:73:e9:f9:ec	-83
0	210.0	276.0		70:70:8b:d9:37:bd	-80
0	210.0	276.0	DIRECT-e1-HP M283 LaserJet	5e:fb:3a:94:dc:e1	-73
0	210.0	276.0	DEPTWIFI	a8:5b:f7:26:19:05	-88
0	210.0	276.0		70:70:8b:bc:47:6f	-88
0	210.0	276.0		70:70:8b:bc:47:6d	-89
0	210.0	276.0		70:70:8b:bc:47:6e	-91
0	210.0	276.0		00:c8:8b:ff:82:c2	-62
0	210.0	276.0		00:c8:8b:ff:82:c0	-62
0	210.0	276.0	ShinsegaeDF	00:c8:8b:ff:82:c1	-63
0	210.0	276.0	Redwood	70:b3:17:90:a0:6d	-88
0	210.0	276.0	BottegaVeneta	70:b3:17:90:a0:6e	-89
0	210.0	276.0	SpecialK	70:b3:17:90:a0:6c	-89
0	210.0	276.0	1ST	a0:23:9f:c0:a6:8e	-77
0	210.0	276.0	RCCWIFI	a0:23:9f:c0:a6:8f	-78
0	210.0	276.0	Redwood	70:b3:17:90:a2:0d	-92
0	210.0	276.0	SpecialK	70:b3:17:90:a2:0c	-91
0	210.0	276.0		00:78:88:07:1b:2d	-84
0	210.0	276.0	CLEANAIR_DF	00:78:88:07:1b:2c	-83
0	210.0	276.0		00:78:88:07:1b:2f	-83
0	210.0	276.0		00:42:68:92:ee:12	-77
0	210.0	276.0	CLEANAIR_DF	00:42:68:92:ee:13	-78
0	210.0	276.0	bvoip	86:15:54:ab:10:0a	-83
0	210.0	276.0		70:70:8b:bc:43:7d	-69
0	210.0	276.0		00:c1:64:96:dd:bf	-65
0	210.0	276.0	ShinsegaeDF	00:c1:64:96:dd:be	-65
0	210.0	276.0		00:c1:64:96:dd:bd	-65
0	210.0	276.0	CLEANAIR_DF	00:c1:64:96:dd:bc	-67
0	210.0	276.0		e0:55:3d:c0:d6:04	-69
0	210.0	276.0	RessS33015!!RFv1	e6:55:2d:c0:d6:04	-78
0	210.0	276.0	TiffanyandCo	ea:55:2d:c0:d6:04	-77
0	210.0	276.0	bstaff	8a:15:54:ab:10:0a	-81
0	210.0	276.0	Bryce	e0:d1:73:e9:f9:ed	-81
0	210.0	276.0	Gucci	e0:d1:73:e9:f9:ee	-82
0	210.0	276.0	RessS33015!!RFd1	e2:55:2d:c0:ed:66	-78
0	210.0	276.0	1ST	a0:23:9f:c0:a6:81	-70
0	210.0	276.0	TiffanyandCo	ea:55:2d:c0:ed:66	-78
0	210.0	276.0		70:70:8b:bc:43:8d	-69
0	210.0	276.0		70:70:8b:bc:43:8e	-69
0	210.0	276.0	Bryce	1c:de:a7:ee:48:32	-78
0	210.0	276.0	Redwood	1c:de:a7:ee:48:33	-81
0	210.0	276.0		70:70:8b:bc:43:7e	-69
0	210.0	276.0		70:70:8b:bc:43:7f	-69
0	210.0	276.0	ShinsegaeDF	00:78:88:4e:f4:1e	-85
0	210.0	276.0	mpd	a0:e0:af:d6:37:f8	-87
0	210.0	276.0	Store_YC	00:35:1a:4e:16:0c	-88
0	210.0	276.0	CLEANAIR_DF	00:78:88:4e:f4:1c	-85
0	210.0	276.0		00:78:88:4e:f4:1d	-87
0	210.0	276.0		da:55:a8:27:78:a8	-84
0	210.0	276.0	SaintLaurent	00:35:1a:4e:16:0e	-87
0	210.0	276.0	olleh_WiFi_43B9_5GHz	08:5d:dd:d0:43:bc	-81
0	210.0	276.0	ZZ-Korea-XG_2.4G	14:cc:20:ef:99:c2	-76
0	210.0	276.0	ZZ-Korea-XG_5G	14:cc:20:ef:99:c1	-88
0	210.0	276.0	Linksys05005	c0:56:27:06:34:f2	-58
0	210.0	276.0	Linksys05005_5GHz	c0:56:27:06:34:f3	-62
0	210.0	276.0	1ST	a0:23:9f:b7:34:4e	-66
0	210.0	276.0	olleh_WiFi_43B9	08:5d:dd:d0:43:bd	-74
0	210.0	276.0	RCCWIFI	a0:23:9f:b7:34:4f	-66
0	210.0	276.0	RessS33015!!RFv1	e6:55:2d:c0:ed:66	-78
0	210.0	276.0		de:55:3d:c0:d6:04	-69
0	210.0	276.0	bmobile	8e:15:54:ab:10:0a	-83
0	210.0	276.0	SA-Print-46-SL-J1760FW	b0:5a:da:a3:96:46	-66
0	210.0	276.0	iptime5G	88:36:6c:88:30:9a	-63
0	210.0	276.0		00:c1:64:96:de:20	-82
0	210.0	276.0		ea:55:3d:c0:d6:04	-69
0	210.0	276.0	Fendi	00:26:66:7f:9e:e6	-63
0	210.0	276.0	ShinsegaeDF	00:c1:64:b3:3e:ce	-85
0	210.0	276.0		00:c1:64:b3:3e:cd	-84
0	210.0	276.0	CLEANAIR_DF	00:c1:64:b3:3e:cc	-84
0	210.0	276.0		00:c1:64:b3:3e:cf	-85
0	210.0	276.0		70:70:8b:bc:43:70	-90
0	210.0	270.0	ShinsegaeDF	00:42:68:84:05:be	-66
0	210.0	270.0		00:42:68:84:05:bf	-68
0	210.0	270.0	ShinsegaeDF	00:78:88:4e:f4:11	-77
0	210.0	270.0	iptime	88:36:6c:88:30:98	-59
0	210.0	270.0	ShinsegaeDF	00:c1:64:96:de:2e	-81
0	210.0	270.0	HP-Print-09-Officejet Pro 6830	50:65:f3:e4:78:09	-68
0	210.0	270.0		00:c1:64:96:de:2f	-83
0	210.0	270.0	CLEANAIR_DF	00:42:68:84:05:bc	-65
0	210.0	270.0		00:42:68:84:05:bd	-65
0	210.0	270.0		70:70:8b:83:d1:bf	-73
0	210.0	270.0		70:70:8b:83:d1:be	-73
0	210.0	270.0		70:70:8b:83:d1:bd	-75
0	210.0	270.0		70:70:8b:b2:ce:0e	-88
0	210.0	270.0		00:78:88:07:1b:22	-76
0	210.0	270.0	ShinsegaeDF	00:78:88:07:1b:21	-75
0	210.0	270.0	CLEANAIR_DF	00:78:88:07:1b:23	-78
0	210.0	270.0	CLEANAIR_DF	00:78:88:4e:f4:13	-77
0	210.0	270.0		00:c8:8b:ff:82:cf	-76
0	210.0	270.0		00:c8:8b:ff:82:cd	-78
0	210.0	270.0	피플카운팅(전용5G)	88:36:6c:55:de:40	-75
0	210.0	270.0	ShinsegaeDF	00:c8:8b:ff:82:ce	-76
0	210.0	270.0	피플카운팅(전용)	88:36:6c:55:de:42	-73
0	210.0	270.0	CLEANAIR_DF	00:c8:8b:ff:82:cc	-75
0	210.0	270.0	BottegaVeneta	70:b3:17:90:a0:61	-90
0	210.0	270.0	bstaff	88:15:44:ab:10:0a	-81
0	210.0	270.0		00:42:68:84:05:b0	-45
0	210.0	270.0		00:42:68:84:05:b2	-47
0	210.0	270.0	CLEANAIR_DF	00:42:68:84:05:b3	-47
0	210.0	270.0	RessS33015!!RFd1	e2:55:2d:c0:d6:04	-77
0	210.0	270.0		b6:15:54:ab:10:0a	-81
0	210.0	270.0		70:70:8b:bc:43:8f	-72
0	210.0	270.0	Redwood	e0:d1:73:e9:f9:e3	-77
0	210.0	270.0	Gucci	e0:d1:73:e9:f9:e1	-78
0	210.0	270.0	CLEANAIR	a8:5b:f7:26:19:04	-83
0	210.0	270.0	Shinsegae_free_wifi_secure	a8:5b:f7:26:19:02	-84
0	210.0	270.0	Shinsegae_free_wifi	a8:5b:f7:26:19:01	-85
0	210.0	270.0		70:70:8b:d9:37:bf	-73
0	210.0	270.0		70:70:8b:d9:37:be	-73
0	210.0	270.0	Redwood	e0:d1:73:e9:f9:ec	-83
0	210.0	270.0		70:70:8b:d9:37:bd	-72
0	210.0	270.0	DEPTWIFI_PC	a8:5b:f7:26:19:06	-86
0	210.0	270.0	DIRECT-e1-HP M283 LaserJet	5e:fb:3a:94:dc:e1	-61
0	210.0	270.0		de:55:3d:c0:ed:66	-68
0	210.0	270.0		70:70:8b:bc:47:6f	-84
0	210.0	270.0		70:70:8b:bc:47:6d	-86
0	210.0	270.0	TOEBOX_5G	e8:65:d4:3f:9f:75	-90
0	210.0	270.0		70:70:8b:bc:47:6e	-83
0	210.0	270.0		00:c8:8b:ff:82:c2	-65
0	210.0	270.0	ShinsegaeDF	00:c8:8b:ff:82:c1	-64
0	210.0	270.0		de:55:2d:c0:d6:04	-78
0	210.0	270.0	bmobile	8e:15:44:ab:10:0a	-82
0	210.0	270.0	1ST	a0:23:9f:c0:a6:8e	-72
0	210.0	270.0	RCCWIFI	a0:23:9f:c0:a6:8f	-74
0	210.0	270.0		ea:55:3d:c0:ed:66	-69
0	210.0	270.0		00:78:88:07:1b:2d	-80
0	210.0	270.0	CLEANAIR_DF	00:78:88:07:1b:2c	-81
0	210.0	270.0	ShinsegaeDF	00:78:88:07:1b:2e	-79
0	210.0	270.0	bvoip	86:15:54:ab:10:0a	-82
0	210.0	270.0		70:70:8b:bc:43:7d	-67
0	210.0	270.0		00:c1:64:96:dd:bf	-66
0	210.0	270.0	ShinsegaeDF	00:c1:64:96:dd:be	-66
0	210.0	270.0		00:c1:64:96:dd:bd	-64
0	210.0	270.0	CLEANAIR_DF	00:c1:64:96:dd:bc	-68
0	210.0	270.0		e0:55:3d:c0:d6:04	-73
0	210.0	270.0	RessS33015!!RFv1	e6:55:2d:c0:d6:04	-77
0	210.0	270.0		de:55:2d:c0:ed:66	-79
0	210.0	270.0	TiffanyandCo	ea:55:2d:c0:d6:04	-77
0	210.0	270.0		da:55:a8:27:7d:6e	-67
0	210.0	270.0	Bryce	e0:d1:73:e9:f9:ed	-81
0	210.0	270.0	bstaff	8a:15:54:ab:10:0a	-83
0	210.0	270.0	Gucci	e0:d1:73:e9:f9:ee	-82
0	210.0	270.0	RessS33015!!RFd1	e2:55:2d:c0:ed:66	-81
0	210.0	270.0	1ST	a0:23:9f:c0:a6:81	-73
0	210.0	270.0	TiffanyandCo	ea:55:2d:c0:ed:66	-79
0	210.0	270.0		70:70:8b:bc:43:8d	-73
0	210.0	270.0		70:70:8b:bc:43:8e	-74
0	210.0	270.0		00:c1:64:b3:3e:c2	-77
0	210.0	270.0	Bryce	1c:de:a7:ee:48:32	-73
0	210.0	270.0	Redwood	1c:de:a7:ee:48:33	-75
0	210.0	270.0	Gucci	1c:de:a7:ee:48:31	-74
0	210.0	270.0		e6:55:b8:27:7d:6e	-80
0	210.0	270.0		70:70:8b:bc:43:7e	-69
0	210.0	270.0		70:70:8b:bc:43:7f	-71
0	210.0	270.0	bvoip	86:15:44:ab:10:0a	-78
0	210.0	270.0	ShinsegaeDF	00:78:88:4e:f4:1e	-83
0	210.0	270.0	CLEANAIR_DF	00:78:88:4e:f4:1c	-81
0	210.0	270.0		00:78:88:4e:f4:1d	-84
0	210.0	270.0		e4:55:a8:27:7d:6e	-66
0	210.0	270.0	Redwood	00:35:1a:4e:16:0f	-90
0	210.0	270.0	olleh_WiFi_43B9_5GHz	08:5d:dd:d0:43:bc	-84
0	210.0	270.0	ZZ-Korea-XG_2.4G	14:cc:20:ef:99:c2	-75
0	210.0	270.0	ZZ-Korea-XG_5G	14:cc:20:ef:99:c1	-88
0	210.0	270.0	Linksys05005	c0:56:27:06:34:f2	-62
0	210.0	270.0	Linksys05005_5GHz	c0:56:27:06:34:f3	-64
0	210.0	270.0	1ST	a0:23:9f:b7:34:4e	-68
0	210.0	270.0	olleh_WiFi_43B9	08:5d:dd:d0:43:bd	-70
0	210.0	270.0	RCCWIFI	a0:23:9f:b7:34:4f	-67
0	210.0	270.0		e0:55:3d:c0:ed:66	-69
0	210.0	270.0	RessS33015!!RFv1	e6:55:2d:c0:ed:66	-80
0	210.0	270.0		de:55:3d:c0:d6:04	-72
0	210.0	270.0	bmobile	8e:15:54:ab:10:0a	-83
0	210.0	270.0	iptime5G	88:36:6c:88:30:9a	-62
0	210.0	270.0		da:55:b8:27:7d:6e	-80
0	210.0	270.0		ea:55:3d:c0:d6:04	-73
0	210.0	270.0	Fendi	00:26:66:7f:9e:e6	-70
0	210.0	270.0	ShinsegaeDF	00:c1:64:b3:3e:ce	-81
0	210.0	270.0		00:c1:64:b3:3e:cd	-81
0	210.0	270.0	CLEANAIR_DF	00:c1:64:b3:3e:cc	-83
0	210.0	270.0		00:c1:64:b3:3e:cf	-80
0	210.0	264.0	ShinsegaeDF	00:42:68:84:05:be	-66
0	210.0	264.0		00:42:68:84:05:bf	-68
0	210.0	264.0	ShinsegaeDF	00:78:88:4e:f4:11	-77
0	210.0	264.0	iptime	88:36:6c:88:30:98	-59
0	210.0	264.0	ShinsegaeDF	00:c1:64:96:de:2e	-81
0	210.0	264.0	HP-Print-09-Officejet Pro 6830	50:65:f3:e4:78:09	-68
0	210.0	264.0		00:c1:64:96:de:2f	-83
0	210.0	264.0	CLEANAIR_DF	00:42:68:84:05:bc	-65
0	210.0	264.0		00:42:68:84:05:bd	-65
0	210.0	264.0		70:70:8b:83:d1:bf	-73
0	210.0	264.0		70:70:8b:83:d1:be	-73
0	210.0	264.0		70:70:8b:83:d1:bd	-75
0	210.0	264.0		70:70:8b:b2:ce:0e	-88
0	210.0	264.0		00:78:88:07:1b:22	-76
0	210.0	264.0	ShinsegaeDF	00:78:88:07:1b:21	-75
0	210.0	264.0	CLEANAIR_DF	00:78:88:07:1b:23	-78
0	210.0	264.0	CLEANAIR_DF	00:78:88:4e:f4:13	-77
0	210.0	264.0		00:c8:8b:ff:82:cf	-76
0	210.0	264.0		00:c8:8b:ff:82:cd	-78
0	210.0	264.0	피플카운팅(전용5G)	88:36:6c:55:de:40	-75
0	210.0	264.0	ShinsegaeDF	00:c8:8b:ff:82:ce	-76
0	210.0	264.0	피플카운팅(전용)	88:36:6c:55:de:42	-73
0	210.0	264.0	CLEANAIR_DF	00:c8:8b:ff:82:cc	-75
0	210.0	264.0	BottegaVeneta	70:b3:17:90:a0:61	-90
0	210.0	264.0	bstaff	88:15:44:ab:10:0a	-81
0	210.0	264.0		00:42:68:84:05:b0	-45
0	210.0	264.0		00:42:68:84:05:b2	-47
0	210.0	264.0	CLEANAIR_DF	00:42:68:84:05:b3	-47
0	210.0	264.0	RessS33015!!RFd1	e2:55:2d:c0:d6:04	-77
0	210.0	264.0		b6:15:54:ab:10:0a	-81
0	210.0	264.0		70:70:8b:bc:43:8f	-72
0	210.0	264.0	Redwood	e0:d1:73:e9:f9:e3	-77
0	210.0	264.0	Gucci	e0:d1:73:e9:f9:e1	-78
0	210.0	264.0	CLEANAIR	a8:5b:f7:26:19:04	-83
0	210.0	264.0	Shinsegae_free_wifi_secure	a8:5b:f7:26:19:02	-84
0	210.0	264.0	Shinsegae_free_wifi	a8:5b:f7:26:19:01	-85
0	210.0	264.0		70:70:8b:d9:37:bf	-73
0	210.0	264.0		70:70:8b:d9:37:be	-73
0	210.0	264.0	Redwood	e0:d1:73:e9:f9:ec	-83
0	210.0	264.0		70:70:8b:d9:37:bd	-72
0	210.0	264.0	DEPTWIFI_PC	a8:5b:f7:26:19:06	-86
0	210.0	264.0	DIRECT-e1-HP M283 LaserJet	5e:fb:3a:94:dc:e1	-61
0	210.0	264.0		de:55:3d:c0:ed:66	-68
0	210.0	264.0		70:70:8b:bc:47:6f	-84
0	210.0	264.0		70:70:8b:bc:47:6d	-86
0	210.0	264.0	TOEBOX_5G	e8:65:d4:3f:9f:75	-90
0	210.0	264.0		70:70:8b:bc:47:6e	-83
0	210.0	264.0		00:c8:8b:ff:82:c2	-65
0	210.0	264.0	ShinsegaeDF	00:c8:8b:ff:82:c1	-64
0	210.0	264.0		de:55:2d:c0:d6:04	-78
0	210.0	264.0	bmobile	8e:15:44:ab:10:0a	-82
0	210.0	264.0	1ST	a0:23:9f:c0:a6:8e	-72
0	210.0	264.0	RCCWIFI	a0:23:9f:c0:a6:8f	-74
0	210.0	264.0		ea:55:3d:c0:ed:66	-69
0	210.0	264.0		00:78:88:07:1b:2d	-80
0	210.0	264.0	CLEANAIR_DF	00:78:88:07:1b:2c	-81
0	210.0	264.0	ShinsegaeDF	00:78:88:07:1b:2e	-79
0	210.0	264.0	bvoip	86:15:54:ab:10:0a	-82
0	210.0	264.0		70:70:8b:bc:43:7d	-67
0	210.0	264.0		00:c1:64:96:dd:bf	-66
0	210.0	264.0	ShinsegaeDF	00:c1:64:96:dd:be	-66
0	210.0	264.0		00:c1:64:96:dd:bd	-64
0	210.0	264.0	CLEANAIR_DF	00:c1:64:96:dd:bc	-68
0	210.0	264.0		e0:55:3d:c0:d6:04	-73
0	210.0	264.0	RessS33015!!RFv1	e6:55:2d:c0:d6:04	-77
0	210.0	264.0		de:55:2d:c0:ed:66	-79
0	210.0	264.0	TiffanyandCo	ea:55:2d:c0:d6:04	-77
0	210.0	264.0		da:55:a8:27:7d:6e	-67
0	210.0	264.0	Bryce	e0:d1:73:e9:f9:ed	-81
0	210.0	264.0	bstaff	8a:15:54:ab:10:0a	-83
0	210.0	264.0	Gucci	e0:d1:73:e9:f9:ee	-82
0	210.0	264.0	RessS33015!!RFd1	e2:55:2d:c0:ed:66	-81
0	210.0	264.0	1ST	a0:23:9f:c0:a6:81	-73
0	210.0	264.0	TiffanyandCo	ea:55:2d:c0:ed:66	-79
0	210.0	264.0		70:70:8b:bc:43:8d	-73
0	210.0	264.0		70:70:8b:bc:43:8e	-74
0	210.0	264.0		00:c1:64:b3:3e:c2	-77
0	210.0	264.0	Bryce	1c:de:a7:ee:48:32	-73
0	210.0	264.0	Redwood	1c:de:a7:ee:48:33	-75
0	210.0	264.0	Gucci	1c:de:a7:ee:48:31	-74
0	210.0	264.0		e6:55:b8:27:7d:6e	-80
0	210.0	264.0		70:70:8b:bc:43:7e	-69
0	210.0	264.0		70:70:8b:bc:43:7f	-71
0	210.0	264.0	bvoip	86:15:44:ab:10:0a	-78
0	210.0	264.0	ShinsegaeDF	00:78:88:4e:f4:1e	-83
0	210.0	264.0	CLEANAIR_DF	00:78:88:4e:f4:1c	-81
0	210.0	264.0		00:78:88:4e:f4:1d	-84
0	210.0	264.0		e4:55:a8:27:7d:6e	-66
0	210.0	264.0	Redwood	00:35:1a:4e:16:0f	-90
0	210.0	264.0	olleh_WiFi_43B9_5GHz	08:5d:dd:d0:43:bc	-84
0	210.0	264.0	ZZ-Korea-XG_2.4G	14:cc:20:ef:99:c2	-75
0	210.0	264.0	ZZ-Korea-XG_5G	14:cc:20:ef:99:c1	-88
0	210.0	264.0	Linksys05005	c0:56:27:06:34:f2	-62
0	210.0	264.0	Linksys05005_5GHz	c0:56:27:06:34:f3	-64
0	210.0	264.0	1ST	a0:23:9f:b7:34:4e	-68
0	210.0	264.0	olleh_WiFi_43B9	08:5d:dd:d0:43:bd	-70
0	210.0	264.0	RCCWIFI	a0:23:9f:b7:34:4f	-67
0	210.0	264.0		e0:55:3d:c0:ed:66	-69
0	210.0	264.0	RessS33015!!RFv1	e6:55:2d:c0:ed:66	-80
0	210.0	264.0		de:55:3d:c0:d6:04	-72
0	210.0	264.0	bmobile	8e:15:54:ab:10:0a	-83
0	210.0	264.0	iptime5G	88:36:6c:88:30:9a	-62
0	210.0	264.0		da:55:b8:27:7d:6e	-80
0	210.0	264.0		ea:55:3d:c0:d6:04	-73
0	210.0	264.0	Fendi	00:26:66:7f:9e:e6	-70
0	210.0	264.0	ShinsegaeDF	00:c1:64:b3:3e:ce	-81
0	210.0	264.0		00:c1:64:b3:3e:cd	-81
0	210.0	264.0	CLEANAIR_DF	00:c1:64:b3:3e:cc	-83
0	210.0	264.0		00:c1:64:b3:3e:cf	-80
0	210.0	258.0	ShinsegaeDF	00:42:68:84:05:be	-66
0	210.0	258.0		00:42:68:84:05:bf	-68
0	210.0	258.0	ShinsegaeDF	00:78:88:4e:f4:11	-77
0	210.0	258.0	iptime	88:36:6c:88:30:98	-59
0	210.0	258.0	ShinsegaeDF	00:c1:64:96:de:2e	-81
0	210.0	258.0	HP-Print-09-Officejet Pro 6830	50:65:f3:e4:78:09	-68
0	210.0	258.0		00:c1:64:96:de:2f	-83
0	210.0	258.0	CLEANAIR_DF	00:42:68:84:05:bc	-65
0	210.0	258.0		00:42:68:84:05:bd	-65
0	210.0	258.0		70:70:8b:83:d1:bf	-73
0	210.0	258.0		70:70:8b:83:d1:be	-73
0	210.0	258.0		70:70:8b:83:d1:bd	-75
0	210.0	258.0		70:70:8b:b2:ce:0e	-88
0	210.0	258.0		00:78:88:07:1b:22	-76
0	210.0	258.0	ShinsegaeDF	00:78:88:07:1b:21	-75
0	210.0	258.0	CLEANAIR_DF	00:78:88:07:1b:23	-78
0	210.0	258.0	CLEANAIR_DF	00:78:88:4e:f4:13	-77
0	210.0	258.0		00:c8:8b:ff:82:cf	-76
0	210.0	258.0		00:c8:8b:ff:82:cd	-78
0	210.0	258.0	피플카운팅(전용5G)	88:36:6c:55:de:40	-75
0	210.0	258.0	ShinsegaeDF	00:c8:8b:ff:82:ce	-76
0	210.0	258.0	피플카운팅(전용)	88:36:6c:55:de:42	-73
0	210.0	258.0	CLEANAIR_DF	00:c8:8b:ff:82:cc	-75
0	210.0	258.0	BottegaVeneta	70:b3:17:90:a0:61	-90
0	210.0	258.0	bstaff	88:15:44:ab:10:0a	-81
0	210.0	258.0		00:42:68:84:05:b0	-45
0	210.0	258.0		00:42:68:84:05:b2	-47
0	210.0	258.0	CLEANAIR_DF	00:42:68:84:05:b3	-47
0	210.0	258.0	RessS33015!!RFd1	e2:55:2d:c0:d6:04	-77
0	210.0	258.0		b6:15:54:ab:10:0a	-81
0	210.0	258.0		70:70:8b:bc:43:8f	-72
0	210.0	258.0	Redwood	e0:d1:73:e9:f9:e3	-77
0	210.0	258.0	Gucci	e0:d1:73:e9:f9:e1	-78
0	210.0	258.0	CLEANAIR	a8:5b:f7:26:19:04	-83
0	210.0	258.0	Shinsegae_free_wifi_secure	a8:5b:f7:26:19:02	-84
0	210.0	258.0	Shinsegae_free_wifi	a8:5b:f7:26:19:01	-85
0	210.0	258.0		70:70:8b:d9:37:bf	-73
0	210.0	258.0		70:70:8b:d9:37:be	-73
0	210.0	258.0	Redwood	e0:d1:73:e9:f9:ec	-83
0	210.0	258.0		70:70:8b:d9:37:bd	-72
0	210.0	258.0	DEPTWIFI_PC	a8:5b:f7:26:19:06	-86
0	210.0	258.0	DIRECT-e1-HP M283 LaserJet	5e:fb:3a:94:dc:e1	-61
0	210.0	258.0		de:55:3d:c0:ed:66	-68
0	210.0	258.0		70:70:8b:bc:47:6f	-84
0	210.0	258.0		70:70:8b:bc:47:6d	-86
0	210.0	258.0	TOEBOX_5G	e8:65:d4:3f:9f:75	-90
0	210.0	258.0		70:70:8b:bc:47:6e	-83
0	210.0	258.0		00:c8:8b:ff:82:c2	-65
0	210.0	258.0	ShinsegaeDF	00:c8:8b:ff:82:c1	-64
0	210.0	258.0		de:55:2d:c0:d6:04	-78
0	210.0	258.0	bmobile	8e:15:44:ab:10:0a	-82
0	210.0	258.0	1ST	a0:23:9f:c0:a6:8e	-72
0	210.0	258.0	RCCWIFI	a0:23:9f:c0:a6:8f	-74
0	210.0	258.0		ea:55:3d:c0:ed:66	-69
0	210.0	258.0		00:78:88:07:1b:2d	-80
0	210.0	258.0	CLEANAIR_DF	00:78:88:07:1b:2c	-81
0	210.0	258.0	ShinsegaeDF	00:78:88:07:1b:2e	-79
0	210.0	258.0	bvoip	86:15:54:ab:10:0a	-82
0	210.0	258.0		70:70:8b:bc:43:7d	-67
0	210.0	258.0		00:c1:64:96:dd:bf	-66
0	210.0	258.0	ShinsegaeDF	00:c1:64:96:dd:be	-66
0	210.0	258.0		00:c1:64:96:dd:bd	-64
0	210.0	258.0	CLEANAIR_DF	00:c1:64:96:dd:bc	-68
0	210.0	258.0		e0:55:3d:c0:d6:04	-73
0	210.0	258.0	RessS33015!!RFv1	e6:55:2d:c0:d6:04	-77
0	210.0	258.0		de:55:2d:c0:ed:66	-79
0	210.0	258.0	TiffanyandCo	ea:55:2d:c0:d6:04	-77
0	210.0	258.0		da:55:a8:27:7d:6e	-67
0	210.0	258.0	Bryce	e0:d1:73:e9:f9:ed	-81
0	210.0	258.0	bstaff	8a:15:54:ab:10:0a	-83
0	210.0	258.0	Gucci	e0:d1:73:e9:f9:ee	-82
0	210.0	258.0	RessS33015!!RFd1	e2:55:2d:c0:ed:66	-81
0	210.0	258.0	1ST	a0:23:9f:c0:a6:81	-73
0	210.0	258.0	TiffanyandCo	ea:55:2d:c0:ed:66	-79
0	210.0	258.0		70:70:8b:bc:43:8d	-73
0	210.0	258.0		70:70:8b:bc:43:8e	-74
0	210.0	258.0		00:c1:64:b3:3e:c2	-77
0	210.0	258.0	Bryce	1c:de:a7:ee:48:32	-73
0	210.0	258.0	Redwood	1c:de:a7:ee:48:33	-75
0	210.0	258.0	Gucci	1c:de:a7:ee:48:31	-74
0	210.0	258.0		e6:55:b8:27:7d:6e	-80
0	210.0	258.0		70:70:8b:bc:43:7e	-69
0	210.0	258.0		70:70:8b:bc:43:7f	-71
0	210.0	258.0	bvoip	86:15:44:ab:10:0a	-78
0	210.0	258.0	ShinsegaeDF	00:78:88:4e:f4:1e	-83
0	210.0	258.0	CLEANAIR_DF	00:78:88:4e:f4:1c	-81
0	210.0	258.0		00:78:88:4e:f4:1d	-84
0	210.0	258.0		e4:55:a8:27:7d:6e	-66
0	210.0	258.0	Redwood	00:35:1a:4e:16:0f	-90
0	210.0	258.0	olleh_WiFi_43B9_5GHz	08:5d:dd:d0:43:bc	-84
0	210.0	258.0	ZZ-Korea-XG_2.4G	14:cc:20:ef:99:c2	-75
0	210.0	258.0	ZZ-Korea-XG_5G	14:cc:20:ef:99:c1	-88
0	210.0	258.0	Linksys05005	c0:56:27:06:34:f2	-62
0	210.0	258.0	Linksys05005_5GHz	c0:56:27:06:34:f3	-64
0	210.0	258.0	1ST	a0:23:9f:b7:34:4e	-68
0	210.0	258.0	olleh_WiFi_43B9	08:5d:dd:d0:43:bd	-70
0	210.0	258.0	RCCWIFI	a0:23:9f:b7:34:4f	-67
0	210.0	258.0		e0:55:3d:c0:ed:66	-69
0	210.0	258.0	RessS33015!!RFv1	e6:55:2d:c0:ed:66	-80
0	210.0	258.0		de:55:3d:c0:d6:04	-72
0	210.0	258.0	bmobile	8e:15:54:ab:10:0a	-83
0	210.0	258.0	iptime5G	88:36:6c:88:30:9a	-62
0	210.0	258.0		da:55:b8:27:7d:6e	-80
0	210.0	258.0		ea:55:3d:c0:d6:04	-73
0	210.0	258.0	Fendi	00:26:66:7f:9e:e6	-70
0	210.0	258.0	ShinsegaeDF	00:c1:64:b3:3e:ce	-81
0	210.0	258.0		00:c1:64:b3:3e:cd	-81
0	210.0	258.0	CLEANAIR_DF	00:c1:64:b3:3e:cc	-83
0	210.0	258.0		00:c1:64:b3:3e:cf	-80
0	210.0	252.0	ShinsegaeDF	00:42:68:84:05:be	-66
0	210.0	252.0		00:42:68:84:05:bf	-68
0	210.0	252.0	ShinsegaeDF	00:78:88:4e:f4:11	-77
0	210.0	252.0	iptime	88:36:6c:88:30:98	-59
0	210.0	252.0	ShinsegaeDF	00:c1:64:96:de:2e	-81
0	210.0	252.0	HP-Print-09-Officejet Pro 6830	50:65:f3:e4:78:09	-68
0	210.0	252.0		00:c1:64:96:de:2f	-83
0	210.0	252.0	CLEANAIR_DF	00:42:68:84:05:bc	-65
0	210.0	252.0		00:42:68:84:05:bd	-65
0	210.0	252.0		70:70:8b:83:d1:bf	-73
0	210.0	252.0		70:70:8b:83:d1:be	-73
0	210.0	252.0		70:70:8b:83:d1:bd	-75
0	210.0	252.0		70:70:8b:b2:ce:0e	-88
0	210.0	252.0		00:78:88:07:1b:22	-76
0	210.0	252.0	ShinsegaeDF	00:78:88:07:1b:21	-75
0	210.0	252.0	CLEANAIR_DF	00:78:88:07:1b:23	-78
0	210.0	252.0	CLEANAIR_DF	00:78:88:4e:f4:13	-77
0	210.0	252.0		00:c8:8b:ff:82:cf	-76
0	210.0	252.0		00:c8:8b:ff:82:cd	-78
0	210.0	252.0	피플카운팅(전용5G)	88:36:6c:55:de:40	-75
0	210.0	252.0	ShinsegaeDF	00:c8:8b:ff:82:ce	-76
0	210.0	252.0	피플카운팅(전용)	88:36:6c:55:de:42	-73
0	210.0	252.0	CLEANAIR_DF	00:c8:8b:ff:82:cc	-75
0	210.0	252.0	BottegaVeneta	70:b3:17:90:a0:61	-90
0	210.0	252.0	bstaff	88:15:44:ab:10:0a	-81
0	210.0	252.0		00:42:68:84:05:b0	-45
0	210.0	252.0		00:42:68:84:05:b2	-47
0	210.0	252.0	CLEANAIR_DF	00:42:68:84:05:b3	-47
0	210.0	252.0	RessS33015!!RFd1	e2:55:2d:c0:d6:04	-77
0	210.0	252.0		b6:15:54:ab:10:0a	-81
0	210.0	252.0		70:70:8b:bc:43:8f	-72
0	210.0	252.0	Redwood	e0:d1:73:e9:f9:e3	-77
0	210.0	252.0	Gucci	e0:d1:73:e9:f9:e1	-78
0	210.0	252.0	CLEANAIR	a8:5b:f7:26:19:04	-83
0	210.0	252.0	Shinsegae_free_wifi_secure	a8:5b:f7:26:19:02	-84
0	210.0	252.0	Shinsegae_free_wifi	a8:5b:f7:26:19:01	-85
0	210.0	252.0		70:70:8b:d9:37:bf	-73
0	210.0	252.0		70:70:8b:d9:37:be	-73
0	210.0	252.0	Redwood	e0:d1:73:e9:f9:ec	-83
0	210.0	252.0		70:70:8b:d9:37:bd	-72
0	210.0	252.0	DEPTWIFI_PC	a8:5b:f7:26:19:06	-86
0	210.0	252.0	DIRECT-e1-HP M283 LaserJet	5e:fb:3a:94:dc:e1	-61
0	210.0	252.0		de:55:3d:c0:ed:66	-68
0	210.0	252.0		70:70:8b:bc:47:6f	-84
0	210.0	252.0		70:70:8b:bc:47:6d	-86
0	210.0	252.0	TOEBOX_5G	e8:65:d4:3f:9f:75	-90
0	210.0	252.0		70:70:8b:bc:47:6e	-83
0	210.0	252.0		00:c8:8b:ff:82:c2	-65
0	210.0	252.0	ShinsegaeDF	00:c8:8b:ff:82:c1	-64
0	210.0	252.0		de:55:2d:c0:d6:04	-78
0	210.0	252.0	bmobile	8e:15:44:ab:10:0a	-82
0	210.0	252.0	1ST	a0:23:9f:c0:a6:8e	-72
0	210.0	252.0	RCCWIFI	a0:23:9f:c0:a6:8f	-74
0	210.0	252.0		ea:55:3d:c0:ed:66	-69
0	210.0	252.0		00:78:88:07:1b:2d	-80
0	210.0	252.0	CLEANAIR_DF	00:78:88:07:1b:2c	-81
0	210.0	252.0	ShinsegaeDF	00:78:88:07:1b:2e	-79
0	210.0	252.0	bvoip	86:15:54:ab:10:0a	-82
0	210.0	252.0		70:70:8b:bc:43:7d	-67
0	210.0	252.0		00:c1:64:96:dd:bf	-66
0	210.0	252.0	ShinsegaeDF	00:c1:64:96:dd:be	-66
0	210.0	252.0		00:c1:64:96:dd:bd	-64
0	210.0	252.0	CLEANAIR_DF	00:c1:64:96:dd:bc	-68
0	210.0	252.0		e0:55:3d:c0:d6:04	-73
0	210.0	252.0	RessS33015!!RFv1	e6:55:2d:c0:d6:04	-77
0	210.0	252.0		de:55:2d:c0:ed:66	-79
0	210.0	252.0	TiffanyandCo	ea:55:2d:c0:d6:04	-77
0	210.0	252.0		da:55:a8:27:7d:6e	-67
0	210.0	252.0	Bryce	e0:d1:73:e9:f9:ed	-81
0	210.0	252.0	bstaff	8a:15:54:ab:10:0a	-83
0	210.0	252.0	Gucci	e0:d1:73:e9:f9:ee	-82
0	210.0	252.0	RessS33015!!RFd1	e2:55:2d:c0:ed:66	-81
0	210.0	252.0	1ST	a0:23:9f:c0:a6:81	-73
0	210.0	252.0	TiffanyandCo	ea:55:2d:c0:ed:66	-79
0	210.0	252.0		70:70:8b:bc:43:8d	-73
0	210.0	252.0		70:70:8b:bc:43:8e	-74
0	210.0	252.0		00:c1:64:b3:3e:c2	-77
0	210.0	252.0	Bryce	1c:de:a7:ee:48:32	-73
0	210.0	252.0	Redwood	1c:de:a7:ee:48:33	-75
0	210.0	252.0	Gucci	1c:de:a7:ee:48:31	-74
0	210.0	252.0		e6:55:b8:27:7d:6e	-80
0	210.0	252.0		70:70:8b:bc:43:7e	-69
0	210.0	252.0		70:70:8b:bc:43:7f	-71
0	210.0	252.0	bvoip	86:15:44:ab:10:0a	-78
0	210.0	252.0	ShinsegaeDF	00:78:88:4e:f4:1e	-83
0	210.0	252.0	CLEANAIR_DF	00:78:88:4e:f4:1c	-81
0	210.0	252.0		00:78:88:4e:f4:1d	-84
0	210.0	252.0		e4:55:a8:27:7d:6e	-66
0	210.0	252.0	Redwood	00:35:1a:4e:16:0f	-90
0	210.0	252.0	olleh_WiFi_43B9_5GHz	08:5d:dd:d0:43:bc	-84
0	210.0	252.0	ZZ-Korea-XG_2.4G	14:cc:20:ef:99:c2	-75
0	210.0	252.0	ZZ-Korea-XG_5G	14:cc:20:ef:99:c1	-88
0	210.0	252.0	Linksys05005	c0:56:27:06:34:f2	-62
0	210.0	252.0	Linksys05005_5GHz	c0:56:27:06:34:f3	-64
0	210.0	252.0	1ST	a0:23:9f:b7:34:4e	-68
0	210.0	252.0	olleh_WiFi_43B9	08:5d:dd:d0:43:bd	-70
0	210.0	252.0	RCCWIFI	a0:23:9f:b7:34:4f	-67
0	210.0	252.0		e0:55:3d:c0:ed:66	-69
0	210.0	252.0	RessS33015!!RFv1	e6:55:2d:c0:ed:66	-80
0	210.0	252.0		de:55:3d:c0:d6:04	-72
0	210.0	252.0	bmobile	8e:15:54:ab:10:0a	-83
0	210.0	252.0	iptime5G	88:36:6c:88:30:9a	-62
0	210.0	252.0		da:55:b8:27:7d:6e	-80
0	210.0	252.0		ea:55:3d:c0:d6:04	-73
0	210.0	252.0	Fendi	00:26:66:7f:9e:e6	-70
0	210.0	252.0	ShinsegaeDF	00:c1:64:b3:3e:ce	-81
0	210.0	252.0		00:c1:64:b3:3e:cd	-81
0	210.0	252.0	CLEANAIR_DF	00:c1:64:b3:3e:cc	-83
0	210.0	252.0		00:c1:64:b3:3e:cf	-80
0	210.0	246.0	ShinsegaeDF	00:42:68:84:05:be	-66
0	210.0	246.0		00:42:68:84:05:bf	-68
0	210.0	246.0	ShinsegaeDF	00:78:88:4e:f4:11	-77
0	210.0	246.0	iptime	88:36:6c:88:30:98	-59
0	210.0	246.0	ShinsegaeDF	00:c1:64:96:de:2e	-81
0	210.0	246.0	HP-Print-09-Officejet Pro 6830	50:65:f3:e4:78:09	-68
0	210.0	246.0		00:c1:64:96:de:2f	-83
0	210.0	246.0	CLEANAIR_DF	00:42:68:84:05:bc	-65
0	210.0	246.0		00:42:68:84:05:bd	-65
0	210.0	246.0		70:70:8b:83:d1:bf	-73
0	210.0	246.0		70:70:8b:83:d1:be	-73
0	210.0	246.0		70:70:8b:83:d1:bd	-75
0	210.0	246.0		70:70:8b:b2:ce:0e	-88
0	210.0	246.0		00:78:88:07:1b:22	-76
0	210.0	246.0	ShinsegaeDF	00:78:88:07:1b:21	-75
0	210.0	246.0	CLEANAIR_DF	00:78:88:07:1b:23	-78
0	210.0	246.0	CLEANAIR_DF	00:78:88:4e:f4:13	-77
0	210.0	246.0		00:c8:8b:ff:82:cf	-76
0	210.0	246.0		00:c8:8b:ff:82:cd	-78
0	210.0	246.0	피플카운팅(전용5G)	88:36:6c:55:de:40	-75
0	210.0	246.0	ShinsegaeDF	00:c8:8b:ff:82:ce	-76
0	210.0	246.0	피플카운팅(전용)	88:36:6c:55:de:42	-73
0	210.0	246.0	CLEANAIR_DF	00:c8:8b:ff:82:cc	-75
0	210.0	246.0	BottegaVeneta	70:b3:17:90:a0:61	-90
0	210.0	246.0	bstaff	88:15:44:ab:10:0a	-81
0	210.0	246.0		00:42:68:84:05:b0	-45
0	210.0	246.0		00:42:68:84:05:b2	-47
0	210.0	246.0	CLEANAIR_DF	00:42:68:84:05:b3	-47
0	210.0	246.0	RessS33015!!RFd1	e2:55:2d:c0:d6:04	-77
0	210.0	246.0		b6:15:54:ab:10:0a	-81
0	210.0	246.0		70:70:8b:bc:43:8f	-72
0	210.0	246.0	Redwood	e0:d1:73:e9:f9:e3	-77
0	210.0	246.0	Gucci	e0:d1:73:e9:f9:e1	-78
0	210.0	246.0	CLEANAIR	a8:5b:f7:26:19:04	-83
0	210.0	246.0	Shinsegae_free_wifi_secure	a8:5b:f7:26:19:02	-84
0	210.0	246.0	Shinsegae_free_wifi	a8:5b:f7:26:19:01	-85
0	210.0	246.0		70:70:8b:d9:37:bf	-73
0	210.0	246.0		70:70:8b:d9:37:be	-73
0	210.0	246.0	Redwood	e0:d1:73:e9:f9:ec	-83
0	210.0	246.0		70:70:8b:d9:37:bd	-72
0	210.0	246.0	DEPTWIFI_PC	a8:5b:f7:26:19:06	-86
0	210.0	246.0	DIRECT-e1-HP M283 LaserJet	5e:fb:3a:94:dc:e1	-61
0	210.0	246.0		de:55:3d:c0:ed:66	-68
0	210.0	246.0		70:70:8b:bc:47:6f	-84
0	210.0	246.0		70:70:8b:bc:47:6d	-86
0	210.0	246.0	TOEBOX_5G	e8:65:d4:3f:9f:75	-90
0	210.0	246.0		70:70:8b:bc:47:6e	-83
0	210.0	246.0		00:c8:8b:ff:82:c2	-65
0	210.0	246.0	ShinsegaeDF	00:c8:8b:ff:82:c1	-64
0	210.0	246.0		de:55:2d:c0:d6:04	-78
0	210.0	246.0	bmobile	8e:15:44:ab:10:0a	-82
0	210.0	246.0	1ST	a0:23:9f:c0:a6:8e	-72
0	210.0	246.0	RCCWIFI	a0:23:9f:c0:a6:8f	-74
0	210.0	246.0		ea:55:3d:c0:ed:66	-69
0	210.0	246.0		00:78:88:07:1b:2d	-80
0	210.0	246.0	CLEANAIR_DF	00:78:88:07:1b:2c	-81
0	210.0	246.0	ShinsegaeDF	00:78:88:07:1b:2e	-79
0	210.0	246.0	bvoip	86:15:54:ab:10:0a	-82
0	210.0	246.0		70:70:8b:bc:43:7d	-67
0	210.0	246.0		00:c1:64:96:dd:bf	-66
0	210.0	246.0	ShinsegaeDF	00:c1:64:96:dd:be	-66
0	210.0	246.0		00:c1:64:96:dd:bd	-64
0	210.0	246.0	CLEANAIR_DF	00:c1:64:96:dd:bc	-68
0	210.0	246.0		e0:55:3d:c0:d6:04	-73
0	210.0	246.0	RessS33015!!RFv1	e6:55:2d:c0:d6:04	-77
0	210.0	246.0		de:55:2d:c0:ed:66	-79
0	210.0	246.0	TiffanyandCo	ea:55:2d:c0:d6:04	-77
0	210.0	246.0		da:55:a8:27:7d:6e	-67
0	210.0	246.0	Bryce	e0:d1:73:e9:f9:ed	-81
0	210.0	246.0	bstaff	8a:15:54:ab:10:0a	-83
0	210.0	246.0	Gucci	e0:d1:73:e9:f9:ee	-82
0	210.0	246.0	RessS33015!!RFd1	e2:55:2d:c0:ed:66	-81
0	210.0	246.0	1ST	a0:23:9f:c0:a6:81	-73
0	210.0	246.0	TiffanyandCo	ea:55:2d:c0:ed:66	-79
0	210.0	246.0		70:70:8b:bc:43:8d	-73
0	210.0	246.0		70:70:8b:bc:43:8e	-74
0	210.0	246.0		00:c1:64:b3:3e:c2	-77
0	210.0	246.0	Bryce	1c:de:a7:ee:48:32	-73
0	210.0	246.0	Redwood	1c:de:a7:ee:48:33	-75
0	210.0	246.0	Gucci	1c:de:a7:ee:48:31	-74
0	210.0	246.0		e6:55:b8:27:7d:6e	-80
0	210.0	246.0		70:70:8b:bc:43:7e	-69
0	210.0	246.0		70:70:8b:bc:43:7f	-71
0	210.0	246.0	bvoip	86:15:44:ab:10:0a	-78
0	210.0	246.0	ShinsegaeDF	00:78:88:4e:f4:1e	-83
0	210.0	246.0	CLEANAIR_DF	00:78:88:4e:f4:1c	-81
0	210.0	246.0		00:78:88:4e:f4:1d	-84
0	210.0	246.0		e4:55:a8:27:7d:6e	-66
0	210.0	246.0	Redwood	00:35:1a:4e:16:0f	-90
0	210.0	246.0	olleh_WiFi_43B9_5GHz	08:5d:dd:d0:43:bc	-84
0	210.0	246.0	ZZ-Korea-XG_2.4G	14:cc:20:ef:99:c2	-75
0	210.0	246.0	ZZ-Korea-XG_5G	14:cc:20:ef:99:c1	-88
0	210.0	246.0	Linksys05005	c0:56:27:06:34:f2	-62
0	210.0	246.0	Linksys05005_5GHz	c0:56:27:06:34:f3	-64
0	210.0	246.0	1ST	a0:23:9f:b7:34:4e	-68
0	210.0	246.0	olleh_WiFi_43B9	08:5d:dd:d0:43:bd	-70
0	210.0	246.0	RCCWIFI	a0:23:9f:b7:34:4f	-67
0	210.0	246.0		e0:55:3d:c0:ed:66	-69
0	210.0	246.0	RessS33015!!RFv1	e6:55:2d:c0:ed:66	-80
0	210.0	246.0		de:55:3d:c0:d6:04	-72
0	210.0	246.0	bmobile	8e:15:54:ab:10:0a	-83
0	210.0	246.0	iptime5G	88:36:6c:88:30:9a	-62
0	210.0	246.0		da:55:b8:27:7d:6e	-80
0	210.0	246.0		ea:55:3d:c0:d6:04	-73
0	210.0	246.0	Fendi	00:26:66:7f:9e:e6	-70
0	210.0	246.0	ShinsegaeDF	00:c1:64:b3:3e:ce	-81
0	210.0	246.0		00:c1:64:b3:3e:cd	-81
0	210.0	246.0	CLEANAIR_DF	00:c1:64:b3:3e:cc	-83
0	210.0	246.0		00:c1:64:b3:3e:cf	-80
0	210.0	240.0	1ST	a0:23:9f:b7:34:41	-63
0	210.0	240.0	ShinsegaeDF	00:42:68:84:05:be	-75
0	210.0	240.0		00:42:68:84:05:bf	-72
0	210.0	240.0		00:78:88:4e:f4:12	-79
0	210.0	240.0	iptime	88:36:6c:88:30:98	-90
0	210.0	240.0	ShinsegaeDF	00:c1:64:96:de:2e	-85
0	210.0	240.0	HP-Print-09-Officejet Pro 6830	50:65:f3:e4:78:09	-72
0	210.0	240.0		00:c1:64:96:de:2f	-83
0	210.0	240.0	CLEANAIR_DF	00:42:68:84:05:bc	-67
0	210.0	240.0		00:42:68:84:05:bd	-69
0	210.0	240.0		70:70:8b:83:d1:bf	-72
0	210.0	240.0		70:70:8b:83:d1:be	-74
0	210.0	240.0		70:70:8b:83:d1:bd	-72
0	210.0	240.0		00:c8:8b:ff:82:cf	-78
0	210.0	240.0		00:c8:8b:ff:82:cd	-77
0	210.0	240.0	피플카운팅(전용5G)	88:36:6c:55:de:40	-73
0	210.0	240.0	ShinsegaeDF	00:c8:8b:ff:82:ce	-81
0	210.0	240.0	피플카운팅(전용)	88:36:6c:55:de:42	-69
0	210.0	240.0	CLEANAIR_DF	00:c8:8b:ff:82:cc	-81
0	210.0	240.0		00:42:68:84:05:b0	-57
0	210.0	240.0	ShinsegaeDF	00:42:68:84:05:b1	-53
0	210.0	240.0	CLEANAIR_DF	00:42:68:84:05:b3	-52
0	210.0	240.0	RessS33015!!RFd1	e2:55:2d:c0:d6:04	-84
0	210.0	240.0		b6:15:54:ab:10:0a	-83
0	210.0	240.0		00:c1:64:96:dd:b0	-60
0	210.0	240.0		70:70:8b:bc:43:8f	-72
0	210.0	240.0	Redwood	e0:d1:73:e9:f9:e3	-81
0	210.0	240.0	Gucci	e0:d1:73:e9:f9:e1	-80
0	210.0	240.0	CLEANAIR	a8:5b:f7:26:19:04	-80
0	210.0	240.0	F&B_WAITTING	a8:5b:f7:26:19:03	-81
0	210.0	240.0	Shinsegae_free_wifi_secure	a8:5b:f7:26:19:02	-80
0	210.0	240.0	CLEANAIR_DF	00:c1:64:96:dd:b3	-58
0	210.0	240.0		70:70:8b:d9:37:bf	-71
0	210.0	240.0		70:70:8b:d9:37:be	-71
0	210.0	240.0	Redwood	e0:d1:73:e9:f9:ec	-80
0	210.0	240.0		70:70:8b:d9:37:bd	-69
0	210.0	240.0	DEPTWIFI_PC	a8:5b:f7:26:19:06	-81
0	210.0	240.0	DIRECT-e1-HP M283 LaserJet	5e:fb:3a:94:dc:e1	-65
0	210.0	240.0	DEPTWIFI	a8:5b:f7:26:19:05	-81
0	210.0	240.0		de:55:3d:c0:ed:66	-71
0	210.0	240.0		70:70:8b:bc:47:6f	-83
0	210.0	240.0		70:70:8b:bc:47:6d	-87
0	210.0	240.0		70:70:8b:bc:47:6e	-82
0	210.0	240.0		00:c8:8b:ff:82:c2	-73
0	210.0	240.0	CLEANAIR_DF	00:c8:8b:ff:82:c3	-72
0	210.0	240.0		00:c8:8b:ff:82:c0	-76
0	210.0	240.0	Store_BA	00:ea:bd:bc:39:8c	-89
0	210.0	240.0	1ST	a0:23:9f:c0:a6:8e	-75
0	210.0	240.0	RCCWIFI	a0:23:9f:c0:a6:8f	-76
0	210.0	240.0		00:78:88:07:1b:2d	-86
0	210.0	240.0	CLEANAIR_DF	00:78:88:07:1b:2c	-82
0	210.0	240.0	ShinsegaeDF	00:78:88:07:1b:2e	-83
0	210.0	240.0	DEPTWIFI	a8:5b:f7:30:6b:c5	-87
0	210.0	240.0	bvoip	86:15:54:ab:10:0a	-84
0	210.0	240.0		70:70:8b:bc:43:7d	-69
0	210.0	240.0		00:c1:64:96:dd:bf	-63
0	210.0	240.0	ShinsegaeDF	00:c1:64:96:dd:be	-66
0	210.0	240.0		00:c1:64:96:dd:bd	-63
0	210.0	240.0	CLEANAIR_DF	00:c1:64:96:dd:bc	-62
0	210.0	240.0	RessS33015!!RFv1	e6:55:2d:c0:d6:04	-86
0	210.0	240.0	TiffanyandCo	ea:55:2d:c0:d6:04	-84
0	210.0	240.0	Bryce	e0:d1:73:e9:f9:ed	-79
0	210.0	240.0	bstaff	8a:15:54:ab:10:0a	-84
0	210.0	240.0	Gucci	e0:d1:73:e9:f9:ee	-83
0	210.0	240.0	RessS33015!!RFd1	e2:55:2d:c0:ed:66	-84
0	210.0	240.0	1ST	a0:23:9f:c0:a6:81	-67
0	210.0	240.0	TiffanyandCo	ea:55:2d:c0:ed:66	-84
0	210.0	240.0	CLEANAIR_DF	00:c1:64:b3:3e:c3	-71
0	210.0	240.0		70:70:8b:bc:43:8e	-74
0	210.0	240.0		00:c1:64:b3:3e:c2	-74
0	210.0	240.0	Bryce	1c:de:a7:ee:48:32	-80
0	210.0	240.0	Redwood	1c:de:a7:ee:48:33	-81
0	210.0	240.0	Gucci	1c:de:a7:ee:48:31	-76
0	210.0	240.0		70:70:8b:bc:43:7e	-72
0	210.0	240.0		70:70:8b:bc:43:7f	-73
0	210.0	240.0	ShinsegaeDF	00:78:88:4e:f4:1e	-83
0	210.0	240.0	CLEANAIR_DF	00:78:88:4e:f4:1c	-82
0	210.0	240.0		00:78:88:4e:f4:1d	-85
0	210.0	240.0	olleh_WiFi_43B9_5GHz	08:5d:dd:d0:43:bc	-89
0	210.0	240.0	ZZ-Korea-XG_2.4G	14:cc:20:ef:99:c2	-73
0	210.0	240.0	ZZ-Korea-XG_5G	14:cc:20:ef:99:c1	-86
0	210.0	240.0	Linksys05005	c0:56:27:06:34:f2	-60
0	210.0	240.0	Linksys05005_5GHz	c0:56:27:06:34:f3	-63
0	210.0	240.0	1ST	a0:23:9f:b7:34:4e	-72
0	210.0	240.0	olleh_WiFi_43B9	08:5d:dd:d0:43:bd	-80
0	210.0	240.0	RCCWIFI	a0:23:9f:b7:34:4f	-74
0	210.0	240.0		e0:55:3d:c0:ed:66	-64
0	210.0	240.0	RessS33015!!RFv1	e6:55:2d:c0:ed:66	-83
0	210.0	240.0	bmobile	8e:15:54:ab:10:0a	-82
0	210.0	240.0	SA-Print-46-SL-J1760FW	b0:5a:da:a3:96:46	-73
0	210.0	240.0	iptime5G	88:36:6c:88:30:9a	-55
0	210.0	240.0	Fendi	00:26:66:7f:9e:e6	-71
0	210.0	240.0	ShinsegaeDF	00:c1:64:b3:3e:ce	-84
0	210.0	240.0		00:c1:64:b3:3e:cd	-83
0	210.0	240.0	CLEANAIR_DF	00:c1:64:b3:3e:cc	-83
0	210.0	240.0		00:c1:64:b3:3e:cf	-82
0	210.0	234.0	1ST	a0:23:9f:b7:34:41	-63
0	210.0	234.0	ShinsegaeDF	00:42:68:84:05:be	-75
0	210.0	234.0		00:42:68:84:05:bf	-72
0	210.0	234.0		00:78:88:4e:f4:12	-79
0	210.0	234.0	iptime	88:36:6c:88:30:98	-90
0	210.0	234.0	ShinsegaeDF	00:c1:64:96:de:2e	-85
0	210.0	234.0	HP-Print-09-Officejet Pro 6830	50:65:f3:e4:78:09	-72
0	210.0	234.0		00:c1:64:96:de:2f	-83
0	210.0	234.0	CLEANAIR_DF	00:42:68:84:05:bc	-67
0	210.0	234.0		00:42:68:84:05:bd	-69
0	210.0	234.0		70:70:8b:83:d1:bf	-72
0	210.0	234.0		70:70:8b:83:d1:be	-74
0	210.0	234.0		70:70:8b:83:d1:bd	-72
0	210.0	234.0		00:c8:8b:ff:82:cf	-78
0	210.0	234.0		00:c8:8b:ff:82:cd	-77
0	210.0	234.0	피플카운팅(전용5G)	88:36:6c:55:de:40	-73
0	210.0	234.0	ShinsegaeDF	00:c8:8b:ff:82:ce	-81
0	210.0	234.0	피플카운팅(전용)	88:36:6c:55:de:42	-69
0	210.0	234.0	CLEANAIR_DF	00:c8:8b:ff:82:cc	-81
0	210.0	234.0		00:42:68:84:05:b0	-57
0	210.0	234.0	ShinsegaeDF	00:42:68:84:05:b1	-53
0	210.0	234.0	CLEANAIR_DF	00:42:68:84:05:b3	-52
0	210.0	234.0	RessS33015!!RFd1	e2:55:2d:c0:d6:04	-84
0	210.0	234.0		b6:15:54:ab:10:0a	-83
0	210.0	234.0		00:c1:64:96:dd:b0	-60
0	210.0	234.0		70:70:8b:bc:43:8f	-72
0	210.0	234.0	Redwood	e0:d1:73:e9:f9:e3	-81
0	210.0	234.0	Gucci	e0:d1:73:e9:f9:e1	-80
0	210.0	234.0	CLEANAIR	a8:5b:f7:26:19:04	-80
0	210.0	234.0	F&B_WAITTING	a8:5b:f7:26:19:03	-81
0	210.0	234.0	Shinsegae_free_wifi_secure	a8:5b:f7:26:19:02	-80
0	210.0	234.0	CLEANAIR_DF	00:c1:64:96:dd:b3	-58
0	210.0	234.0		70:70:8b:d9:37:bf	-71
0	210.0	234.0		70:70:8b:d9:37:be	-71
0	210.0	234.0	Redwood	e0:d1:73:e9:f9:ec	-80
0	210.0	234.0		70:70:8b:d9:37:bd	-69
0	210.0	234.0	DEPTWIFI_PC	a8:5b:f7:26:19:06	-81
0	210.0	234.0	DIRECT-e1-HP M283 LaserJet	5e:fb:3a:94:dc:e1	-65
0	210.0	234.0	DEPTWIFI	a8:5b:f7:26:19:05	-81
0	210.0	234.0		de:55:3d:c0:ed:66	-71
0	210.0	234.0		70:70:8b:bc:47:6f	-83
0	210.0	234.0		70:70:8b:bc:47:6d	-87
0	210.0	234.0		70:70:8b:bc:47:6e	-82
0	210.0	234.0		00:c8:8b:ff:82:c2	-73
0	210.0	234.0	CLEANAIR_DF	00:c8:8b:ff:82:c3	-72
0	210.0	234.0		00:c8:8b:ff:82:c0	-76
0	210.0	234.0	Store_BA	00:ea:bd:bc:39:8c	-89
0	210.0	234.0	1ST	a0:23:9f:c0:a6:8e	-75
0	210.0	234.0	RCCWIFI	a0:23:9f:c0:a6:8f	-76
0	210.0	234.0		00:78:88:07:1b:2d	-86
0	210.0	234.0	CLEANAIR_DF	00:78:88:07:1b:2c	-82
0	210.0	234.0	ShinsegaeDF	00:78:88:07:1b:2e	-83
0	210.0	234.0	DEPTWIFI	a8:5b:f7:30:6b:c5	-87
0	210.0	234.0	bvoip	86:15:54:ab:10:0a	-84
0	210.0	234.0		70:70:8b:bc:43:7d	-69
0	210.0	234.0		00:c1:64:96:dd:bf	-63
0	210.0	234.0	ShinsegaeDF	00:c1:64:96:dd:be	-66
0	210.0	234.0		00:c1:64:96:dd:bd	-63
0	210.0	234.0	CLEANAIR_DF	00:c1:64:96:dd:bc	-62
0	210.0	234.0	RessS33015!!RFv1	e6:55:2d:c0:d6:04	-86
0	210.0	234.0	TiffanyandCo	ea:55:2d:c0:d6:04	-84
0	210.0	234.0	Bryce	e0:d1:73:e9:f9:ed	-79
0	210.0	234.0	bstaff	8a:15:54:ab:10:0a	-84
0	210.0	234.0	Gucci	e0:d1:73:e9:f9:ee	-83
0	210.0	234.0	RessS33015!!RFd1	e2:55:2d:c0:ed:66	-84
0	210.0	234.0	1ST	a0:23:9f:c0:a6:81	-67
0	210.0	234.0	TiffanyandCo	ea:55:2d:c0:ed:66	-84
0	210.0	234.0	CLEANAIR_DF	00:c1:64:b3:3e:c3	-71
0	210.0	234.0		70:70:8b:bc:43:8e	-74
0	210.0	234.0		00:c1:64:b3:3e:c2	-74
0	210.0	234.0	Bryce	1c:de:a7:ee:48:32	-80
0	210.0	234.0	Redwood	1c:de:a7:ee:48:33	-81
0	210.0	234.0	Gucci	1c:de:a7:ee:48:31	-76
0	210.0	234.0		70:70:8b:bc:43:7e	-72
0	210.0	234.0		70:70:8b:bc:43:7f	-73
0	210.0	234.0	ShinsegaeDF	00:78:88:4e:f4:1e	-83
0	210.0	234.0	CLEANAIR_DF	00:78:88:4e:f4:1c	-82
0	210.0	234.0		00:78:88:4e:f4:1d	-85
0	210.0	234.0	olleh_WiFi_43B9_5GHz	08:5d:dd:d0:43:bc	-89
0	210.0	234.0	ZZ-Korea-XG_2.4G	14:cc:20:ef:99:c2	-73
0	210.0	234.0	ZZ-Korea-XG_5G	14:cc:20:ef:99:c1	-86
0	210.0	234.0	Linksys05005	c0:56:27:06:34:f2	-60
0	210.0	234.0	Linksys05005_5GHz	c0:56:27:06:34:f3	-63
0	210.0	234.0	1ST	a0:23:9f:b7:34:4e	-72
0	210.0	234.0	olleh_WiFi_43B9	08:5d:dd:d0:43:bd	-80
0	210.0	234.0	RCCWIFI	a0:23:9f:b7:34:4f	-74
0	210.0	234.0		e0:55:3d:c0:ed:66	-64
0	210.0	234.0	RessS33015!!RFv1	e6:55:2d:c0:ed:66	-83
0	210.0	234.0	bmobile	8e:15:54:ab:10:0a	-82
0	210.0	234.0	SA-Print-46-SL-J1760FW	b0:5a:da:a3:96:46	-73
0	210.0	234.0	iptime5G	88:36:6c:88:30:9a	-55
0	210.0	234.0	Fendi	00:26:66:7f:9e:e6	-71
0	210.0	234.0	ShinsegaeDF	00:c1:64:b3:3e:ce	-84
0	210.0	234.0		00:c1:64:b3:3e:cd	-83
0	210.0	234.0	CLEANAIR_DF	00:c1:64:b3:3e:cc	-83
0	210.0	234.0		00:c1:64:b3:3e:cf	-82
0	210.0	228.0	1ST	a0:23:9f:b7:34:41	-63
0	210.0	228.0	ShinsegaeDF	00:42:68:84:05:be	-75
0	210.0	228.0		00:42:68:84:05:bf	-72
0	210.0	228.0		00:78:88:4e:f4:12	-79
0	210.0	228.0	iptime	88:36:6c:88:30:98	-90
0	210.0	228.0	ShinsegaeDF	00:c1:64:96:de:2e	-85
0	210.0	228.0	HP-Print-09-Officejet Pro 6830	50:65:f3:e4:78:09	-72
0	210.0	228.0		00:c1:64:96:de:2f	-83
0	210.0	228.0	CLEANAIR_DF	00:42:68:84:05:bc	-67
0	210.0	228.0		00:42:68:84:05:bd	-69
0	210.0	228.0		70:70:8b:83:d1:bf	-72
0	210.0	228.0		70:70:8b:83:d1:be	-74
0	210.0	228.0		70:70:8b:83:d1:bd	-72
0	210.0	228.0		00:c8:8b:ff:82:cf	-78
0	210.0	228.0		00:c8:8b:ff:82:cd	-77
0	210.0	228.0	피플카운팅(전용5G)	88:36:6c:55:de:40	-73
0	210.0	228.0	ShinsegaeDF	00:c8:8b:ff:82:ce	-81
0	210.0	228.0	피플카운팅(전용)	88:36:6c:55:de:42	-69
0	210.0	228.0	CLEANAIR_DF	00:c8:8b:ff:82:cc	-81
0	210.0	228.0		00:42:68:84:05:b0	-57
0	210.0	228.0	ShinsegaeDF	00:42:68:84:05:b1	-53
0	210.0	228.0	CLEANAIR_DF	00:42:68:84:05:b3	-52
0	210.0	228.0	RessS33015!!RFd1	e2:55:2d:c0:d6:04	-84
0	210.0	228.0		b6:15:54:ab:10:0a	-83
0	210.0	228.0		00:c1:64:96:dd:b0	-60
0	210.0	228.0		70:70:8b:bc:43:8f	-72
0	210.0	228.0	Redwood	e0:d1:73:e9:f9:e3	-81
0	210.0	228.0	Gucci	e0:d1:73:e9:f9:e1	-80
0	210.0	228.0	CLEANAIR	a8:5b:f7:26:19:04	-80
0	210.0	228.0	F&B_WAITTING	a8:5b:f7:26:19:03	-81
0	210.0	228.0	Shinsegae_free_wifi_secure	a8:5b:f7:26:19:02	-80
0	210.0	228.0	CLEANAIR_DF	00:c1:64:96:dd:b3	-58
0	210.0	228.0		70:70:8b:d9:37:bf	-71
0	210.0	228.0		70:70:8b:d9:37:be	-71
0	210.0	228.0	Redwood	e0:d1:73:e9:f9:ec	-80
0	210.0	228.0		70:70:8b:d9:37:bd	-69
0	210.0	228.0	DEPTWIFI_PC	a8:5b:f7:26:19:06	-81
0	210.0	228.0	DIRECT-e1-HP M283 LaserJet	5e:fb:3a:94:dc:e1	-65
0	210.0	228.0	DEPTWIFI	a8:5b:f7:26:19:05	-81
0	210.0	228.0		de:55:3d:c0:ed:66	-71
0	210.0	228.0		70:70:8b:bc:47:6f	-83
0	210.0	228.0		70:70:8b:bc:47:6d	-87
0	210.0	228.0		70:70:8b:bc:47:6e	-82
0	210.0	228.0		00:c8:8b:ff:82:c2	-73
0	210.0	228.0	CLEANAIR_DF	00:c8:8b:ff:82:c3	-72
0	210.0	228.0		00:c8:8b:ff:82:c0	-76
0	210.0	228.0	Store_BA	00:ea:bd:bc:39:8c	-89
0	210.0	228.0	1ST	a0:23:9f:c0:a6:8e	-75
0	210.0	228.0	RCCWIFI	a0:23:9f:c0:a6:8f	-76
0	210.0	228.0		00:78:88:07:1b:2d	-86
0	210.0	228.0	CLEANAIR_DF	00:78:88:07:1b:2c	-82
0	210.0	228.0	ShinsegaeDF	00:78:88:07:1b:2e	-83
0	210.0	228.0	DEPTWIFI	a8:5b:f7:30:6b:c5	-87
0	210.0	228.0	bvoip	86:15:54:ab:10:0a	-84
0	210.0	228.0		70:70:8b:bc:43:7d	-69
0	210.0	228.0		00:c1:64:96:dd:bf	-63
0	210.0	228.0	ShinsegaeDF	00:c1:64:96:dd:be	-66
0	210.0	228.0		00:c1:64:96:dd:bd	-63
0	210.0	228.0	CLEANAIR_DF	00:c1:64:96:dd:bc	-62
0	210.0	228.0	RessS33015!!RFv1	e6:55:2d:c0:d6:04	-86
0	210.0	228.0	TiffanyandCo	ea:55:2d:c0:d6:04	-84
0	210.0	228.0	Bryce	e0:d1:73:e9:f9:ed	-79
0	210.0	228.0	bstaff	8a:15:54:ab:10:0a	-84
0	210.0	228.0	Gucci	e0:d1:73:e9:f9:ee	-83
0	210.0	228.0	RessS33015!!RFd1	e2:55:2d:c0:ed:66	-84
0	210.0	228.0	1ST	a0:23:9f:c0:a6:81	-67
0	210.0	228.0	TiffanyandCo	ea:55:2d:c0:ed:66	-84
0	210.0	228.0	CLEANAIR_DF	00:c1:64:b3:3e:c3	-71
0	210.0	228.0		70:70:8b:bc:43:8e	-74
0	210.0	228.0		00:c1:64:b3:3e:c2	-74
0	210.0	228.0	Bryce	1c:de:a7:ee:48:32	-80
0	210.0	228.0	Redwood	1c:de:a7:ee:48:33	-81
0	210.0	228.0	Gucci	1c:de:a7:ee:48:31	-76
0	210.0	228.0		70:70:8b:bc:43:7e	-72
0	210.0	228.0		70:70:8b:bc:43:7f	-73
0	210.0	228.0	ShinsegaeDF	00:78:88:4e:f4:1e	-83
0	210.0	228.0	CLEANAIR_DF	00:78:88:4e:f4:1c	-82
0	210.0	228.0		00:78:88:4e:f4:1d	-85
0	210.0	228.0	olleh_WiFi_43B9_5GHz	08:5d:dd:d0:43:bc	-89
0	210.0	228.0	ZZ-Korea-XG_2.4G	14:cc:20:ef:99:c2	-73
0	210.0	228.0	ZZ-Korea-XG_5G	14:cc:20:ef:99:c1	-86
0	210.0	228.0	Linksys05005	c0:56:27:06:34:f2	-60
0	210.0	228.0	Linksys05005_5GHz	c0:56:27:06:34:f3	-63
0	210.0	228.0	1ST	a0:23:9f:b7:34:4e	-72
0	210.0	228.0	olleh_WiFi_43B9	08:5d:dd:d0:43:bd	-80
0	210.0	228.0	RCCWIFI	a0:23:9f:b7:34:4f	-74
0	210.0	228.0		e0:55:3d:c0:ed:66	-64
0	210.0	228.0	RessS33015!!RFv1	e6:55:2d:c0:ed:66	-83
0	210.0	228.0	bmobile	8e:15:54:ab:10:0a	-82
0	210.0	228.0	SA-Print-46-SL-J1760FW	b0:5a:da:a3:96:46	-73
0	210.0	228.0	iptime5G	88:36:6c:88:30:9a	-55
0	210.0	228.0	Fendi	00:26:66:7f:9e:e6	-71
0	210.0	228.0	ShinsegaeDF	00:c1:64:b3:3e:ce	-84
0	210.0	228.0		00:c1:64:b3:3e:cd	-83
0	210.0	228.0	CLEANAIR_DF	00:c1:64:b3:3e:cc	-83
0	210.0	228.0		00:c1:64:b3:3e:cf	-82
0	210.0	222.0	1ST	a0:23:9f:b7:34:41	-63
0	210.0	222.0	ShinsegaeDF	00:42:68:84:05:be	-75
0	210.0	222.0		00:42:68:84:05:bf	-72
0	210.0	222.0		00:78:88:4e:f4:12	-79
0	210.0	222.0	iptime	88:36:6c:88:30:98	-90
0	210.0	222.0	ShinsegaeDF	00:c1:64:96:de:2e	-85
0	210.0	222.0	HP-Print-09-Officejet Pro 6830	50:65:f3:e4:78:09	-72
0	210.0	222.0		00:c1:64:96:de:2f	-83
0	210.0	222.0	CLEANAIR_DF	00:42:68:84:05:bc	-67
0	210.0	222.0		00:42:68:84:05:bd	-69
0	210.0	222.0		70:70:8b:83:d1:bf	-72
0	210.0	222.0		70:70:8b:83:d1:be	-74
0	210.0	222.0		70:70:8b:83:d1:bd	-72
0	210.0	222.0		00:c8:8b:ff:82:cf	-78
0	210.0	222.0		00:c8:8b:ff:82:cd	-77
0	210.0	222.0	피플카운팅(전용5G)	88:36:6c:55:de:40	-73
0	210.0	222.0	ShinsegaeDF	00:c8:8b:ff:82:ce	-81
0	210.0	222.0	피플카운팅(전용)	88:36:6c:55:de:42	-69
0	210.0	222.0	CLEANAIR_DF	00:c8:8b:ff:82:cc	-81
0	210.0	222.0		00:42:68:84:05:b0	-57
0	210.0	222.0	ShinsegaeDF	00:42:68:84:05:b1	-53
0	210.0	222.0	CLEANAIR_DF	00:42:68:84:05:b3	-52
0	210.0	222.0	RessS33015!!RFd1	e2:55:2d:c0:d6:04	-84
0	210.0	222.0		b6:15:54:ab:10:0a	-83
0	210.0	222.0		00:c1:64:96:dd:b0	-60
0	210.0	222.0		70:70:8b:bc:43:8f	-72
0	210.0	222.0	Redwood	e0:d1:73:e9:f9:e3	-81
0	210.0	222.0	Gucci	e0:d1:73:e9:f9:e1	-80
0	210.0	222.0	CLEANAIR	a8:5b:f7:26:19:04	-80
0	210.0	222.0	F&B_WAITTING	a8:5b:f7:26:19:03	-81
0	210.0	222.0	Shinsegae_free_wifi_secure	a8:5b:f7:26:19:02	-80
0	210.0	222.0	CLEANAIR_DF	00:c1:64:96:dd:b3	-58
0	210.0	222.0		70:70:8b:d9:37:bf	-71
0	210.0	222.0		70:70:8b:d9:37:be	-71
0	210.0	222.0	Redwood	e0:d1:73:e9:f9:ec	-80
0	210.0	222.0		70:70:8b:d9:37:bd	-69
0	210.0	222.0	DEPTWIFI_PC	a8:5b:f7:26:19:06	-81
0	210.0	222.0	DIRECT-e1-HP M283 LaserJet	5e:fb:3a:94:dc:e1	-65
0	210.0	222.0	DEPTWIFI	a8:5b:f7:26:19:05	-81
0	210.0	222.0		de:55:3d:c0:ed:66	-71
0	210.0	222.0		70:70:8b:bc:47:6f	-83
0	210.0	222.0		70:70:8b:bc:47:6d	-87
0	210.0	222.0		70:70:8b:bc:47:6e	-82
0	210.0	222.0		00:c8:8b:ff:82:c2	-73
0	210.0	222.0	CLEANAIR_DF	00:c8:8b:ff:82:c3	-72
0	210.0	222.0		00:c8:8b:ff:82:c0	-76
0	210.0	222.0	Store_BA	00:ea:bd:bc:39:8c	-89
0	210.0	222.0	1ST	a0:23:9f:c0:a6:8e	-75
0	210.0	222.0	RCCWIFI	a0:23:9f:c0:a6:8f	-76
0	210.0	222.0		00:78:88:07:1b:2d	-86
0	210.0	222.0	CLEANAIR_DF	00:78:88:07:1b:2c	-82
0	210.0	222.0	ShinsegaeDF	00:78:88:07:1b:2e	-83
0	210.0	222.0	DEPTWIFI	a8:5b:f7:30:6b:c5	-87
0	210.0	222.0	bvoip	86:15:54:ab:10:0a	-84
0	210.0	222.0		70:70:8b:bc:43:7d	-69
0	210.0	222.0		00:c1:64:96:dd:bf	-63
0	210.0	222.0	ShinsegaeDF	00:c1:64:96:dd:be	-66
0	210.0	222.0		00:c1:64:96:dd:bd	-63
0	210.0	222.0	CLEANAIR_DF	00:c1:64:96:dd:bc	-62
0	210.0	222.0	RessS33015!!RFv1	e6:55:2d:c0:d6:04	-86
0	210.0	222.0	TiffanyandCo	ea:55:2d:c0:d6:04	-84
0	210.0	222.0	Bryce	e0:d1:73:e9:f9:ed	-79
0	210.0	222.0	bstaff	8a:15:54:ab:10:0a	-84
0	210.0	222.0	Gucci	e0:d1:73:e9:f9:ee	-83
0	210.0	222.0	RessS33015!!RFd1	e2:55:2d:c0:ed:66	-84
0	210.0	222.0	1ST	a0:23:9f:c0:a6:81	-67
0	210.0	222.0	TiffanyandCo	ea:55:2d:c0:ed:66	-84
0	210.0	222.0	CLEANAIR_DF	00:c1:64:b3:3e:c3	-71
0	210.0	222.0		70:70:8b:bc:43:8e	-74
0	210.0	222.0		00:c1:64:b3:3e:c2	-74
0	210.0	222.0	Bryce	1c:de:a7:ee:48:32	-80
0	210.0	222.0	Redwood	1c:de:a7:ee:48:33	-81
0	210.0	222.0	Gucci	1c:de:a7:ee:48:31	-76
0	210.0	222.0		70:70:8b:bc:43:7e	-72
0	210.0	222.0		70:70:8b:bc:43:7f	-73
0	210.0	222.0	ShinsegaeDF	00:78:88:4e:f4:1e	-83
0	210.0	222.0	CLEANAIR_DF	00:78:88:4e:f4:1c	-82
0	210.0	222.0		00:78:88:4e:f4:1d	-85
0	210.0	222.0	olleh_WiFi_43B9_5GHz	08:5d:dd:d0:43:bc	-89
0	210.0	222.0	ZZ-Korea-XG_2.4G	14:cc:20:ef:99:c2	-73
0	210.0	222.0	ZZ-Korea-XG_5G	14:cc:20:ef:99:c1	-86
0	210.0	222.0	Linksys05005	c0:56:27:06:34:f2	-60
0	210.0	222.0	Linksys05005_5GHz	c0:56:27:06:34:f3	-63
0	210.0	222.0	1ST	a0:23:9f:b7:34:4e	-72
0	210.0	222.0	olleh_WiFi_43B9	08:5d:dd:d0:43:bd	-80
0	210.0	222.0	RCCWIFI	a0:23:9f:b7:34:4f	-74
0	210.0	222.0		e0:55:3d:c0:ed:66	-64
0	210.0	222.0	RessS33015!!RFv1	e6:55:2d:c0:ed:66	-83
0	210.0	222.0	bmobile	8e:15:54:ab:10:0a	-82
0	210.0	222.0	SA-Print-46-SL-J1760FW	b0:5a:da:a3:96:46	-73
0	210.0	222.0	iptime5G	88:36:6c:88:30:9a	-55
0	210.0	222.0	Fendi	00:26:66:7f:9e:e6	-71
0	210.0	222.0	ShinsegaeDF	00:c1:64:b3:3e:ce	-84
0	210.0	222.0		00:c1:64:b3:3e:cd	-83
0	210.0	222.0	CLEANAIR_DF	00:c1:64:b3:3e:cc	-83
0	210.0	222.0		00:c1:64:b3:3e:cf	-82
0	210.0	216.0	Redwood	00:ea:bd:bc:39:82	-90
0	210.0	216.0	ShinsegaeDF	00:42:68:84:05:be	-73
0	210.0	216.0		00:42:68:84:05:bf	-72
0	210.0	216.0	iptime	88:36:6c:88:30:98	-48
0	210.0	216.0	HP-Print-09-Officejet Pro 6830	50:65:f3:e4:78:09	-62
0	210.0	216.0		00:c1:64:96:de:2f	-87
0	210.0	216.0	Redwood	00:35:1a:4e:16:00	-88
0	210.0	216.0	CLEANAIR_DF	00:42:68:84:05:bc	-73
0	210.0	216.0		00:42:68:84:05:bd	-68
0	210.0	216.0		70:70:8b:83:d1:bf	-73
0	210.0	216.0		70:70:8b:83:d1:be	-69
0	210.0	216.0		70:70:8b:83:d1:bd	-71
0	210.0	216.0	CLEANAIR_DF	00:78:88:07:1b:23	-70
0	210.0	216.0	CLEANAIR_DF	00:78:88:4e:f4:13	-74
0	210.0	216.0		00:c8:8b:ff:82:cf	-83
0	210.0	216.0		00:c8:8b:ff:82:cd	-80
0	210.0	216.0	ShinsegaeDF	00:c8:8b:ff:82:ce	-83
0	210.0	216.0	CLEANAIR_DF	00:c8:8b:ff:82:cc	-83
0	210.0	216.0	Shinsegae_free_wifi_secure	a8:5b:f7:30:6b:c2	-85
0	210.0	216.0	RessS33015!!RFd1	e2:55:2d:c0:d6:04	-86
0	210.0	216.0		b6:15:54:ab:10:0a	-83
0	210.0	216.0		00:c1:64:96:dd:b2	-60
0	210.0	216.0	ShinsegaeDF	00:c1:64:96:dd:b1	-58
0	210.0	216.0		70:70:8b:bc:43:8f	-67
0	210.0	216.0	Redwood	e0:d1:73:e9:f9:e3	-80
0	210.0	216.0	CLEANAIR_DF	00:c1:64:96:dd:b3	-56
0	210.0	216.0		70:70:8b:d9:37:bf	-66
0	210.0	216.0		70:70:8b:d9:37:be	-66
0	210.0	216.0	Redwood	e0:d1:73:e9:f9:ec	-85
0	210.0	216.0		70:70:8b:d9:37:bd	-66
0	210.0	216.0	DIRECT-e1-HP M283 LaserJet	5e:fb:3a:94:dc:e1	-68
0	210.0	216.0		70:70:8b:bc:47:6f	-80
0	210.0	216.0		70:70:8b:bc:47:6d	-77
0	210.0	216.0	TOEBOX_5G	e8:65:d4:3f:9f:75	-79
0	210.0	216.0		70:70:8b:bc:47:6e	-80
0	210.0	216.0		00:c8:8b:ff:82:c2	-73
0	210.0	216.0	CLEANAIR_DF	00:c8:8b:ff:82:c3	-74
0	210.0	216.0	ShinsegaeDF	00:c8:8b:ff:82:c1	-73
0	210.0	216.0	1ST	a0:23:9f:c0:a6:8e	-77
0	210.0	216.0	RCCWIFI	a0:23:9f:c0:a6:8f	-78
0	210.0	216.0		66:29:d5:5f:ea:9d	-87
0	210.0	216.0	Maison_Balenciaga	00:ea:bd:bc:39:8e	-89
0	210.0	216.0		00:78:88:07:1b:2d	-79
0	210.0	216.0	CLEANAIR_DF	00:78:88:07:1b:2c	-79
0	210.0	216.0	ShinsegaeDF	00:78:88:07:1b:2e	-80
0	210.0	216.0	CLEANAIR	a8:5b:f7:30:6b:c4	-84
0	210.0	216.0	bvoip	86:15:54:ab:10:0a	-83
0	210.0	216.0	ShinsegaeDF	00:42:68:84:02:6e	-88
0	210.0	216.0		00:42:68:84:02:6d	-88
0	210.0	216.0	CLEANAIR_DF	00:42:68:84:02:6c	-87
0	210.0	216.0		70:70:8b:bc:43:7d	-73
0	210.0	216.0		00:c1:64:96:dd:bf	-64
0	210.0	216.0	ShinsegaeDF	00:c1:64:96:dd:be	-59
0	210.0	216.0		00:c1:64:96:dd:bd	-58
0	210.0	216.0	CLEANAIR_DF	00:c1:64:96:dd:bc	-62
0	210.0	216.0	RessS33015!!RFv1	e6:55:2d:c0:d6:04	-86
0	210.0	216.0	bon_5g	a8:5b:f7:32:23:d0	-85
0	210.0	216.0	TiffanyandCo	ea:55:2d:c0:d6:04	-86
0	210.0	216.0	DEPTWIFI_PC	a8:5b:f7:32:23:d6	-84
0	210.0	216.0	DEPTWIFI	a8:5b:f7:32:23:d5	-83
0	210.0	216.0	CLEANAIR	a8:5b:f7:32:23:d4	-85
0	210.0	216.0	F&B_WAITTING	a8:5b:f7:32:23:d3	-84
0	210.0	216.0	Bryce	e0:d1:73:e9:f9:ed	-78
0	210.0	216.0	bstaff	8a:15:54:ab:10:0a	-81
0	210.0	216.0	Gucci	e0:d1:73:e9:f9:ee	-82
0	210.0	216.0	RessS33015!!RFd1	e2:55:2d:c0:ed:66	-82
0	210.0	216.0		70:70:8b:bc:43:80	-80
0	210.0	216.0	1ST	a0:23:9f:c0:a6:81	-64
0	210.0	216.0	ShinsegaeDF	00:c1:64:b3:3e:c1	-79
0	210.0	216.0	TiffanyandCo	ea:55:2d:c0:ed:66	-82
0	210.0	216.0	QEELIN12001852	20:32:33:80:a4:df	-88
0	210.0	216.0		70:70:8b:bc:43:8d	-70
0	210.0	216.0	CLEANAIR_DF	00:c1:64:b3:3e:c3	-80
0	210.0	216.0	KT_GiGA_5G_EA9A	60:29:d5:5f:ea:9d	-88
0	210.0	216.0		70:70:8b:bc:43:8e	-71
0	210.0	216.0		00:c1:64:b3:3e:c2	-76
0	210.0	216.0	Bryce	1c:de:a7:ee:48:32	-76
0	210.0	216.0	Redwood	1c:de:a7:ee:48:33	-77
0	210.0	216.0	Gucci	1c:de:a7:ee:48:31	-77
0	210.0	216.0		e6:55:b8:27:7d:6e	-88
0	210.0	216.0		70:70:8b:bc:43:7e	-72
0	210.0	216.0		70:70:8b:bc:43:7f	-70
0	210.0	216.0		00:42:68:84:02:6f	-88
0	210.0	216.0	ShinsegaeDF	00:78:88:4e:f4:1e	-81
0	210.0	216.0		00:78:88:4e:f4:1f	-80
0	210.0	216.0	CLEANAIR_DF	00:78:88:4e:f4:1c	-81
0	210.0	216.0		00:78:88:4e:f4:1d	-81
0	210.0	216.0	olleh_WiFi_43B9_5GHz	08:5d:dd:d0:43:bc	-93
0	210.0	216.0	ZZ-Korea-XG_5G	14:cc:20:ef:99:c1	-87
0	210.0	216.0	Linksys05005	c0:56:27:06:34:f2	-54
0	210.0	216.0	Linksys05005_5GHz	c0:56:27:06:34:f3	-60
0	210.0	216.0	1ST	a0:23:9f:b7:34:4e	-71
0	210.0	216.0	RCCWIFI	a0:23:9f:b7:34:4f	-72
0	210.0	216.0	RessS33015!!RFv1	e6:55:2d:c0:ed:66	-82
0	210.0	216.0		de:55:3d:c0:d6:04	-73
0	210.0	216.0	bmobile	8e:15:54:ab:10:0a	-83
0	210.0	216.0	SA-Print-46-SL-J1760FW	b0:5a:da:a3:96:46	-78
0	210.0	216.0	iptime5G	88:36:6c:88:30:9a	-63
0	210.0	216.0	Fendi	00:26:66:7f:9e:e6	-78
0	210.0	216.0	ShinsegaeDF	00:c1:64:b3:3e:ce	-80
0	210.0	216.0		00:c1:64:b3:3e:cd	-81
0	210.0	216.0	CLEANAIR_DF	00:c1:64:b3:3e:cc	-79
0	210.0	216.0		00:c1:64:b3:3e:cf	-78
0	210.0	210.0	Redwood	00:ea:bd:bc:39:82	-90
0	210.0	210.0	ShinsegaeDF	00:42:68:84:05:be	-73
0	210.0	210.0		00:42:68:84:05:bf	-72
0	210.0	210.0	iptime	88:36:6c:88:30:98	-48
0	210.0	210.0	HP-Print-09-Officejet Pro 6830	50:65:f3:e4:78:09	-62
0	210.0	210.0		00:c1:64:96:de:2f	-87
0	210.0	210.0	Redwood	00:35:1a:4e:16:00	-88
0	210.0	210.0	CLEANAIR_DF	00:42:68:84:05:bc	-73
0	210.0	210.0		00:42:68:84:05:bd	-68
0	210.0	210.0		70:70:8b:83:d1:bf	-73
0	210.0	210.0		70:70:8b:83:d1:be	-69
0	210.0	210.0		70:70:8b:83:d1:bd	-71
0	210.0	210.0	CLEANAIR_DF	00:78:88:07:1b:23	-70
0	210.0	210.0	CLEANAIR_DF	00:78:88:4e:f4:13	-74
0	210.0	210.0		00:c8:8b:ff:82:cf	-83
0	210.0	210.0		00:c8:8b:ff:82:cd	-80
0	210.0	210.0	ShinsegaeDF	00:c8:8b:ff:82:ce	-83
0	210.0	210.0	CLEANAIR_DF	00:c8:8b:ff:82:cc	-83
0	210.0	210.0	Shinsegae_free_wifi_secure	a8:5b:f7:30:6b:c2	-85
0	210.0	210.0	RessS33015!!RFd1	e2:55:2d:c0:d6:04	-86
0	210.0	210.0		b6:15:54:ab:10:0a	-83
0	210.0	210.0		00:c1:64:96:dd:b2	-60
0	210.0	210.0	ShinsegaeDF	00:c1:64:96:dd:b1	-58
0	210.0	210.0		70:70:8b:bc:43:8f	-67
0	210.0	210.0	Redwood	e0:d1:73:e9:f9:e3	-80
0	210.0	210.0	CLEANAIR_DF	00:c1:64:96:dd:b3	-56
0	210.0	210.0		70:70:8b:d9:37:bf	-66
0	210.0	210.0		70:70:8b:d9:37:be	-66
0	210.0	210.0	Redwood	e0:d1:73:e9:f9:ec	-85
0	210.0	210.0		70:70:8b:d9:37:bd	-66
0	210.0	210.0	DIRECT-e1-HP M283 LaserJet	5e:fb:3a:94:dc:e1	-68
0	210.0	210.0		70:70:8b:bc:47:6f	-80
0	210.0	210.0		70:70:8b:bc:47:6d	-77
0	210.0	210.0	TOEBOX_5G	e8:65:d4:3f:9f:75	-79
0	210.0	210.0		70:70:8b:bc:47:6e	-80
0	210.0	210.0		00:c8:8b:ff:82:c2	-73
0	210.0	210.0	CLEANAIR_DF	00:c8:8b:ff:82:c3	-74
0	210.0	210.0	ShinsegaeDF	00:c8:8b:ff:82:c1	-73
0	210.0	210.0	1ST	a0:23:9f:c0:a6:8e	-77
0	210.0	210.0	RCCWIFI	a0:23:9f:c0:a6:8f	-78
0	210.0	210.0		66:29:d5:5f:ea:9d	-87
0	210.0	210.0	Maison_Balenciaga	00:ea:bd:bc:39:8e	-89
0	210.0	210.0		00:78:88:07:1b:2d	-79
0	210.0	210.0	CLEANAIR_DF	00:78:88:07:1b:2c	-79
0	210.0	210.0	ShinsegaeDF	00:78:88:07:1b:2e	-80
0	210.0	210.0	CLEANAIR	a8:5b:f7:30:6b:c4	-84
0	210.0	210.0	bvoip	86:15:54:ab:10:0a	-83
0	210.0	210.0	ShinsegaeDF	00:42:68:84:02:6e	-88
0	210.0	210.0		00:42:68:84:02:6d	-88
0	210.0	210.0	CLEANAIR_DF	00:42:68:84:02:6c	-87
0	210.0	210.0		70:70:8b:bc:43:7d	-73
0	210.0	210.0		00:c1:64:96:dd:bf	-64
0	210.0	210.0	ShinsegaeDF	00:c1:64:96:dd:be	-59
0	210.0	210.0		00:c1:64:96:dd:bd	-58
0	210.0	210.0	CLEANAIR_DF	00:c1:64:96:dd:bc	-62
0	210.0	210.0	RessS33015!!RFv1	e6:55:2d:c0:d6:04	-86
0	210.0	210.0	bon_5g	a8:5b:f7:32:23:d0	-85
0	210.0	210.0	TiffanyandCo	ea:55:2d:c0:d6:04	-86
0	210.0	210.0	DEPTWIFI_PC	a8:5b:f7:32:23:d6	-84
0	210.0	210.0	DEPTWIFI	a8:5b:f7:32:23:d5	-83
0	210.0	210.0	CLEANAIR	a8:5b:f7:32:23:d4	-85
0	210.0	210.0	F&B_WAITTING	a8:5b:f7:32:23:d3	-84
0	210.0	210.0	Bryce	e0:d1:73:e9:f9:ed	-78
0	210.0	210.0	bstaff	8a:15:54:ab:10:0a	-81
0	210.0	210.0	Gucci	e0:d1:73:e9:f9:ee	-82
0	210.0	210.0	RessS33015!!RFd1	e2:55:2d:c0:ed:66	-82
0	210.0	210.0		70:70:8b:bc:43:80	-80
0	210.0	210.0	1ST	a0:23:9f:c0:a6:81	-64
0	210.0	210.0	ShinsegaeDF	00:c1:64:b3:3e:c1	-79
0	210.0	210.0	TiffanyandCo	ea:55:2d:c0:ed:66	-82
0	210.0	210.0	QEELIN12001852	20:32:33:80:a4:df	-88
0	210.0	210.0		70:70:8b:bc:43:8d	-70
0	210.0	210.0	CLEANAIR_DF	00:c1:64:b3:3e:c3	-80
0	210.0	210.0	KT_GiGA_5G_EA9A	60:29:d5:5f:ea:9d	-88
0	210.0	210.0		70:70:8b:bc:43:8e	-71
0	210.0	210.0		00:c1:64:b3:3e:c2	-76
0	210.0	210.0	Bryce	1c:de:a7:ee:48:32	-76
0	210.0	210.0	Redwood	1c:de:a7:ee:48:33	-77
0	210.0	210.0	Gucci	1c:de:a7:ee:48:31	-77
0	210.0	210.0		e6:55:b8:27:7d:6e	-88
0	210.0	210.0		70:70:8b:bc:43:7e	-72
0	210.0	210.0		70:70:8b:bc:43:7f	-70
0	210.0	210.0		00:42:68:84:02:6f	-88
0	210.0	210.0	ShinsegaeDF	00:78:88:4e:f4:1e	-81
0	210.0	210.0		00:78:88:4e:f4:1f	-80
0	210.0	210.0	CLEANAIR_DF	00:78:88:4e:f4:1c	-81
0	210.0	210.0		00:78:88:4e:f4:1d	-81
0	210.0	210.0	olleh_WiFi_43B9_5GHz	08:5d:dd:d0:43:bc	-93
0	210.0	210.0	ZZ-Korea-XG_5G	14:cc:20:ef:99:c1	-87
0	210.0	210.0	Linksys05005	c0:56:27:06:34:f2	-54
0	210.0	210.0	Linksys05005_5GHz	c0:56:27:06:34:f3	-60
0	210.0	210.0	1ST	a0:23:9f:b7:34:4e	-71
0	210.0	210.0	RCCWIFI	a0:23:9f:b7:34:4f	-72
0	210.0	210.0	RessS33015!!RFv1	e6:55:2d:c0:ed:66	-82
0	210.0	210.0		de:55:3d:c0:d6:04	-73
0	210.0	210.0	bmobile	8e:15:54:ab:10:0a	-83
0	210.0	210.0	SA-Print-46-SL-J1760FW	b0:5a:da:a3:96:46	-78
0	210.0	210.0	iptime5G	88:36:6c:88:30:9a	-63
0	210.0	210.0	Fendi	00:26:66:7f:9e:e6	-78
0	210.0	210.0	ShinsegaeDF	00:c1:64:b3:3e:ce	-80
0	210.0	210.0		00:c1:64:b3:3e:cd	-81
0	210.0	210.0	CLEANAIR_DF	00:c1:64:b3:3e:cc	-79
0	210.0	210.0		00:c1:64:b3:3e:cf	-78
0	210.0	204.0	Redwood	00:ea:bd:bc:39:82	-90
0	210.0	204.0	ShinsegaeDF	00:42:68:84:05:be	-73
0	210.0	204.0		00:42:68:84:05:bf	-72
0	210.0	204.0	iptime	88:36:6c:88:30:98	-48
0	210.0	204.0	HP-Print-09-Officejet Pro 6830	50:65:f3:e4:78:09	-62
0	210.0	204.0		00:c1:64:96:de:2f	-87
0	210.0	204.0	Redwood	00:35:1a:4e:16:00	-88
0	210.0	204.0	CLEANAIR_DF	00:42:68:84:05:bc	-73
0	210.0	204.0		00:42:68:84:05:bd	-68
0	210.0	204.0		70:70:8b:83:d1:bf	-73
0	210.0	204.0		70:70:8b:83:d1:be	-69
0	210.0	204.0		70:70:8b:83:d1:bd	-71
0	210.0	204.0	CLEANAIR_DF	00:78:88:07:1b:23	-70
0	210.0	204.0	CLEANAIR_DF	00:78:88:4e:f4:13	-74
0	210.0	204.0		00:c8:8b:ff:82:cf	-83
0	210.0	204.0		00:c8:8b:ff:82:cd	-80
0	210.0	204.0	ShinsegaeDF	00:c8:8b:ff:82:ce	-83
0	210.0	204.0	CLEANAIR_DF	00:c8:8b:ff:82:cc	-83
0	210.0	204.0	Shinsegae_free_wifi_secure	a8:5b:f7:30:6b:c2	-85
0	210.0	204.0	RessS33015!!RFd1	e2:55:2d:c0:d6:04	-86
0	210.0	204.0		b6:15:54:ab:10:0a	-83
0	210.0	204.0		00:c1:64:96:dd:b2	-60
0	210.0	204.0	ShinsegaeDF	00:c1:64:96:dd:b1	-58
0	210.0	204.0		70:70:8b:bc:43:8f	-67
0	210.0	204.0	Redwood	e0:d1:73:e9:f9:e3	-80
0	210.0	204.0	CLEANAIR_DF	00:c1:64:96:dd:b3	-56
0	210.0	204.0		70:70:8b:d9:37:bf	-66
0	210.0	204.0		70:70:8b:d9:37:be	-66
0	210.0	204.0	Redwood	e0:d1:73:e9:f9:ec	-85
0	210.0	204.0		70:70:8b:d9:37:bd	-66
0	210.0	204.0	DIRECT-e1-HP M283 LaserJet	5e:fb:3a:94:dc:e1	-68
0	210.0	204.0		70:70:8b:bc:47:6f	-80
0	210.0	204.0		70:70:8b:bc:47:6d	-77
0	210.0	204.0	TOEBOX_5G	e8:65:d4:3f:9f:75	-79
0	210.0	204.0		70:70:8b:bc:47:6e	-80
0	210.0	204.0		00:c8:8b:ff:82:c2	-73
0	210.0	204.0	CLEANAIR_DF	00:c8:8b:ff:82:c3	-74
0	210.0	204.0	ShinsegaeDF	00:c8:8b:ff:82:c1	-73
0	210.0	204.0	1ST	a0:23:9f:c0:a6:8e	-77
0	210.0	204.0	RCCWIFI	a0:23:9f:c0:a6:8f	-78
0	210.0	204.0		66:29:d5:5f:ea:9d	-87
0	210.0	204.0	Maison_Balenciaga	00:ea:bd:bc:39:8e	-89
0	210.0	204.0		00:78:88:07:1b:2d	-79
0	210.0	204.0	CLEANAIR_DF	00:78:88:07:1b:2c	-79
0	210.0	204.0	ShinsegaeDF	00:78:88:07:1b:2e	-80
0	210.0	204.0	CLEANAIR	a8:5b:f7:30:6b:c4	-84
0	210.0	204.0	bvoip	86:15:54:ab:10:0a	-83
0	210.0	204.0	ShinsegaeDF	00:42:68:84:02:6e	-88
0	210.0	204.0		00:42:68:84:02:6d	-88
0	210.0	204.0	CLEANAIR_DF	00:42:68:84:02:6c	-87
0	210.0	204.0		70:70:8b:bc:43:7d	-73
0	210.0	204.0		00:c1:64:96:dd:bf	-64
0	210.0	204.0	ShinsegaeDF	00:c1:64:96:dd:be	-59
0	210.0	204.0		00:c1:64:96:dd:bd	-58
0	210.0	204.0	CLEANAIR_DF	00:c1:64:96:dd:bc	-62
0	210.0	204.0	RessS33015!!RFv1	e6:55:2d:c0:d6:04	-86
0	210.0	204.0	bon_5g	a8:5b:f7:32:23:d0	-85
0	210.0	204.0	TiffanyandCo	ea:55:2d:c0:d6:04	-86
0	210.0	204.0	DEPTWIFI_PC	a8:5b:f7:32:23:d6	-84
0	210.0	204.0	DEPTWIFI	a8:5b:f7:32:23:d5	-83
0	210.0	204.0	CLEANAIR	a8:5b:f7:32:23:d4	-85
0	210.0	204.0	F&B_WAITTING	a8:5b:f7:32:23:d3	-84
0	210.0	204.0	Bryce	e0:d1:73:e9:f9:ed	-78
0	210.0	204.0	bstaff	8a:15:54:ab:10:0a	-81
0	210.0	204.0	Gucci	e0:d1:73:e9:f9:ee	-82
0	210.0	204.0	RessS33015!!RFd1	e2:55:2d:c0:ed:66	-82
0	210.0	204.0		70:70:8b:bc:43:80	-80
0	210.0	204.0	1ST	a0:23:9f:c0:a6:81	-64
0	210.0	204.0	ShinsegaeDF	00:c1:64:b3:3e:c1	-79
0	210.0	204.0	TiffanyandCo	ea:55:2d:c0:ed:66	-82
0	210.0	204.0	QEELIN12001852	20:32:33:80:a4:df	-88
0	210.0	204.0		70:70:8b:bc:43:8d	-70
0	210.0	204.0	CLEANAIR_DF	00:c1:64:b3:3e:c3	-80
0	210.0	204.0	KT_GiGA_5G_EA9A	60:29:d5:5f:ea:9d	-88
0	210.0	204.0		70:70:8b:bc:43:8e	-71
0	210.0	204.0		00:c1:64:b3:3e:c2	-76
0	210.0	204.0	Bryce	1c:de:a7:ee:48:32	-76
0	210.0	204.0	Redwood	1c:de:a7:ee:48:33	-77
0	210.0	204.0	Gucci	1c:de:a7:ee:48:31	-77
0	210.0	204.0		e6:55:b8:27:7d:6e	-88
0	210.0	204.0		70:70:8b:bc:43:7e	-72
0	210.0	204.0		70:70:8b:bc:43:7f	-70
0	210.0	204.0		00:42:68:84:02:6f	-88
0	210.0	204.0	ShinsegaeDF	00:78:88:4e:f4:1e	-81
0	210.0	204.0		00:78:88:4e:f4:1f	-80
0	210.0	204.0	CLEANAIR_DF	00:78:88:4e:f4:1c	-81
0	210.0	204.0		00:78:88:4e:f4:1d	-81
0	210.0	204.0	olleh_WiFi_43B9_5GHz	08:5d:dd:d0:43:bc	-93
0	210.0	204.0	ZZ-Korea-XG_5G	14:cc:20:ef:99:c1	-87
0	210.0	204.0	Linksys05005	c0:56:27:06:34:f2	-54
0	210.0	204.0	Linksys05005_5GHz	c0:56:27:06:34:f3	-60
0	210.0	204.0	1ST	a0:23:9f:b7:34:4e	-71
0	210.0	204.0	RCCWIFI	a0:23:9f:b7:34:4f	-72
0	210.0	204.0	RessS33015!!RFv1	e6:55:2d:c0:ed:66	-82
0	210.0	204.0		de:55:3d:c0:d6:04	-73
0	210.0	204.0	bmobile	8e:15:54:ab:10:0a	-83
0	210.0	204.0	SA-Print-46-SL-J1760FW	b0:5a:da:a3:96:46	-78
0	210.0	204.0	iptime5G	88:36:6c:88:30:9a	-63
0	210.0	204.0	Fendi	00:26:66:7f:9e:e6	-78
0	210.0	204.0	ShinsegaeDF	00:c1:64:b3:3e:ce	-80
0	210.0	204.0		00:c1:64:b3:3e:cd	-81
0	210.0	204.0	CLEANAIR_DF	00:c1:64:b3:3e:cc	-79
0	210.0	204.0		00:c1:64:b3:3e:cf	-78
1	210.0	204.0	Redwood	00:ea:bd:bc:39:82	-90
1	210.0	204.0	ShinsegaeDF	00:42:68:84:05:be	-73
1	210.0	204.0		00:42:68:84:05:bf	-72
1	210.0	204.0	iptime	88:36:6c:88:30:98	-48
1	210.0	204.0	HP-Print-09-Officejet Pro 6830	50:65:f3:e4:78:09	-62
1	210.0	204.0		00:c1:64:96:de:2f	-87
1	210.0	204.0	Redwood	00:35:1a:4e:16:00	-88
1	210.0	204.0	CLEANAIR_DF	00:42:68:84:05:bc	-73
1	210.0	204.0		00:42:68:84:05:bd	-68
1	210.0	204.0		70:70:8b:83:d1:bf	-73
1	210.0	204.0		70:70:8b:83:d1:be	-69
1	210.0	204.0		70:70:8b:83:d1:bd	-71
1	210.0	204.0	CLEANAIR_DF	00:78:88:07:1b:23	-70
1	210.0	204.0	CLEANAIR_DF	00:78:88:4e:f4:13	-74
1	210.0	204.0		00:c8:8b:ff:82:cf	-83
1	210.0	204.0		00:c8:8b:ff:82:cd	-80
1	210.0	204.0	ShinsegaeDF	00:c8:8b:ff:82:ce	-83
1	210.0	204.0	CLEANAIR_DF	00:c8:8b:ff:82:cc	-83
1	210.0	204.0	Shinsegae_free_wifi_secure	a8:5b:f7:30:6b:c2	-85
1	210.0	204.0	RessS33015!!RFd1	e2:55:2d:c0:d6:04	-86
1	210.0	204.0		b6:15:54:ab:10:0a	-83
1	210.0	204.0		00:c1:64:96:dd:b2	-60
1	210.0	204.0	ShinsegaeDF	00:c1:64:96:dd:b1	-58
1	210.0	204.0		70:70:8b:bc:43:8f	-67
1	210.0	204.0	Redwood	e0:d1:73:e9:f9:e3	-80
1	210.0	204.0	CLEANAIR_DF	00:c1:64:96:dd:b3	-56
1	210.0	204.0		70:70:8b:d9:37:bf	-66
1	210.0	204.0		70:70:8b:d9:37:be	-66
1	210.0	204.0	Redwood	e0:d1:73:e9:f9:ec	-85
1	210.0	204.0		70:70:8b:d9:37:bd	-66
1	210.0	204.0	DIRECT-e1-HP M283 LaserJet	5e:fb:3a:94:dc:e1	-68
1	210.0	204.0		70:70:8b:bc:47:6f	-80
1	210.0	204.0		70:70:8b:bc:47:6d	-77
1	210.0	204.0	TOEBOX_5G	e8:65:d4:3f:9f:75	-79
1	210.0	204.0		70:70:8b:bc:47:6e	-80
1	210.0	204.0		00:c8:8b:ff:82:c2	-73
1	210.0	204.0	CLEANAIR_DF	00:c8:8b:ff:82:c3	-74
1	210.0	204.0	ShinsegaeDF	00:c8:8b:ff:82:c1	-73
1	210.0	204.0	1ST	a0:23:9f:c0:a6:8e	-77
1	210.0	204.0	RCCWIFI	a0:23:9f:c0:a6:8f	-78
1	210.0	204.0		66:29:d5:5f:ea:9d	-87
1	210.0	204.0	Maison_Balenciaga	00:ea:bd:bc:39:8e	-89
1	210.0	204.0		00:78:88:07:1b:2d	-79
1	210.0	204.0	CLEANAIR_DF	00:78:88:07:1b:2c	-79
1	210.0	204.0	ShinsegaeDF	00:78:88:07:1b:2e	-80
1	210.0	204.0	CLEANAIR	a8:5b:f7:30:6b:c4	-84
1	210.0	204.0	bvoip	86:15:54:ab:10:0a	-83
1	210.0	204.0	ShinsegaeDF	00:42:68:84:02:6e	-88
1	210.0	204.0		00:42:68:84:02:6d	-88
1	210.0	204.0	CLEANAIR_DF	00:42:68:84:02:6c	-87
1	210.0	204.0		70:70:8b:bc:43:7d	-73
1	210.0	204.0		00:c1:64:96:dd:bf	-64
1	210.0	204.0	ShinsegaeDF	00:c1:64:96:dd:be	-59
1	210.0	204.0		00:c1:64:96:dd:bd	-58
1	210.0	204.0	CLEANAIR_DF	00:c1:64:96:dd:bc	-62
1	210.0	204.0	RessS33015!!RFv1	e6:55:2d:c0:d6:04	-86
1	210.0	204.0	bon_5g	a8:5b:f7:32:23:d0	-85
1	210.0	204.0	TiffanyandCo	ea:55:2d:c0:d6:04	-86
1	210.0	204.0	DEPTWIFI_PC	a8:5b:f7:32:23:d6	-84
1	210.0	204.0	DEPTWIFI	a8:5b:f7:32:23:d5	-83
1	210.0	204.0	CLEANAIR	a8:5b:f7:32:23:d4	-85
1	210.0	204.0	F&B_WAITTING	a8:5b:f7:32:23:d3	-84
1	210.0	204.0	Bryce	e0:d1:73:e9:f9:ed	-78
1	210.0	204.0	bstaff	8a:15:54:ab:10:0a	-81
1	210.0	204.0	Gucci	e0:d1:73:e9:f9:ee	-82
1	210.0	204.0	RessS33015!!RFd1	e2:55:2d:c0:ed:66	-82
1	210.0	204.0		70:70:8b:bc:43:80	-80
1	210.0	204.0	1ST	a0:23:9f:c0:a6:81	-64
1	210.0	204.0	ShinsegaeDF	00:c1:64:b3:3e:c1	-79
1	210.0	204.0	TiffanyandCo	ea:55:2d:c0:ed:66	-82
1	210.0	204.0	QEELIN12001852	20:32:33:80:a4:df	-88
1	210.0	204.0		70:70:8b:bc:43:8d	-70
1	210.0	204.0	CLEANAIR_DF	00:c1:64:b3:3e:c3	-80
1	210.0	204.0	KT_GiGA_5G_EA9A	60:29:d5:5f:ea:9d	-88
1	210.0	204.0		70:70:8b:bc:43:8e	-71
1	210.0	204.0		00:c1:64:b3:3e:c2	-76
1	210.0	204.0	Bryce	1c:de:a7:ee:48:32	-76
1	210.0	204.0	Redwood	1c:de:a7:ee:48:33	-77
1	210.0	204.0	Gucci	1c:de:a7:ee:48:31	-77
1	210.0	204.0		e6:55:b8:27:7d:6e	-88
1	210.0	204.0		70:70:8b:bc:43:7e	-72
1	210.0	204.0		70:70:8b:bc:43:7f	-70
1	210.0	204.0		00:42:68:84:02:6f	-88
1	210.0	204.0	ShinsegaeDF	00:78:88:4e:f4:1e	-81
1	210.0	204.0		00:78:88:4e:f4:1f	-80
1	210.0	204.0	CLEANAIR_DF	00:78:88:4e:f4:1c	-81
1	210.0	204.0		00:78:88:4e:f4:1d	-81
1	210.0	204.0	olleh_WiFi_43B9_5GHz	08:5d:dd:d0:43:bc	-93
1	210.0	204.0	ZZ-Korea-XG_5G	14:cc:20:ef:99:c1	-87
1	210.0	204.0	Linksys05005	c0:56:27:06:34:f2	-54
1	210.0	204.0	Linksys05005_5GHz	c0:56:27:06:34:f3	-60
1	210.0	204.0	1ST	a0:23:9f:b7:34:4e	-71
1	210.0	204.0	RCCWIFI	a0:23:9f:b7:34:4f	-72
1	210.0	204.0	RessS33015!!RFv1	e6:55:2d:c0:ed:66	-82
1	210.0	204.0		de:55:3d:c0:d6:04	-73
1	210.0	204.0	bmobile	8e:15:54:ab:10:0a	-83
1	210.0	204.0	SA-Print-46-SL-J1760FW	b0:5a:da:a3:96:46	-78
1	210.0	204.0	iptime5G	88:36:6c:88:30:9a	-63
1	210.0	204.0	Fendi	00:26:66:7f:9e:e6	-78
1	210.0	204.0	ShinsegaeDF	00:c1:64:b3:3e:ce	-80
1	210.0	204.0		00:c1:64:b3:3e:cd	-81
1	210.0	204.0	CLEANAIR_DF	00:c1:64:b3:3e:cc	-79
1	210.0	204.0		00:c1:64:b3:3e:cf	-78
