0	24.0	198.0		00:3a:7d:3d:85:bf	-84
0	24.0	198.0	HP-Print-09-Officejet Pro 6830	50:65:f3:e4:78:09	-83
0	24.0	198.0		70:70:8b:83:d1:be	-88
0	24.0	198.0		70:70:8b:83:d1:bd	-87
0	24.0	198.0	Galaxy A232044	e6:86:1a:66:4d:5e	-60
0	24.0	198.0		70:70:8b:b2:ce:0d	-85
0	24.0	198.0		70:70:8b:b2:ce:0e	-85
0	24.0	198.0	피플카운팅(전용5G)	88:36:6c:55:de:40	-61
0	24.0	198.0	피플카운팅(전용)	88:36:6c:55:de:42	-54
0	24.0	198.0	ShinsegaeDF	00:c1:64:96:dd:b1	-74
0	24.0	198.0		70:70:8b:bc:43:8f	-77
0	24.0	198.0	Gucci	e0:d1:73:e9:f9:e1	-91
0	24.0	198.0	F&B_WAITTING	a8:5b:f7:26:19:03	-78
0	24.0	198.0	Shinsegae_free_wifi_secure	a8:5b:f7:26:19:02	-79
0	24.0	198.0	Shinsegae_free_wifi	a8:5b:f7:26:19:01	-79
0	24.0	198.0	CLEANAIR_DF	00:c1:64:96:dd:b3	-76
0	24.0	198.0		70:70:8b:d9:37:bf	-86
0	24.0	198.0		70:70:8b:d9:37:be	-87
0	24.0	198.0	TOEBOX	e8:65:d4:3f:9f:71	-74
0	24.0	198.0	DEPTWIFI_PC	a8:5b:f7:26:19:06	-78
0	24.0	198.0		70:70:8b:d9:37:bd	-86
0	24.0	198.0	DIRECT-e1-HP M283 LaserJet	5e:fb:3a:94:dc:e1	-68
0	24.0	198.0	DEPTWIFI	a8:5b:f7:26:19:05	-79
0	24.0	198.0		70:70:8b:bc:47:6f	-74
0	24.0	198.0		70:70:8b:bc:47:6d	-75
0	24.0	198.0	TOEBOX_5G	e8:65:d4:3f:9f:75	-82
0	24.0	198.0		70:70:8b:bc:47:6e	-74
0	24.0	198.0	1ST	a0:23:9f:c0:a6:8e	-85
0	24.0	198.0	RCCWIFI	a0:23:9f:c0:a6:8f	-85
0	24.0	198.0		00:78:88:07:1b:2d	-86
0	24.0	198.0	CLEANAIR_DF	00:78:88:07:1b:2c	-85
0	24.0	198.0	ShinsegaeDF	00:78:88:07:1b:2e	-85
0	24.0	198.0	DEPTWIFI_PC	a8:5b:f7:30:6b:c6	-88
0	24.0	198.0	F&B_WAITTING	a8:5b:f7:33:2f:c3	-79
0	24.0	198.0	CLEANAIR	a8:5b:f7:33:2f:c4	-79
0	24.0	198.0	bvoip	86:15:54:ab:10:0a	-87
0	24.0	198.0		70:70:8b:bc:43:7d	-55
0	24.0	198.0		00:c1:64:96:dd:bf	-69
0	24.0	198.0	ShinsegaeDF	00:c1:64:96:dd:be	-70
0	24.0	198.0		00:c1:64:96:dd:bd	-71
0	24.0	198.0	CLEANAIR_DF	00:c1:64:96:dd:bc	-69
0	24.0	198.0	DEPTWIFI	a8:5b:f7:32:23:d5	-86
0	24.0	198.0	CLEANAIR	a8:5b:f7:32:23:d4	-88
0	24.0	198.0	bstaff	8a:15:54:ab:10:0a	-86
0	24.0	198.0	F&B_WAITTING	a8:5b:f7:33:2f:d3	-94
0	24.0	198.0	CLEANAIR	a8:5b:f7:33:2f:d4	-93
0	24.0	198.0	DEPTWIFI	a8:5b:f7:33:2f:d5	-91
0	24.0	198.0	DEPTWIFI_PC	a8:5b:f7:33:2f:d6	-92
0	24.0	198.0	CLEANAIR_DF	00:c1:64:b3:3e:c3	-53
0	24.0	198.0		70:70:8b:bc:43:8d	-76
0	24.0	198.0		00:c1:64:b3:3e:c2	-51
0	24.0	198.0		70:70:8b:bc:43:8e	-75
0	24.0	198.0	Redwood	1c:de:a7:ee:48:33	-88
0	24.0	198.0		70:70:8b:bc:43:7e	-55
0	24.0	198.0		70:70:8b:bc:43:7f	-54
0	24.0	198.0		00:78:88:4e:f4:1f	-90
0	24.0	198.0	Linksys05005	c0:56:27:06:34:f2	-61
0	24.0	198.0	Linksys05005_5GHz	c0:56:27:06:34:f3	-71
0	24.0	198.0	bmobile	8e:15:54:ab:10:0a	-86
0	24.0	198.0	Shinsegae_free_wifi_secure	b0:1f:8c:c8:ae:a2	-85
0	24.0	198.0	iptime5G	88:36:6c:88:30:9a	-81
0	24.0	198.0	bon_2g	a8:5b:f7:32:23:c0	-88
0	24.0	198.0	ShinsegaeDF	00:c1:64:b3:3e:ce	-53
0	24.0	198.0		70:70:8b:bc:43:71	-69
0	24.0	198.0		00:c1:64:b3:3e:cd	-52
0	24.0	198.0	CLEANAIR_DF	00:c1:64:b3:3e:cc	-53
0	24.0	198.0		00:c1:64:b3:3e:cf	-52
1	24.0	198.0		00:3a:7d:3d:85:bf	-84
1	24.0	198.0	HP-Print-09-Officejet Pro 6830	50:65:f3:e4:78:09	-83
1	24.0	198.0		70:70:8b:83:d1:be	-88
1	24.0	198.0		70:70:8b:83:d1:bd	-87
1	24.0	198.0	Galaxy A232044	e6:86:1a:66:4d:5e	-60
1	24.0	198.0		70:70:8b:b2:ce:0d	-85
1	24.0	198.0		70:70:8b:b2:ce:0e	-85
1	24.0	198.0	피플카운팅(전용5G)	88:36:6c:55:de:40	-61
1	24.0	198.0	피플카운팅(전용)	88:36:6c:55:de:42	-54
1	24.0	198.0	ShinsegaeDF	00:c1:64:96:dd:b1	-74
1	24.0	198.0		70:70:8b:bc:43:8f	-77
1	24.0	198.0	Gucci	e0:d1:73:e9:f9:e1	-91
1	24.0	198.0	F&B_WAITTING	a8:5b:f7:26:19:03	-78
1	24.0	198.0	Shinsegae_free_wifi_secure	a8:5b:f7:26:19:02	-79
1	24.0	198.0	Shinsegae_free_wifi	a8:5b:f7:26:19:01	-79
1	24.0	198.0	CLEANAIR_DF	00:c1:64:96:dd:b3	-76
1	24.0	198.0		70:70:8b:d9:37:bf	-86
1	24.0	198.0		70:70:8b:d9:37:be	-87
1	24.0	198.0	TOEBOX	e8:65:d4:3f:9f:71	-74
1	24.0	198.0	DEPTWIFI_PC	a8:5b:f7:26:19:06	-78
1	24.0	198.0		70:70:8b:d9:37:bd	-86
1	24.0	198.0	DIRECT-e1-HP M283 LaserJet	5e:fb:3a:94:dc:e1	-68
1	24.0	198.0	DEPTWIFI	a8:5b:f7:26:19:05	-79
1	24.0	198.0		70:70:8b:bc:47:6f	-74
1	24.0	198.0		70:70:8b:bc:47:6d	-75
1	24.0	198.0	TOEBOX_5G	e8:65:d4:3f:9f:75	-82
1	24.0	198.0		70:70:8b:bc:47:6e	-74
1	24.0	198.0	1ST	a0:23:9f:c0:a6:8e	-85
1	24.0	198.0	RCCWIFI	a0:23:9f:c0:a6:8f	-85
1	24.0	198.0		00:78:88:07:1b:2d	-86
1	24.0	198.0	CLEANAIR_DF	00:78:88:07:1b:2c	-85
1	24.0	198.0	ShinsegaeDF	00:78:88:07:1b:2e	-85
1	24.0	198.0	DEPTWIFI_PC	a8:5b:f7:30:6b:c6	-88
1	24.0	198.0	F&B_WAITTING	a8:5b:f7:33:2f:c3	-79
1	24.0	198.0	CLEANAIR	a8:5b:f7:33:2f:c4	-79
1	24.0	198.0	bvoip	86:15:54:ab:10:0a	-87
1	24.0	198.0		70:70:8b:bc:43:7d	-55
1	24.0	198.0		00:c1:64:96:dd:bf	-69
1	24.0	198.0	ShinsegaeDF	00:c1:64:96:dd:be	-70
1	24.0	198.0		00:c1:64:96:dd:bd	-71
1	24.0	198.0	CLEANAIR_DF	00:c1:64:96:dd:bc	-69
1	24.0	198.0	DEPTWIFI	a8:5b:f7:32:23:d5	-86
1	24.0	198.0	CLEANAIR	a8:5b:f7:32:23:d4	-88
1	24.0	198.0	bstaff	8a:15:54:ab:10:0a	-86
1	24.0	198.0	F&B_WAITTING	a8:5b:f7:33:2f:d3	-94
1	24.0	198.0	CLEANAIR	a8:5b:f7:33:2f:d4	-93
1	24.0	198.0	DEPTWIFI	a8:5b:f7:33:2f:d5	-91
1	24.0	198.0	DEPTWIFI_PC	a8:5b:f7:33:2f:d6	-92
1	24.0	198.0	CLEANAIR_DF	00:c1:64:b3:3e:c3	-53
1	24.0	198.0		70:70:8b:bc:43:8d	-76
1	24.0	198.0		00:c1:64:b3:3e:c2	-51
1	24.0	198.0		70:70:8b:bc:43:8e	-75
1	24.0	198.0	Redwood	1c:de:a7:ee:48:33	-88
1	24.0	198.0		70:70:8b:bc:43:7e	-55
1	24.0	198.0		70:70:8b:bc:43:7f	-54
1	24.0	198.0		00:78:88:4e:f4:1f	-90
1	24.0	198.0	Linksys05005	c0:56:27:06:34:f2	-61
1	24.0	198.0	Linksys05005_5GHz	c0:56:27:06:34:f3	-71
1	24.0	198.0	bmobile	8e:15:54:ab:10:0a	-86
1	24.0	198.0	Shinsegae_free_wifi_secure	b0:1f:8c:c8:ae:a2	-85
1	24.0	198.0	iptime5G	88:36:6c:88:30:9a	-81
1	24.0	198.0	bon_2g	a8:5b:f7:32:23:c0	-88
1	24.0	198.0	ShinsegaeDF	00:c1:64:b3:3e:ce	-53
1	24.0	198.0		70:70:8b:bc:43:71	-69
1	24.0	198.0		00:c1:64:b3:3e:cd	-52
1	24.0	198.0	CLEANAIR_DF	00:c1:64:b3:3e:cc	-53
1	24.0	198.0		00:c1:64:b3:3e:cf	-52
2	24.0	198.0		00:3a:7d:3d:85:bf	-84
2	24.0	198.0	HP-Print-09-Officejet Pro 6830	50:65:f3:e4:78:09	-83
2	24.0	198.0		70:70:8b:83:d1:be	-88
2	24.0	198.0		70:70:8b:83:d1:bd	-87
2	24.0	198.0	Galaxy A232044	e6:86:1a:66:4d:5e	-60
2	24.0	198.0		70:70:8b:b2:ce:0d	-85
2	24.0	198.0		70:70:8b:b2:ce:0e	-85
2	24.0	198.0	피플카운팅(전용5G)	88:36:6c:55:de:40	-61
2	24.0	198.0	피플카운팅(전용)	88:36:6c:55:de:42	-54
2	24.0	198.0	ShinsegaeDF	00:c1:64:96:dd:b1	-74
2	24.0	198.0		70:70:8b:bc:43:8f	-77
2	24.0	198.0	Gucci	e0:d1:73:e9:f9:e1	-91
2	24.0	198.0	F&B_WAITTING	a8:5b:f7:26:19:03	-78
2	24.0	198.0	Shinsegae_free_wifi_secure	a8:5b:f7:26:19:02	-79
2	24.0	198.0	Shinsegae_free_wifi	a8:5b:f7:26:19:01	-79
2	24.0	198.0	CLEANAIR_DF	00:c1:64:96:dd:b3	-76
2	24.0	198.0		70:70:8b:d9:37:bf	-86
2	24.0	198.0		70:70:8b:d9:37:be	-87
2	24.0	198.0	TOEBOX	e8:65:d4:3f:9f:71	-74
2	24.0	198.0	DEPTWIFI_PC	a8:5b:f7:26:19:06	-78
2	24.0	198.0		70:70:8b:d9:37:bd	-86
2	24.0	198.0	DIRECT-e1-HP M283 LaserJet	5e:fb:3a:94:dc:e1	-68
2	24.0	198.0	DEPTWIFI	a8:5b:f7:26:19:05	-79
2	24.0	198.0		70:70:8b:bc:47:6f	-74
2	24.0	198.0		70:70:8b:bc:47:6d	-75
2	24.0	198.0	TOEBOX_5G	e8:65:d4:3f:9f:75	-82
2	24.0	198.0		70:70:8b:bc:47:6e	-74
2	24.0	198.0	1ST	a0:23:9f:c0:a6:8e	-85
2	24.0	198.0	RCCWIFI	a0:23:9f:c0:a6:8f	-85
2	24.0	198.0		00:78:88:07:1b:2d	-86
2	24.0	198.0	CLEANAIR_DF	00:78:88:07:1b:2c	-85
2	24.0	198.0	ShinsegaeDF	00:78:88:07:1b:2e	-85
2	24.0	198.0	DEPTWIFI_PC	a8:5b:f7:30:6b:c6	-88
2	24.0	198.0	F&B_WAITTING	a8:5b:f7:33:2f:c3	-79
2	24.0	198.0	CLEANAIR	a8:5b:f7:33:2f:c4	-79
2	24.0	198.0	bvoip	86:15:54:ab:10:0a	-87
2	24.0	198.0		70:70:8b:bc:43:7d	-55
2	24.0	198.0		00:c1:64:96:dd:bf	-69
2	24.0	198.0	ShinsegaeDF	00:c1:64:96:dd:be	-70
2	24.0	198.0		00:c1:64:96:dd:bd	-71
2	24.0	198.0	CLEANAIR_DF	00:c1:64:96:dd:bc	-69
2	24.0	198.0	DEPTWIFI	a8:5b:f7:32:23:d5	-86
2	24.0	198.0	CLEANAIR	a8:5b:f7:32:23:d4	-88
2	24.0	198.0	bstaff	8a:15:54:ab:10:0a	-86
2	24.0	198.0	F&B_WAITTING	a8:5b:f7:33:2f:d3	-94
2	24.0	198.0	CLEANAIR	a8:5b:f7:33:2f:d4	-93
2	24.0	198.0	DEPTWIFI	a8:5b:f7:33:2f:d5	-91
2	24.0	198.0	DEPTWIFI_PC	a8:5b:f7:33:2f:d6	-92
2	24.0	198.0	CLEANAIR_DF	00:c1:64:b3:3e:c3	-53
2	24.0	198.0		70:70:8b:bc:43:8d	-76
2	24.0	198.0		00:c1:64:b3:3e:c2	-51
2	24.0	198.0		70:70:8b:bc:43:8e	-75
2	24.0	198.0	Redwood	1c:de:a7:ee:48:33	-88
2	24.0	198.0		70:70:8b:bc:43:7e	-55
2	24.0	198.0		70:70:8b:bc:43:7f	-54
2	24.0	198.0		00:78:88:4e:f4:1f	-90
2	24.0	198.0	Linksys05005	c0:56:27:06:34:f2	-61
2	24.0	198.0	Linksys05005_5GHz	c0:56:27:06:34:f3	-71
2	24.0	198.0	bmobile	8e:15:54:ab:10:0a	-86
2	24.0	198.0	Shinsegae_free_wifi_secure	b0:1f:8c:c8:ae:a2	-85
2	24.0	198.0	iptime5G	88:36:6c:88:30:9a	-81
2	24.0	198.0	bon_2g	a8:5b:f7:32:23:c0	-88
2	24.0	198.0	ShinsegaeDF	00:c1:64:b3:3e:ce	-53
2	24.0	198.0		70:70:8b:bc:43:71	-69
2	24.0	198.0		00:c1:64:b3:3e:cd	-52
2	24.0	198.0	CLEANAIR_DF	00:c1:64:b3:3e:cc	-53
2	24.0	198.0		00:c1:64:b3:3e:cf	-52
0	24.0	192.0		00:3a:7d:3d:85:bf	-84
0	24.0	192.0	HP-Print-09-Officejet Pro 6830	50:65:f3:e4:78:09	-83
0	24.0	192.0		70:70:8b:83:d1:be	-88
0	24.0	192.0		70:70:8b:83:d1:bd	-87
0	24.0	192.0	Galaxy A232044	e6:86:1a:66:4d:5e	-60
0	24.0	192.0		70:70:8b:b2:ce:0d	-85
0	24.0	192.0		70:70:8b:b2:ce:0e	-85
0	24.0	192.0	피플카운팅(전용5G)	88:36:6c:55:de:40	-61
0	24.0	192.0	피플카운팅(전용)	88:36:6c:55:de:42	-54
0	24.0	192.0	ShinsegaeDF	00:c1:64:96:dd:b1	-74
0	24.0	192.0		70:70:8b:bc:43:8f	-77
0	24.0	192.0	Gucci	e0:d1:73:e9:f9:e1	-91
0	24.0	192.0	F&B_WAITTING	a8:5b:f7:26:19:03	-78
0	24.0	192.0	Shinsegae_free_wifi_secure	a8:5b:f7:26:19:02	-79
0	24.0	192.0	Shinsegae_free_wifi	a8:5b:f7:26:19:01	-79
0	24.0	192.0	CLEANAIR_DF	00:c1:64:96:dd:b3	-76
0	24.0	192.0		70:70:8b:d9:37:bf	-86
0	24.0	192.0		70:70:8b:d9:37:be	-87
0	24.0	192.0	TOEBOX	e8:65:d4:3f:9f:71	-74
0	24.0	192.0	DEPTWIFI_PC	a8:5b:f7:26:19:06	-78
0	24.0	192.0		70:70:8b:d9:37:bd	-86
0	24.0	192.0	DIRECT-e1-HP M283 LaserJet	5e:fb:3a:94:dc:e1	-68
0	24.0	192.0	DEPTWIFI	a8:5b:f7:26:19:05	-79
0	24.0	192.0		70:70:8b:bc:47:6f	-74
0	24.0	192.0		70:70:8b:bc:47:6d	-75
0	24.0	192.0	TOEBOX_5G	e8:65:d4:3f:9f:75	-82
0	24.0	192.0		70:70:8b:bc:47:6e	-74
0	24.0	192.0	1ST	a0:23:9f:c0:a6:8e	-85
0	24.0	192.0	RCCWIFI	a0:23:9f:c0:a6:8f	-85
0	24.0	192.0		00:78:88:07:1b:2d	-86
0	24.0	192.0	CLEANAIR_DF	00:78:88:07:1b:2c	-85
0	24.0	192.0	ShinsegaeDF	00:78:88:07:1b:2e	-85
0	24.0	192.0	DEPTWIFI_PC	a8:5b:f7:30:6b:c6	-88
0	24.0	192.0	F&B_WAITTING	a8:5b:f7:33:2f:c3	-79
0	24.0	192.0	CLEANAIR	a8:5b:f7:33:2f:c4	-79
0	24.0	192.0	bvoip	86:15:54:ab:10:0a	-87
0	24.0	192.0		70:70:8b:bc:43:7d	-55
0	24.0	192.0		00:c1:64:96:dd:bf	-69
0	24.0	192.0	ShinsegaeDF	00:c1:64:96:dd:be	-70
0	24.0	192.0		00:c1:64:96:dd:bd	-71
0	24.0	192.0	CLEANAIR_DF	00:c1:64:96:dd:bc	-69
0	24.0	192.0	DEPTWIFI	a8:5b:f7:32:23:d5	-86
0	24.0	192.0	CLEANAIR	a8:5b:f7:32:23:d4	-88
0	24.0	192.0	bstaff	8a:15:54:ab:10:0a	-86
0	24.0	192.0	F&B_WAITTING	a8:5b:f7:33:2f:d3	-94
0	24.0	192.0	CLEANAIR	a8:5b:f7:33:2f:d4	-93
0	24.0	192.0	DEPTWIFI	a8:5b:f7:33:2f:d5	-91
0	24.0	192.0	DEPTWIFI_PC	a8:5b:f7:33:2f:d6	-92
0	24.0	192.0	CLEANAIR_DF	00:c1:64:b3:3e:c3	-53
0	24.0	192.0		70:70:8b:bc:43:8d	-76
0	24.0	192.0		00:c1:64:b3:3e:c2	-51
0	24.0	192.0		70:70:8b:bc:43:8e	-75
0	24.0	192.0	Redwood	1c:de:a7:ee:48:33	-88
0	24.0	192.0		70:70:8b:bc:43:7e	-55
0	24.0	192.0		70:70:8b:bc:43:7f	-54
0	24.0	192.0		00:78:88:4e:f4:1f	-90
0	24.0	192.0	Linksys05005	c0:56:27:06:34:f2	-61
0	24.0	192.0	Linksys05005_5GHz	c0:56:27:06:34:f3	-71
0	24.0	192.0	bmobile	8e:15:54:ab:10:0a	-86
0	24.0	192.0	Shinsegae_free_wifi_secure	b0:1f:8c:c8:ae:a2	-85
0	24.0	192.0	iptime5G	88:36:6c:88:30:9a	-81
0	24.0	192.0	bon_2g	a8:5b:f7:32:23:c0	-88
0	24.0	192.0	ShinsegaeDF	00:c1:64:b3:3e:ce	-53
0	24.0	192.0		70:70:8b:bc:43:71	-69
0	24.0	192.0		00:c1:64:b3:3e:cd	-52
0	24.0	192.0	CLEANAIR_DF	00:c1:64:b3:3e:cc	-53
0	24.0	192.0		00:c1:64:b3:3e:cf	-52
1	24.0	192.0		00:3a:7d:3d:85:bf	-84
1	24.0	192.0	HP-Print-09-Officejet Pro 6830	50:65:f3:e4:78:09	-83
1	24.0	192.0		70:70:8b:83:d1:be	-88
1	24.0	192.0		70:70:8b:83:d1:bd	-87
1	24.0	192.0	Galaxy A232044	e6:86:1a:66:4d:5e	-60
1	24.0	192.0		70:70:8b:b2:ce:0d	-85
1	24.0	192.0		70:70:8b:b2:ce:0e	-85
1	24.0	192.0	피플카운팅(전용5G)	88:36:6c:55:de:40	-61
1	24.0	192.0	피플카운팅(전용)	88:36:6c:55:de:42	-54
1	24.0	192.0	ShinsegaeDF	00:c1:64:96:dd:b1	-74
1	24.0	192.0		70:70:8b:bc:43:8f	-77
1	24.0	192.0	Gucci	e0:d1:73:e9:f9:e1	-91
1	24.0	192.0	F&B_WAITTING	a8:5b:f7:26:19:03	-78
1	24.0	192.0	Shinsegae_free_wifi_secure	a8:5b:f7:26:19:02	-79
1	24.0	192.0	Shinsegae_free_wifi	a8:5b:f7:26:19:01	-79
1	24.0	192.0	CLEANAIR_DF	00:c1:64:96:dd:b3	-76
1	24.0	192.0		70:70:8b:d9:37:bf	-86
1	24.0	192.0		70:70:8b:d9:37:be	-87
1	24.0	192.0	TOEBOX	e8:65:d4:3f:9f:71	-74
1	24.0	192.0	DEPTWIFI_PC	a8:5b:f7:26:19:06	-78
1	24.0	192.0		70:70:8b:d9:37:bd	-86
1	24.0	192.0	DIRECT-e1-HP M283 LaserJet	5e:fb:3a:94:dc:e1	-68
1	24.0	192.0	DEPTWIFI	a8:5b:f7:26:19:05	-79
1	24.0	192.0		70:70:8b:bc:47:6f	-74
1	24.0	192.0		70:70:8b:bc:47:6d	-75
1	24.0	192.0	TOEBOX_5G	e8:65:d4:3f:9f:75	-82
1	24.0	192.0		70:70:8b:bc:47:6e	-74
1	24.0	192.0	1ST	a0:23:9f:c0:a6:8e	-85
1	24.0	192.0	RCCWIFI	a0:23:9f:c0:a6:8f	-85
1	24.0	186.0		00:78:88:07:1b:2d	-86
1	24.0	186.0	CLEANAIR_DF	00:78:88:07:1b:2c	-85
1	24.0	186.0	ShinsegaeDF	00:78:88:07:1b:2e	-85
1	24.0	186.0	DEPTWIFI_PC	a8:5b:f7:30:6b:c6	-88
1	24.0	186.0	F&B_WAITTING	a8:5b:f7:33:2f:c3	-79
1	24.0	186.0	CLEANAIR	a8:5b:f7:33:2f:c4	-79
1	24.0	186.0	bvoip	86:15:54:ab:10:0a	-87
1	24.0	186.0		70:70:8b:bc:43:7d	-55
1	24.0	186.0		00:c1:64:96:dd:bf	-69
1	24.0	186.0	ShinsegaeDF	00:c1:64:96:dd:be	-70
1	24.0	186.0		00:c1:64:96:dd:bd	-71
1	24.0	186.0	CLEANAIR_DF	00:c1:64:96:dd:bc	-69
1	24.0	186.0	DEPTWIFI	a8:5b:f7:32:23:d5	-86
1	24.0	186.0	CLEANAIR	a8:5b:f7:32:23:d4	-88
1	24.0	186.0	bstaff	8a:15:54:ab:10:0a	-86
1	24.0	186.0	F&B_WAITTING	a8:5b:f7:33:2f:d3	-94
1	24.0	186.0	CLEANAIR	a8:5b:f7:33:2f:d4	-93
1	24.0	186.0	DEPTWIFI	a8:5b:f7:33:2f:d5	-91
1	24.0	186.0	DEPTWIFI_PC	a8:5b:f7:33:2f:d6	-92
1	24.0	186.0	CLEANAIR_DF	00:c1:64:b3:3e:c3	-53
1	24.0	186.0		70:70:8b:bc:43:8d	-76
1	24.0	186.0		00:c1:64:b3:3e:c2	-51
1	24.0	186.0		70:70:8b:bc:43:8e	-75
1	24.0	186.0	Redwood	1c:de:a7:ee:48:33	-88
1	24.0	186.0		70:70:8b:bc:43:7e	-55
1	24.0	186.0		70:70:8b:bc:43:7f	-54
1	24.0	186.0		00:78:88:4e:f4:1f	-90
1	24.0	186.0	Linksys05005	c0:56:27:06:34:f2	-61
1	24.0	186.0	Linksys05005_5GHz	c0:56:27:06:34:f3	-71
1	24.0	186.0	bmobile	8e:15:54:ab:10:0a	-86
1	24.0	186.0	Shinsegae_free_wifi_secure	b0:1f:8c:c8:ae:a2	-85
1	24.0	186.0	iptime5G	88:36:6c:88:30:9a	-81
1	24.0	186.0	bon_2g	a8:5b:f7:32:23:c0	-88
1	24.0	186.0	ShinsegaeDF	00:c1:64:b3:3e:ce	-53
1	24.0	186.0		70:70:8b:bc:43:71	-69
1	24.0	186.0		00:c1:64:b3:3e:cd	-52
1	24.0	186.0	CLEANAIR_DF	00:c1:64:b3:3e:cc	-53
1	24.0	186.0		00:c1:64:b3:3e:cf	-52
0	24.0	186.0		00:3a:7d:3d:85:bf	-84
0	24.0	186.0	HP-Print-09-Officejet Pro 6830	50:65:f3:e4:78:09	-83
0	24.0	186.0		70:70:8b:83:d1:be	-88
0	24.0	186.0		70:70:8b:83:d1:bd	-87
0	24.0	186.0	Galaxy A232044	e6:86:1a:66:4d:5e	-60
0	24.0	186.0		70:70:8b:b2:ce:0d	-85
0	24.0	186.0		70:70:8b:b2:ce:0e	-85
0	24.0	186.0	피플카운팅(전용5G)	88:36:6c:55:de:40	-61
0	24.0	186.0	피플카운팅(전용)	88:36:6c:55:de:42	-54
0	24.0	186.0	ShinsegaeDF	00:c1:64:96:dd:b1	-74
0	24.0	186.0		70:70:8b:bc:43:8f	-77
0	24.0	186.0	Gucci	e0:d1:73:e9:f9:e1	-91
0	24.0	186.0	F&B_WAITTING	a8:5b:f7:26:19:03	-78
0	24.0	186.0	Shinsegae_free_wifi_secure	a8:5b:f7:26:19:02	-79
0	24.0	186.0	Shinsegae_free_wifi	a8:5b:f7:26:19:01	-79
0	24.0	186.0	CLEANAIR_DF	00:c1:64:96:dd:b3	-76
0	24.0	186.0		70:70:8b:d9:37:bf	-86
0	24.0	186.0		70:70:8b:d9:37:be	-87
0	24.0	186.0	TOEBOX	e8:65:d4:3f:9f:71	-74
0	24.0	186.0	DEPTWIFI_PC	a8:5b:f7:26:19:06	-78
0	24.0	186.0		70:70:8b:d9:37:bd	-86
0	24.0	186.0	DIRECT-e1-HP M283 LaserJet	5e:fb:3a:94:dc:e1	-68
0	24.0	186.0	DEPTWIFI	a8:5b:f7:26:19:05	-79
0	24.0	186.0		70:70:8b:bc:47:6f	-74
0	24.0	186.0		70:70:8b:bc:47:6d	-75
0	24.0	186.0	TOEBOX_5G	e8:65:d4:3f:9f:75	-82
0	24.0	186.0		70:70:8b:bc:47:6e	-74
0	24.0	186.0	1ST	a0:23:9f:c0:a6:8e	-85
0	24.0	186.0	RCCWIFI	a0:23:9f:c0:a6:8f	-85
0	24.0	186.0		00:78:88:07:1b:2d	-86
0	24.0	186.0	CLEANAIR_DF	00:78:88:07:1b:2c	-85
0	24.0	186.0	ShinsegaeDF	00:78:88:07:1b:2e	-85
0	24.0	186.0	DEPTWIFI_PC	a8:5b:f7:30:6b:c6	-88
0	24.0	186.0	F&B_WAITTING	a8:5b:f7:33:2f:c3	-79
0	24.0	186.0	CLEANAIR	a8:5b:f7:33:2f:c4	-79
0	24.0	186.0	bvoip	86:15:54:ab:10:0a	-87
0	24.0	186.0		70:70:8b:bc:43:7d	-55
0	24.0	186.0		00:c1:64:96:dd:bf	-69
0	24.0	186.0	ShinsegaeDF	00:c1:64:96:dd:be	-70
0	24.0	186.0		00:c1:64:96:dd:bd	-71
0	24.0	186.0	CLEANAIR_DF	00:c1:64:96:dd:bc	-69
0	24.0	186.0	DEPTWIFI	a8:5b:f7:32:23:d5	-86
0	24.0	186.0	CLEANAIR	a8:5b:f7:32:23:d4	-88
0	24.0	186.0	bstaff	8a:15:54:ab:10:0a	-86
0	24.0	186.0	F&B_WAITTING	a8:5b:f7:33:2f:d3	-94
0	24.0	186.0	CLEANAIR	a8:5b:f7:33:2f:d4	-93
0	24.0	186.0	DEPTWIFI	a8:5b:f7:33:2f:d5	-91
0	24.0	186.0	DEPTWIFI_PC	a8:5b:f7:33:2f:d6	-92
0	24.0	186.0	CLEANAIR_DF	00:c1:64:b3:3e:c3	-53
0	24.0	186.0		70:70:8b:bc:43:8d	-76
0	24.0	186.0		00:c1:64:b3:3e:c2	-51
0	24.0	186.0		70:70:8b:bc:43:8e	-75
0	24.0	186.0	Redwood	1c:de:a7:ee:48:33	-88
0	24.0	186.0		70:70:8b:bc:43:7e	-55
0	24.0	186.0		70:70:8b:bc:43:7f	-54
0	24.0	186.0		00:78:88:4e:f4:1f	-90
0	24.0	186.0	Linksys05005	c0:56:27:06:34:f2	-61
0	24.0	186.0	Linksys05005_5GHz	c0:56:27:06:34:f3	-71
0	24.0	186.0	bmobile	8e:15:54:ab:10:0a	-86
0	24.0	186.0	Shinsegae_free_wifi_secure	b0:1f:8c:c8:ae:a2	-85
0	24.0	186.0	iptime5G	88:36:6c:88:30:9a	-81
0	24.0	186.0	bon_2g	a8:5b:f7:32:23:c0	-88
0	24.0	186.0	ShinsegaeDF	00:c1:64:b3:3e:ce	-53
0	24.0	186.0		70:70:8b:bc:43:71	-69
0	24.0	186.0		00:c1:64:b3:3e:cd	-52
0	24.0	186.0	CLEANAIR_DF	00:c1:64:b3:3e:cc	-53
0	24.0	186.0		00:c1:64:b3:3e:cf	-52
0	24.0	180.0		00:3a:7d:3d:85:bf	-84
0	24.0	180.0	HP-Print-09-Officejet Pro 6830	50:65:f3:e4:78:09	-83
0	24.0	180.0		70:70:8b:83:d1:be	-88
0	24.0	180.0		70:70:8b:83:d1:bd	-87
0	24.0	180.0	Galaxy A232044	e6:86:1a:66:4d:5e	-60
0	24.0	180.0		70:70:8b:b2:ce:0d	-85
0	24.0	180.0		70:70:8b:b2:ce:0e	-85
0	24.0	180.0	피플카운팅(전용5G)	88:36:6c:55:de:40	-61
0	24.0	180.0	피플카운팅(전용)	88:36:6c:55:de:42	-54
0	24.0	180.0	ShinsegaeDF	00:c1:64:96:dd:b1	-74
0	24.0	180.0		70:70:8b:bc:43:8f	-77
0	24.0	180.0	Gucci	e0:d1:73:e9:f9:e1	-91
0	24.0	180.0	F&B_WAITTING	a8:5b:f7:26:19:03	-78
0	24.0	180.0	Shinsegae_free_wifi_secure	a8:5b:f7:26:19:02	-79
0	24.0	180.0	Shinsegae_free_wifi	a8:5b:f7:26:19:01	-79
0	24.0	180.0	CLEANAIR_DF	00:c1:64:96:dd:b3	-76
0	24.0	180.0		70:70:8b:d9:37:bf	-86
0	24.0	180.0		70:70:8b:d9:37:be	-87
0	24.0	180.0	TOEBOX	e8:65:d4:3f:9f:71	-74
0	24.0	180.0	DEPTWIFI_PC	a8:5b:f7:26:19:06	-78
0	24.0	180.0		70:70:8b:d9:37:bd	-86
0	24.0	180.0	DIRECT-e1-HP M283 LaserJet	5e:fb:3a:94:dc:e1	-68
0	24.0	180.0	DEPTWIFI	a8:5b:f7:26:19:05	-79
0	24.0	180.0		70:70:8b:bc:47:6f	-74
0	24.0	180.0		70:70:8b:bc:47:6d	-75
0	24.0	180.0	TOEBOX_5G	e8:65:d4:3f:9f:75	-82
0	24.0	180.0		70:70:8b:bc:47:6e	-74
0	24.0	180.0	1ST	a0:23:9f:c0:a6:8e	-85
0	24.0	180.0	RCCWIFI	a0:23:9f:c0:a6:8f	-85
0	24.0	180.0		00:78:88:07:1b:2d	-86
0	24.0	180.0	CLEANAIR_DF	00:78:88:07:1b:2c	-85
0	24.0	180.0	ShinsegaeDF	00:78:88:07:1b:2e	-85
0	24.0	180.0	DEPTWIFI_PC	a8:5b:f7:30:6b:c6	-88
0	24.0	180.0	F&B_WAITTING	a8:5b:f7:33:2f:c3	-79
0	24.0	180.0	CLEANAIR	a8:5b:f7:33:2f:c4	-79
0	24.0	180.0	bvoip	86:15:54:ab:10:0a	-87
0	24.0	180.0		70:70:8b:bc:43:7d	-55
0	24.0	180.0		00:c1:64:96:dd:bf	-69
0	24.0	180.0	ShinsegaeDF	00:c1:64:96:dd:be	-70
0	24.0	180.0		00:c1:64:96:dd:bd	-71
0	24.0	180.0	CLEANAIR_DF	00:c1:64:96:dd:bc	-69
0	24.0	180.0	DEPTWIFI	a8:5b:f7:32:23:d5	-86
0	24.0	180.0	CLEANAIR	a8:5b:f7:32:23:d4	-88
0	24.0	180.0	bstaff	8a:15:54:ab:10:0a	-86
0	24.0	180.0	F&B_WAITTING	a8:5b:f7:33:2f:d3	-94
0	24.0	180.0	CLEANAIR	a8:5b:f7:33:2f:d4	-93
0	24.0	180.0	DEPTWIFI	a8:5b:f7:33:2f:d5	-91
0	24.0	180.0	DEPTWIFI_PC	a8:5b:f7:33:2f:d6	-92
0	24.0	180.0	CLEANAIR_DF	00:c1:64:b3:3e:c3	-53
0	24.0	180.0		70:70:8b:bc:43:8d	-76
0	24.0	180.0		00:c1:64:b3:3e:c2	-51
0	24.0	180.0		70:70:8b:bc:43:8e	-75
0	24.0	180.0	Redwood	1c:de:a7:ee:48:33	-88
0	24.0	180.0		70:70:8b:bc:43:7e	-55
0	24.0	180.0		70:70:8b:bc:43:7f	-54
0	24.0	180.0		00:78:88:4e:f4:1f	-90
0	24.0	180.0	Linksys05005	c0:56:27:06:34:f2	-61
0	24.0	180.0	Linksys05005_5GHz	c0:56:27:06:34:f3	-71
0	24.0	180.0	bmobile	8e:15:54:ab:10:0a	-86
0	24.0	180.0	Shinsegae_free_wifi_secure	b0:1f:8c:c8:ae:a2	-85
0	24.0	180.0	iptime5G	88:36:6c:88:30:9a	-81
0	24.0	180.0	bon_2g	a8:5b:f7:32:23:c0	-88
0	24.0	180.0	ShinsegaeDF	00:c1:64:b3:3e:ce	-53
0	24.0	180.0		70:70:8b:bc:43:71	-69
0	24.0	180.0		00:c1:64:b3:3e:cd	-52
0	24.0	180.0	CLEANAIR_DF	00:c1:64:b3:3e:cc	-53
0	24.0	180.0		00:c1:64:b3:3e:cf	-52
0	24.0	174.0	iptime	88:36:6c:88:30:98	-69
0	24.0	174.0		00:78:88:4e:f4:10	-83
0	24.0	174.0		00:3a:7d:3d:85:bf	-84
0	24.0	174.0	ShinsegaeDF	00:3a:7d:3d:85:be	-89
0	24.0	174.0		00:3a:7d:3d:85:bd	-84
0	24.0	174.0	HP-Print-09-Officejet Pro 6830	50:65:f3:e4:78:09	-86
0	24.0	174.0		70:70:8b:83:d1:bf	-84
0	24.0	174.0		70:70:8b:83:d1:be	-84
0	24.0	174.0	Galaxy A232044	e6:86:1a:66:4d:5e	-59
0	24.0	174.0		70:70:8b:b2:ce:0d	-83
0	24.0	174.0		70:70:8b:b2:ce:0f	-84
0	24.0	174.0	피플카운팅(전용5G)	88:36:6c:55:de:40	-60
0	24.0	174.0	피플카운팅(전용)	88:36:6c:55:de:42	-55
0	24.0	174.0	bstaff	88:15:44:ab:10:0a	-83
0	24.0	174.0	CLEANAIR_DF	00:42:68:84:05:b3	-87
0	24.0	174.0		00:c1:64:96:dd:b2	-72
0	24.0	174.0	ShinsegaeDF	00:c1:64:96:dd:b1	-74
0	24.0	174.0		00:c1:64:96:dd:b0	-70
0	24.0	174.0		70:70:8b:bc:43:8f	-75
0	24.0	174.0	Gucci	e0:d1:73:e9:f9:e1	-89
0	24.0	174.0	Shinsegae_free_wifi_secure	a8:5b:f7:26:19:02	-89
0	24.0	174.0		70:70:8b:bc:47:61	-80
0	24.0	174.0		70:70:8b:d9:37:bf	-86
0	24.0	174.0		70:70:8b:d9:37:be	-86
0	24.0	174.0	TOEBOX	e8:65:d4:3f:9f:71	-74
0	24.0	174.0		70:70:8b:d9:37:bd	-86
0	24.0	174.0	DIRECT-e1-HP M283 LaserJet	5e:fb:3a:94:dc:e1	-66
0	24.0	174.0		70:70:8b:bc:47:6f	-68
0	24.0	174.0		70:70:8b:bc:47:6d	-69
0	24.0	174.0	TOEBOX_5G	e8:65:d4:3f:9f:75	-87
0	24.0	174.0		70:70:8b:bc:47:6e	-67
0	24.0	174.0	1ST	a0:23:9f:c0:a6:8e	-83
0	24.0	174.0	RCCWIFI	a0:23:9f:c0:a6:8f	-83
0	24.0	174.0		00:78:88:07:1b:2d	-83
0	24.0	174.0	CLEANAIR_DF	00:78:88:07:1b:2c	-85
0	24.0	174.0		00:78:88:07:1b:2f	-86
0	24.0	174.0	F&B_WAITTING	a8:5b:f7:30:6b:c3	-90
0	24.0	174.0	bvoip	86:15:54:ab:10:0a	-83
0	24.0	174.0		70:70:8b:bc:43:7d	-53
0	24.0	174.0		00:c1:64:96:dd:bf	-68
0	24.0	174.0	ShinsegaeDF	00:c1:64:96:dd:be	-67
0	24.0	174.0		00:c1:64:96:dd:bd	-67
0	24.0	174.0	CLEANAIR_DF	00:c1:64:96:dd:bc	-67
0	24.0	174.0	bon_5g	a8:5b:f7:32:23:d0	-87
0	24.0	174.0	DEPTWIFI_PC	a8:5b:f7:32:23:d6	-88
0	24.0	174.0	CLEANAIR	a8:5b:f7:32:23:d4	-86
0	24.0	174.0	bstaff	8a:15:54:ab:10:0a	-81
0	24.0	174.0	Shinsegae_free_wifi	a8:5b:f7:33:2f:d1	-93
0	24.0	174.0	F&B_WAITTING	a8:5b:f7:33:2f:d3	-92
0	24.0	174.0	CLEANAIR	a8:5b:f7:33:2f:d4	-92
0	24.0	174.0	DEPTWIFI	a8:5b:f7:33:2f:d5	-90
0	24.0	174.0		00:c1:64:b3:3e:c0	-53
0	24.0	174.0	DEPTWIFI_PC	a8:5b:f7:33:2f:d6	-90
0	24.0	174.0		70:70:8b:bc:43:8d	-73
0	24.0	174.0		00:c1:64:b3:3e:c2	-27
0	24.0	174.0		70:70:8b:bc:43:8e	-73
0	24.0	174.0	bon_5g	a8:5b:f7:33:2f:d0	-92
0	24.0	174.0	iptime	58:86:94:3e:c0:5c	-88
0	24.0	174.0		70:70:8b:bc:43:7e	-51
0	24.0	174.0		70:70:8b:bc:43:7f	-50
0	24.0	174.0	bvoip	86:15:44:ab:10:0a	-82
0	24.0	174.0	ZZ-Korea-XG_2.4G	14:cc:20:ef:99:c2	-88
0	24.0	174.0	Linksys05005	c0:56:27:06:34:f2	-64
0	24.0	174.0	Linksys05005_5GHz	c0:56:27:06:34:f3	-72
0	24.0	174.0	bmobile	8e:15:54:ab:10:0a	-81
0	24.0	174.0	Shinsegae_free_wifi	b0:1f:8c:c8:ae:a1	-92
0	24.0	174.0	Boconcept 5G	70:5d:cc:b1:80:20	-89
0	24.0	174.0	ShinsegaeDF	00:c1:64:b3:3e:ce	-53
0	24.0	174.0		00:c1:64:b3:3e:cd	-52
0	24.0	174.0	CLEANAIR_DF	00:c1:64:b3:3e:cc	-52
0	24.0	174.0		00:c1:64:b3:3e:cf	-54
0	24.0	174.0		70:70:8b:bc:43:70	-70
0	24.0	168.0	iptime	88:36:6c:88:30:98	-69
0	24.0	168.0		00:78:88:4e:f4:10	-83
0	24.0	168.0		00:3a:7d:3d:85:bf	-84
0	24.0	168.0	ShinsegaeDF	00:3a:7d:3d:85:be	-89
0	24.0	168.0		00:3a:7d:3d:85:bd	-84
0	24.0	168.0	HP-Print-09-Officejet Pro 6830	50:65:f3:e4:78:09	-86
0	24.0	168.0		70:70:8b:83:d1:bf	-84
0	24.0	168.0		70:70:8b:83:d1:be	-84
0	24.0	168.0	Galaxy A232044	e6:86:1a:66:4d:5e	-59
0	24.0	168.0		70:70:8b:b2:ce:0d	-83
0	24.0	168.0		70:70:8b:b2:ce:0f	-84
0	24.0	168.0	피플카운팅(전용5G)	88:36:6c:55:de:40	-60
0	24.0	168.0	피플카운팅(전용)	88:36:6c:55:de:42	-55
0	24.0	168.0	bstaff	88:15:44:ab:10:0a	-83
0	24.0	168.0	CLEANAIR_DF	00:42:68:84:05:b3	-87
0	24.0	168.0		00:c1:64:96:dd:b2	-72
0	24.0	168.0	ShinsegaeDF	00:c1:64:96:dd:b1	-74
0	24.0	168.0		00:c1:64:96:dd:b0	-70
0	24.0	168.0		70:70:8b:bc:43:8f	-75
0	24.0	168.0	Gucci	e0:d1:73:e9:f9:e1	-89
0	24.0	168.0	Shinsegae_free_wifi_secure	a8:5b:f7:26:19:02	-89
0	24.0	168.0		70:70:8b:bc:47:61	-80
0	24.0	168.0		70:70:8b:d9:37:bf	-86
0	24.0	168.0		70:70:8b:d9:37:be	-86
0	24.0	168.0	TOEBOX	e8:65:d4:3f:9f:71	-74
0	24.0	168.0		70:70:8b:d9:37:bd	-86
0	24.0	168.0	DIRECT-e1-HP M283 LaserJet	5e:fb:3a:94:dc:e1	-66
0	24.0	168.0		70:70:8b:bc:47:6f	-68
0	24.0	168.0		70:70:8b:bc:47:6d	-69
0	24.0	168.0	TOEBOX_5G	e8:65:d4:3f:9f:75	-87
0	24.0	168.0		70:70:8b:bc:47:6e	-67
0	24.0	168.0	1ST	a0:23:9f:c0:a6:8e	-83
0	24.0	168.0	RCCWIFI	a0:23:9f:c0:a6:8f	-83
0	24.0	168.0		00:78:88:07:1b:2d	-83
0	24.0	168.0	CLEANAIR_DF	00:78:88:07:1b:2c	-85
0	24.0	168.0		00:78:88:07:1b:2f	-86
0	24.0	168.0	F&B_WAITTING	a8:5b:f7:30:6b:c3	-90
0	24.0	168.0	bvoip	86:15:54:ab:10:0a	-83
0	24.0	168.0		70:70:8b:bc:43:7d	-53
0	24.0	168.0		00:c1:64:96:dd:bf	-68
0	24.0	168.0	ShinsegaeDF	00:c1:64:96:dd:be	-67
0	24.0	168.0		00:c1:64:96:dd:bd	-67
0	24.0	168.0	CLEANAIR_DF	00:c1:64:96:dd:bc	-67
0	24.0	168.0	bon_5g	a8:5b:f7:32:23:d0	-87
0	24.0	168.0	DEPTWIFI_PC	a8:5b:f7:32:23:d6	-88
0	24.0	168.0	CLEANAIR	a8:5b:f7:32:23:d4	-86
0	24.0	168.0	bstaff	8a:15:54:ab:10:0a	-81
0	24.0	168.0	Shinsegae_free_wifi	a8:5b:f7:33:2f:d1	-93
0	24.0	168.0	F&B_WAITTING	a8:5b:f7:33:2f:d3	-92
0	24.0	168.0	CLEANAIR	a8:5b:f7:33:2f:d4	-92
0	24.0	168.0	DEPTWIFI	a8:5b:f7:33:2f:d5	-90
0	24.0	168.0		00:c1:64:b3:3e:c0	-53
0	24.0	168.0	DEPTWIFI_PC	a8:5b:f7:33:2f:d6	-90
0	24.0	168.0		70:70:8b:bc:43:8d	-73
0	24.0	168.0		00:c1:64:b3:3e:c2	-27
0	24.0	168.0		70:70:8b:bc:43:8e	-73
0	24.0	168.0	bon_5g	a8:5b:f7:33:2f:d0	-92
0	24.0	168.0	iptime	58:86:94:3e:c0:5c	-88
0	24.0	168.0		70:70:8b:bc:43:7e	-51
0	24.0	168.0		70:70:8b:bc:43:7f	-50
0	24.0	168.0	bvoip	86:15:44:ab:10:0a	-82
0	24.0	168.0	ZZ-Korea-XG_2.4G	14:cc:20:ef:99:c2	-88
0	24.0	168.0	Linksys05005	c0:56:27:06:34:f2	-64
0	24.0	168.0	Linksys05005_5GHz	c0:56:27:06:34:f3	-72
0	24.0	168.0	bmobile	8e:15:54:ab:10:0a	-81
0	24.0	168.0	Shinsegae_free_wifi	b0:1f:8c:c8:ae:a1	-92
0	24.0	168.0	Boconcept 5G	70:5d:cc:b1:80:20	-89
0	24.0	168.0	ShinsegaeDF	00:c1:64:b3:3e:ce	-53
0	24.0	168.0		00:c1:64:b3:3e:cd	-52
0	24.0	168.0	CLEANAIR_DF	00:c1:64:b3:3e:cc	-52
0	24.0	168.0		00:c1:64:b3:3e:cf	-54
0	24.0	168.0		70:70:8b:bc:43:70	-70
0	24.0	162.0	iptime	88:36:6c:88:30:98	-69
0	24.0	162.0		00:78:88:4e:f4:10	-83
0	24.0	162.0		00:3a:7d:3d:85:bf	-84
0	24.0	162.0	ShinsegaeDF	00:3a:7d:3d:85:be	-89
0	24.0	162.0		00:3a:7d:3d:85:bd	-84
0	24.0	162.0	HP-Print-09-Officejet Pro 6830	50:65:f3:e4:78:09	-86
0	24.0	162.0		70:70:8b:83:d1:bf	-84
0	24.0	162.0		70:70:8b:83:d1:be	-84
0	24.0	162.0	Galaxy A232044	e6:86:1a:66:4d:5e	-59
0	24.0	162.0		70:70:8b:b2:ce:0d	-83
0	24.0	162.0		70:70:8b:b2:ce:0f	-84
0	24.0	162.0	피플카운팅(전용5G)	88:36:6c:55:de:40	-60
0	24.0	162.0	피플카운팅(전용)	88:36:6c:55:de:42	-55
0	24.0	162.0	bstaff	88:15:44:ab:10:0a	-83
0	24.0	162.0	CLEANAIR_DF	00:42:68:84:05:b3	-87
0	24.0	162.0		00:c1:64:96:dd:b2	-72
0	24.0	162.0	ShinsegaeDF	00:c1:64:96:dd:b1	-74
0	24.0	162.0		00:c1:64:96:dd:b0	-70
0	24.0	162.0		70:70:8b:bc:43:8f	-75
0	24.0	162.0	Gucci	e0:d1:73:e9:f9:e1	-89
0	24.0	162.0	Shinsegae_free_wifi_secure	a8:5b:f7:26:19:02	-89
0	24.0	162.0		70:70:8b:bc:47:61	-80
0	24.0	162.0		70:70:8b:d9:37:bf	-86
0	24.0	162.0		70:70:8b:d9:37:be	-86
0	24.0	162.0	TOEBOX	e8:65:d4:3f:9f:71	-74
0	24.0	162.0		70:70:8b:d9:37:bd	-86
0	24.0	162.0	DIRECT-e1-HP M283 LaserJet	5e:fb:3a:94:dc:e1	-66
0	24.0	162.0		70:70:8b:bc:47:6f	-68
0	24.0	162.0		70:70:8b:bc:47:6d	-69
0	24.0	162.0	TOEBOX_5G	e8:65:d4:3f:9f:75	-87
0	24.0	162.0		70:70:8b:bc:47:6e	-67
0	24.0	162.0	1ST	a0:23:9f:c0:a6:8e	-83
0	24.0	162.0	RCCWIFI	a0:23:9f:c0:a6:8f	-83
0	24.0	162.0		00:78:88:07:1b:2d	-83
0	24.0	162.0	CLEANAIR_DF	00:78:88:07:1b:2c	-85
0	24.0	162.0		00:78:88:07:1b:2f	-86
0	24.0	162.0	F&B_WAITTING	a8:5b:f7:30:6b:c3	-90
0	24.0	162.0	bvoip	86:15:54:ab:10:0a	-83
0	24.0	162.0		70:70:8b:bc:43:7d	-53
0	24.0	162.0		00:c1:64:96:dd:bf	-68
0	24.0	162.0	ShinsegaeDF	00:c1:64:96:dd:be	-67
0	24.0	162.0		00:c1:64:96:dd:bd	-67
0	24.0	162.0	CLEANAIR_DF	00:c1:64:96:dd:bc	-67
0	24.0	162.0	bon_5g	a8:5b:f7:32:23:d0	-87
0	24.0	162.0	DEPTWIFI_PC	a8:5b:f7:32:23:d6	-88
0	24.0	162.0	CLEANAIR	a8:5b:f7:32:23:d4	-86
0	24.0	162.0	bstaff	8a:15:54:ab:10:0a	-81
0	24.0	162.0	Shinsegae_free_wifi	a8:5b:f7:33:2f:d1	-93
0	24.0	162.0	F&B_WAITTING	a8:5b:f7:33:2f:d3	-92
0	24.0	162.0	CLEANAIR	a8:5b:f7:33:2f:d4	-92
0	24.0	162.0	DEPTWIFI	a8:5b:f7:33:2f:d5	-90
0	24.0	162.0		00:c1:64:b3:3e:c0	-53
0	24.0	162.0	DEPTWIFI_PC	a8:5b:f7:33:2f:d6	-90
0	24.0	162.0		70:70:8b:bc:43:8d	-73
0	24.0	162.0		00:c1:64:b3:3e:c2	-27
0	24.0	162.0		70:70:8b:bc:43:8e	-73
0	24.0	162.0	bon_5g	a8:5b:f7:33:2f:d0	-92
0	24.0	162.0	iptime	58:86:94:3e:c0:5c	-88
0	24.0	162.0		70:70:8b:bc:43:7e	-51
0	24.0	162.0		70:70:8b:bc:43:7f	-50
0	24.0	162.0	bvoip	86:15:44:ab:10:0a	-82
0	24.0	162.0	ZZ-Korea-XG_2.4G	14:cc:20:ef:99:c2	-88
0	24.0	162.0	Linksys05005	c0:56:27:06:34:f2	-64
0	24.0	162.0	Linksys05005_5GHz	c0:56:27:06:34:f3	-72
0	24.0	162.0	bmobile	8e:15:54:ab:10:0a	-81
0	24.0	162.0	Shinsegae_free_wifi	b0:1f:8c:c8:ae:a1	-92
0	24.0	162.0	Boconcept 5G	70:5d:cc:b1:80:20	-89
0	24.0	162.0	ShinsegaeDF	00:c1:64:b3:3e:ce	-53
0	24.0	162.0		00:c1:64:b3:3e:cd	-52
0	24.0	162.0	CLEANAIR_DF	00:c1:64:b3:3e:cc	-52
0	24.0	162.0		00:c1:64:b3:3e:cf	-54
0	24.0	162.0		70:70:8b:bc:43:70	-70
0	24.0	156.0	iptime	88:36:6c:88:30:98	-69
0	24.0	156.0		00:78:88:4e:f4:10	-83
0	24.0	156.0		00:3a:7d:3d:85:bf	-84
0	24.0	156.0	ShinsegaeDF	00:3a:7d:3d:85:be	-89
0	24.0	156.0		00:3a:7d:3d:85:bd	-84
0	24.0	156.0	HP-Print-09-Officejet Pro 6830	50:65:f3:e4:78:09	-86
0	24.0	156.0		70:70:8b:83:d1:bf	-84
0	24.0	156.0		70:70:8b:83:d1:be	-84
0	24.0	156.0	Galaxy A232044	e6:86:1a:66:4d:5e	-59
0	24.0	156.0		70:70:8b:b2:ce:0d	-83
0	24.0	156.0		70:70:8b:b2:ce:0f	-84
0	24.0	156.0	피플카운팅(전용5G)	88:36:6c:55:de:40	-60
0	24.0	156.0	피플카운팅(전용)	88:36:6c:55:de:42	-55
0	24.0	156.0	bstaff	88:15:44:ab:10:0a	-83
0	24.0	156.0	CLEANAIR_DF	00:42:68:84:05:b3	-87
0	24.0	156.0		00:c1:64:96:dd:b2	-72
0	24.0	156.0	ShinsegaeDF	00:c1:64:96:dd:b1	-74
0	24.0	156.0		00:c1:64:96:dd:b0	-70
0	24.0	156.0		70:70:8b:bc:43:8f	-75
0	24.0	156.0	Gucci	e0:d1:73:e9:f9:e1	-89
0	24.0	156.0	Shinsegae_free_wifi_secure	a8:5b:f7:26:19:02	-89
0	24.0	156.0		70:70:8b:bc:47:61	-80
0	24.0	156.0		70:70:8b:d9:37:bf	-86
0	24.0	156.0		70:70:8b:d9:37:be	-86
0	24.0	156.0	TOEBOX	e8:65:d4:3f:9f:71	-74
0	24.0	156.0		70:70:8b:d9:37:bd	-86
0	24.0	156.0	DIRECT-e1-HP M283 LaserJet	5e:fb:3a:94:dc:e1	-66
0	24.0	156.0		70:70:8b:bc:47:6f	-68
0	24.0	156.0		70:70:8b:bc:47:6d	-69
0	24.0	156.0	TOEBOX_5G	e8:65:d4:3f:9f:75	-87
0	24.0	156.0		70:70:8b:bc:47:6e	-67
0	24.0	156.0	1ST	a0:23:9f:c0:a6:8e	-83
0	24.0	156.0	RCCWIFI	a0:23:9f:c0:a6:8f	-83
0	24.0	156.0		00:78:88:07:1b:2d	-83
0	24.0	156.0	CLEANAIR_DF	00:78:88:07:1b:2c	-85
0	24.0	156.0		00:78:88:07:1b:2f	-86
0	24.0	156.0	F&B_WAITTING	a8:5b:f7:30:6b:c3	-90
0	24.0	156.0	bvoip	86:15:54:ab:10:0a	-83
0	24.0	156.0		70:70:8b:bc:43:7d	-53
0	24.0	156.0		00:c1:64:96:dd:bf	-68
0	24.0	156.0	ShinsegaeDF	00:c1:64:96:dd:be	-67
0	24.0	156.0		00:c1:64:96:dd:bd	-67
0	24.0	156.0	CLEANAIR_DF	00:c1:64:96:dd:bc	-67
0	24.0	156.0	bon_5g	a8:5b:f7:32:23:d0	-87
0	24.0	156.0	DEPTWIFI_PC	a8:5b:f7:32:23:d6	-88
0	24.0	156.0	CLEANAIR	a8:5b:f7:32:23:d4	-86
0	24.0	156.0	bstaff	8a:15:54:ab:10:0a	-81
0	24.0	156.0	Shinsegae_free_wifi	a8:5b:f7:33:2f:d1	-93
0	24.0	156.0	F&B_WAITTING	a8:5b:f7:33:2f:d3	-92
0	24.0	156.0	CLEANAIR	a8:5b:f7:33:2f:d4	-92
0	24.0	156.0	DEPTWIFI	a8:5b:f7:33:2f:d5	-90
0	24.0	156.0		00:c1:64:b3:3e:c0	-53
0	24.0	156.0	DEPTWIFI_PC	a8:5b:f7:33:2f:d6	-90
0	24.0	156.0		70:70:8b:bc:43:8d	-73
0	24.0	156.0		00:c1:64:b3:3e:c2	-27
0	24.0	156.0		70:70:8b:bc:43:8e	-73
0	24.0	156.0	bon_5g	a8:5b:f7:33:2f:d0	-92
0	24.0	156.0	iptime	58:86:94:3e:c0:5c	-88
0	24.0	156.0		70:70:8b:bc:43:7e	-51
0	24.0	156.0		70:70:8b:bc:43:7f	-50
0	24.0	156.0	bvoip	86:15:44:ab:10:0a	-82
0	24.0	156.0	ZZ-Korea-XG_2.4G	14:cc:20:ef:99:c2	-88
0	24.0	156.0	Linksys05005	c0:56:27:06:34:f2	-64
0	24.0	156.0	Linksys05005_5GHz	c0:56:27:06:34:f3	-72
0	24.0	156.0	bmobile	8e:15:54:ab:10:0a	-81
0	24.0	156.0	Shinsegae_free_wifi	b0:1f:8c:c8:ae:a1	-92
0	24.0	156.0	Boconcept 5G	70:5d:cc:b1:80:20	-89
0	24.0	156.0	ShinsegaeDF	00:c1:64:b3:3e:ce	-53
0	24.0	156.0		00:c1:64:b3:3e:cd	-52
0	24.0	156.0	CLEANAIR_DF	00:c1:64:b3:3e:cc	-52
0	24.0	156.0		00:c1:64:b3:3e:cf	-54
0	24.0	156.0		70:70:8b:bc:43:70	-70
0	24.0	150.0	P_LTE_POS	40:27:0b:05:9e:2f	-90
0	24.0	150.0	iptime	88:36:6c:88:30:98	-64
0	24.0	150.0		00:3a:7d:3d:85:bf	-86
0	24.0	150.0	ShinsegaeDF	00:3a:7d:3d:85:be	-86
0	24.0	150.0		00:3a:7d:3d:85:bd	-85
0	24.0	150.0		70:70:8b:83:d1:bf	-84
0	24.0	150.0		70:70:8b:83:d1:be	-81
0	24.0	150.0		70:70:8b:83:d1:bd	-84
0	24.0	150.0	Galaxy A232044	e6:86:1a:66:4d:5e	-59
0	24.0	150.0		70:70:8b:b2:ce:0d	-80
0	24.0	150.0		70:70:8b:b2:ce:0f	-83
0	24.0	150.0		00:78:88:07:1b:22	-74
0	24.0	150.0	F&B_WAITTING	a8:5b:f7:30:56:83	-87
0	24.0	150.0	Shinsegae_free_wifi_secure	a8:5b:f7:30:56:82	-89
0	24.0	150.0		b6:15:44:ab:10:0a	-76
0	24.0	150.0	피플카운팅(전용5G)	88:36:6c:55:de:40	-54
0	24.0	150.0	피플카운팅(전용)	88:36:6c:55:de:42	-49
0	24.0	150.0	bstaff	88:15:44:ab:10:0a	-77
0	24.0	150.0	bon_2g	a8:5b:f7:30:6b:c0	-86
0	24.0	150.0	Shinsegae_free_wifi	a8:5b:f7:30:6b:c1	-85
0	24.0	150.0	iptime_leica	70:5d:cc:c1:98:40	-90
0	24.0	150.0		00:c1:64:96:dd:b2	-64
0	24.0	150.0		70:70:8b:bc:43:8f	-75
0	24.0	150.0	CLEANAIR_DF	00:c1:64:96:dd:b3	-58
0	24.0	150.0	Shinsegae_free_wifi	a8:5b:f7:2f:1f:71	-91
0	24.0	150.0		70:70:8b:d9:37:bf	-83
0	24.0	150.0		70:70:8b:d9:37:be	-89
0	24.0	150.0	DEPTWIFI_PC	a8:5b:f7:26:19:06	-80
0	24.0	150.0		70:70:8b:d9:37:bd	-83
0	24.0	150.0	DIRECT-e1-HP M283 LaserJet	5e:fb:3a:94:dc:e1	-57
0	24.0	150.0		70:70:8b:bc:47:6f	-66
0	24.0	150.0		70:70:8b:bc:47:6d	-65
0	24.0	150.0	TOEBOX_5G	e8:65:d4:3f:9f:75	-83
0	24.0	150.0		70:70:8b:bc:47:6e	-64
0	24.0	150.0	bmobile	8e:15:44:ab:10:0a	-75
0	24.0	150.0	DEPTWIFI	a8:5b:f7:26:19:15	-91
0	24.0	150.0	CLEANAIR	a8:5b:f7:26:19:14	-91
0	24.0	150.0		00:78:88:07:1b:2d	-81
0	24.0	150.0	CLEANAIR_DF	00:78:88:07:1b:2c	-82
0	24.0	150.0		00:78:88:07:1b:2f	-81
0	24.0	150.0	Shinsegae_free_wifi	a8:5b:f7:26:19:11	-91
0	24.0	150.0	ShinsegaeDF	00:78:88:07:1b:2e	-81
0	24.0	150.0	CLEANAIR	a8:5b:f7:30:6b:c4	-83
0	24.0	150.0	bon_5g	a8:5b:f7:26:19:10	-90
0	24.0	150.0	bvoip	86:15:54:ab:10:0a	-84
0	24.0	150.0	DEPTWIFI_PC	a8:5b:f7:26:19:16	-93
0	24.0	150.0	P_LTE_POS	40:27:0b:05:9c:4f	-89
0	24.0	150.0		70:70:8b:bc:43:7d	-52
0	24.0	150.0		00:c1:64:96:dd:bf	-65
0	24.0	150.0	ShinsegaeDF	00:c1:64:96:dd:be	-65
0	24.0	150.0		00:c1:64:96:dd:bd	-62
0	24.0	150.0	CLEANAIR_DF	00:c1:64:96:dd:bc	-65
0	24.0	150.0	DEPTWIFI_PC	a8:5b:f7:32:23:d6	-87
0	24.0	150.0	DEPTWIFI	a8:5b:f7:32:23:d5	-88
0	24.0	150.0	bstaff	8a:15:54:ab:10:0a	-86
0	24.0	150.0	Bryce	e0:d1:73:e9:f9:ed	-86
0	24.0	150.0	Shinsegae_free_wifi	a8:5b:f7:33:2f:d1	-93
0	24.0	150.0	F&B_WAITTING	a8:5b:f7:33:2f:d3	-92
0	24.0	150.0	ShinsegaeDF	00:c1:64:b3:3e:c1	-43
0	24.0	150.0	DEPTWIFI	a8:5b:f7:33:2f:d5	-92
0	24.0	150.0		00:c1:64:b3:3e:c0	-50
0	24.0	150.0	DEPTWIFI_PC	a8:5b:f7:33:2f:d6	-91
0	24.0	150.0	CLEANAIR_DF	00:c1:64:b3:3e:c3	-47
0	24.0	150.0		70:70:8b:bc:43:8d	-76
0	24.0	150.0		00:c1:64:b3:3e:c2	-46
0	24.0	150.0		70:70:8b:bc:43:8e	-76
0	24.0	150.0	Bryce	1c:de:a7:ee:48:32	-83
0	24.0	150.0	bon_5g	a8:5b:f7:33:2f:d0	-93
0	24.0	150.0		70:70:8b:bc:43:7e	-50
0	24.0	150.0		70:70:8b:bc:43:7f	-54
0	24.0	150.0		00:42:68:84:02:6f	-88
0	24.0	150.0	bvoip	86:15:44:ab:10:0a	-76
0	24.0	150.0		00:78:88:4e:f4:1f	-89
0	24.0	150.0	CLEANAIR_DF	00:78:88:4e:f4:1c	-91
0	24.0	150.0	ZZ-Korea-XG_5G	14:cc:20:ef:99:c1	-88
0	24.0	150.0	Linksys05005	c0:56:27:06:34:f2	-56
0	24.0	150.0	Linksys05005_5GHz	c0:56:27:06:34:f3	-69
0	24.0	150.0	iptime-204	70:5d:cc:17:f6:b4	-83
0	24.0	150.0	bmobile	8e:15:54:ab:10:0a	-86
0	24.0	150.0	F&B_WAITTING	b0:1f:8c:c8:ae:a3	-82
0	24.0	150.0	iptime5G	88:36:6c:88:30:9a	-77
0	24.0	150.0	ShinsegaeDF	00:42:68:fd:68:0e	-92
0	24.0	150.0	Boconcept 5G	70:5d:cc:b1:80:20	-93
0	24.0	150.0	TP-Link_64D9	34:60:f9:f1:64:d9	-79
0	24.0	150.0	ShinsegaeDF	00:c1:64:b3:3e:ce	-53
0	24.0	150.0		00:c1:64:b3:3e:cd	-51
0	24.0	150.0	CLEANAIR_DF	00:c1:64:b3:3e:cc	-51
0	24.0	150.0		00:c1:64:b3:3e:cf	-53
0	24.0	144.0	P_LTE_POS	40:27:0b:05:9e:2f	-90
0	24.0	144.0	iptime	88:36:6c:88:30:98	-64
0	24.0	144.0		00:3a:7d:3d:85:bf	-86
0	24.0	144.0	ShinsegaeDF	00:3a:7d:3d:85:be	-86
0	24.0	144.0		00:3a:7d:3d:85:bd	-85
0	24.0	144.0		70:70:8b:83:d1:bf	-84
0	24.0	144.0		70:70:8b:83:d1:be	-81
0	24.0	144.0		70:70:8b:83:d1:bd	-84
0	24.0	144.0	Galaxy A232044	e6:86:1a:66:4d:5e	-59
0	24.0	144.0		70:70:8b:b2:ce:0d	-80
0	24.0	144.0		70:70:8b:b2:ce:0f	-83
0	24.0	144.0		00:78:88:07:1b:22	-74
0	24.0	144.0	F&B_WAITTING	a8:5b:f7:30:56:83	-87
0	24.0	144.0	Shinsegae_free_wifi_secure	a8:5b:f7:30:56:82	-89
0	24.0	144.0		b6:15:44:ab:10:0a	-76
0	24.0	144.0	피플카운팅(전용5G)	88:36:6c:55:de:40	-54
0	24.0	144.0	피플카운팅(전용)	88:36:6c:55:de:42	-49
0	24.0	144.0	bstaff	88:15:44:ab:10:0a	-77
0	24.0	144.0	bon_2g	a8:5b:f7:30:6b:c0	-86
0	24.0	144.0	Shinsegae_free_wifi	a8:5b:f7:30:6b:c1	-85
0	24.0	144.0	iptime_leica	70:5d:cc:c1:98:40	-90
0	24.0	144.0		00:c1:64:96:dd:b2	-64
0	24.0	144.0		70:70:8b:bc:43:8f	-75
0	24.0	144.0	CLEANAIR_DF	00:c1:64:96:dd:b3	-58
0	24.0	144.0	Shinsegae_free_wifi	a8:5b:f7:2f:1f:71	-91
0	24.0	144.0		70:70:8b:d9:37:bf	-83
0	24.0	144.0		70:70:8b:d9:37:be	-89
0	24.0	144.0	DEPTWIFI_PC	a8:5b:f7:26:19:06	-80
0	24.0	144.0		70:70:8b:d9:37:bd	-83
0	24.0	144.0	DIRECT-e1-HP M283 LaserJet	5e:fb:3a:94:dc:e1	-57
0	24.0	144.0		70:70:8b:bc:47:6f	-66
0	24.0	144.0		70:70:8b:bc:47:6d	-65
0	24.0	144.0	TOEBOX_5G	e8:65:d4:3f:9f:75	-83
0	24.0	144.0		70:70:8b:bc:47:6e	-64
0	24.0	144.0	bmobile	8e:15:44:ab:10:0a	-75
0	24.0	144.0	DEPTWIFI	a8:5b:f7:26:19:15	-91
0	24.0	144.0	CLEANAIR	a8:5b:f7:26:19:14	-91
0	24.0	144.0		00:78:88:07:1b:2d	-81
0	24.0	144.0	CLEANAIR_DF	00:78:88:07:1b:2c	-82
0	24.0	144.0		00:78:88:07:1b:2f	-81
0	24.0	144.0	Shinsegae_free_wifi	a8:5b:f7:26:19:11	-91
0	24.0	144.0	ShinsegaeDF	00:78:88:07:1b:2e	-81
0	24.0	144.0	CLEANAIR	a8:5b:f7:30:6b:c4	-83
0	24.0	144.0	bon_5g	a8:5b:f7:26:19:10	-90
0	24.0	144.0	bvoip	86:15:54:ab:10:0a	-84
0	24.0	144.0	DEPTWIFI_PC	a8:5b:f7:26:19:16	-93
0	24.0	144.0	P_LTE_POS	40:27:0b:05:9c:4f	-89
0	24.0	144.0		70:70:8b:bc:43:7d	-52
0	24.0	144.0		00:c1:64:96:dd:bf	-65
0	24.0	144.0	ShinsegaeDF	00:c1:64:96:dd:be	-65
0	24.0	144.0		00:c1:64:96:dd:bd	-62
0	24.0	144.0	CLEANAIR_DF	00:c1:64:96:dd:bc	-65
0	24.0	144.0	DEPTWIFI_PC	a8:5b:f7:32:23:d6	-87
0	24.0	144.0	DEPTWIFI	a8:5b:f7:32:23:d5	-88
0	24.0	144.0	bstaff	8a:15:54:ab:10:0a	-86
0	24.0	144.0	Bryce	e0:d1:73:e9:f9:ed	-86
0	24.0	144.0	Shinsegae_free_wifi	a8:5b:f7:33:2f:d1	-93
0	24.0	144.0	F&B_WAITTING	a8:5b:f7:33:2f:d3	-92
0	24.0	144.0	ShinsegaeDF	00:c1:64:b3:3e:c1	-43
0	24.0	144.0	DEPTWIFI	a8:5b:f7:33:2f:d5	-92
0	24.0	144.0		00:c1:64:b3:3e:c0	-50
0	24.0	144.0	DEPTWIFI_PC	a8:5b:f7:33:2f:d6	-91
0	24.0	144.0	CLEANAIR_DF	00:c1:64:b3:3e:c3	-47
0	24.0	144.0		70:70:8b:bc:43:8d	-76
0	24.0	144.0		00:c1:64:b3:3e:c2	-46
0	24.0	144.0		70:70:8b:bc:43:8e	-76
0	24.0	144.0	Bryce	1c:de:a7:ee:48:32	-83
0	24.0	144.0	bon_5g	a8:5b:f7:33:2f:d0	-93
0	24.0	144.0		70:70:8b:bc:43:7e	-50
0	24.0	144.0		70:70:8b:bc:43:7f	-54
0	24.0	144.0		00:42:68:84:02:6f	-88
0	24.0	144.0	bvoip	86:15:44:ab:10:0a	-76
0	24.0	144.0		00:78:88:4e:f4:1f	-89
0	24.0	144.0	CLEANAIR_DF	00:78:88:4e:f4:1c	-91
0	24.0	144.0	ZZ-Korea-XG_5G	14:cc:20:ef:99:c1	-88
0	24.0	144.0	Linksys05005	c0:56:27:06:34:f2	-56
0	24.0	144.0	Linksys05005_5GHz	c0:56:27:06:34:f3	-69
0	24.0	144.0	iptime-204	70:5d:cc:17:f6:b4	-83
0	24.0	144.0	bmobile	8e:15:54:ab:10:0a	-86
0	24.0	144.0	F&B_WAITTING	b0:1f:8c:c8:ae:a3	-82
0	24.0	144.0	iptime5G	88:36:6c:88:30:9a	-77
0	24.0	144.0	ShinsegaeDF	00:42:68:fd:68:0e	-92
0	24.0	144.0	Boconcept 5G	70:5d:cc:b1:80:20	-93
0	24.0	144.0	TP-Link_64D9	34:60:f9:f1:64:d9	-79
0	24.0	144.0	ShinsegaeDF	00:c1:64:b3:3e:ce	-53
0	24.0	144.0		00:c1:64:b3:3e:cd	-51
0	24.0	144.0	CLEANAIR_DF	00:c1:64:b3:3e:cc	-51
0	24.0	144.0		00:c1:64:b3:3e:cf	-53
0	24.0	138.0	P_LTE_POS	40:27:0b:05:9e:2f	-90
0	24.0	138.0	iptime	88:36:6c:88:30:98	-64
0	24.0	138.0		00:3a:7d:3d:85:bf	-86
0	24.0	138.0	ShinsegaeDF	00:3a:7d:3d:85:be	-86
0	24.0	138.0		00:3a:7d:3d:85:bd	-85
0	24.0	138.0		70:70:8b:83:d1:bf	-84
0	24.0	138.0		70:70:8b:83:d1:be	-81
0	24.0	138.0		70:70:8b:83:d1:bd	-84
0	24.0	138.0	Galaxy A232044	e6:86:1a:66:4d:5e	-59
0	24.0	138.0		70:70:8b:b2:ce:0d	-80
0	24.0	138.0		70:70:8b:b2:ce:0f	-83
0	24.0	138.0		00:78:88:07:1b:22	-74
0	24.0	138.0	F&B_WAITTING	a8:5b:f7:30:56:83	-87
0	24.0	138.0	Shinsegae_free_wifi_secure	a8:5b:f7:30:56:82	-89
0	24.0	138.0		b6:15:44:ab:10:0a	-76
0	24.0	138.0	피플카운팅(전용5G)	88:36:6c:55:de:40	-54
0	24.0	138.0	피플카운팅(전용)	88:36:6c:55:de:42	-49
0	24.0	138.0	bstaff	88:15:44:ab:10:0a	-77
0	24.0	138.0	bon_2g	a8:5b:f7:30:6b:c0	-86
0	24.0	138.0	Shinsegae_free_wifi	a8:5b:f7:30:6b:c1	-85
0	24.0	138.0	iptime_leica	70:5d:cc:c1:98:40	-90
0	24.0	138.0		00:c1:64:96:dd:b2	-64
0	24.0	138.0		70:70:8b:bc:43:8f	-75
0	24.0	138.0	CLEANAIR_DF	00:c1:64:96:dd:b3	-58
0	24.0	138.0	Shinsegae_free_wifi	a8:5b:f7:2f:1f:71	-91
0	24.0	138.0		70:70:8b:d9:37:bf	-83
0	24.0	138.0		70:70:8b:d9:37:be	-89
0	24.0	138.0	DEPTWIFI_PC	a8:5b:f7:26:19:06	-80
0	24.0	138.0		70:70:8b:d9:37:bd	-83
0	24.0	138.0	DIRECT-e1-HP M283 LaserJet	5e:fb:3a:94:dc:e1	-57
0	24.0	138.0		70:70:8b:bc:47:6f	-66
0	24.0	138.0		70:70:8b:bc:47:6d	-65
0	24.0	138.0	TOEBOX_5G	e8:65:d4:3f:9f:75	-83
0	24.0	138.0		70:70:8b:bc:47:6e	-64
0	24.0	138.0	bmobile	8e:15:44:ab:10:0a	-75
0	24.0	138.0	DEPTWIFI	a8:5b:f7:26:19:15	-91
0	24.0	138.0	CLEANAIR	a8:5b:f7:26:19:14	-91
0	24.0	138.0		00:78:88:07:1b:2d	-81
0	24.0	138.0	CLEANAIR_DF	00:78:88:07:1b:2c	-82
0	24.0	138.0		00:78:88:07:1b:2f	-81
0	24.0	138.0	Shinsegae_free_wifi	a8:5b:f7:26:19:11	-91
0	24.0	138.0	ShinsegaeDF	00:78:88:07:1b:2e	-81
0	24.0	138.0	CLEANAIR	a8:5b:f7:30:6b:c4	-83
0	24.0	138.0	bon_5g	a8:5b:f7:26:19:10	-90
0	24.0	138.0	bvoip	86:15:54:ab:10:0a	-84
0	24.0	138.0	DEPTWIFI_PC	a8:5b:f7:26:19:16	-93
0	24.0	138.0	P_LTE_POS	40:27:0b:05:9c:4f	-89
0	24.0	138.0		70:70:8b:bc:43:7d	-52
0	24.0	138.0		00:c1:64:96:dd:bf	-65
0	24.0	138.0	ShinsegaeDF	00:c1:64:96:dd:be	-65
0	24.0	138.0		00:c1:64:96:dd:bd	-62
0	24.0	138.0	CLEANAIR_DF	00:c1:64:96:dd:bc	-65
0	24.0	138.0	DEPTWIFI_PC	a8:5b:f7:32:23:d6	-87
0	24.0	138.0	DEPTWIFI	a8:5b:f7:32:23:d5	-88
0	24.0	138.0	bstaff	8a:15:54:ab:10:0a	-86
0	24.0	138.0	Bryce	e0:d1:73:e9:f9:ed	-86
0	24.0	138.0	Shinsegae_free_wifi	a8:5b:f7:33:2f:d1	-93
0	24.0	138.0	F&B_WAITTING	a8:5b:f7:33:2f:d3	-92
0	24.0	138.0	ShinsegaeDF	00:c1:64:b3:3e:c1	-43
0	24.0	138.0	DEPTWIFI	a8:5b:f7:33:2f:d5	-92
0	24.0	138.0		00:c1:64:b3:3e:c0	-50
0	24.0	138.0	DEPTWIFI_PC	a8:5b:f7:33:2f:d6	-91
0	24.0	138.0	CLEANAIR_DF	00:c1:64:b3:3e:c3	-47
0	24.0	138.0		70:70:8b:bc:43:8d	-76
0	24.0	138.0		00:c1:64:b3:3e:c2	-46
0	24.0	138.0		70:70:8b:bc:43:8e	-76
0	24.0	138.0	Bryce	1c:de:a7:ee:48:32	-83
0	24.0	138.0	bon_5g	a8:5b:f7:33:2f:d0	-93
0	24.0	138.0		70:70:8b:bc:43:7e	-50
0	24.0	138.0		70:70:8b:bc:43:7f	-54
0	24.0	138.0		00:42:68:84:02:6f	-88
0	24.0	138.0	bvoip	86:15:44:ab:10:0a	-76
0	24.0	138.0		00:78:88:4e:f4:1f	-89
0	24.0	138.0	CLEANAIR_DF	00:78:88:4e:f4:1c	-91
0	24.0	138.0	ZZ-Korea-XG_5G	14:cc:20:ef:99:c1	-88
0	24.0	138.0	Linksys05005	c0:56:27:06:34:f2	-56
0	24.0	138.0	Linksys05005_5GHz	c0:56:27:06:34:f3	-69
0	24.0	138.0	iptime-204	70:5d:cc:17:f6:b4	-83
0	24.0	138.0	bmobile	8e:15:54:ab:10:0a	-86
0	24.0	138.0	F&B_WAITTING	b0:1f:8c:c8:ae:a3	-82
0	24.0	138.0	iptime5G	88:36:6c:88:30:9a	-77
0	24.0	138.0	ShinsegaeDF	00:42:68:fd:68:0e	-92
0	24.0	138.0	Boconcept 5G	70:5d:cc:b1:80:20	-93
0	24.0	138.0	TP-Link_64D9	34:60:f9:f1:64:d9	-79
0	24.0	138.0	ShinsegaeDF	00:c1:64:b3:3e:ce	-53
0	24.0	138.0		00:c1:64:b3:3e:cd	-51
0	24.0	138.0	CLEANAIR_DF	00:c1:64:b3:3e:cc	-51
0	24.0	138.0		00:c1:64:b3:3e:cf	-53
1	24.0	138.0	P_LTE_POS	40:27:0b:05:9e:2f	-90
1	24.0	138.0	iptime	88:36:6c:88:30:98	-64
1	24.0	138.0		00:3a:7d:3d:85:bf	-86
1	24.0	138.0	ShinsegaeDF	00:3a:7d:3d:85:be	-86
1	24.0	138.0		00:3a:7d:3d:85:bd	-85
1	24.0	138.0		70:70:8b:83:d1:bf	-84
1	24.0	138.0		70:70:8b:83:d1:be	-81
1	24.0	138.0		70:70:8b:83:d1:bd	-84
1	24.0	138.0	Galaxy A232044	e6:86:1a:66:4d:5e	-59
1	24.0	138.0		70:70:8b:b2:ce:0d	-80
1	24.0	138.0		70:70:8b:b2:ce:0f	-83
1	24.0	138.0		00:78:88:07:1b:22	-74
1	24.0	138.0	F&B_WAITTING	a8:5b:f7:30:56:83	-87
1	24.0	138.0	Shinsegae_free_wifi_secure	a8:5b:f7:30:56:82	-89
1	24.0	138.0		b6:15:44:ab:10:0a	-76
1	24.0	138.0	피플카운팅(전용5G)	88:36:6c:55:de:40	-54
1	24.0	138.0	피플카운팅(전용)	88:36:6c:55:de:42	-49
1	24.0	138.0	bstaff	88:15:44:ab:10:0a	-77
1	24.0	138.0	bon_2g	a8:5b:f7:30:6b:c0	-86
1	24.0	138.0	Shinsegae_free_wifi	a8:5b:f7:30:6b:c1	-85
1	24.0	138.0	iptime_leica	70:5d:cc:c1:98:40	-90
1	24.0	138.0		00:c1:64:96:dd:b2	-64
1	24.0	138.0		70:70:8b:bc:43:8f	-75
1	24.0	138.0	CLEANAIR_DF	00:c1:64:96:dd:b3	-58
1	24.0	138.0	Shinsegae_free_wifi	a8:5b:f7:2f:1f:71	-91
1	24.0	138.0		70:70:8b:d9:37:bf	-83
1	24.0	138.0		70:70:8b:d9:37:be	-89
1	24.0	138.0	DEPTWIFI_PC	a8:5b:f7:26:19:06	-80
1	24.0	138.0		70:70:8b:d9:37:bd	-83
1	24.0	138.0	DIRECT-e1-HP M283 LaserJet	5e:fb:3a:94:dc:e1	-57
1	24.0	138.0		70:70:8b:bc:47:6f	-66
1	24.0	138.0		70:70:8b:bc:47:6d	-65
1	24.0	138.0	TOEBOX_5G	e8:65:d4:3f:9f:75	-83
1	24.0	138.0		70:70:8b:bc:47:6e	-64
1	24.0	138.0	bmobile	8e:15:44:ab:10:0a	-75
1	24.0	138.0	DEPTWIFI	a8:5b:f7:26:19:15	-91
1	24.0	138.0	CLEANAIR	a8:5b:f7:26:19:14	-91
1	24.0	138.0		00:78:88:07:1b:2d	-81
1	24.0	138.0	CLEANAIR_DF	00:78:88:07:1b:2c	-82
1	24.0	138.0		00:78:88:07:1b:2f	-81
1	24.0	138.0	Shinsegae_free_wifi	a8:5b:f7:26:19:11	-91
1	24.0	138.0	ShinsegaeDF	00:78:88:07:1b:2e	-81
1	24.0	138.0	CLEANAIR	a8:5b:f7:30:6b:c4	-83
1	24.0	138.0	bon_5g	a8:5b:f7:26:19:10	-90
1	24.0	138.0	bvoip	86:15:54:ab:10:0a	-84
1	24.0	138.0	DEPTWIFI_PC	a8:5b:f7:26:19:16	-93
1	24.0	138.0	P_LTE_POS	40:27:0b:05:9c:4f	-89
1	24.0	138.0		70:70:8b:bc:43:7d	-52
1	24.0	138.0		00:c1:64:96:dd:bf	-65
1	24.0	138.0	ShinsegaeDF	00:c1:64:96:dd:be	-65
1	24.0	138.0		00:c1:64:96:dd:bd	-62
1	24.0	138.0	CLEANAIR_DF	00:c1:64:96:dd:bc	-65
1	24.0	138.0	DEPTWIFI_PC	a8:5b:f7:32:23:d6	-87
1	24.0	138.0	DEPTWIFI	a8:5b:f7:32:23:d5	-88
1	24.0	138.0	bstaff	8a:15:54:ab:10:0a	-86
1	24.0	138.0	Bryce	e0:d1:73:e9:f9:ed	-86
1	24.0	138.0	Shinsegae_free_wifi	a8:5b:f7:33:2f:d1	-93
1	24.0	138.0	F&B_WAITTING	a8:5b:f7:33:2f:d3	-92
1	24.0	138.0	ShinsegaeDF	00:c1:64:b3:3e:c1	-43
1	24.0	138.0	DEPTWIFI	a8:5b:f7:33:2f:d5	-92
1	24.0	138.0		00:c1:64:b3:3e:c0	-50
1	24.0	138.0	DEPTWIFI_PC	a8:5b:f7:33:2f:d6	-91
1	24.0	138.0	CLEANAIR_DF	00:c1:64:b3:3e:c3	-47
1	24.0	138.0		70:70:8b:bc:43:8d	-76
1	24.0	138.0		00:c1:64:b3:3e:c2	-46
1	24.0	138.0		70:70:8b:bc:43:8e	-76
1	24.0	138.0	Bryce	1c:de:a7:ee:48:32	-83
1	24.0	138.0	bon_5g	a8:5b:f7:33:2f:d0	-93
1	24.0	138.0		70:70:8b:bc:43:7e	-50
1	24.0	138.0		70:70:8b:bc:43:7f	-54
1	24.0	138.0		00:42:68:84:02:6f	-88
1	24.0	138.0	bvoip	86:15:44:ab:10:0a	-76
1	24.0	138.0		00:78:88:4e:f4:1f	-89
1	24.0	138.0	CLEANAIR_DF	00:78:88:4e:f4:1c	-91
1	24.0	138.0	ZZ-Korea-XG_5G	14:cc:20:ef:99:c1	-88
1	24.0	138.0	Linksys05005	c0:56:27:06:34:f2	-56
1	24.0	138.0	Linksys05005_5GHz	c0:56:27:06:34:f3	-69
1	24.0	138.0	iptime-204	70:5d:cc:17:f6:b4	-83
1	24.0	138.0	bmobile	8e:15:54:ab:10:0a	-86
1	24.0	138.0	F&B_WAITTING	b0:1f:8c:c8:ae:a3	-82
1	24.0	138.0	iptime5G	88:36:6c:88:30:9a	-77
1	24.0	138.0	ShinsegaeDF	00:42:68:fd:68:0e	-92
1	24.0	138.0	Boconcept 5G	70:5d:cc:b1:80:20	-93
1	24.0	138.0	TP-Link_64D9	34:60:f9:f1:64:d9	-79
1	24.0	138.0	ShinsegaeDF	00:c1:64:b3:3e:ce	-53
1	24.0	138.0		00:c1:64:b3:3e:cd	-51
1	24.0	138.0	CLEANAIR_DF	00:c1:64:b3:3e:cc	-51
1	24.0	138.0		00:c1:64:b3:3e:cf	-53
0	24.0	132.0	P_LTE_POS	40:27:0b:05:9e:2f	-90
0	24.0	132.0	iptime	88:36:6c:88:30:98	-64
0	24.0	132.0		00:3a:7d:3d:85:bf	-86
0	24.0	132.0	ShinsegaeDF	00:3a:7d:3d:85:be	-86
0	24.0	132.0		00:3a:7d:3d:85:bd	-85
0	24.0	132.0		70:70:8b:83:d1:bf	-84
0	24.0	132.0		70:70:8b:83:d1:be	-81
0	24.0	132.0		70:70:8b:83:d1:bd	-84
0	24.0	132.0	Galaxy A232044	e6:86:1a:66:4d:5e	-59
0	24.0	132.0		70:70:8b:b2:ce:0d	-80
0	24.0	132.0		70:70:8b:b2:ce:0f	-83
0	24.0	132.0		00:78:88:07:1b:22	-74
0	24.0	132.0	F&B_WAITTING	a8:5b:f7:30:56:83	-87
0	24.0	132.0	Shinsegae_free_wifi_secure	a8:5b:f7:30:56:82	-89
0	24.0	132.0		b6:15:44:ab:10:0a	-76
0	24.0	132.0	피플카운팅(전용5G)	88:36:6c:55:de:40	-54
0	24.0	132.0	피플카운팅(전용)	88:36:6c:55:de:42	-49
0	24.0	132.0	bstaff	88:15:44:ab:10:0a	-77
0	24.0	132.0	bon_2g	a8:5b:f7:30:6b:c0	-86
0	24.0	132.0	Shinsegae_free_wifi	a8:5b:f7:30:6b:c1	-85
0	24.0	132.0	iptime_leica	70:5d:cc:c1:98:40	-90
0	24.0	132.0		00:c1:64:96:dd:b2	-64
0	24.0	132.0		70:70:8b:bc:43:8f	-75
0	24.0	132.0	CLEANAIR_DF	00:c1:64:96:dd:b3	-58
0	24.0	132.0	Shinsegae_free_wifi	a8:5b:f7:2f:1f:71	-91
0	24.0	132.0		70:70:8b:d9:37:bf	-83
0	24.0	132.0		70:70:8b:d9:37:be	-89
0	24.0	132.0	DEPTWIFI_PC	a8:5b:f7:26:19:06	-80
0	24.0	132.0		70:70:8b:d9:37:bd	-83
0	24.0	132.0	DIRECT-e1-HP M283 LaserJet	5e:fb:3a:94:dc:e1	-57
0	24.0	132.0		70:70:8b:bc:47:6f	-66
0	24.0	132.0		70:70:8b:bc:47:6d	-65
0	24.0	132.0	TOEBOX_5G	e8:65:d4:3f:9f:75	-83
0	24.0	132.0		70:70:8b:bc:47:6e	-64
0	24.0	132.0	bmobile	8e:15:44:ab:10:0a	-75
0	24.0	132.0	DEPTWIFI	a8:5b:f7:26:19:15	-91
0	24.0	132.0	CLEANAIR	a8:5b:f7:26:19:14	-91
0	24.0	132.0		00:78:88:07:1b:2d	-81
0	24.0	132.0	CLEANAIR_DF	00:78:88:07:1b:2c	-82
0	24.0	132.0		00:78:88:07:1b:2f	-81
0	24.0	132.0	Shinsegae_free_wifi	a8:5b:f7:26:19:11	-91
0	24.0	132.0	ShinsegaeDF	00:78:88:07:1b:2e	-81
0	24.0	132.0	CLEANAIR	a8:5b:f7:30:6b:c4	-83
0	24.0	132.0	bon_5g	a8:5b:f7:26:19:10	-90
0	24.0	132.0	bvoip	86:15:54:ab:10:0a	-84
0	24.0	132.0	DEPTWIFI_PC	a8:5b:f7:26:19:16	-93
0	24.0	132.0	P_LTE_POS	40:27:0b:05:9c:4f	-89
0	24.0	132.0		70:70:8b:bc:43:7d	-52
0	24.0	132.0		00:c1:64:96:dd:bf	-65
0	24.0	132.0	ShinsegaeDF	00:c1:64:96:dd:be	-65
0	24.0	132.0		00:c1:64:96:dd:bd	-62
0	24.0	132.0	CLEANAIR_DF	00:c1:64:96:dd:bc	-65
0	24.0	132.0	DEPTWIFI_PC	a8:5b:f7:32:23:d6	-87
0	24.0	132.0	DEPTWIFI	a8:5b:f7:32:23:d5	-88
0	24.0	132.0	bstaff	8a:15:54:ab:10:0a	-86
0	24.0	132.0	Bryce	e0:d1:73:e9:f9:ed	-86
0	24.0	132.0	Shinsegae_free_wifi	a8:5b:f7:33:2f:d1	-93
0	24.0	132.0	F&B_WAITTING	a8:5b:f7:33:2f:d3	-92
0	24.0	132.0	ShinsegaeDF	00:c1:64:b3:3e:c1	-43
0	24.0	132.0	DEPTWIFI	a8:5b:f7:33:2f:d5	-92
0	24.0	132.0		00:c1:64:b3:3e:c0	-50
0	24.0	132.0	DEPTWIFI_PC	a8:5b:f7:33:2f:d6	-91
0	24.0	132.0	CLEANAIR_DF	00:c1:64:b3:3e:c3	-47
0	24.0	132.0		70:70:8b:bc:43:8d	-76
0	24.0	132.0		00:c1:64:b3:3e:c2	-46
0	24.0	132.0		70:70:8b:bc:43:8e	-76
0	24.0	132.0	Bryce	1c:de:a7:ee:48:32	-83
0	24.0	132.0	bon_5g	a8:5b:f7:33:2f:d0	-93
0	24.0	132.0		70:70:8b:bc:43:7e	-50
0	24.0	132.0		70:70:8b:bc:43:7f	-54
0	24.0	132.0		00:42:68:84:02:6f	-88
0	24.0	132.0	bvoip	86:15:44:ab:10:0a	-76
0	24.0	132.0		00:78:88:4e:f4:1f	-89
0	24.0	132.0	CLEANAIR_DF	00:78:88:4e:f4:1c	-91
0	24.0	132.0	ZZ-Korea-XG_5G	14:cc:20:ef:99:c1	-88
0	24.0	132.0	Linksys05005	c0:56:27:06:34:f2	-56
0	24.0	132.0	Linksys05005_5GHz	c0:56:27:06:34:f3	-69
0	24.0	132.0	iptime-204	70:5d:cc:17:f6:b4	-83
0	24.0	132.0	bmobile	8e:15:54:ab:10:0a	-86
0	24.0	132.0	F&B_WAITTING	b0:1f:8c:c8:ae:a3	-82
0	24.0	132.0	iptime5G	88:36:6c:88:30:9a	-77
0	24.0	132.0	ShinsegaeDF	00:42:68:fd:68:0e	-92
0	24.0	132.0	Boconcept 5G	70:5d:cc:b1:80:20	-93
0	24.0	132.0	TP-Link_64D9	34:60:f9:f1:64:d9	-79
0	24.0	132.0	ShinsegaeDF	00:c1:64:b3:3e:ce	-53
0	24.0	132.0		00:c1:64:b3:3e:cd	-51
0	24.0	132.0	CLEANAIR_DF	00:c1:64:b3:3e:cc	-51
0	24.0	132.0		00:c1:64:b3:3e:cf	-53
0	24.0	126.0		00:78:88:4e:f4:12	-79
0	24.0	126.0	iptime	88:36:6c:88:30:98	-70
0	24.0	126.0		00:3a:7d:3d:85:bf	-83
0	24.0	126.0	HP-Print-09-Officejet Pro 6830	50:65:f3:e4:78:09	-79
0	24.0	126.0		00:3a:7d:3d:85:bd	-85
0	24.0	126.0		70:70:8b:83:d1:bf	-84
0	24.0	126.0		70:70:8b:83:d1:be	-83
0	24.0	126.0		70:70:8b:83:d1:bd	-81
0	24.0	126.0	Galaxy A232044	e6:86:1a:66:4d:5e	-55
0	24.0	126.0		70:70:8b:b2:ce:0e	-82
0	24.0	126.0		00:78:88:07:1b:22	-71
0	24.0	126.0	ktEgg_534	34:cc:28:01:49:d1	-89
0	24.0	126.0		b6:15:44:ab:10:0a	-79
0	24.0	126.0	피플카운팅(전용5G)	88:36:6c:55:de:40	-57
0	24.0	126.0	피플카운팅(전용)	88:36:6c:55:de:42	-45
0	24.0	126.0	bstaff	88:15:44:ab:10:0a	-78
0	24.0	126.0		00:42:68:84:05:b2	-80
0	24.0	126.0		b6:15:54:ab:10:0a	-82
0	24.0	126.0	ShinsegaeDF	00:c1:64:96:dd:b1	-59
0	24.0	126.0		70:70:8b:bc:43:8f	-64
0	24.0	126.0	Bryce	e0:d1:73:e9:f9:e2	-87
0	24.0	126.0	Redwood	e0:d1:73:e9:f9:e3	-87
0	24.0	126.0	F&B_WAITTING	a8:5b:f7:26:19:03	-82
0	24.0	126.0	Shinsegae_free_wifi_secure	a8:5b:f7:26:19:02	-79
0	24.0	126.0	Shinsegae_free_wifi	a8:5b:f7:26:19:01	-79
0	24.0	126.0	bon_2g	a8:5b:f7:26:19:00	-77
0	24.0	126.0		70:70:8b:bc:47:60	-77
0	24.0	126.0	CLEANAIR_DF	00:c1:64:96:dd:b3	-58
0	24.0	126.0		70:70:8b:bc:47:61	-81
0	24.0	126.0		70:70:8b:d9:37:bf	-86
0	24.0	126.0		70:70:8b:d9:37:be	-85
0	24.0	126.0	DEPTWIFI_PC	a8:5b:f7:26:19:06	-79
0	24.0	126.0		70:70:8b:d9:37:bd	-85
0	24.0	126.0	DIRECT-e1-HP M283 LaserJet	5e:fb:3a:94:dc:e1	-58
0	24.0	126.0	DEPTWIFI	a8:5b:f7:26:19:05	-78
0	24.0	126.0		70:70:8b:bc:47:6f	-64
0	24.0	126.0		70:70:8b:bc:47:6d	-65
0	24.0	126.0	TOEBOX_5G	e8:65:d4:3f:9f:75	-77
0	24.0	126.0		70:70:8b:bc:47:6e	-74
0	24.0	126.0	Redwood	00:ea:bd:bc:39:8d	-87
0	24.0	126.0	bmobile	8e:15:44:ab:10:0a	-79
0	24.0	126.0	1ST	a0:23:9f:c0:a6:8e	-86
0	24.0	126.0	RCCWIFI	a0:23:9f:c0:a6:8f	-85
0	24.0	126.0	Maison_Balenciaga	00:ea:bd:bc:39:8e	-85
0	24.0	126.0	CLEANAIR_DF	00:78:88:07:1b:2c	-80
0	24.0	126.0		00:78:88:07:1b:2f	-82
0	24.0	126.0	ShinsegaeDF	00:78:88:07:1b:2e	-82
0	24.0	126.0	bvoip	86:15:54:ab:10:0a	-85
0	24.0	126.0		70:70:8b:bc:43:7d	-50
0	24.0	126.0		00:c1:64:96:dd:bf	-68
0	24.0	126.0	ShinsegaeDF	00:c1:64:96:dd:be	-67
0	24.0	126.0		00:c1:64:96:dd:bd	-68
0	24.0	126.0	CLEANAIR_DF	00:c1:64:96:dd:bc	-68
0	24.0	126.0	Shinsegae_free_wifi	a8:5b:f7:32:23:d1	-84
0	24.0	126.0	bon_5g	a8:5b:f7:32:23:d0	-83
0	24.0	126.0	DEPTWIFI_PC	a8:5b:f7:32:23:d6	-85
0	24.0	126.0	CLEANAIR	a8:5b:f7:32:23:d4	-83
0	24.0	126.0	F&B_WAITTING	a8:5b:f7:32:23:d3	-85
0	24.0	126.0	bstaff	8a:15:54:ab:10:0a	-83
0	24.0	126.0	Shinsegae_free_wifi	a8:5b:f7:33:2f:d1	-92
0	24.0	126.0	F&B_WAITTING	a8:5b:f7:33:2f:d3	-91
0	24.0	126.0	CLEANAIR	a8:5b:f7:33:2f:d4	-92
0	24.0	126.0	ShinsegaeDF	00:c1:64:b3:3e:c1	-49
0	24.0	126.0	DEPTWIFI	a8:5b:f7:33:2f:d5	-91
0	24.0	126.0		00:c1:64:b3:3e:c0	-46
0	24.0	126.0	DEPTWIFI_PC	a8:5b:f7:33:2f:d6	-91
0	24.0	126.0	CLEANAIR_DF	00:c1:64:b3:3e:c3	-54
0	24.0	126.0		70:70:8b:bc:43:8d	-73
0	24.0	126.0	KT_GiGA_5G_EA9A	60:29:d5:5f:ea:9d	-90
0	24.0	126.0		70:70:8b:bc:43:8e	-70
0	24.0	126.0	bon_5g	a8:5b:f7:33:2f:d0	-92
0	24.0	126.0		70:70:8b:bc:43:7e	-51
0	24.0	126.0		70:70:8b:bc:43:7f	-51
0	24.0	126.0	bvoip	86:15:44:ab:10:0a	-78
0	24.0	126.0	ShinsegaeDF	00:78:88:4e:f4:1e	-90
0	24.0	126.0	CLEANAIR_DF	00:78:88:4e:f4:1c	-92
0	24.0	126.0	Linksys05005	c0:56:27:06:34:f2	-56
0	24.0	126.0	Linksys05005_5GHz	c0:56:27:06:34:f3	-66
0	24.0	126.0	bmobile	8e:15:54:ab:10:0a	-81
0	24.0	126.0	iptime5G	88:36:6c:88:30:9a	-76
0	24.0	126.0		00:42:68:fd:68:0d	-91
0	24.0	126.0	DEPTWIFI_PC	a8:5b:f7:32:23:c6	-81
0	24.0	126.0	Boconcept 5G	70:5d:cc:b1:80:20	-90
0	24.0	126.0	DEPTWIFI	a8:5b:f7:32:23:c5	-81
0	24.0	126.0	CLEANAIR	a8:5b:f7:32:23:c4	-80
0	24.0	126.0	TP-Link_64D9	34:60:f9:f1:64:d9	-82
0	24.0	126.0	ShinsegaeDF	00:c1:64:b3:3e:ce	-57
0	24.0	126.0		00:c1:64:b3:3e:cd	-52
0	24.0	126.0	CLEANAIR_DF	00:c1:64:b3:3e:cc	-57
0	24.0	126.0		00:c1:64:b3:3e:cf	-59
0	24.0	120.0		00:78:88:4e:f4:12	-79
0	24.0	120.0	iptime	88:36:6c:88:30:98	-70
0	24.0	120.0		00:3a:7d:3d:85:bf	-83
0	24.0	120.0	HP-Print-09-Officejet Pro 6830	50:65:f3:e4:78:09	-79
0	24.0	120.0		00:3a:7d:3d:85:bd	-85
0	24.0	120.0		70:70:8b:83:d1:bf	-84
0	24.0	120.0		70:70:8b:83:d1:be	-83
0	24.0	120.0		70:70:8b:83:d1:bd	-81
0	24.0	120.0	Galaxy A232044	e6:86:1a:66:4d:5e	-55
0	24.0	120.0		70:70:8b:b2:ce:0e	-82
0	24.0	120.0		00:78:88:07:1b:22	-71
0	24.0	120.0	ktEgg_534	34:cc:28:01:49:d1	-89
0	24.0	120.0		b6:15:44:ab:10:0a	-79
0	24.0	120.0	피플카운팅(전용5G)	88:36:6c:55:de:40	-57
0	24.0	120.0	피플카운팅(전용)	88:36:6c:55:de:42	-45
0	24.0	120.0	bstaff	88:15:44:ab:10:0a	-78
0	24.0	120.0		00:42:68:84:05:b2	-80
0	24.0	120.0		b6:15:54:ab:10:0a	-82
0	24.0	120.0	ShinsegaeDF	00:c1:64:96:dd:b1	-59
0	24.0	120.0		70:70:8b:bc:43:8f	-64
0	24.0	120.0	Bryce	e0:d1:73:e9:f9:e2	-87
0	24.0	120.0	Redwood	e0:d1:73:e9:f9:e3	-87
0	24.0	120.0	F&B_WAITTING	a8:5b:f7:26:19:03	-82
0	24.0	120.0	Shinsegae_free_wifi_secure	a8:5b:f7:26:19:02	-79
0	24.0	120.0	Shinsegae_free_wifi	a8:5b:f7:26:19:01	-79
0	24.0	120.0	bon_2g	a8:5b:f7:26:19:00	-77
0	24.0	120.0		70:70:8b:bc:47:60	-77
0	24.0	120.0	CLEANAIR_DF	00:c1:64:96:dd:b3	-58
0	24.0	120.0		70:70:8b:bc:47:61	-81
0	24.0	120.0		70:70:8b:d9:37:bf	-86
0	24.0	120.0		70:70:8b:d9:37:be	-85
0	24.0	120.0	DEPTWIFI_PC	a8:5b:f7:26:19:06	-79
0	24.0	120.0		70:70:8b:d9:37:bd	-85
0	24.0	120.0	DIRECT-e1-HP M283 LaserJet	5e:fb:3a:94:dc:e1	-58
0	24.0	120.0	DEPTWIFI	a8:5b:f7:26:19:05	-78
0	24.0	120.0		70:70:8b:bc:47:6f	-64
0	24.0	120.0		70:70:8b:bc:47:6d	-65
0	24.0	120.0	TOEBOX_5G	e8:65:d4:3f:9f:75	-77
0	24.0	120.0		70:70:8b:bc:47:6e	-74
0	24.0	120.0	Redwood	00:ea:bd:bc:39:8d	-87
0	24.0	120.0	bmobile	8e:15:44:ab:10:0a	-79
0	24.0	120.0	1ST	a0:23:9f:c0:a6:8e	-86
0	24.0	120.0	RCCWIFI	a0:23:9f:c0:a6:8f	-85
0	24.0	120.0	Maison_Balenciaga	00:ea:bd:bc:39:8e	-85
0	24.0	120.0	CLEANAIR_DF	00:78:88:07:1b:2c	-80
0	24.0	120.0		00:78:88:07:1b:2f	-82
0	24.0	120.0	ShinsegaeDF	00:78:88:07:1b:2e	-82
0	24.0	120.0	bvoip	86:15:54:ab:10:0a	-85
0	24.0	120.0		70:70:8b:bc:43:7d	-50
0	24.0	120.0		00:c1:64:96:dd:bf	-68
0	24.0	120.0	ShinsegaeDF	00:c1:64:96:dd:be	-67
0	24.0	120.0		00:c1:64:96:dd:bd	-68
0	24.0	120.0	CLEANAIR_DF	00:c1:64:96:dd:bc	-68
0	24.0	120.0	Shinsegae_free_wifi	a8:5b:f7:32:23:d1	-84
0	24.0	120.0	bon_5g	a8:5b:f7:32:23:d0	-83
0	24.0	120.0	DEPTWIFI_PC	a8:5b:f7:32:23:d6	-85
0	24.0	120.0	CLEANAIR	a8:5b:f7:32:23:d4	-83
0	24.0	120.0	F&B_WAITTING	a8:5b:f7:32:23:d3	-85
0	24.0	120.0	bstaff	8a:15:54:ab:10:0a	-83
0	24.0	120.0	Shinsegae_free_wifi	a8:5b:f7:33:2f:d1	-92
0	24.0	120.0	F&B_WAITTING	a8:5b:f7:33:2f:d3	-91
0	24.0	120.0	CLEANAIR	a8:5b:f7:33:2f:d4	-92
0	24.0	120.0	ShinsegaeDF	00:c1:64:b3:3e:c1	-49
0	24.0	120.0	DEPTWIFI	a8:5b:f7:33:2f:d5	-91
0	24.0	120.0		00:c1:64:b3:3e:c0	-46
0	24.0	120.0	DEPTWIFI_PC	a8:5b:f7:33:2f:d6	-91
0	24.0	120.0	CLEANAIR_DF	00:c1:64:b3:3e:c3	-54
0	24.0	120.0		70:70:8b:bc:43:8d	-73
0	24.0	120.0	KT_GiGA_5G_EA9A	60:29:d5:5f:ea:9d	-90
0	24.0	120.0		70:70:8b:bc:43:8e	-70
0	24.0	120.0	bon_5g	a8:5b:f7:33:2f:d0	-92
0	24.0	120.0		70:70:8b:bc:43:7e	-51
0	24.0	120.0		70:70:8b:bc:43:7f	-51
0	24.0	120.0	bvoip	86:15:44:ab:10:0a	-78
0	24.0	120.0	ShinsegaeDF	00:78:88:4e:f4:1e	-90
0	24.0	120.0	CLEANAIR_DF	00:78:88:4e:f4:1c	-92
0	24.0	120.0	Linksys05005	c0:56:27:06:34:f2	-56
0	24.0	120.0	Linksys05005_5GHz	c0:56:27:06:34:f3	-66
0	24.0	120.0	bmobile	8e:15:54:ab:10:0a	-81
0	24.0	120.0	iptime5G	88:36:6c:88:30:9a	-76
0	24.0	120.0		00:42:68:fd:68:0d	-91
0	24.0	120.0	DEPTWIFI_PC	a8:5b:f7:32:23:c6	-81
0	24.0	120.0	Boconcept 5G	70:5d:cc:b1:80:20	-90
0	24.0	120.0	DEPTWIFI	a8:5b:f7:32:23:c5	-81
0	24.0	120.0	CLEANAIR	a8:5b:f7:32:23:c4	-80
0	24.0	120.0	TP-Link_64D9	34:60:f9:f1:64:d9	-82
0	24.0	120.0	ShinsegaeDF	00:c1:64:b3:3e:ce	-57
0	24.0	120.0		00:c1:64:b3:3e:cd	-52
0	24.0	120.0	CLEANAIR_DF	00:c1:64:b3:3e:cc	-57
0	24.0	120.0		00:c1:64:b3:3e:cf	-59
0	24.0	114.0		00:78:88:4e:f4:12	-79
0	24.0	114.0	iptime	88:36:6c:88:30:98	-70
0	24.0	114.0		00:3a:7d:3d:85:bf	-83
0	24.0	114.0	HP-Print-09-Officejet Pro 6830	50:65:f3:e4:78:09	-79
0	24.0	114.0		00:3a:7d:3d:85:bd	-85
0	24.0	114.0		70:70:8b:83:d1:bf	-84
0	24.0	114.0		70:70:8b:83:d1:be	-83
0	24.0	114.0		70:70:8b:83:d1:bd	-81
0	24.0	114.0	Galaxy A232044	e6:86:1a:66:4d:5e	-55
0	24.0	114.0		70:70:8b:b2:ce:0e	-82
0	24.0	114.0		00:78:88:07:1b:22	-71
0	24.0	114.0	ktEgg_534	34:cc:28:01:49:d1	-89
0	24.0	114.0		b6:15:44:ab:10:0a	-79
0	24.0	114.0	피플카운팅(전용5G)	88:36:6c:55:de:40	-57
0	24.0	114.0	피플카운팅(전용)	88:36:6c:55:de:42	-45
0	24.0	114.0	bstaff	88:15:44:ab:10:0a	-78
0	24.0	114.0		00:42:68:84:05:b2	-80
0	24.0	114.0		b6:15:54:ab:10:0a	-82
0	24.0	114.0	ShinsegaeDF	00:c1:64:96:dd:b1	-59
0	24.0	114.0		70:70:8b:bc:43:8f	-64
0	24.0	114.0	Bryce	e0:d1:73:e9:f9:e2	-87
0	24.0	114.0	Redwood	e0:d1:73:e9:f9:e3	-87
0	24.0	114.0	F&B_WAITTING	a8:5b:f7:26:19:03	-82
0	24.0	114.0	Shinsegae_free_wifi_secure	a8:5b:f7:26:19:02	-79
0	24.0	114.0	Shinsegae_free_wifi	a8:5b:f7:26:19:01	-79
0	24.0	114.0	bon_2g	a8:5b:f7:26:19:00	-77
0	24.0	114.0		70:70:8b:bc:47:60	-77
0	24.0	114.0	CLEANAIR_DF	00:c1:64:96:dd:b3	-58
0	24.0	114.0		70:70:8b:bc:47:61	-81
0	24.0	114.0		70:70:8b:d9:37:bf	-86
0	24.0	114.0		70:70:8b:d9:37:be	-85
0	24.0	114.0	DEPTWIFI_PC	a8:5b:f7:26:19:06	-79
0	24.0	114.0		70:70:8b:d9:37:bd	-85
0	24.0	114.0	DIRECT-e1-HP M283 LaserJet	5e:fb:3a:94:dc:e1	-58
0	24.0	114.0	DEPTWIFI	a8:5b:f7:26:19:05	-78
0	24.0	114.0		70:70:8b:bc:47:6f	-64
0	24.0	114.0		70:70:8b:bc:47:6d	-65
0	24.0	114.0	TOEBOX_5G	e8:65:d4:3f:9f:75	-77
0	24.0	114.0		70:70:8b:bc:47:6e	-74
0	24.0	114.0	Redwood	00:ea:bd:bc:39:8d	-87
0	24.0	114.0	bmobile	8e:15:44:ab:10:0a	-79
0	24.0	114.0	1ST	a0:23:9f:c0:a6:8e	-86
0	24.0	114.0	RCCWIFI	a0:23:9f:c0:a6:8f	-85
0	24.0	114.0	Maison_Balenciaga	00:ea:bd:bc:39:8e	-85
0	24.0	114.0	CLEANAIR_DF	00:78:88:07:1b:2c	-80
0	24.0	114.0		00:78:88:07:1b:2f	-82
0	24.0	114.0	ShinsegaeDF	00:78:88:07:1b:2e	-82
0	24.0	114.0	bvoip	86:15:54:ab:10:0a	-85
0	24.0	114.0		70:70:8b:bc:43:7d	-50
0	24.0	114.0		00:c1:64:96:dd:bf	-68
0	24.0	114.0	ShinsegaeDF	00:c1:64:96:dd:be	-67
0	24.0	114.0		00:c1:64:96:dd:bd	-68
0	24.0	114.0	CLEANAIR_DF	00:c1:64:96:dd:bc	-68
0	24.0	114.0	Shinsegae_free_wifi	a8:5b:f7:32:23:d1	-84
0	24.0	114.0	bon_5g	a8:5b:f7:32:23:d0	-83
0	24.0	114.0	DEPTWIFI_PC	a8:5b:f7:32:23:d6	-85
0	24.0	114.0	CLEANAIR	a8:5b:f7:32:23:d4	-83
0	24.0	114.0	F&B_WAITTING	a8:5b:f7:32:23:d3	-85
0	24.0	114.0	bstaff	8a:15:54:ab:10:0a	-83
0	24.0	114.0	Shinsegae_free_wifi	a8:5b:f7:33:2f:d1	-92
0	24.0	114.0	F&B_WAITTING	a8:5b:f7:33:2f:d3	-91
0	24.0	114.0	CLEANAIR	a8:5b:f7:33:2f:d4	-92
0	24.0	114.0	ShinsegaeDF	00:c1:64:b3:3e:c1	-49
0	24.0	114.0	DEPTWIFI	a8:5b:f7:33:2f:d5	-91
0	24.0	114.0		00:c1:64:b3:3e:c0	-46
0	24.0	114.0	DEPTWIFI_PC	a8:5b:f7:33:2f:d6	-91
0	24.0	114.0	CLEANAIR_DF	00:c1:64:b3:3e:c3	-54
0	24.0	114.0		70:70:8b:bc:43:8d	-73
0	24.0	114.0	KT_GiGA_5G_EA9A	60:29:d5:5f:ea:9d	-90
0	24.0	114.0		70:70:8b:bc:43:8e	-70
0	24.0	114.0	bon_5g	a8:5b:f7:33:2f:d0	-92
0	24.0	114.0		70:70:8b:bc:43:7e	-51
0	24.0	114.0		70:70:8b:bc:43:7f	-51
0	24.0	114.0	bvoip	86:15:44:ab:10:0a	-78
0	24.0	114.0	ShinsegaeDF	00:78:88:4e:f4:1e	-90
0	24.0	114.0	CLEANAIR_DF	00:78:88:4e:f4:1c	-92
0	24.0	114.0	Linksys05005	c0:56:27:06:34:f2	-56
0	24.0	114.0	Linksys05005_5GHz	c0:56:27:06:34:f3	-66
0	24.0	114.0	bmobile	8e:15:54:ab:10:0a	-81
0	24.0	114.0	iptime5G	88:36:6c:88:30:9a	-76
0	24.0	114.0		00:42:68:fd:68:0d	-91
0	24.0	114.0	DEPTWIFI_PC	a8:5b:f7:32:23:c6	-81
0	24.0	114.0	Boconcept 5G	70:5d:cc:b1:80:20	-90
0	24.0	114.0	DEPTWIFI	a8:5b:f7:32:23:c5	-81
0	24.0	114.0	CLEANAIR	a8:5b:f7:32:23:c4	-80
0	24.0	114.0	TP-Link_64D9	34:60:f9:f1:64:d9	-82
0	24.0	114.0	ShinsegaeDF	00:c1:64:b3:3e:ce	-57
0	24.0	114.0		00:c1:64:b3:3e:cd	-52
0	24.0	114.0	CLEANAIR_DF	00:c1:64:b3:3e:cc	-57
0	24.0	114.0		00:c1:64:b3:3e:cf	-59
1	24.0	114.0		00:78:88:4e:f4:12	-79
1	24.0	114.0	iptime	88:36:6c:88:30:98	-70
1	24.0	114.0		00:3a:7d:3d:85:bf	-83
1	24.0	114.0	HP-Print-09-Officejet Pro 6830	50:65:f3:e4:78:09	-79
1	24.0	114.0		00:3a:7d:3d:85:bd	-85
1	24.0	114.0		70:70:8b:83:d1:bf	-84
1	24.0	114.0		70:70:8b:83:d1:be	-83
1	24.0	114.0		70:70:8b:83:d1:bd	-81
1	24.0	114.0	Galaxy A232044	e6:86:1a:66:4d:5e	-55
1	24.0	114.0		70:70:8b:b2:ce:0e	-82
1	24.0	114.0		00:78:88:07:1b:22	-71
1	24.0	114.0	ktEgg_534	34:cc:28:01:49:d1	-89
1	24.0	114.0		b6:15:44:ab:10:0a	-79
1	24.0	114.0	피플카운팅(전용5G)	88:36:6c:55:de:40	-57
1	24.0	114.0	피플카운팅(전용)	88:36:6c:55:de:42	-45
1	24.0	114.0	bstaff	88:15:44:ab:10:0a	-78
1	24.0	114.0		00:42:68:84:05:b2	-80
1	24.0	114.0		b6:15:54:ab:10:0a	-82
1	24.0	114.0	ShinsegaeDF	00:c1:64:96:dd:b1	-59
1	24.0	114.0		70:70:8b:bc:43:8f	-64
1	24.0	114.0	Bryce	e0:d1:73:e9:f9:e2	-87
1	24.0	114.0	Redwood	e0:d1:73:e9:f9:e3	-87
1	24.0	114.0	F&B_WAITTING	a8:5b:f7:26:19:03	-82
1	24.0	114.0	Shinsegae_free_wifi_secure	a8:5b:f7:26:19:02	-79
1	24.0	114.0	Shinsegae_free_wifi	a8:5b:f7:26:19:01	-79
1	24.0	114.0	bon_2g	a8:5b:f7:26:19:00	-77
1	24.0	114.0		70:70:8b:bc:47:60	-77
1	24.0	114.0	CLEANAIR_DF	00:c1:64:96:dd:b3	-58
1	24.0	114.0		70:70:8b:bc:47:61	-81
1	24.0	114.0		70:70:8b:d9:37:bf	-86
1	24.0	114.0		70:70:8b:d9:37:be	-85
1	24.0	114.0	DEPTWIFI_PC	a8:5b:f7:26:19:06	-79
1	24.0	114.0		70:70:8b:d9:37:bd	-85
1	24.0	114.0	DIRECT-e1-HP M283 LaserJet	5e:fb:3a:94:dc:e1	-58
1	24.0	114.0	DEPTWIFI	a8:5b:f7:26:19:05	-78
1	24.0	114.0		70:70:8b:bc:47:6f	-64
1	24.0	114.0		70:70:8b:bc:47:6d	-65
1	24.0	114.0	TOEBOX_5G	e8:65:d4:3f:9f:75	-77
1	24.0	114.0		70:70:8b:bc:47:6e	-74
1	24.0	114.0	Redwood	00:ea:bd:bc:39:8d	-87
1	24.0	114.0	bmobile	8e:15:44:ab:10:0a	-79
1	24.0	114.0	1ST	a0:23:9f:c0:a6:8e	-86
1	24.0	114.0	RCCWIFI	a0:23:9f:c0:a6:8f	-85
1	24.0	114.0	Maison_Balenciaga	00:ea:bd:bc:39:8e	-85
1	24.0	114.0	CLEANAIR_DF	00:78:88:07:1b:2c	-80
1	24.0	114.0		00:78:88:07:1b:2f	-82
1	24.0	114.0	ShinsegaeDF	00:78:88:07:1b:2e	-82
1	24.0	114.0	bvoip	86:15:54:ab:10:0a	-85
1	24.0	114.0		70:70:8b:bc:43:7d	-50
1	24.0	114.0		00:c1:64:96:dd:bf	-68
1	24.0	114.0	ShinsegaeDF	00:c1:64:96:dd:be	-67
1	24.0	114.0		00:c1:64:96:dd:bd	-68
1	24.0	114.0	CLEANAIR_DF	00:c1:64:96:dd:bc	-68
1	24.0	114.0	Shinsegae_free_wifi	a8:5b:f7:32:23:d1	-84
1	24.0	114.0	bon_5g	a8:5b:f7:32:23:d0	-83
1	24.0	114.0	DEPTWIFI_PC	a8:5b:f7:32:23:d6	-85
1	24.0	114.0	CLEANAIR	a8:5b:f7:32:23:d4	-83
1	24.0	114.0	F&B_WAITTING	a8:5b:f7:32:23:d3	-85
1	24.0	114.0	bstaff	8a:15:54:ab:10:0a	-83
1	24.0	114.0	Shinsegae_free_wifi	a8:5b:f7:33:2f:d1	-92
1	24.0	114.0	F&B_WAITTING	a8:5b:f7:33:2f:d3	-91
1	24.0	114.0	CLEANAIR	a8:5b:f7:33:2f:d4	-92
1	24.0	114.0	ShinsegaeDF	00:c1:64:b3:3e:c1	-49
1	24.0	114.0	DEPTWIFI	a8:5b:f7:33:2f:d5	-91
1	24.0	114.0		00:c1:64:b3:3e:c0	-46
1	24.0	114.0	DEPTWIFI_PC	a8:5b:f7:33:2f:d6	-91
1	24.0	114.0	CLEANAIR_DF	00:c1:64:b3:3e:c3	-54
1	24.0	114.0		70:70:8b:bc:43:8d	-73
1	24.0	114.0	KT_GiGA_5G_EA9A	60:29:d5:5f:ea:9d	-90
1	24.0	114.0		70:70:8b:bc:43:8e	-70
1	24.0	114.0	bon_5g	a8:5b:f7:33:2f:d0	-92
1	24.0	114.0		70:70:8b:bc:43:7e	-51
1	24.0	114.0		70:70:8b:bc:43:7f	-51
1	24.0	114.0	bvoip	86:15:44:ab:10:0a	-78
1	24.0	114.0	ShinsegaeDF	00:78:88:4e:f4:1e	-90
1	24.0	114.0	CLEANAIR_DF	00:78:88:4e:f4:1c	-92
1	24.0	114.0	Linksys05005	c0:56:27:06:34:f2	-56
1	24.0	114.0	Linksys05005_5GHz	c0:56:27:06:34:f3	-66
1	24.0	114.0	bmobile	8e:15:54:ab:10:0a	-81
1	24.0	114.0	iptime5G	88:36:6c:88:30:9a	-76
1	24.0	114.0		00:42:68:fd:68:0d	-91
1	24.0	114.0	DEPTWIFI_PC	a8:5b:f7:32:23:c6	-81
1	24.0	114.0	Boconcept 5G	70:5d:cc:b1:80:20	-90
1	24.0	114.0	DEPTWIFI	a8:5b:f7:32:23:c5	-81
1	24.0	114.0	CLEANAIR	a8:5b:f7:32:23:c4	-80
1	24.0	114.0	TP-Link_64D9	34:60:f9:f1:64:d9	-82
1	24.0	114.0	ShinsegaeDF	00:c1:64:b3:3e:ce	-57
1	24.0	114.0		00:c1:64:b3:3e:cd	-52
1	24.0	114.0	CLEANAIR_DF	00:c1:64:b3:3e:cc	-57
1	24.0	114.0		00:c1:64:b3:3e:cf	-59
