0	0	0	0	0	0	0	0	0	0	0	0	0	0	0	0	0	0	0	0	0	0	0	0	0	0	0	0	0	0	0	0	0	0	0	0	0	0	0	0	0	0	0	0	0	0	0	0	0	0	0	0	0	0	0	0	0	0	0	0	0	0	0	0	0	0	0	0	0	0	0	0	0	0	0	0	0	0	0	0	0	0	0	0	0	0	0	0	0	0	0	0	0	0	0	0	0	0	0	0	0	0	0	0	0	0	0	0	0	0	0	0	0	0	0	0	0	0	0	0	0	0	0	0	0	0	0	0	0	0	0	0	0	0	0	0	0	0	0	0	0	0	0	0	0	0	0	0	0	0	0	0	0	0	0	0	0	0	0	0	0	0	0	0	0	0	0	0	0	0	0	0	0	0	0	0	0	0	0	0	0	0	0	0	0	0	0	0	0	0	0	0	0	0	0	0	0	0	0	0	0	0	0	0	0	0	0	0	0	0	0	0	0	0	0	0	0	0	0	0	0	0	0	0	0	0	0	0	0	0	0	0	0	0	28.1111	28.947	29.7829	30.6188	31.4547	32.2906	33.1265	33.7328	34.3392	34.9455	35.5519	36.1582	36.7646	
0	0	0	0	0	0	0	0	0	0	0	0	0	0	0	0	0	0	0	0	0	0	0	0	0	0	0	0	0	0	0	0	0	0	0	0	0	0	0	0	0	0	0	0	0	0	0	0	0	0	0	0	0	0	0	0	0	0	0	0	0	0	0	0	0	0	0	0	0	0	0	0	0	0	0	0	0	0	0	0	0	0	0	0	0	0	0	0	0	0	0	0	0	0	0	0	0	0	0	0	0	0	0	0	0	0	0	0	0	0	0	0	0	0	0	0	0	0	0	0	0	0	0	0	0	0	0	0	0	0	0	0	0	0	0	0	0	0	0	0	0	0	0	0	0	0	0	0	0	0	0	0	0	0	0	0	0	0	0	0	0	0	0	0	0	0	0	0	0	0	0	0	0	0	0	0	0	0	0	0	0	0	0	0	0	0	0	0	0	0	0	0	0	0	0	0	0	0	0	0	0	0	0	0	0	0	0	0	0	0	0	0	0	0	0	0	0	0	0	0	0	0	0	0	0	0	0	0	0	0	0	0	0	0	30.6305	31.2536	31.8767	32.4998	33.1229	33.746	34.3691	35.0694	35.7698	36.4702	37.1706	37.871	38.5714	
0	0	0	0	0	0	0	0	0	0	0	0	0	0	0	0	0	0	0	0	0	0	0	0	0	0	0	0	0	0	0	0	0	0	0	0	0	0	0	0	0	0	0	0	0	0	0	0	0	0	0	0	0	0	0	0	0	0	0	0	0	0	0	0	0	0	0	0	0	0	0	0	0	0	0	0	0	0	0	0	0	0	0	0	0	0	0	0	0	0	0	0	0	0	0	0	0	0	0	0	0	0	0	0	0	0	0	0	0	0	0	0	0	0	0	0	0	0	0	0	0	0	0	0	0	0	0	0	0	0	0	0	0	0	0	0	0	0	0	0	0	0	0	0	0	0	0	0	0	0	0	0	0	0	0	0	0	0	0	0	0	0	0	0	0	0	0	0	0	0	0	0	0	0	0	0	0	0	0	0	0	0	0	0	0	0	0	0	0	0	0	0	0	0	0	0	0	0	0	0	0	0	0	0	0	0	0	0	0	0	0	0	0	0	0	0	0	0	0	0	0	0	0	0	0	0	0	0	0	0	0	0	0	0	33.1499	33.5602	33.9705	34.3808	34.7911	35.2014	35.6116	36.4061	37.2005	37.9949	38.7894	39.5838	40.3782	
0	0	0	0	0	0	0	0	0	0	0	0	0	0	0	0	0	0	0	0	0	0	0	0	0	0	0	0	0	0	0	0	0	0	0	0	0	0	0	0	0	0	0	0	0	0	0	0	0	0	0	0	0	0	0	0	0	0	0	0	0	0	0	0	0	0	0	0	0	0	0	0	0	0	0	0	0	0	0	0	0	0	0	0	0	0	0	0	0	0	0	0	0	0	0	0	0	0	0	0	0	0	0	0	0	0	0	0	0	0	0	0	0	0	0	0	0	0	0	0	0	0	0	0	0	0	0	0	0	0	0	0	0	0	0	0	0	0	0	0	0	0	0	0	0	0	0	0	0	0	0	0	0	0	0	0	0	0	0	0	0	0	0	0	0	0	0	0	0	0	0	0	0	0	0	0	0	0	0	0	0	0	0	0	0	0	0	0	0	0	0	0	0	0	0	0	0	0	0	0	0	0	0	0	0	0	0	0	0	0	0	0	0	0	0	0	0	0	0	0	0	0	0	0	0	0	0	0	0	0	0	0	0	0	35.6693	35.8668	36.0643	36.2618	36.4593	36.6567	36.8542	37.7427	38.6312	39.5196	40.4081	41.2966	42.1851	
0	0	0	0	0	0	0	0	0	0	0	0	0	0	0	0	0	0	0	0	0	0	0	0	0	0	0	0	0	0	0	0	0	0	0	0	0	0	0	0	0	0	0	0	0	0	0	0	0	0	0	0	0	0	0	0	0	0	0	0	0	0	0	0	0	0	0	0	0	0	0	0	0	0	0	0	0	0	0	0	0	0	0	0	0	0	0	0	0	0	0	0	0	0	0	0	0	0	0	0	0	0	0	0	0	0	0	0	0	0	0	0	0	0	0	0	0	0	0	0	0	0	0	0	0	0	0	0	0	0	0	0	0	0	0	0	0	0	0	0	0	0	0	0	0	0	0	0	0	0	0	0	0	0	0	0	0	0	0	0	0	0	0	0	0	0	0	0	0	0	0	0	0	0	0	0	0	0	0	0	0	0	0	0	0	0	0	0	0	0	0	0	0	0	0	0	0	0	0	0	0	0	0	0	0	0	0	0	0	0	0	0	0	0	0	0	0	0	0	0	0	0	0	0	0	0	0	0	0	0	0	0	0	0	38.1887	38.1734	38.1581	38.1428	38.1274	38.1121	38.0968	39.0793	40.0618	41.0444	42.0269	43.0094	43.9919	
0	0	0	0	0	0	0	0	0	0	0	0	0	0	0	0	0	0	0	0	0	0	0	0	0	0	0	0	0	0	0	0	0	0	0	0	0	0	0	0	0	0	0	0	0	0	0	0	0	0	0	0	0	0	0	0	0	0	0	0	0	0	0	0	0	0	0	0	0	0	0	0	0	0	0	0	0	0	0	0	0	0	0	0	0	0	0	0	0	0	0	0	0	0	0	0	0	0	0	0	0	0	0	0	0	0	0	0	0	0	0	0	0	0	0	0	0	0	0	0	0	0	0	0	0	0	0	0	0	0	0	0	0	0	0	0	0	0	0	0	0	0	0	0	0	0	0	0	0	0	0	0	0	0	0	0	0	0	0	0	0	0	0	0	0	0	0	0	0	0	0	0	0	0	0	0	0	0	0	0	0	0	0	0	0	0	0	0	0	0	0	0	0	0	0	0	0	0	0	0	0	0	0	0	0	0	0	0	0	0	0	0	0	0	0	0	0	0	0	0	0	0	0	0	0	0	0	0	0	0	0	0	0	0	40.7081	40.48	40.2519	40.0238	39.7956	39.5675	39.3394	40.4159	41.4925	42.5691	43.6456	44.7222	45.7988	
0	0	0	0	0	0	0	0	0	0	0	0	0	0	0	0	0	0	0	0	0	0	0	0	0	0	0	0	0	0	0	0	0	0	0	0	0	0	0	0	0	0	0	0	0	0	0	0	0	0	0	0	0	0	0	0	0	0	0	0	0	0	0	0	0	0	0	0	0	0	0	0	0	0	0	0	0	0	0	0	0	0	0	0	0	0	0	0	0	0	0	0	0	0	0	0	0	0	0	0	0	0	0	0	0	0	0	0	0	0	0	0	0	0	0	0	0	0	0	0	0	0	0	0	0	0	0	0	0	0	0	0	0	0	0	0	0	0	0	0	0	0	0	0	0	0	0	0	0	0	0	0	0	0	0	0	0	0	0	0	0	0	0	0	0	0	0	0	0	0	0	0	0	0	0	0	0	0	0	0	0	0	0	0	0	0	0	0	0	0	0	0	0	0	0	0	0	0	0	0	0	0	0	0	0	0	0	0	0	0	0	0	0	0	0	0	0	0	0	0	0	0	0	0	0	0	0	0	0	0	0	0	0	0	43.2276	42.7866	42.3457	41.9048	41.4638	41.0229	40.582	41.7526	42.9232	44.0938	45.2644	46.435	47.6056	
0	0	0	0	0	0	0	0	0	0	0	0	0	0	0	0	0	0	0	0	0	0	0	0	0	0	0	0	0	0	0	0	0	0	0	0	0	0	0	0	0	0	0	0	0	0	0	0	0	0	0	0	0	0	0	0	0	0	0	0	0	0	0	0	0	0	0	0	0	0	0	0	0	0	0	0	0	0	0	0	0	0	0	0	0	0	0	0	0	0	0	0	0	0	0	0	0	0	0	0	0	0	0	0	0	0	0	0	0	0	0	0	0	0	0	0	0	0	0	0	0	0	0	0	0	0	0	0	0	0	0	0	0	0	0	0	0	0	0	0	0	0	0	0	0	0	0	0	0	0	0	0	0	0	0	0	0	0	0	0	0	0	0	0	0	0	0	0	0	0	0	0	0	0	0	0	0	0	0	0	0	0	0	0	0	0	0	0	0	0	0	0	0	0	0	0	0	0	0	0	0	0	0	0	0	0	0	0	0	0	0	0	0	0	0	0	0	0	0	0	0	0	0	0	0	0	0	0	0	0	0	0	0	0	41.823	41.5484	41.2738	40.9993	40.7247	40.4501	40.1756	41.3468	42.518	43.6892	44.8603	46.0315	47.2027	
0	0	0	0	0	0	0	0	0	0	0	0	0	0	0	0	0	0	0	0	0	0	0	0	0	0	0	0	0	0	0	0	0	0	0	0	0	0	0	0	0	0	0	0	0	0	0	0	0	0	0	0	0	0	0	0	0	0	0	0	0	0	0	0	0	0	0	0	0	0	0	0	0	0	0	0	0	0	0	0	0	0	0	0	0	0	0	0	0	0	0	0	0	0	0	0	0	0	0	0	0	0	0	0	0	0	0	0	0	0	0	0	0	0	0	0	0	0	0	0	0	0	0	0	0	0	0	0	0	0	0	0	0	0	0	0	0	0	0	0	0	0	0	0	0	0	0	0	0	0	0	0	0	0	0	0	0	0	0	0	0	0	0	0	0	0	0	0	0	0	0	0	0	0	0	0	0	0	0	0	0	0	0	0	0	0	0	0	0	0	0	0	0	0	0	0	0	0	0	0	0	0	0	0	0	0	0	0	0	0	0	0	0	0	0	0	0	0	0	0	0	0	0	0	0	0	0	0	0	0	0	0	0	0	40.4183	40.3102	40.202	40.0938	39.9856	39.8774	39.7692	40.941	42.1127	43.2845	44.4563	45.6281	46.7998	
0	0	0	0	0	0	0	0	0	0	0	0	0	0	0	0	0	0	0	0	0	0	0	0	0	0	0	0	0	0	0	0	0	0	0	0	0	0	0	0	0	0	0	0	0	0	0	0	0	0	0	0	0	0	0	0	0	0	0	0	0	0	0	0	0	0	0	0	0	0	0	0	0	0	0	0	0	0	0	0	0	0	0	0	0	0	0	0	0	0	0	0	0	0	0	0	0	0	0	0	0	0	0	0	0	0	0	0	0	0	0	0	0	0	0	0	0	0	0	0	0	0	0	0	0	0	0	0	0	0	0	0	0	0	0	0	0	0	0	0	0	0	0	0	0	0	0	0	0	0	0	0	0	0	0	0	0	0	0	0	0	0	0	0	0	0	0	0	0	0	0	0	0	0	0	0	0	0	0	0	0	0	0	0	0	0	0	0	0	0	0	0	0	0	0	0	0	0	0	0	0	0	0	0	0	0	0	0	0	0	0	0	0	0	0	0	0	0	0	0	0	0	0	0	0	0	0	0	0	0	0	0	0	0	39.0137	39.0719	39.1301	39.1883	39.2465	39.3046	39.3628	40.5352	41.7075	42.8799	44.0522	45.2246	46.3969	
0	0	0	0	0	0	0	0	0	0	0	0	0	0	0	0	0	0	0	0	0	0	0	0	0	0	0	0	0	0	0	0	0	0	0	0	0	0	0	0	0	0	0	0	0	0	0	0	0	0	0	0	0	0	0	0	0	0	0	0	0	0	0	0	0	0	0	0	0	0	0	0	0	0	0	0	0	0	0	0	0	0	0	0	0	0	0	0	0	0	0	0	0	0	0	0	0	0	0	0	0	0	0	0	0	0	0	0	0	0	0	0	0	0	0	0	0	0	0	0	0	0	0	0	0	0	0	0	0	0	0	0	0	0	0	0	0	0	0	0	0	0	0	0	0	0	0	0	0	0	0	0	0	0	0	0	0	0	0	0	0	0	0	0	0	0	0	0	0	0	0	0	0	0	0	0	0	0	0	0	0	0	0	0	0	0	0	0	0	0	0	0	0	0	0	0	0	0	0	0	0	0	0	0	0	0	0	0	0	0	0	0	0	0	0	0	0	0	0	0	0	0	0	0	0	0	0	0	0	0	0	0	0	0	37.6091	37.8337	38.0582	38.2828	38.5073	38.7319	38.9565	40.1294	41.3023	42.4752	43.6482	44.8211	45.994	
0	0	0	0	0	0	0	0	0	0	0	0	0	0	0	0	0	0	0	0	0	0	0	0	0	0	0	0	0	0	0	0	0	0	0	0	0	0	0	0	0	0	0	0	0	0	0	0	0	0	0	0	0	0	0	0	0	0	0	0	0	0	0	0	0	0	0	0	0	0	0	0	0	0	0	0	0	0	0	0	0	0	0	0	0	0	0	0	0	0	0	0	0	0	0	0	0	0	0	0	0	0	0	0	0	0	0	0	0	0	0	0	0	0	0	0	0	0	0	0	0	0	0	0	0	0	0	0	0	0	0	0	0	0	0	0	0	0	0	0	0	0	0	0	0	0	0	0	0	0	0	0	0	0	0	0	0	0	0	0	0	0	0	0	0	0	0	0	0	0	0	0	0	0	0	0	0	0	0	0	0	0	0	0	0	0	0	0	0	0	0	0	0	0	0	0	0	0	0	0	0	0	0	0	0	0	0	0	0	0	0	0	0	0	0	0	0	0	0	0	0	0	0	0	0	0	0	0	0	0	0	0	0	0	36.2045	36.5955	36.9864	37.3773	37.7682	38.1591	38.5501	39.7236	40.8971	42.0706	43.2441	44.4176	45.5912	
0	0	0	0	0	0	0	0	0	0	0	0	0	0	0	0	0	0	0	0	0	0	0	0	0	0	0	0	0	0	0	0	0	0	0	0	0	0	0	0	0	0	0	0	0	0	0	0	0	0	0	0	0	0	0	0	0	0	0	0	0	0	0	0	0	0	0	0	0	0	0	0	0	0	0	0	0	0	0	0	0	0	0	0	0	0	0	0	0	0	0	0	0	0	0	0	0	0	0	0	0	0	0	0	0	0	0	0	0	0	0	0	0	0	0	0	0	0	0	0	0	0	0	0	0	0	0	0	0	0	0	0	0	0	0	0	0	0	0	0	0	0	0	0	0	0	0	0	0	0	0	0	0	0	0	0	0	0	0	0	0	0	0	0	0	0	0	0	0	0	0	0	0	0	0	0	0	0	0	0	0	0	0	0	0	0	0	0	0	0	0	0	39.2699	37.352	35.4341	33.5162	31.5983	29.6805	27.7626	26.0493	24.3361	22.6228	20.9096	19.1963	17.483	17.9646	18.4462	18.9277	19.4093	19.8908	20.3724	21.3994	22.4265	23.4536	24.4807	25.5077	26.5348	27.1881	27.8413	28.4946	29.1478	29.8011	30.4544	30.019	29.5836	29.1483	28.7129	28.2775	27.8422	29.0018	30.1614	31.321	32.4807	33.6403	34.7999	35.3572	35.9145	36.4718	37.0291	37.5864	38.1437	39.3178	40.4919	41.666	42.8401	44.0142	45.1883	
0	0	0	0	0	0	0	0	0	0	0	0	0	0	0	0	0	0	0	0	0	0	0	0	0	0	0	0	0	0	0	0	0	0	0	0	0	0	0	0	0	0	0	0	0	0	0	0	0	0	0	0	0	0	0	0	0	0	0	0	0	0	0	0	0	0	0	0	0	0	0	0	0	0	0	0	0	0	0	0	0	0	0	0	0	0	0	0	0	0	0	0	0	0	0	0	0	0	0	0	0	0	0	0	0	0	0	0	0	0	0	0	0	0	0	0	0	0	0	0	0	0	0	0	0	0	0	0	0	0	0	0	0	0	0	0	0	0	0	0	0	0	0	0	0	0	0	0	0	0	0	0	0	0	0	0	0	0	0	0	0	0	0	0	0	0	0	0	0	0	0	0	0	0	0	0	0	0	0	0	0	0	0	0	0	0	0	0	0	0	0	0	37.3917	35.97	34.5484	33.1267	31.7051	30.2834	28.8618	27.348	25.8343	24.3205	22.8068	21.2931	19.7793	19.9662	20.153	20.3398	20.5266	20.7134	20.9002	21.6136	22.3269	23.0403	23.7537	24.467	25.1804	25.8769	26.5733	27.2698	27.9663	28.6628	29.3592	29.0673	28.7754	28.4835	28.1916	27.8997	27.6078	28.6153	29.6228	30.6304	31.6379	32.6454	33.653	34.1524	34.6518	35.1512	35.6506	36.15	36.6494	38.1347	39.6201	41.1054	42.5908	44.0762	45.5615	
0	0	0	0	0	0	0	0	0	0	0	0	0	0	0	0	0	0	0	0	0	0	0	0	0	0	0	0	0	0	0	0	0	0	0	0	0	0	0	0	0	0	0	0	0	0	0	0	0	0	0	0	0	0	0	0	0	0	0	0	0	0	0	0	0	0	0	0	0	0	0	0	0	0	0	0	0	0	0	0	0	0	0	0	0	0	0	0	0	0	0	0	0	0	0	0	0	0	0	0	0	0	0	0	0	0	0	0	0	0	0	0	0	0	0	0	0	0	0	0	0	0	0	0	0	0	0	0	0	0	0	0	0	0	0	0	0	0	0	0	0	0	0	0	0	0	0	0	0	0	0	0	0	0	0	0	0	0	0	0	0	0	0	0	0	0	0	0	0	0	0	0	0	0	0	0	0	0	0	0	0	0	0	0	0	0	0	0	0	0	0	0	35.5135	34.588	33.6626	32.7372	31.8118	30.8864	29.9609	28.6467	27.3325	26.0183	24.7041	23.3899	22.0756	21.9677	21.8598	21.7519	21.644	21.536	21.4281	21.8277	22.2274	22.627	23.0267	23.4263	23.826	24.5657	25.3053	26.045	26.7847	27.5244	28.2641	28.1156	27.9672	27.8187	27.6703	27.5218	27.3734	28.2288	29.0843	29.9397	30.7951	31.6506	32.506	32.9475	33.389	33.8305	34.272	34.7135	35.1551	36.9517	38.7483	40.5449	42.3415	44.1381	45.9348	
0	0	0	0	0	0	0	0	0	0	0	0	0	0	0	0	0	0	0	0	0	0	0	0	0	0	0	0	0	0	0	0	0	0	0	0	0	0	0	0	0	0	0	0	0	0	0	0	0	0	0	0	0	0	0	0	0	0	0	0	0	0	0	0	0	0	0	0	0	0	0	0	0	0	0	0	0	0	0	0	0	0	0	0	0	0	0	0	0	0	0	0	0	0	0	0	0	0	0	0	0	0	0	0	0	0	0	0	0	0	0	0	0	0	0	0	0	0	0	0	0	0	0	0	0	0	0	0	0	0	0	0	0	0	0	0	0	0	0	0	0	0	0	0	0	0	0	0	0	0	0	0	0	0	0	0	0	0	0	0	0	0	0	0	0	0	0	0	0	0	0	0	0	0	0	0	0	0	0	0	0	0	0	0	0	0	0	0	0	0	0	0	33.6352	33.206	32.7769	32.3477	31.9185	31.4893	31.0601	29.9454	28.8307	27.716	26.6013	25.4866	24.3719	23.9693	23.5666	23.164	22.7613	22.3586	21.956	22.0419	22.1278	22.2138	22.2997	22.3856	22.4715	23.2544	24.0373	24.8202	25.6031	26.3861	27.169	27.164	27.159	27.154	27.149	27.144	27.139	27.8424	28.5457	29.249	29.9524	30.6557	31.3591	31.7427	32.1263	32.5099	32.8935	33.2771	33.6607	35.7686	37.8765	39.9844	42.0923	44.2001	46.308	
0	0	0	0	0	0	0	0	0	0	0	0	0	0	0	0	0	0	0	0	0	0	0	0	0	0	0	0	0	0	0	0	0	0	0	0	0	0	0	0	0	0	0	0	0	0	0	0	0	0	0	0	0	0	0	0	0	0	0	0	0	0	0	0	0	0	0	0	0	0	0	0	0	0	0	0	0	0	0	0	0	0	0	0	0	0	0	0	0	0	0	0	0	0	0	0	0	0	0	0	0	0	0	0	0	0	0	0	0	0	0	0	0	0	0	0	0	0	0	0	0	0	0	0	0	0	0	0	0	0	0	0	0	0	0	0	0	0	0	0	0	0	0	0	0	0	0	0	0	0	0	0	0	0	0	0	0	0	0	0	0	0	0	0	0	0	0	0	0	0	0	0	0	0	0	0	0	0	0	0	0	0	0	0	0	0	0	0	0	0	0	0	31.757	31.8241	31.8911	31.9582	32.0252	32.0923	32.1593	31.2441	30.329	29.4138	28.4986	27.5834	26.6682	25.9708	25.2734	24.576	23.8786	23.1813	22.4839	22.2561	22.0283	21.8005	21.5727	21.3449	21.1171	21.9432	22.7694	23.5955	24.4216	25.2477	26.0738	26.2123	26.3508	26.4892	26.6277	26.7662	26.9046	27.4559	28.0071	28.5584	29.1096	29.6609	30.2121	30.5378	30.8635	31.1893	31.515	31.8407	32.1664	34.5856	37.0047	39.4238	41.843	44.2621	46.6813	
0	0	0	0	0	0	0	0	0	0	0	0	0	0	0	0	0	0	0	0	0	0	0	0	0	0	0	0	0	0	0	0	0	0	0	0	0	0	0	0	0	0	0	0	0	0	0	0	0	0	0	0	0	0	0	0	0	0	0	0	0	0	0	0	0	0	0	0	0	0	0	0	0	0	0	0	0	0	0	0	0	0	0	0	0	0	0	0	0	0	0	0	0	0	0	0	0	0	0	0	0	0	0	0	0	0	0	0	0	0	0	0	0	0	0	0	0	0	0	0	0	0	0	0	0	0	0	0	0	0	0	0	0	0	0	0	0	0	0	0	0	0	0	0	0	0	0	0	0	0	0	0	0	0	0	0	0	0	0	0	0	0	0	0	0	0	0	0	0	0	0	0	0	0	0	0	0	0	0	0	0	0	0	0	0	0	0	0	0	0	0	0	29.8788	30.4421	31.0054	31.5686	32.1319	32.6952	33.2585	32.5429	31.8272	31.1115	30.3959	29.6802	28.9645	27.9724	26.9803	25.9881	24.996	24.0039	23.0117	22.4702	21.9287	21.3872	20.8457	20.3042	19.7627	20.632	21.5014	22.3707	23.24	24.1093	24.9787	25.2606	25.5425	25.8245	26.1064	26.3883	26.6703	27.0694	27.4686	27.8677	28.2669	28.666	29.0652	29.333	29.6008	29.8686	30.1364	30.4043	30.6721	33.4025	36.1329	38.8633	41.5937	44.3241	47.0545	
40.3119	40.2971	40.2823	40.2674	40.2526	40.2377	40.2229	40.156	40.0892	40.0223	39.9554	39.8885	39.8217	38.4604	37.0991	35.7378	34.3765	33.0152	31.6539	30.4122	29.1704	27.9286	26.6868	25.4451	24.2033	24.6541	25.1048	25.5556	26.0064	26.4571	26.9079	26.4371	25.9663	25.4954	25.0246	24.5538	24.0829	25.3514	26.6198	27.8883	29.1567	30.4251	31.6936	32.3052	32.9167	33.5283	34.1399	34.7514	35.363	35.1246	34.8862	34.6478	34.4094	34.171	33.9327	33.5345	33.1363	32.7382	32.34	31.9418	31.5437	30.2566	28.9695	27.6824	26.3954	25.1083	23.8212	23.7514	23.6816	23.6117	23.5419	23.4721	23.4022	24.1275	24.8528	25.5781	26.3034	27.0287	27.754	28.3525	28.951	29.5495	30.148	30.7465	31.3451	31.5688	31.7926	32.0163	32.2401	32.4638	32.6876	32.4797	32.2718	32.0639	31.856	31.6481	31.4402	30.2099	28.9797	27.7495	26.5193	25.289	24.0588	23.8572	23.6556	23.454	23.2524	23.0508	22.8492	23.2917	23.7343	24.1768	24.6194	25.0619	25.5045	25.8523	26.2001	26.548	26.8958	27.2436	27.5914	27.6523	27.7131	27.774	27.8348	27.8957	27.9565	28.5267	29.0969	29.6672	30.2374	30.8076	31.3778	31.3577	31.3375	31.3173	31.2972	31.277	31.2568	31.3	31.3431	31.3862	31.4293	31.4724	31.5155	31.6003	31.685	31.7698	31.8545	31.9392	32.024	32.7341	33.4443	34.1544	34.8646	35.5747	36.2849	36.1017	35.9185	35.7354	35.5522	35.3691	35.1859	35.0409	34.8959	34.7509	34.6059	34.461	34.316	33.0568	31.7976	30.5384	29.2792	28.0201	26.7609	26.7884	26.816	26.8435	26.871	26.8986	26.9261	26.2538	25.5816	24.9093	24.2371	23.5648	22.8926	23.7439	24.5953	25.4466	26.2979	27.1492	28.0006	29.0601	30.1196	31.1791	32.2387	33.2982	34.3577	33.8416	33.3254	32.8093	32.2931	31.777	31.2608	29.974	28.6871	27.4002	26.1133	24.8265	23.5396	22.6844	21.8292	20.9739	20.1187	19.2635	18.4083	19.3208	20.2334	21.1459	22.0585	22.971	23.8835	24.3089	24.7343	25.1597	25.5851	26.0105	26.4359	26.6829	26.93	27.177	27.4241	27.6712	27.9182	28.1281	28.3381	28.548	28.7579	28.9678	29.1778	32.2194	35.2611	38.3028	41.3444	44.3861	47.4278	
0	0	0	0	0	0	40.24	39.9317	39.6234	39.3151	39.0068	38.6985	38.3902	37.0683	35.7463	34.4244	33.1025	31.7805	30.4586	29.4145	28.3704	27.3263	26.2822	25.2381	24.194	24.3932	24.5924	24.7916	24.9908	25.19	25.3892	25.1525	24.9157	24.6789	24.4421	24.2054	23.9686	25.0654	26.1622	27.2591	28.3559	29.4527	30.5495	31.0901	31.6307	32.1713	32.7119	33.2525	33.7931	33.7085	33.6239	33.5392	33.4546	33.37	33.2854	33.0795	32.8737	32.6679	32.4621	32.2563	32.0504	30.9231	29.7957	28.6683	27.541	26.4136	25.2862	25.1691	25.0519	24.9348	24.8176	24.7005	24.5833	25.1428	25.7023	26.2618	26.8214	27.3809	27.9404	28.4271	28.9139	29.4006	29.8874	30.3741	30.8609	31.0873	31.3138	31.5403	31.7667	31.9932	32.2197	31.998	31.7763	31.5546	31.3329	31.1112	30.8895	29.7645	28.6395	27.5145	26.3895	25.2645	24.1395	23.9668	23.7942	23.6215	23.4489	23.2762	23.1036	23.5313	23.959	24.3868	24.8145	25.2422	25.67	25.9572	26.2445	26.5317	26.8189	27.1062	27.3934	27.5214	27.6494	27.7774	27.9054	28.0334	28.1614	28.6496	29.1378	29.6261	30.1143	30.6025	31.0908	31.1673	31.2439	31.3204	31.3969	31.4735	31.55	31.5943	31.6385	31.6827	31.727	31.7712	31.8154	31.9168	32.0181	32.1194	32.2207	32.322	32.4233	33.1018	33.7804	34.4589	35.1374	35.8159	36.4945	36.3225	36.1505	35.9785	35.8065	35.6345	35.4625	35.3038	35.1451	34.9863	34.8276	34.6689	34.5101	33.4038	32.2974	31.1911	30.0847	28.9783	27.872	27.7287	27.5853	27.442	27.2987	27.1554	27.012	26.4665	25.9209	25.3753	24.8297	24.2841	23.7385	24.666	25.5935	26.521	27.4485	28.3759	29.3034	30.3154	31.3275	32.3395	33.3515	34.3635	35.3756	34.4703	33.5651	32.6598	31.7546	30.8494	29.9441	28.6994	27.4547	26.21	24.9653	23.7206	22.4759	21.9176	21.3593	20.801	20.2426	19.6843	19.126	20.0919	21.0578	22.0237	22.9896	23.9555	24.9214	25.3275	25.7337	26.1399	26.546	26.9522	27.3584	27.3899	27.4213	27.4528	27.4843	27.5158	27.5473	27.8247	28.102	28.3793	28.6567	28.934	29.2113	31.9456	34.6799	37.4142	40.1484	42.8827	45.617	
0	0	0	0	0	0	40.2571	39.7074	39.1576	38.6079	38.0582	37.5084	36.9587	35.6761	34.3936	33.111	31.8284	30.5459	29.2633	28.4169	27.5705	26.724	25.8776	25.0312	24.1848	24.1324	24.0801	24.0277	23.9753	23.9229	23.8706	23.8678	23.8651	23.8624	23.8597	23.857	23.8542	24.7794	25.7046	26.6298	27.555	28.4802	29.4054	29.8751	30.3447	30.8143	31.2839	31.7536	32.2232	32.2923	32.3615	32.4306	32.4998	32.5689	32.6381	32.6246	32.6111	32.5976	32.5842	32.5707	32.5572	31.5896	30.6219	29.6542	28.6866	27.7189	26.7512	26.5868	26.4223	26.2578	26.0933	25.9288	25.7644	26.1581	26.5518	26.9456	27.3393	27.733	28.1268	28.5017	28.8767	29.2517	29.6267	30.0017	30.3767	30.6059	30.8351	31.0642	31.2934	31.5226	31.7518	31.5163	31.2808	31.0453	30.8098	30.5743	30.3387	29.319	28.2992	27.2794	26.2597	25.2399	24.2201	24.0764	23.9327	23.789	23.6453	23.5017	23.358	23.7709	24.1838	24.5967	25.0096	25.4226	25.8355	26.0621	26.2888	26.5154	26.7421	26.9688	27.1954	27.3906	27.5857	27.7808	27.9759	28.1711	28.3662	28.7725	29.1787	29.585	29.9912	30.3975	30.8037	30.977	31.1502	31.3235	31.4967	31.67	31.8432	31.8886	31.9339	31.9793	32.0246	32.07	32.1154	32.2332	32.3511	32.469	32.5869	32.7048	32.8227	33.4696	34.1165	34.7634	35.4103	36.0572	36.7041	36.5432	36.3824	36.2216	36.0608	35.9	35.7391	35.5667	35.3942	35.2217	35.0493	34.8768	34.7043	33.7508	32.7972	31.8437	30.8902	29.9366	28.9831	28.6689	28.3547	28.0405	27.7264	27.4122	27.098	26.6791	26.2602	25.8412	25.4223	25.0034	24.5845	25.5881	26.5917	27.5954	28.599	29.6027	30.6063	31.5708	32.5353	33.4999	34.4644	35.4289	36.3934	35.0991	33.8047	32.5104	31.2161	29.9218	28.6274	27.4249	26.2224	25.0198	23.8173	22.6148	21.4122	21.1508	20.8894	20.628	20.3665	20.1051	19.8437	20.8629	21.8822	22.9014	23.9207	24.9399	25.9592	26.3461	26.7331	27.12	27.507	27.8939	28.2808	28.0968	27.9127	27.7286	27.5446	27.3605	27.1764	27.5212	27.8659	28.2107	28.5554	28.9002	29.2449	31.6718	34.0987	36.5255	38.9524	41.3793	43.8062	
0	0	0	0	0	0	40.2742	39.483	38.6919	37.9007	37.1095	36.3184	35.5272	34.284	33.0408	31.7976	30.5544	29.3112	28.068	27.4192	26.7705	26.1218	25.473	24.8243	24.1755	23.8716	23.5677	23.2637	22.9598	22.6558	22.3519	22.5832	22.8146	23.0459	23.2772	23.5086	23.7399	24.4935	25.2471	26.0006	26.7542	27.5078	28.2614	28.66	29.0587	29.4573	29.856	30.2546	30.6533	30.8762	31.0991	31.322	31.5449	31.7679	31.9908	32.1696	32.3485	32.5274	32.7063	32.8851	33.064	32.2561	31.4481	30.6401	29.8322	29.0242	28.2163	28.0044	27.7926	27.5808	27.369	27.1572	26.9454	27.1734	27.4013	27.6293	27.8572	28.0852	28.3131	28.5764	28.8396	29.1028	29.366	29.6293	29.8925	30.1244	30.3563	30.5882	30.8201	31.052	31.2839	31.0346	30.7853	30.536	30.2867	30.0373	29.788	28.8735	27.9589	27.0444	26.1298	25.2153	24.3008	24.186	24.0713	23.9566	23.8418	23.7271	23.6124	24.0105	24.4086	24.8067	25.2048	25.6029	26.001	26.167	26.3331	26.4992	26.6653	26.8313	26.9974	27.2597	27.522	27.7842	28.0465	28.3088	28.5711	28.8953	29.2196	29.5439	29.8682	30.1924	30.5167	30.7867	31.0566	31.3265	31.5965	31.8664	32.1364	32.1829	32.2293	32.2758	32.3223	32.3688	32.4153	32.5497	32.6842	32.8186	32.9531	33.0875	33.222	33.8373	34.4526	35.0678	35.6831	36.2984	36.9137	36.764	36.6144	36.4647	36.3151	36.1654	36.0158	35.8296	35.6433	35.4571	35.2709	35.0847	34.8985	34.0978	33.297	32.4963	31.6956	30.8949	30.0942	29.6091	29.1241	28.6391	28.154	27.669	27.1839	26.8917	26.5994	26.3072	26.0149	25.7227	25.4304	26.5102	27.59	28.6698	29.7496	30.8294	31.9092	32.8262	33.7432	34.6602	35.5772	36.4942	37.4113	35.7278	34.0444	32.361	30.6776	28.9942	27.3107	26.1504	24.99	23.8296	22.6693	21.5089	20.3486	20.384	20.4195	20.455	20.4904	20.5259	20.5614	21.634	22.7066	23.7792	24.8518	25.9244	26.997	27.3647	27.7324	28.1002	28.4679	28.8356	29.2033	28.8037	28.4041	28.0044	27.6048	27.2052	26.8055	27.2177	27.6298	28.042	28.4542	28.8663	29.2785	31.398	33.5175	35.6369	37.7564	39.8759	41.9954	
0	0	0	0	0	0	40.2913	39.2587	38.2261	37.1935	36.1609	35.1283	34.0957	32.8919	31.688	30.4842	29.2803	28.0765	26.8726	26.4216	25.9705	25.5195	25.0684	24.6174	24.1663	23.6108	23.0553	22.4998	21.9442	21.3887	20.8332	21.2986	21.764	22.2294	22.6948	23.1602	23.6255	24.2075	24.7895	25.3714	25.9534	26.5353	27.1173	27.445	27.7727	28.1003	28.428	28.7557	29.0834	29.4601	29.8367	30.2134	30.5901	30.9668	31.3435	31.7147	32.0859	32.4571	32.8284	33.1996	33.5708	32.9225	32.2743	31.626	30.9778	30.3295	29.6813	29.4221	29.163	28.9039	28.6447	28.3856	28.1265	28.1886	28.2508	28.313	28.3752	28.4373	28.4995	28.651	28.8024	28.9539	29.1054	29.2568	29.4083	29.6429	29.8775	30.1121	30.3468	30.5814	30.816	30.5529	30.2898	30.0267	29.7635	29.5004	29.2373	28.428	27.6187	26.8094	26	25.1907	24.3814	24.2956	24.2099	24.1241	24.0383	23.9525	23.8668	24.25	24.6333	25.0166	25.3999	25.7832	26.1665	26.272	26.3774	26.4829	26.5884	26.6939	26.7994	27.1288	27.4582	27.7877	28.1171	28.4465	28.7759	29.0182	29.2605	29.5028	29.7451	29.9874	30.2297	30.5963	30.963	31.3296	31.6963	32.0629	32.4296	32.4772	32.5248	32.5724	32.62	32.6676	32.7152	32.8662	33.0172	33.1683	33.3193	33.4703	33.6213	34.205	34.7886	35.3723	35.956	36.5396	37.1233	36.9848	36.8463	36.7078	36.5694	36.4309	36.2924	36.0924	35.8925	35.6925	35.4926	35.2926	35.0927	34.4448	33.7969	33.149	32.5011	31.8532	31.2053	30.5494	29.8935	29.2376	28.5817	27.9258	27.2699	27.1043	26.9387	26.7731	26.6075	26.4419	26.2763	27.4323	28.5882	29.7442	30.9001	32.0561	33.212	34.0815	34.9511	35.8206	36.6901	37.5596	38.4291	36.3566	34.2841	32.2116	30.1391	28.0665	25.994	24.8758	23.7576	22.6395	21.5213	20.4031	19.2849	19.6172	19.9496	20.282	20.6143	20.9467	21.2791	22.405	23.531	24.6569	25.7829	26.9088	28.0348	28.3833	28.7318	29.0803	29.4288	29.7773	30.1258	29.5106	28.8954	28.2802	27.665	27.0498	26.4346	26.9142	27.3938	27.8733	28.3529	28.8325	29.3121	31.1242	32.9362	34.7483	36.5604	38.3725	40.1846	
0	0	0	0	0	0	40.3084	39.0344	37.7604	36.4863	35.2123	33.9383	32.6642	31.4997	30.3353	29.1708	28.0063	26.8418	25.6773	25.4239	25.1706	24.9172	24.6638	24.4104	24.1571	23.35	22.5429	21.7358	20.9287	20.1216	19.3146	20.014	20.7134	21.4129	22.1123	22.8118	23.5112	23.9215	24.3319	24.7422	25.1525	25.5629	25.9732	26.2299	26.4866	26.7433	27	27.2568	27.5135	28.0439	28.5744	29.1048	29.6353	30.1657	30.6962	31.2597	31.8233	32.3869	32.9504	33.514	34.0776	33.589	33.1005	32.6119	32.1234	31.6348	31.1463	30.8398	30.5334	30.2269	29.9204	29.614	29.3075	29.2039	29.1003	28.9967	28.8931	28.7895	28.6859	28.7256	28.7653	28.805	28.8447	28.8844	28.9241	29.1615	29.3988	29.6361	29.8734	30.1107	30.3481	30.0712	29.7943	29.5173	29.2404	28.9635	28.6866	27.9825	27.2784	26.5743	25.8702	25.1661	24.462	24.4052	24.3484	24.2916	24.2348	24.178	24.1212	24.4896	24.8581	25.2266	25.595	25.9635	26.332	26.3769	26.4218	26.4667	26.5116	26.5565	26.6014	26.998	27.3945	27.7911	28.1876	28.5842	28.9808	29.1411	29.3014	29.4617	29.622	29.7823	29.9426	30.406	30.8693	31.3327	31.796	32.2594	32.7227	32.7715	32.8202	32.8689	32.9176	32.9663	33.0151	33.1827	33.3503	33.5179	33.6855	33.8531	34.0207	34.5727	35.1247	35.6768	36.2288	36.7808	37.3329	37.2056	37.0782	36.9509	36.8236	36.6963	36.569	36.3553	36.1416	35.9279	35.7142	35.5005	35.2868	34.7917	34.2967	33.8016	33.3065	32.8114	32.3164	31.4896	30.6629	29.8361	29.0094	28.1826	27.3559	27.3169	27.278	27.2391	27.2001	27.1612	27.1223	28.3544	29.5865	30.8186	32.0507	33.2828	34.5149	35.3369	36.1589	36.9809	37.8029	38.6249	39.447	36.9854	34.5237	32.0621	29.6005	27.1389	24.6773	23.6013	22.5253	21.4493	20.3732	19.2972	18.2212	18.8505	19.4797	20.109	20.7383	21.3675	21.9968	23.1761	24.3554	25.5347	26.714	27.8933	29.0726	29.4019	29.7312	30.0605	30.3897	30.719	31.0483	30.2175	29.3868	28.556	27.7252	26.8945	26.0637	26.6107	27.1577	27.7047	28.2517	28.7987	29.3457	30.8503	32.355	33.8597	35.3644	36.8691	38.3738	
0	0	0	0	0	0	40.3255	38.8101	37.2946	35.7791	34.2637	32.7482	31.2327	30.1076	28.9825	27.8574	26.7322	25.6071	24.482	24.4263	24.3706	24.3149	24.2592	24.2035	24.1478	23.0891	22.0305	20.9718	19.9132	18.8545	17.7959	18.7294	19.6629	20.5964	21.5299	22.4634	23.3968	23.6356	23.8743	24.113	24.3517	24.5904	24.8291	25.0149	25.2006	25.3863	25.5721	25.7578	25.9436	26.6278	27.312	27.9962	28.6804	29.3647	30.0489	30.8048	31.5607	32.3166	33.0725	33.8284	34.5844	34.2555	33.9267	33.5978	33.269	32.9401	32.6113	32.2575	31.9037	31.5499	31.1961	30.8423	30.4886	30.2192	29.9498	29.6804	29.411	29.1417	28.8723	28.8002	28.7282	28.6561	28.5841	28.512	28.4399	28.68	28.92	29.1601	29.4001	29.6401	29.8802	29.5895	29.2987	29.008	28.7173	28.4266	28.1359	27.537	26.9382	26.3393	25.7404	25.1416	24.5427	24.5148	24.487	24.4591	24.4313	24.4034	24.3756	24.7292	25.0829	25.4365	25.7902	26.1438	26.4975	26.4818	26.4661	26.4504	26.4347	26.4191	26.4034	26.8671	27.3308	27.7945	28.2582	28.7219	29.1856	29.2639	29.3423	29.4206	29.4989	29.5773	29.6556	30.2157	30.7757	31.3358	31.8958	32.4559	33.0159	33.0658	33.1156	33.1655	33.2153	33.2651	33.315	33.4991	33.6833	33.8675	34.0517	34.2358	34.42	34.9404	35.4608	35.9812	36.5016	37.0221	37.5425	37.4263	37.3102	37.1941	37.0779	36.9618	36.8457	36.6182	36.3908	36.1633	35.9359	35.7084	35.481	35.1387	34.7965	34.4542	34.112	33.7697	33.4274	32.4298	31.4322	30.4346	29.437	28.4394	27.4418	27.5295	27.6173	27.705	27.7927	27.8805	27.9682	29.2765	30.5847	31.893	33.2012	34.5095	35.8178	36.5923	37.3668	38.1413	38.9158	39.6903	40.4648	37.6141	34.7634	31.9127	29.062	26.2113	23.3606	22.3268	21.2929	20.2591	19.2252	18.1914	17.1575	18.0837	19.0098	19.936	20.8622	21.7883	22.7145	23.9471	25.1798	26.4125	27.6451	28.8778	30.1104	30.4205	30.7306	31.0406	31.3507	31.6607	31.9708	30.9245	29.8781	28.8318	27.7855	26.7391	25.6928	26.3072	26.9216	27.536	28.1504	28.7648	29.3792	30.5765	31.7738	32.9711	34.1684	35.3657	36.563	
0	0	0	0	0	0	39.5296	38.0327	36.5358	35.0389	33.542	32.0452	30.5483	29.4412	28.3342	27.2271	26.1201	25.013	23.906	23.6299	23.3537	23.0776	22.8015	22.5254	22.2493	21.5542	20.8591	20.1641	19.469	18.774	18.0789	18.8989	19.7189	20.5388	21.3588	22.1787	22.9987	23.194	23.3892	23.5845	23.7798	23.975	24.1703	24.5623	24.9543	25.3463	25.7383	26.1303	26.5223	27.1333	27.7443	28.3553	28.9664	29.5774	30.1884	30.8115	31.4347	32.0579	32.6811	33.3042	33.9274	33.5644	33.2014	32.8383	32.4753	32.1123	31.7493	31.2778	30.8064	30.3349	29.8635	29.392	28.9205	28.7814	28.6422	28.503	28.3638	28.2247	28.0855	27.9777	27.87	27.7622	27.6545	27.5467	27.439	27.7102	27.9814	28.2527	28.5239	28.7951	29.0663	28.8697	28.673	28.4763	28.2796	28.0829	27.8862	27.2459	26.6056	25.9653	25.325	24.6847	24.0443	23.9799	23.9155	23.8511	23.7867	23.7223	23.6579	23.9917	24.3256	24.6594	24.9932	25.327	25.6608	25.7402	25.8196	25.899	25.9784	26.0578	26.1371	26.5914	27.0457	27.5	27.9543	28.4087	28.863	28.9839	29.1048	29.2258	29.3467	29.4677	29.5886	30.0609	30.5332	31.0055	31.4778	31.9501	32.4224	32.5294	32.6364	32.7434	32.8504	32.9574	33.0644	33.2843	33.5042	33.724	33.9439	34.1638	34.3837	34.8531	35.3225	35.7919	36.2613	36.7307	37.2001	37.2079	37.2157	37.2235	37.2313	37.2391	37.2469	36.9609	36.6748	36.3888	36.1027	35.8167	35.5306	35.2474	34.9643	34.6811	34.3979	34.1147	33.8315	32.7984	31.7653	30.7322	29.6991	28.6659	27.6328	27.7493	27.8657	27.9821	28.0985	28.215	28.3314	29.4958	30.6602	31.8245	32.9889	34.1533	35.3177	35.899	36.4803	37.0617	37.643	38.2244	38.8057	36.3016	33.7975	31.2934	28.7893	26.2852	23.7811	22.6396	21.4981	20.3567	19.2152	18.0737	16.9322	17.6773	18.4224	19.1674	19.9125	20.6576	21.4026	22.6358	23.8689	25.1021	26.3352	27.5684	28.8015	29.1426	29.4838	29.8249	30.166	30.5071	30.8483	29.8204	28.7925	27.7646	26.7368	25.7089	24.681	25.3968	26.1127	26.8285	27.5443	28.2601	28.976	30.6132	32.2504	33.8877	35.5249	37.1621	38.7994	
0	0	0	0	0	0	38.7336	37.2553	35.777	34.2987	32.8204	31.3421	29.8638	28.7749	27.6859	26.5969	25.5079	24.419	23.33	22.8334	22.3369	21.8404	21.3438	20.8473	20.3507	20.0193	19.6878	19.3563	19.0249	18.6934	18.362	19.0684	19.7748	20.4813	21.1877	21.8941	22.6006	22.7524	22.9042	23.056	23.2078	23.3596	23.5114	24.1097	24.708	25.3062	25.9045	26.5028	27.1011	27.6389	28.1767	28.7145	29.2523	29.7901	30.3279	30.8183	31.3087	31.7991	32.2896	32.78	33.2704	32.8732	32.476	32.0789	31.6817	31.2845	30.8873	30.2982	29.709	29.1199	28.5308	27.9416	27.3525	27.3435	27.3346	27.3256	27.3166	27.3077	27.2987	27.1552	27.0118	26.8684	26.7249	26.5815	26.4381	26.7405	27.0429	27.3453	27.6477	27.9501	28.2525	28.1499	28.0472	27.9445	27.8418	27.7392	27.6365	26.9548	26.273	25.5913	24.9095	24.2278	23.546	23.445	23.3441	23.2431	23.1422	23.0412	22.9403	23.2543	23.5683	23.8823	24.1963	24.5102	24.8242	24.9987	25.1731	25.3476	25.522	25.6964	25.8709	26.3158	26.7607	27.2056	27.6505	28.0954	28.5403	28.7039	28.8674	29.031	29.1945	29.3581	29.5216	29.9062	30.2907	30.6753	31.0598	31.4444	31.8289	31.9931	32.1573	32.3214	32.4856	32.6497	32.8139	33.0694	33.325	33.5806	33.8362	34.0917	34.3473	34.7657	35.1841	35.6025	36.0209	36.4393	36.8577	36.9895	37.1212	37.253	37.3847	37.5164	37.6482	37.3035	36.9589	36.6142	36.2696	35.9249	35.5803	35.3561	35.132	34.9079	34.6838	34.4597	34.2356	33.1669	32.0983	31.0297	29.9611	28.8925	27.8238	27.969	28.1141	28.2592	28.4043	28.5495	28.6946	29.7151	30.7356	31.7561	32.7766	33.7971	34.8176	35.2057	35.5939	35.9821	36.3703	36.7584	37.1466	34.9891	32.8316	30.6741	28.5166	26.3591	24.2016	22.9525	21.7034	20.4543	19.2052	17.956	16.7069	17.2709	17.8349	18.3989	18.9629	19.5268	20.0908	21.3244	22.5581	23.7917	25.0253	26.259	27.4926	27.8648	28.237	28.6092	28.9813	29.3535	29.7257	28.7163	27.7069	26.6975	25.688	24.6786	23.6692	24.4864	25.3037	26.1209	26.9382	27.7554	28.5727	30.6499	32.727	34.8042	36.8814	38.9586	41.0357	
0	0	0	0	0	0	37.9377	36.478	35.0183	33.5585	32.0988	30.6391	29.1794	28.1085	27.0376	25.9667	24.8958	23.8249	22.754	22.037	21.3201	20.6031	19.8861	19.1691	18.4522	18.4843	18.5164	18.5486	18.5807	18.6129	18.645	19.2379	19.8308	20.4237	21.0166	21.6095	22.2024	22.3108	22.4191	22.5275	22.6358	22.7442	22.8525	23.6571	24.4616	25.2662	26.0707	26.8753	27.6798	28.1444	28.609	29.0736	29.5382	30.0028	30.4674	30.825	31.1827	31.5404	31.8981	32.2558	32.6135	32.1821	31.7507	31.3194	30.888	30.4566	30.0253	29.3185	28.6117	27.9049	27.1981	26.4913	25.7845	25.9057	26.027	26.1482	26.2694	26.3907	26.5119	26.3328	26.1536	25.9745	25.7954	25.6162	25.4371	25.7707	26.1043	26.4379	26.7715	27.1051	27.4387	27.4301	27.4214	27.4127	27.4041	27.3954	27.3868	26.6636	25.9404	25.2172	24.494	23.7709	23.0477	22.9102	22.7727	22.6351	22.4976	22.3601	22.2226	22.5168	22.811	23.1051	23.3993	23.6935	23.9876	24.2571	24.5266	24.7961	25.0656	25.3351	25.6046	26.0401	26.4756	26.9111	27.3466	27.7822	28.2177	28.4238	28.63	28.8361	29.0423	29.2484	29.4546	29.7514	30.0482	30.345	30.6418	30.9386	31.2354	31.4568	31.6781	31.8994	32.1207	32.342	32.5633	32.8546	33.1459	33.4371	33.7284	34.0197	34.3109	34.6783	35.0457	35.4131	35.7805	36.1479	36.5153	36.771	37.0267	37.2824	37.5381	37.7938	38.0495	37.6462	37.2429	36.8397	36.4364	36.0332	35.6299	35.4648	35.2998	35.1348	34.9697	34.8047	34.6396	33.5355	32.4314	31.3272	30.2231	29.119	28.0149	28.1887	28.3625	28.5363	28.7102	28.884	29.0578	29.9344	30.811	31.6876	32.5642	33.4408	34.3174	34.5125	34.7075	34.9025	35.0975	35.2925	35.4875	33.6766	31.8657	30.0548	28.2439	26.433	24.622	23.2653	21.9086	20.5518	19.1951	17.8384	16.4817	16.8645	17.2474	17.6303	18.0132	18.3961	18.779	20.0131	21.2472	22.4813	23.7154	24.9495	26.1837	26.5869	26.9902	27.3934	27.7967	28.1999	28.6032	27.6122	26.6212	25.6303	24.6393	23.6483	22.6574	23.576	24.4947	25.4134	26.3321	27.2508	28.1694	30.6866	33.2037	35.7208	38.2379	40.755	43.2721	
0	0	0	0	0	0	37.1418	35.7006	34.2595	32.8183	31.3772	29.936	28.4949	27.4421	26.3893	25.3364	24.2836	23.2308	22.178	21.2406	20.3032	19.3658	18.4284	17.491	16.5536	16.9494	17.3451	17.7408	18.1366	18.5323	18.9281	19.4074	19.8868	20.3662	20.8456	21.3249	21.8043	21.8692	21.9341	21.999	22.0639	22.1288	22.1937	23.2045	24.2153	25.2261	26.2369	27.2477	28.2585	28.6499	29.0413	29.4327	29.8241	30.2155	30.6069	30.8318	31.0567	31.2817	31.5066	31.7316	31.9565	31.491	31.0254	30.5599	30.0943	29.6288	29.1633	28.3388	27.5143	26.6899	25.8654	25.0409	24.2165	24.4679	24.7193	24.9708	25.2222	25.4737	25.7251	25.5103	25.2955	25.0806	24.8658	24.651	24.4362	24.801	25.1657	25.5305	25.8953	26.2601	26.6249	26.7102	26.7956	26.881	26.9664	27.0517	27.1371	26.3725	25.6078	24.8432	24.0786	23.314	22.5493	22.3753	22.2012	22.0271	21.8531	21.679	21.505	21.7793	22.0537	22.328	22.6023	22.8767	23.151	23.5156	23.8802	24.2447	24.6093	24.9738	25.3384	25.7645	26.1906	26.6167	27.0428	27.4689	27.895	28.1438	28.3925	28.6413	28.8901	29.1388	29.3876	29.5967	29.8057	30.0148	30.2238	30.4329	30.6419	30.9204	31.1989	31.4774	31.7558	32.0343	32.3128	32.6397	32.9667	33.2937	33.6206	33.9476	34.2746	34.591	34.9074	35.2238	35.5402	35.8566	36.173	36.5526	36.9322	37.3118	37.6915	38.0711	38.4507	37.9889	37.527	37.0651	36.6033	36.1414	35.6795	35.5735	35.4676	35.3616	35.2556	35.1496	35.0437	33.904	32.7644	31.6248	30.4851	29.3455	28.2059	28.4084	28.6109	28.8134	29.016	29.2185	29.421	30.1537	30.8864	31.6192	32.3519	33.0846	33.8173	33.8192	33.821	33.8229	33.8247	33.8266	33.8284	32.3641	30.8998	29.4355	27.9712	26.5068	25.0425	23.5782	22.1138	20.6494	19.1851	17.7207	16.2564	16.4582	16.66	16.8618	17.0636	17.2654	17.4671	18.7017	19.9363	21.1709	22.4055	23.6401	24.8747	25.3091	25.7434	26.1777	26.612	27.0463	27.4807	26.5081	25.5356	24.5631	23.5906	22.6181	21.6456	22.6657	23.6858	24.7059	25.726	26.7461	27.7662	30.7232	33.6803	36.6374	39.5944	42.5515	45.5085	
0	0	0	0	0	0	36.3458	34.9233	33.5007	32.0781	30.6556	29.233	27.8104	26.7757	25.741	24.7062	23.6715	22.6367	21.602	20.4442	19.2864	18.1285	16.9707	15.8129	14.6551	15.4144	16.1737	16.9331	17.6924	18.4518	19.2111	19.577	19.9428	20.3086	20.6745	21.0403	21.4062	21.4276	21.4491	21.4705	21.4919	21.5134	21.5348	22.7519	23.969	25.1861	26.4031	27.6202	28.8373	29.1555	29.4736	29.7918	30.11	30.4282	30.7464	30.8385	30.9307	31.0229	31.1151	31.2073	31.2995	30.7998	30.3001	29.8004	29.3007	28.801	28.3013	27.3591	26.417	25.4748	24.5327	23.5906	22.6484	23.0301	23.4117	23.7934	24.175	24.5567	24.9383	24.6878	24.4373	24.1868	23.9362	23.6857	23.4352	23.8312	24.2272	24.6231	25.0191	25.4151	25.8111	25.9904	26.1698	26.3492	26.5286	26.708	26.8874	26.0813	25.2753	24.4692	23.6631	22.8571	22.051	21.8404	21.6298	21.4192	21.2085	20.9979	20.7873	21.0418	21.2964	21.5509	21.8054	22.0599	22.3144	22.7741	23.2337	23.6933	24.1529	24.6125	25.0721	25.4888	25.9055	26.3222	26.739	27.1557	27.5724	27.8637	28.1551	28.4465	28.7379	29.0292	29.3206	29.4419	29.5632	29.6845	29.8058	29.9271	30.0485	30.3841	30.7197	31.0553	31.391	31.7266	32.0622	32.4249	32.7876	33.1502	33.5129	33.8755	34.2382	34.5036	34.769	35.0344	35.2998	35.5652	35.8306	36.3342	36.8377	37.3413	37.8449	38.3484	38.852	38.3315	37.811	37.2906	36.7701	36.2496	35.7292	35.6822	35.6353	35.5884	35.5415	35.4946	35.4477	34.2726	33.0974	31.9223	30.7472	29.572	28.3969	28.6281	28.8593	29.0905	29.3218	29.553	29.7842	30.373	30.9619	31.5507	32.1395	32.7284	33.3172	33.1259	32.9346	32.7433	32.552	32.3606	32.1693	31.0516	29.9339	28.8162	27.6984	26.5807	25.463	23.891	22.319	20.747	19.175	17.6031	16.0311	16.0518	16.0725	16.0932	16.1139	16.1346	16.1553	17.3904	18.6255	19.8606	21.0956	22.3307	23.5658	24.0312	24.4966	24.962	25.4274	25.8927	26.3581	25.4041	24.45	23.4959	22.5419	21.5878	20.6337	21.7553	22.8768	23.9983	25.1198	26.2414	27.3629	30.7599	34.1569	37.5539	40.9509	44.3479	47.7449	
33.0218	33.4431	33.8645	34.2858	34.7072	35.1285	35.5499	34.1459	32.7419	31.3379	29.9339	28.53	27.126	26.1093	25.0926	24.076	23.0593	22.0427	21.026	19.6478	18.2695	16.8913	15.513	14.1348	12.7565	13.8795	15.0024	16.1253	17.2483	18.3712	19.4942	19.7465	19.9988	20.2511	20.5034	20.7557	21.008	20.986	20.964	20.942	20.92	20.898	20.876	22.2993	23.7227	25.146	26.5693	27.9927	29.416	29.661	29.906	30.1509	30.3959	30.6409	30.8858	30.8453	30.8047	30.7642	30.7237	30.6831	30.6426	30.1087	29.5748	29.0409	28.507	27.9731	27.4392	26.3794	25.3196	24.2598	23.2	22.1402	21.0804	21.5923	22.1041	22.616	23.1278	23.6397	24.1515	23.8653	23.5791	23.2929	23.0067	22.7205	22.4343	22.8614	23.2886	23.7158	24.1429	24.5701	24.9972	25.2706	25.5441	25.8175	26.0909	26.3643	26.6377	25.7902	24.9427	24.0952	23.2477	22.4002	21.5527	21.3055	21.0583	20.8112	20.564	20.3168	20.0697	20.3044	20.5391	20.7737	21.0084	21.2431	21.4778	22.0325	22.5872	23.1419	23.6965	24.2512	24.8059	25.2132	25.6205	26.0278	26.4351	26.8424	27.2497	27.5837	27.9177	28.2517	28.5856	28.9196	29.2536	29.2872	29.3207	29.3543	29.3878	29.4214	29.455	29.8477	30.2405	30.6333	31.0261	31.4189	31.8117	32.21	32.6084	33.0068	33.4051	33.8035	34.2018	34.4162	34.6306	34.845	35.0594	35.2738	35.4882	36.1157	36.7432	37.3707	37.9982	38.6257	39.2532	38.6742	38.0951	37.516	36.9369	36.3579	35.7788	35.791	35.8031	35.8153	35.8274	35.8396	35.8518	34.6411	33.4305	32.2198	31.0092	29.7986	28.5879	28.8478	29.1077	29.3677	29.6276	29.8875	30.1474	30.5923	31.0373	31.4822	31.9272	32.3722	32.8171	32.4326	32.0481	31.6637	31.2792	30.8947	30.5102	29.7391	28.968	28.1968	27.4257	26.6546	25.8835	24.2039	22.5242	20.8446	19.165	17.4854	15.8058	15.6454	15.485	15.3246	15.1642	15.0039	14.8435	16.079	17.3146	18.5502	19.7858	21.0213	22.2569	22.7533	23.2498	23.7462	24.2427	24.7391	25.2356	24.3	23.3644	22.4288	21.4931	20.5575	19.6219	20.8449	22.0678	23.2908	24.5137	25.7367	26.9596	30.7966	34.6335	38.4705	42.3074	46.1444	49.9813	
31.975	32.2775	32.5801	32.8826	33.1852	33.4877	33.7903	32.6879	31.5855	30.4831	29.3808	28.2784	27.176	26.3372	25.4984	24.6597	23.8209	22.9821	22.1433	20.8602	19.5771	18.2939	17.0108	15.7276	14.4445	15.4092	16.3739	17.3386	18.3033	19.268	20.2327	20.5255	20.8184	21.1113	21.4042	21.6971	21.9899	21.8245	21.659	21.4935	21.3281	21.1626	20.9972	22.3054	23.6137	24.922	26.2302	27.5385	28.8467	28.9629	29.0791	29.1953	29.3115	29.4276	29.5438	29.6084	29.6729	29.7375	29.802	29.8666	29.9311	29.4812	29.0313	28.5814	28.1315	27.6816	27.2317	26.2854	25.3391	24.3928	23.4465	22.5002	21.5539	21.9081	22.2623	22.6165	22.9707	23.3249	23.6791	23.3377	22.9963	22.6548	22.3134	21.972	21.6305	21.9762	22.3219	22.6676	23.0133	23.359	23.7047	23.9275	24.1503	24.3731	24.5959	24.8187	25.0415	24.1788	23.3161	22.4534	21.5907	20.728	19.8653	19.8963	19.9272	19.9582	19.9892	20.0202	20.0511	20.3218	20.5925	20.8633	21.134	21.4047	21.6754	22.1704	22.6654	23.1605	23.6555	24.1505	24.6455	25.1163	25.5871	26.0579	26.5286	26.9994	27.4702	27.8052	28.1401	28.4751	28.8101	29.145	29.48	29.5543	29.6287	29.7031	29.7774	29.8518	29.9261	30.2404	30.5548	30.8691	31.1834	31.4978	31.8121	32.0797	32.3472	32.6148	32.8823	33.1499	33.4174	33.6516	33.8858	34.12	34.3542	34.5884	34.8226	35.3456	35.8686	36.3917	36.9147	37.4377	37.9607	37.587	37.2132	36.8395	36.4657	36.0919	35.7182	35.721	35.7237	35.7265	35.7293	35.732	35.7348	34.6036	33.4724	32.3412	31.21	30.0788	28.9476	29.3094	29.6713	30.0332	30.3951	30.7569	31.1188	31.5483	31.9779	32.4074	32.8369	33.2664	33.696	33.3281	32.9601	32.5922	32.2243	31.8564	31.4885	30.6773	29.866	29.0548	28.2435	27.4323	26.6211	24.9474	23.2737	21.6	19.9263	18.2527	16.579	16.4951	16.4112	16.3273	16.2434	16.1595	16.0756	17.115	18.1545	19.1939	20.2334	21.2728	22.3122	22.7535	23.1948	23.636	24.0773	24.5186	24.9598	24.0636	23.1675	22.2713	21.3751	20.4789	19.5828	20.8577	22.1327	23.4076	24.6826	25.9575	27.2325	30.5273	33.8221	37.1169	40.4117	43.7065	47.0013	
30.9282	31.1119	31.2957	31.4794	31.6632	31.8469	32.0307	31.2299	30.4291	29.6283	28.8276	28.0268	27.226	26.5651	25.9042	25.2433	24.5824	23.9216	23.2607	22.0726	20.8846	19.6966	18.5086	17.3205	16.1325	16.9389	17.7454	18.5518	19.3583	20.1647	20.9712	21.3046	21.638	21.9715	22.3049	22.6384	22.9718	22.6629	22.354	22.0451	21.7362	21.4273	21.1184	22.3116	23.5047	24.6979	25.8911	27.0843	28.2774	28.2648	28.2522	28.2396	28.227	28.2144	28.2018	28.3714	28.5411	28.7107	28.8804	29.0501	29.2197	28.8538	28.4879	28.1219	27.756	27.3901	27.0242	26.1914	25.3586	24.5258	23.693	22.8602	22.0274	22.2239	22.4205	22.6171	22.8136	23.0102	23.2068	22.8101	22.4134	22.0168	21.6201	21.2235	20.8268	21.091	21.3553	21.6195	21.8837	22.148	22.4122	22.5844	22.7565	22.9287	23.1009	23.2731	23.4453	22.5674	21.6895	20.8116	19.9337	19.0558	18.178	18.4871	18.7962	19.1053	19.4144	19.7235	20.0326	20.3393	20.646	20.9528	21.2595	21.5662	21.8729	22.3083	22.7437	23.1791	23.6144	24.0498	24.4852	25.0194	25.5537	26.0879	26.6222	27.1564	27.6907	28.0266	28.3626	28.6985	29.0345	29.3704	29.7064	29.8215	29.9367	30.0518	30.167	30.2821	30.3973	30.6332	30.869	31.1049	31.3408	31.5766	31.8125	31.9493	32.086	32.2228	32.3595	32.4962	32.633	32.887	33.141	33.395	33.649	33.9029	34.1569	34.5755	34.994	35.4126	35.8311	36.2497	36.6682	36.4998	36.3313	36.1629	35.9944	35.826	35.6576	35.651	35.6443	35.6377	35.6311	35.6245	35.6179	34.5661	33.5143	32.4625	31.4108	30.359	29.3072	29.771	30.2349	30.6987	31.1625	31.6264	32.0902	32.5043	32.9184	33.3325	33.7466	34.1607	34.5748	34.2235	33.8721	33.5208	33.1695	32.8181	32.4668	31.6154	30.7641	29.9127	29.0613	28.21	27.3586	25.6909	24.0231	22.3554	20.6877	19.0199	17.3522	17.3448	17.3374	17.3299	17.3225	17.3151	17.3077	18.151	18.9943	19.8377	20.681	21.5243	22.3676	22.7537	23.1398	23.5258	23.9119	24.298	24.6841	23.8273	22.9706	22.1138	21.2571	20.4004	19.5436	20.8706	22.1975	23.5245	24.8514	26.1783	27.5053	30.258	33.0107	35.7633	38.516	41.2687	44.0214	
29.8814	29.9463	30.0113	30.0762	30.1412	30.2061	30.2711	29.7719	29.2727	28.7735	28.2744	27.7752	27.276	26.793	26.31	25.827	25.344	24.861	24.378	23.2851	22.1922	21.0992	20.0063	18.9134	17.8205	18.4687	19.1169	19.7651	20.4133	21.0615	21.7097	22.0837	22.4577	22.8317	23.2057	23.5797	23.9537	23.5014	23.049	22.5967	22.1443	21.6919	21.2396	22.3177	23.3958	24.4739	25.5519	26.63	27.7081	27.5667	27.4253	27.2839	27.1426	27.0012	26.8598	27.1345	27.4093	27.684	27.9588	28.2335	28.5083	28.2263	27.9444	27.6625	27.3805	27.0986	26.8167	26.0974	25.3781	24.6588	23.9394	23.2201	22.5008	22.5398	22.5787	22.6176	22.6565	22.6955	22.7344	22.2825	21.8306	21.3787	20.9268	20.475	20.0231	20.2058	20.3886	20.5714	20.7541	20.9369	21.1197	21.2412	21.3628	21.4844	21.6059	21.7275	21.849	20.956	20.0629	19.1698	18.2767	17.3837	16.4906	17.0778	17.6651	18.2523	18.8396	19.4268	20.014	20.3568	20.6995	21.0423	21.385	21.7278	22.0705	22.4462	22.822	23.1977	23.5734	23.9491	24.3249	24.9226	25.5203	26.118	26.7157	27.3134	27.9111	28.2481	28.585	28.922	29.2589	29.5958	29.9328	30.0887	30.2447	30.4006	30.5566	30.7125	30.8684	31.0259	31.1833	31.3407	31.4981	31.6555	31.8129	31.8189	31.8248	31.8308	31.8367	31.8426	31.8486	32.1224	32.3961	32.6699	32.9437	33.2175	33.4913	33.8054	34.1194	34.4335	34.7476	35.0616	35.3757	35.4126	35.4494	35.4863	35.5232	35.5601	35.597	35.581	35.5649	35.5489	35.5329	35.5169	35.5009	34.5286	33.5562	32.5839	31.6115	30.6392	29.6668	30.2326	30.7984	31.3642	31.93	32.4958	33.0616	33.4603	33.859	34.2577	34.6563	35.055	35.4537	35.1189	34.7841	34.4494	34.1146	33.7798	33.445	32.5536	31.6621	30.7706	29.8792	28.9877	28.0962	26.4344	24.7726	23.1108	21.449	19.7872	18.1254	18.1944	18.2635	18.3326	18.4017	18.4708	18.5398	19.187	19.8342	20.4814	21.1286	21.7758	22.423	22.7538	23.0847	23.4156	23.7465	24.0774	24.4083	23.591	22.7737	21.9564	21.1391	20.3218	19.5045	20.8834	22.2624	23.6413	25.0202	26.3992	27.7781	29.9887	32.1992	34.4098	36.6203	38.8308	41.0414	
28.8346	28.7807	28.7269	28.673	28.6192	28.5653	28.5115	28.3139	28.1163	27.9187	27.7212	27.5236	27.326	27.0209	26.7158	26.4107	26.1056	25.8004	25.4953	24.4975	23.4997	22.5019	21.5041	20.5063	19.5085	19.9984	20.4884	20.9783	21.4683	21.9582	22.4482	22.8627	23.2773	23.6919	24.1065	24.5211	24.9356	24.3398	23.744	23.1482	22.5524	21.9566	21.3608	22.3238	23.2868	24.2498	25.2128	26.1758	27.1388	26.8686	26.5985	26.3283	26.0581	25.7879	25.5177	25.8976	26.2774	26.6573	27.0371	27.417	27.7968	27.5989	27.4009	27.203	27.005	26.8071	26.6091	26.0033	25.3975	24.7917	24.1859	23.5801	22.9743	22.8556	22.7369	22.6182	22.4994	22.3807	22.262	21.7549	21.2478	20.7407	20.2336	19.7265	19.2194	19.3207	19.422	19.5233	19.6246	19.7259	19.8272	19.8981	19.969	20.04	20.1109	20.1819	20.2528	19.3446	18.4363	17.528	16.6198	15.7115	14.8032	15.6686	16.534	17.3994	18.2647	19.1301	19.9955	20.3743	20.753	21.1318	21.5105	21.8893	22.2681	22.5841	22.9002	23.2163	23.5324	23.8484	24.1645	24.8257	25.4869	26.1481	26.8092	27.4704	28.1316	28.4695	28.8075	29.1454	29.4833	29.8212	30.1592	30.3559	30.5526	30.7494	30.9461	31.1429	31.3396	31.4186	31.4975	31.5765	31.6554	31.7344	31.8134	31.6885	31.5636	31.4388	31.3139	31.189	31.0641	31.3577	31.6513	31.9449	32.2385	32.5321	32.8256	33.0352	33.2448	33.4544	33.664	33.8736	34.0832	34.3254	34.5676	34.8098	35.052	35.2942	35.5364	35.511	35.4856	35.4602	35.4348	35.4094	35.384	34.491	33.5981	32.7052	31.8123	30.9194	30.0265	30.6942	31.362	32.0298	32.6975	33.3653	34.033	34.4163	34.7995	35.1828	35.566	35.9493	36.3326	36.0144	35.6961	35.3779	35.0597	34.7415	34.4233	33.4917	32.5601	31.6286	30.697	29.7654	28.8338	27.1779	25.5221	23.8662	22.2103	20.5544	18.8986	19.0441	19.1897	19.3353	19.4808	19.6264	19.7719	20.223	20.6741	21.1251	21.5762	22.0272	22.4783	22.754	23.0297	23.3054	23.5811	23.8568	24.1325	23.3547	22.5768	21.7989	21.0211	20.2432	19.4653	20.8963	22.3272	23.7581	25.1891	26.62	28.051	29.7194	31.3878	33.0562	34.7246	36.393	38.0614	
27.7878	27.6151	27.4425	27.2698	27.0972	26.9245	26.7519	26.8559	26.9599	27.0639	27.168	27.272	27.376	27.2488	27.1215	26.9943	26.8671	26.7399	26.6127	25.71	24.8073	23.9046	23.0019	22.0992	21.1965	21.5282	21.8599	22.1916	22.5233	22.855	23.1866	23.6418	24.0969	24.5521	25.0072	25.4624	25.9175	25.1783	24.439	23.6998	22.9605	22.2213	21.482	22.3299	23.1778	24.0258	24.8737	25.7216	26.5695	26.1705	25.7716	25.3726	24.9736	24.5747	24.1757	24.6607	25.1456	25.6306	26.1155	26.6005	27.0854	26.9714	26.8575	26.7435	26.6295	26.5156	26.4016	25.9093	25.417	24.9247	24.4324	23.9401	23.4478	23.1714	22.8951	22.6187	22.3424	22.066	21.7896	21.2273	20.665	20.1026	19.5403	18.978	18.4156	18.4355	18.4553	18.4751	18.495	18.5148	18.5346	18.555	18.5753	18.5956	18.616	18.6363	18.6566	17.7332	16.8097	15.8863	14.9628	14.0393	13.1159	14.2594	15.4029	16.5464	17.6899	18.8334	19.977	20.3917	20.8065	21.2213	21.6361	22.0508	22.4656	22.722	22.9785	23.2349	23.4913	23.7478	24.0042	24.7288	25.4535	26.1781	26.9028	27.6274	28.3521	28.691	29.0299	29.3688	29.7077	30.0466	30.3855	30.6231	30.8606	31.0982	31.3357	31.5732	31.8108	31.8113	31.8118	31.8123	31.8128	31.8133	31.8138	31.5581	31.3024	31.0468	30.7911	30.5354	30.2797	30.5931	30.9065	31.2198	31.5332	31.8466	32.16	32.2651	32.3702	32.4753	32.5804	32.6855	32.7906	33.2382	33.6857	34.1332	34.5807	35.0282	35.4757	35.441	35.4062	35.3714	35.3366	35.3018	35.267	34.4535	33.64	32.8266	32.0131	31.1996	30.3861	31.1558	31.9256	32.6953	33.465	34.2347	35.0044	35.3723	35.7401	36.1079	36.4758	36.8436	37.2114	36.9098	36.6081	36.3065	36.0049	35.7032	35.4016	34.4299	33.4582	32.4865	31.5148	30.5431	29.5714	27.9214	26.2715	24.6216	22.9716	21.3217	19.6718	19.8938	20.1159	20.3379	20.56	20.782	21.0041	21.259	21.5139	21.7689	22.0238	22.2787	22.5337	22.7542	22.9747	23.1952	23.4157	23.6363	23.8568	23.1183	22.3799	21.6415	20.903	20.1646	19.4262	20.9091	22.392	23.875	25.3579	26.8408	28.3238	29.4501	30.5763	31.7026	32.8289	33.9551	35.0814	
26.741	26.4495	26.1581	25.8666	25.5752	25.2837	24.9923	25.3979	25.8035	26.2091	26.6148	27.0204	27.426	27.4767	27.5273	27.578	27.6287	27.6793	27.73	26.9224	26.1148	25.3072	24.4996	23.692	22.8845	23.0579	23.2314	23.4048	23.5783	23.7517	23.9251	24.4209	24.9166	25.4123	25.908	26.4037	26.8994	26.0167	25.134	24.2513	23.3686	22.4859	21.6032	22.336	23.0689	23.8017	24.5345	25.2674	26.0002	25.4725	24.9447	24.4169	23.8892	23.3614	22.8337	23.4237	24.0138	24.6038	25.1939	25.7839	26.374	26.344	26.314	26.284	26.254	26.2241	26.1941	25.8153	25.4365	25.0577	24.6789	24.3001	23.9213	23.4873	23.0533	22.6193	22.1853	21.7513	21.3172	20.6997	20.0821	19.4646	18.847	18.2295	17.6119	17.5503	17.4886	17.427	17.3654	17.3037	17.2421	17.2118	17.1815	17.1513	17.121	17.0907	17.0604	16.1218	15.1831	14.2445	13.3058	12.3672	11.4285	12.8502	14.2718	15.6935	17.1151	18.5368	19.9584	20.4092	20.86	21.3108	21.7616	22.2124	22.6632	22.86	23.0567	23.2535	23.4503	23.6471	23.8438	24.632	25.4201	26.2082	26.9963	27.7844	28.5726	28.9125	29.2523	29.5922	29.9321	30.272	30.6119	30.8903	31.1686	31.4469	31.7253	32.0036	32.2819	32.204	32.126	32.0481	31.9701	31.8922	31.8142	31.4277	31.0412	30.6548	30.2683	29.8818	29.4953	29.8285	30.1616	30.4948	30.828	31.1612	31.4943	31.495	31.4956	31.4962	31.4969	31.4975	31.4981	32.151	32.8038	33.4566	34.1095	34.7623	35.4151	35.371	35.3268	35.2826	35.2384	35.1942	35.1501	34.416	33.682	32.9479	32.2139	31.4798	30.7458	31.6175	32.4891	33.3608	34.2325	35.1042	35.9758	36.3282	36.6807	37.0331	37.3855	37.7379	38.0903	37.8052	37.5201	37.2351	36.95	36.6649	36.3798	35.368	34.3562	33.3444	32.3326	31.3208	30.309	28.665	27.021	25.377	23.733	22.089	20.445	20.7435	21.042	21.3406	21.6391	21.9376	22.2362	22.295	22.3538	22.4126	22.4714	22.5302	22.589	22.7543	22.9197	23.085	23.2503	23.4157	23.581	22.882	22.183	21.484	20.785	20.086	19.387	20.922	22.4569	23.9918	25.5268	27.0617	28.5966	29.1808	29.7649	30.349	30.9332	31.5173	32.1014	
