0	0	0	0	0	0	0	0	0	0	0	0	0	0	0	0	0	0	0	0	0	0	0	0	0	0	0	0	0	0	0	0	0	0	0	0	0	0	0	0	0	0	0	0	0	0	0	0	0	0	0	0	0	0	0	0	0	0	0	0	0	0	0	0	0	0	0	0	0	0	0	0	0	0	0	0	0	0	0	0	0	0	0	0	0	0	0	0	0	0	0	0	0	0	0	0	0	0	0	0	0	0	0	0	0	0	0	0	0	0	0	0	0	0	0	0	0	0	0	0	0	0	0	0	0	0	0	0	0	0	0	0	0	0	0	0	0	0	0	0	0	0	0	0	0	0	0	0	0	0	0	0	0	0	0	0	0	0	0	0	0	0	0	0	0	0	0	0	0	0	0	0	0	0	0	0	0	0	0	0	0	0	0	0	0	0	0	0	0	0	0	0	0	0	0	0	0	0	0	0	0	0	0	0	0	0	0	0	0	0	0	0	0	0	0	0	0	0	0	0	0	0	0	0	0	0	0	0	0	0	0	0	0	0	6.64323	3.4977	0.352162	-2.79337	-5.93891	-9.08444	-12.23	-12.4024	-12.5749	-12.7474	-12.9199	-13.0923	-13.2648	
0	0	0	0	0	0	0	0	0	0	0	0	0	0	0	0	0	0	0	0	0	0	0	0	0	0	0	0	0	0	0	0	0	0	0	0	0	0	0	0	0	0	0	0	0	0	0	0	0	0	0	0	0	0	0	0	0	0	0	0	0	0	0	0	0	0	0	0	0	0	0	0	0	0	0	0	0	0	0	0	0	0	0	0	0	0	0	0	0	0	0	0	0	0	0	0	0	0	0	0	0	0	0	0	0	0	0	0	0	0	0	0	0	0	0	0	0	0	0	0	0	0	0	0	0	0	0	0	0	0	0	0	0	0	0	0	0	0	0	0	0	0	0	0	0	0	0	0	0	0	0	0	0	0	0	0	0	0	0	0	0	0	0	0	0	0	0	0	0	0	0	0	0	0	0	0	0	0	0	0	0	0	0	0	0	0	0	0	0	0	0	0	0	0	0	0	0	0	0	0	0	0	0	0	0	0	0	0	0	0	0	0	0	0	0	0	0	0	0	0	0	0	0	0	0	0	0	0	0	0	0	0	0	0	2.41608	-0.250176	-2.91643	-5.58268	-8.24893	-10.9152	-13.5814	-13.5757	-13.57	-13.5642	-13.5585	-13.5528	-13.5471	
0	0	0	0	0	0	0	0	0	0	0	0	0	0	0	0	0	0	0	0	0	0	0	0	0	0	0	0	0	0	0	0	0	0	0	0	0	0	0	0	0	0	0	0	0	0	0	0	0	0	0	0	0	0	0	0	0	0	0	0	0	0	0	0	0	0	0	0	0	0	0	0	0	0	0	0	0	0	0	0	0	0	0	0	0	0	0	0	0	0	0	0	0	0	0	0	0	0	0	0	0	0	0	0	0	0	0	0	0	0	0	0	0	0	0	0	0	0	0	0	0	0	0	0	0	0	0	0	0	0	0	0	0	0	0	0	0	0	0	0	0	0	0	0	0	0	0	0	0	0	0	0	0	0	0	0	0	0	0	0	0	0	0	0	0	0	0	0	0	0	0	0	0	0	0	0	0	0	0	0	0	0	0	0	0	0	0	0	0	0	0	0	0	0	0	0	0	0	0	0	0	0	0	0	0	0	0	0	0	0	0	0	0	0	0	0	0	0	0	0	0	0	0	0	0	0	0	0	0	0	0	0	0	0	-1.81108	-3.99805	-6.18502	-8.37199	-10.559	-12.7459	-14.9329	-14.749	-14.565	-14.3811	-14.1972	-14.0133	-13.8293	
0	0	0	0	0	0	0	0	0	0	0	0	0	0	0	0	0	0	0	0	0	0	0	0	0	0	0	0	0	0	0	0	0	0	0	0	0	0	0	0	0	0	0	0	0	0	0	0	0	0	0	0	0	0	0	0	0	0	0	0	0	0	0	0	0	0	0	0	0	0	0	0	0	0	0	0	0	0	0	0	0	0	0	0	0	0	0	0	0	0	0	0	0	0	0	0	0	0	0	0	0	0	0	0	0	0	0	0	0	0	0	0	0	0	0	0	0	0	0	0	0	0	0	0	0	0	0	0	0	0	0	0	0	0	0	0	0	0	0	0	0	0	0	0	0	0	0	0	0	0	0	0	0	0	0	0	0	0	0	0	0	0	0	0	0	0	0	0	0	0	0	0	0	0	0	0	0	0	0	0	0	0	0	0	0	0	0	0	0	0	0	0	0	0	0	0	0	0	0	0	0	0	0	0	0	0	0	0	0	0	0	0	0	0	0	0	0	0	0	0	0	0	0	0	0	0	0	0	0	0	0	0	0	0	-6.03823	-7.74592	-9.45361	-11.1613	-12.869	-14.5767	-16.2844	-15.9222	-15.5601	-15.198	-14.8358	-14.4737	-14.1116	
0	0	0	0	0	0	0	0	0	0	0	0	0	0	0	0	0	0	0	0	0	0	0	0	0	0	0	0	0	0	0	0	0	0	0	0	0	0	0	0	0	0	0	0	0	0	0	0	0	0	0	0	0	0	0	0	0	0	0	0	0	0	0	0	0	0	0	0	0	0	0	0	0	0	0	0	0	0	0	0	0	0	0	0	0	0	0	0	0	0	0	0	0	0	0	0	0	0	0	0	0	0	0	0	0	0	0	0	0	0	0	0	0	0	0	0	0	0	0	0	0	0	0	0	0	0	0	0	0	0	0	0	0	0	0	0	0	0	0	0	0	0	0	0	0	0	0	0	0	0	0	0	0	0	0	0	0	0	0	0	0	0	0	0	0	0	0	0	0	0	0	0	0	0	0	0	0	0	0	0	0	0	0	0	0	0	0	0	0	0	0	0	0	0	0	0	0	0	0	0	0	0	0	0	0	0	0	0	0	0	0	0	0	0	0	0	0	0	0	0	0	0	0	0	0	0	0	0	0	0	0	0	0	0	-10.2654	-11.4938	-12.7222	-13.9506	-15.179	-16.4074	-17.6358	-17.0955	-16.5552	-16.0148	-15.4745	-14.9342	-14.3939	
0	0	0	0	0	0	0	0	0	0	0	0	0	0	0	0	0	0	0	0	0	0	0	0	0	0	0	0	0	0	0	0	0	0	0	0	0	0	0	0	0	0	0	0	0	0	0	0	0	0	0	0	0	0	0	0	0	0	0	0	0	0	0	0	0	0	0	0	0	0	0	0	0	0	0	0	0	0	0	0	0	0	0	0	0	0	0	0	0	0	0	0	0	0	0	0	0	0	0	0	0	0	0	0	0	0	0	0	0	0	0	0	0	0	0	0	0	0	0	0	0	0	0	0	0	0	0	0	0	0	0	0	0	0	0	0	0	0	0	0	0	0	0	0	0	0	0	0	0	0	0	0	0	0	0	0	0	0	0	0	0	0	0	0	0	0	0	0	0	0	0	0	0	0	0	0	0	0	0	0	0	0	0	0	0	0	0	0	0	0	0	0	0	0	0	0	0	0	0	0	0	0	0	0	0	0	0	0	0	0	0	0	0	0	0	0	0	0	0	0	0	0	0	0	0	0	0	0	0	0	0	0	0	0	-14.4925	-15.2417	-15.9908	-16.7399	-17.489	-18.2382	-18.9873	-18.2687	-17.5502	-16.8317	-16.1132	-15.3946	-14.6761	
0	0	0	0	0	0	0	0	0	0	0	0	0	0	0	0	0	0	0	0	0	0	0	0	0	0	0	0	0	0	0	0	0	0	0	0	0	0	0	0	0	0	0	0	0	0	0	0	0	0	0	0	0	0	0	0	0	0	0	0	0	0	0	0	0	0	0	0	0	0	0	0	0	0	0	0	0	0	0	0	0	0	0	0	0	0	0	0	0	0	0	0	0	0	0	0	0	0	0	0	0	0	0	0	0	0	0	0	0	0	0	0	0	0	0	0	0	0	0	0	0	0	0	0	0	0	0	0	0	0	0	0	0	0	0	0	0	0	0	0	0	0	0	0	0	0	0	0	0	0	0	0	0	0	0	0	0	0	0	0	0	0	0	0	0	0	0	0	0	0	0	0	0	0	0	0	0	0	0	0	0	0	0	0	0	0	0	0	0	0	0	0	0	0	0	0	0	0	0	0	0	0	0	0	0	0	0	0	0	0	0	0	0	0	0	0	0	0	0	0	0	0	0	0	0	0	0	0	0	0	0	0	0	0	-18.7197	-18.9895	-19.2594	-19.5292	-19.7991	-20.0689	-20.3387	-19.442	-18.5453	-17.6486	-16.7518	-15.8551	-14.9584	
0	0	0	0	0	0	0	0	0	0	0	0	0	0	0	0	0	0	0	0	0	0	0	0	0	0	0	0	0	0	0	0	0	0	0	0	0	0	0	0	0	0	0	0	0	0	0	0	0	0	0	0	0	0	0	0	0	0	0	0	0	0	0	0	0	0	0	0	0	0	0	0	0	0	0	0	0	0	0	0	0	0	0	0	0	0	0	0	0	0	0	0	0	0	0	0	0	0	0	0	0	0	0	0	0	0	0	0	0	0	0	0	0	0	0	0	0	0	0	0	0	0	0	0	0	0	0	0	0	0	0	0	0	0	0	0	0	0	0	0	0	0	0	0	0	0	0	0	0	0	0	0	0	0	0	0	0	0	0	0	0	0	0	0	0	0	0	0	0	0	0	0	0	0	0	0	0	0	0	0	0	0	0	0	0	0	0	0	0	0	0	0	0	0	0	0	0	0	0	0	0	0	0	0	0	0	0	0	0	0	0	0	0	0	0	0	0	0	0	0	0	0	0	0	0	0	0	0	0	0	0	0	0	0	-19.8092	-20.007	-20.2048	-20.4025	-20.6003	-20.7981	-20.9959	-20.1189	-19.2419	-18.3649	-17.4879	-16.6109	-15.734	
0	0	0	0	0	0	0	0	0	0	0	0	0	0	0	0	0	0	0	0	0	0	0	0	0	0	0	0	0	0	0	0	0	0	0	0	0	0	0	0	0	0	0	0	0	0	0	0	0	0	0	0	0	0	0	0	0	0	0	0	0	0	0	0	0	0	0	0	0	0	0	0	0	0	0	0	0	0	0	0	0	0	0	0	0	0	0	0	0	0	0	0	0	0	0	0	0	0	0	0	0	0	0	0	0	0	0	0	0	0	0	0	0	0	0	0	0	0	0	0	0	0	0	0	0	0	0	0	0	0	0	0	0	0	0	0	0	0	0	0	0	0	0	0	0	0	0	0	0	0	0	0	0	0	0	0	0	0	0	0	0	0	0	0	0	0	0	0	0	0	0	0	0	0	0	0	0	0	0	0	0	0	0	0	0	0	0	0	0	0	0	0	0	0	0	0	0	0	0	0	0	0	0	0	0	0	0	0	0	0	0	0	0	0	0	0	0	0	0	0	0	0	0	0	0	0	0	0	0	0	0	0	0	0	-20.8987	-21.0244	-21.1501	-21.2759	-21.4016	-21.5273	-21.653	-20.7957	-19.9385	-19.0813	-18.224	-17.3668	-16.5095	
0	0	0	0	0	0	0	0	0	0	0	0	0	0	0	0	0	0	0	0	0	0	0	0	0	0	0	0	0	0	0	0	0	0	0	0	0	0	0	0	0	0	0	0	0	0	0	0	0	0	0	0	0	0	0	0	0	0	0	0	0	0	0	0	0	0	0	0	0	0	0	0	0	0	0	0	0	0	0	0	0	0	0	0	0	0	0	0	0	0	0	0	0	0	0	0	0	0	0	0	0	0	0	0	0	0	0	0	0	0	0	0	0	0	0	0	0	0	0	0	0	0	0	0	0	0	0	0	0	0	0	0	0	0	0	0	0	0	0	0	0	0	0	0	0	0	0	0	0	0	0	0	0	0	0	0	0	0	0	0	0	0	0	0	0	0	0	0	0	0	0	0	0	0	0	0	0	0	0	0	0	0	0	0	0	0	0	0	0	0	0	0	0	0	0	0	0	0	0	0	0	0	0	0	0	0	0	0	0	0	0	0	0	0	0	0	0	0	0	0	0	0	0	0	0	0	0	0	0	0	0	0	0	0	-21.9882	-22.0419	-22.0955	-22.1492	-22.2028	-22.2565	-22.3101	-21.4726	-20.6351	-19.7976	-18.9601	-18.1226	-17.2851	
0	0	0	0	0	0	0	0	0	0	0	0	0	0	0	0	0	0	0	0	0	0	0	0	0	0	0	0	0	0	0	0	0	0	0	0	0	0	0	0	0	0	0	0	0	0	0	0	0	0	0	0	0	0	0	0	0	0	0	0	0	0	0	0	0	0	0	0	0	0	0	0	0	0	0	0	0	0	0	0	0	0	0	0	0	0	0	0	0	0	0	0	0	0	0	0	0	0	0	0	0	0	0	0	0	0	0	0	0	0	0	0	0	0	0	0	0	0	0	0	0	0	0	0	0	0	0	0	0	0	0	0	0	0	0	0	0	0	0	0	0	0	0	0	0	0	0	0	0	0	0	0	0	0	0	0	0	0	0	0	0	0	0	0	0	0	0	0	0	0	0	0	0	0	0	0	0	0	0	0	0	0	0	0	0	0	0	0	0	0	0	0	0	0	0	0	0	0	0	0	0	0	0	0	0	0	0	0	0	0	0	0	0	0	0	0	0	0	0	0	0	0	0	0	0	0	0	0	0	0	0	0	0	0	-23.0777	-23.0593	-23.0409	-23.0225	-23.0041	-22.9857	-22.9673	-22.1495	-21.3317	-20.5139	-19.6962	-18.8784	-18.0606	
0	0	0	0	0	0	0	0	0	0	0	0	0	0	0	0	0	0	0	0	0	0	0	0	0	0	0	0	0	0	0	0	0	0	0	0	0	0	0	0	0	0	0	0	0	0	0	0	0	0	0	0	0	0	0	0	0	0	0	0	0	0	0	0	0	0	0	0	0	0	0	0	0	0	0	0	0	0	0	0	0	0	0	0	0	0	0	0	0	0	0	0	0	0	0	0	0	0	0	0	0	0	0	0	0	0	0	0	0	0	0	0	0	0	0	0	0	0	0	0	0	0	0	0	0	0	0	0	0	0	0	0	0	0	0	0	0	0	0	0	0	0	0	0	0	0	0	0	0	0	0	0	0	0	0	0	0	0	0	0	0	0	0	0	0	0	0	0	0	0	0	0	0	0	0	0	0	0	0	0	0	0	0	0	0	0	0	0	0	0	0	0	0	0	0	0	0	0	0	0	0	0	0	0	0	0	0	0	0	0	0	0	0	0	0	0	0	0	0	0	0	0	0	0	0	0	0	0	0	0	0	0	0	0	-24.1672	-24.0768	-23.9863	-23.8958	-23.8053	-23.7149	-23.6244	-22.8264	-22.0283	-21.2303	-20.4323	-19.6342	-18.8362	
0	0	0	0	0	0	0	0	0	0	0	0	0	0	0	0	0	0	0	0	0	0	0	0	0	0	0	0	0	0	0	0	0	0	0	0	0	0	0	0	0	0	0	0	0	0	0	0	0	0	0	0	0	0	0	0	0	0	0	0	0	0	0	0	0	0	0	0	0	0	0	0	0	0	0	0	0	0	0	0	0	0	0	0	0	0	0	0	0	0	0	0	0	0	0	0	0	0	0	0	0	0	0	0	0	0	0	0	0	0	0	0	0	0	0	0	0	0	0	0	0	0	0	0	0	0	0	0	0	0	0	0	0	0	0	0	0	0	0	0	0	0	0	0	0	0	0	0	0	0	0	0	0	0	0	0	0	0	0	0	0	0	0	0	0	0	0	0	0	0	0	0	0	0	0	0	0	0	0	0	0	0	0	0	0	0	0	0	0	0	0	0	-21.332	-22.5889	-23.8457	-25.1025	-26.3594	-27.6162	-28.873	-26.6662	-24.4593	-22.2524	-20.0456	-17.8387	-15.6318	-14.8278	-14.0238	-13.2199	-12.4159	-11.6119	-10.8079	-11.3787	-11.9496	-12.5204	-13.0912	-13.662	-14.2329	-14.3865	-14.5401	-14.6937	-14.8473	-15.0009	-15.1545	-16.5206	-17.8867	-19.2529	-20.619	-21.9851	-23.3512	-23.6688	-23.9864	-24.304	-24.6216	-24.9392	-25.2568	-25.0942	-24.9317	-24.7691	-24.6066	-24.4441	-24.2815	-23.5032	-22.7249	-21.9466	-21.1683	-20.3901	-19.6118	
0	0	0	0	0	0	0	0	0	0	0	0	0	0	0	0	0	0	0	0	0	0	0	0	0	0	0	0	0	0	0	0	0	0	0	0	0	0	0	0	0	0	0	0	0	0	0	0	0	0	0	0	0	0	0	0	0	0	0	0	0	0	0	0	0	0	0	0	0	0	0	0	0	0	0	0	0	0	0	0	0	0	0	0	0	0	0	0	0	0	0	0	0	0	0	0	0	0	0	0	0	0	0	0	0	0	0	0	0	0	0	0	0	0	0	0	0	0	0	0	0	0	0	0	0	0	0	0	0	0	0	0	0	0	0	0	0	0	0	0	0	0	0	0	0	0	0	0	0	0	0	0	0	0	0	0	0	0	0	0	0	0	0	0	0	0	0	0	0	0	0	0	0	0	0	0	0	0	0	0	0	0	0	0	0	0	0	0	0	0	0	0	-21.0624	-22.4706	-23.8788	-25.287	-26.6951	-28.1033	-29.5115	-27.744	-25.9764	-24.2089	-22.4413	-20.6738	-18.9062	-18.1675	-17.4287	-16.6899	-15.9512	-15.2124	-14.4737	-14.5407	-14.6077	-14.6747	-14.7417	-14.8087	-14.8757	-14.9894	-15.103	-15.2167	-15.3304	-15.444	-15.5577	-16.9472	-18.3367	-19.7263	-21.1158	-22.5053	-23.8949	-24.2057	-24.5165	-24.8273	-25.1381	-25.4489	-25.7597	-25.5449	-25.3301	-25.1153	-24.9004	-24.6856	-24.4708	-23.5869	-22.703	-21.8191	-20.9352	-20.0513	-19.1674	
0	0	0	0	0	0	0	0	0	0	0	0	0	0	0	0	0	0	0	0	0	0	0	0	0	0	0	0	0	0	0	0	0	0	0	0	0	0	0	0	0	0	0	0	0	0	0	0	0	0	0	0	0	0	0	0	0	0	0	0	0	0	0	0	0	0	0	0	0	0	0	0	0	0	0	0	0	0	0	0	0	0	0	0	0	0	0	0	0	0	0	0	0	0	0	0	0	0	0	0	0	0	0	0	0	0	0	0	0	0	0	0	0	0	0	0	0	0	0	0	0	0	0	0	0	0	0	0	0	0	0	0	0	0	0	0	0	0	0	0	0	0	0	0	0	0	0	0	0	0	0	0	0	0	0	0	0	0	0	0	0	0	0	0	0	0	0	0	0	0	0	0	0	0	0	0	0	0	0	0	0	0	0	0	0	0	0	0	0	0	0	0	-20.7927	-22.3523	-23.9118	-25.4714	-27.0309	-28.5905	-30.15	-28.8218	-27.4936	-26.1653	-24.8371	-23.5089	-22.1806	-21.5071	-20.8336	-20.16	-19.4865	-18.813	-18.1394	-17.7026	-17.2658	-16.829	-16.3922	-15.9554	-15.5186	-15.5923	-15.666	-15.7397	-15.8134	-15.8871	-15.9608	-17.3738	-18.7867	-20.1997	-21.6126	-23.0255	-24.4385	-24.7425	-25.0465	-25.3506	-25.6546	-25.9586	-26.2627	-25.9956	-25.7285	-25.4614	-25.1943	-24.9272	-24.6601	-23.6705	-22.681	-21.6915	-20.702	-19.7125	-18.7229	
0	0	0	0	0	0	0	0	0	0	0	0	0	0	0	0	0	0	0	0	0	0	0	0	0	0	0	0	0	0	0	0	0	0	0	0	0	0	0	0	0	0	0	0	0	0	0	0	0	0	0	0	0	0	0	0	0	0	0	0	0	0	0	0	0	0	0	0	0	0	0	0	0	0	0	0	0	0	0	0	0	0	0	0	0	0	0	0	0	0	0	0	0	0	0	0	0	0	0	0	0	0	0	0	0	0	0	0	0	0	0	0	0	0	0	0	0	0	0	0	0	0	0	0	0	0	0	0	0	0	0	0	0	0	0	0	0	0	0	0	0	0	0	0	0	0	0	0	0	0	0	0	0	0	0	0	0	0	0	0	0	0	0	0	0	0	0	0	0	0	0	0	0	0	0	0	0	0	0	0	0	0	0	0	0	0	0	0	0	0	0	0	-20.5231	-22.234	-23.9449	-25.6558	-27.3667	-29.0776	-30.7885	-29.8996	-29.0107	-28.1218	-27.2329	-26.344	-25.455	-24.8467	-24.2384	-23.6301	-23.0218	-22.4135	-21.8052	-20.8646	-19.9239	-18.9833	-18.0427	-17.1021	-16.1615	-16.1952	-16.229	-16.2628	-16.2965	-16.3303	-16.364	-17.8004	-19.2367	-20.6731	-22.1094	-23.5457	-24.9821	-25.2793	-25.5766	-25.8739	-26.1711	-26.4684	-26.7656	-26.4463	-26.1269	-25.8075	-25.4881	-25.1687	-24.8493	-23.7542	-22.6591	-21.5639	-20.4688	-19.3737	-18.2785	
0	0	0	0	0	0	0	0	0	0	0	0	0	0	0	0	0	0	0	0	0	0	0	0	0	0	0	0	0	0	0	0	0	0	0	0	0	0	0	0	0	0	0	0	0	0	0	0	0	0	0	0	0	0	0	0	0	0	0	0	0	0	0	0	0	0	0	0	0	0	0	0	0	0	0	0	0	0	0	0	0	0	0	0	0	0	0	0	0	0	0	0	0	0	0	0	0	0	0	0	0	0	0	0	0	0	0	0	0	0	0	0	0	0	0	0	0	0	0	0	0	0	0	0	0	0	0	0	0	0	0	0	0	0	0	0	0	0	0	0	0	0	0	0	0	0	0	0	0	0	0	0	0	0	0	0	0	0	0	0	0	0	0	0	0	0	0	0	0	0	0	0	0	0	0	0	0	0	0	0	0	0	0	0	0	0	0	0	0	0	0	0	-20.2535	-22.1157	-23.978	-25.8402	-27.7025	-29.5648	-31.427	-30.9774	-30.5278	-30.0782	-29.6286	-29.179	-28.7295	-28.1864	-27.6433	-27.1002	-26.5571	-26.014	-25.4709	-24.0265	-22.5821	-21.1376	-19.6932	-18.2488	-16.8043	-16.7982	-16.792	-16.7858	-16.7796	-16.7734	-16.7672	-18.227	-19.6867	-21.1464	-22.6062	-24.0659	-25.5257	-25.8162	-26.1067	-26.3971	-26.6876	-26.9781	-27.2686	-26.8969	-26.5253	-26.1536	-25.7819	-25.4103	-25.0386	-23.8379	-22.6371	-21.4364	-20.2356	-19.0349	-17.8341	
0	0	0	0	0	0	0	0	0	0	0	0	0	0	0	0	0	0	0	0	0	0	0	0	0	0	0	0	0	0	0	0	0	0	0	0	0	0	0	0	0	0	0	0	0	0	0	0	0	0	0	0	0	0	0	0	0	0	0	0	0	0	0	0	0	0	0	0	0	0	0	0	0	0	0	0	0	0	0	0	0	0	0	0	0	0	0	0	0	0	0	0	0	0	0	0	0	0	0	0	0	0	0	0	0	0	0	0	0	0	0	0	0	0	0	0	0	0	0	0	0	0	0	0	0	0	0	0	0	0	0	0	0	0	0	0	0	0	0	0	0	0	0	0	0	0	0	0	0	0	0	0	0	0	0	0	0	0	0	0	0	0	0	0	0	0	0	0	0	0	0	0	0	0	0	0	0	0	0	0	0	0	0	0	0	0	0	0	0	0	0	0	-19.9838	-21.9975	-24.0111	-26.0247	-28.0383	-30.0519	-32.0655	-32.0552	-32.045	-32.0347	-32.0244	-32.0141	-32.0039	-31.526	-31.0481	-30.5703	-30.0924	-29.6145	-29.1367	-27.1884	-25.2402	-23.2919	-21.3437	-19.3955	-17.4472	-17.4011	-17.3549	-17.3088	-17.2627	-17.2165	-17.1704	-18.6535	-20.1367	-21.6198	-23.103	-24.5861	-26.0693	-26.353	-26.6367	-26.9204	-27.2041	-27.4878	-27.7716	-27.3476	-26.9237	-26.4997	-26.0758	-25.6518	-25.2279	-23.9215	-22.6152	-21.3088	-20.0024	-18.6961	-17.3897	
-20.9511	-21.0578	-21.1644	-21.2711	-21.3777	-21.4844	-21.591	-23.1309	-24.6708	-26.2107	-27.7506	-29.2905	-30.8304	-32.0785	-33.3266	-34.5746	-35.8227	-37.0707	-38.3188	-39.3106	-40.3024	-41.2942	-42.2859	-43.2777	-44.2695	-44.272	-44.2745	-44.277	-44.2795	-44.282	-44.2845	-44.1377	-43.9909	-43.8441	-43.6973	-43.5505	-43.4037	-41.395	-39.3863	-37.3776	-35.3689	-33.3602	-31.3516	-31.5458	-31.74	-31.9343	-32.1285	-32.3228	-32.517	-31.6152	-30.7133	-29.8115	-28.9097	-28.0079	-27.1061	-27.7882	-28.4704	-29.1526	-29.8348	-30.5169	-31.1991	-31.1565	-31.1139	-31.0713	-31.0287	-30.986	-30.9434	-29.6121	-28.2809	-26.9496	-25.6183	-24.287	-22.9557	-22.3216	-21.6875	-21.0533	-20.4192	-19.7851	-19.1509	-18.8212	-18.4914	-18.1616	-17.8318	-17.502	-17.1722	-17.9361	-18.7	-19.4639	-20.2278	-20.9918	-21.7557	-23.6794	-25.6032	-27.527	-29.4508	-31.3746	-33.2984	-35.4493	-37.6003	-39.7513	-41.9022	-44.0532	-46.2042	-45.42	-44.6357	-43.8515	-43.0673	-42.2831	-41.4989	-38.4913	-35.4837	-32.476	-29.4684	-26.4608	-23.4531	-23.4608	-23.4684	-23.4761	-23.4837	-23.4914	-23.499	-23.8788	-24.2585	-24.6383	-25.018	-25.3977	-25.7775	-25.665	-25.5525	-25.44	-25.3275	-25.215	-25.1025	-25.3748	-25.6471	-25.9195	-26.1918	-26.4641	-26.7365	-26.2055	-25.6746	-25.1437	-24.6127	-24.0818	-23.5509	-22.6501	-21.7493	-20.8485	-19.9478	-19.047	-18.1462	-18.1742	-18.2022	-18.2302	-18.2582	-18.2862	-18.3142	-19.2438	-20.1734	-21.1029	-22.0325	-22.9621	-23.8917	-24.5923	-25.2928	-25.9934	-26.6939	-27.3945	-28.095	-28.7504	-29.4058	-30.0612	-30.7166	-31.3719	-32.0273	-30.9836	-29.9398	-28.8961	-27.8523	-26.8086	-25.7648	-24.3766	-22.9884	-21.6002	-20.212	-18.8238	-17.4356	-17.8153	-18.1951	-18.5749	-18.9547	-19.3344	-19.7142	-21.8792	-24.0441	-26.2091	-28.3741	-30.539	-32.704	-33.1331	-33.5621	-33.9911	-34.4202	-34.8492	-35.2783	-34.8656	-34.453	-34.0403	-33.6277	-33.2151	-32.8024	-30.3504	-27.8983	-25.4463	-22.9942	-20.5421	-18.0901	-18.004	-17.9179	-17.8318	-17.7458	-17.6597	-17.5736	-19.0801	-20.5867	-22.0932	-23.5998	-25.1063	-26.6129	-26.8898	-27.1668	-27.4437	-27.7206	-27.9976	-28.2745	-27.7983	-27.3221	-26.8458	-26.3696	-25.8934	-25.4172	-24.0052	-22.5932	-21.1812	-19.7692	-18.3573	-16.9453	
0	0	0	0	0	0	-22.7195	-24.2809	-25.8423	-27.4037	-28.9651	-30.5265	-32.0879	-33.2074	-34.327	-35.4465	-36.5661	-37.6856	-38.8051	-39.5375	-40.2699	-41.0023	-41.7347	-42.4671	-43.1995	-43.0807	-42.9618	-42.8429	-42.7241	-42.6052	-42.4863	-42.2426	-41.9988	-41.7551	-41.5113	-41.2676	-41.0238	-39.3396	-37.6553	-35.9711	-34.2869	-32.6026	-30.9184	-31.0197	-31.121	-31.2223	-31.3235	-31.4248	-31.5261	-30.7147	-29.9033	-29.092	-28.2806	-27.4692	-26.6578	-27.1965	-27.7351	-28.2738	-28.8125	-29.3512	-29.8898	-29.9561	-30.0224	-30.0887	-30.155	-30.2213	-30.2876	-29.206	-28.1244	-27.0428	-25.9612	-24.8796	-23.798	-23.1309	-22.4639	-21.7969	-21.1299	-20.4629	-19.7958	-19.3645	-18.9331	-18.5018	-18.0704	-17.639	-17.2077	-17.8134	-18.4192	-19.0249	-19.6307	-20.2364	-20.8422	-22.4758	-24.1094	-25.7429	-27.3765	-29.0101	-30.6437	-32.6804	-34.7172	-36.7539	-38.7906	-40.8273	-42.8641	-42.2234	-41.5827	-40.942	-40.3014	-39.6607	-39.02	-36.2394	-33.4588	-30.6782	-27.8976	-25.117	-22.3364	-22.3697	-22.4029	-22.4362	-22.4695	-22.5027	-22.536	-22.8004	-23.0649	-23.3293	-23.5937	-23.8582	-24.1226	-24.0748	-24.0271	-23.9793	-23.9316	-23.8839	-23.8361	-24.0816	-24.3271	-24.5726	-24.8181	-25.0636	-25.3091	-24.7899	-24.2706	-23.7514	-23.2322	-22.7129	-22.1937	-21.494	-20.7942	-20.0945	-19.3948	-18.6951	-17.9954	-18.0117	-18.0279	-18.0442	-18.0605	-18.0767	-18.093	-18.9449	-19.7969	-20.6488	-21.5007	-22.3527	-23.2046	-23.8806	-24.5566	-25.2326	-25.9086	-26.5846	-27.2606	-27.8187	-28.3769	-28.935	-29.4932	-30.0513	-30.6095	-29.6886	-28.7677	-27.8468	-26.926	-26.0051	-25.0842	-23.6946	-22.305	-20.9154	-19.5257	-18.1361	-16.7465	-17.0967	-17.4468	-17.797	-18.1472	-18.4974	-18.8475	-20.8799	-22.9122	-24.9445	-26.9768	-29.0092	-31.0415	-31.9139	-32.7862	-33.6586	-34.531	-35.4034	-36.2757	-35.4673	-34.6589	-33.8505	-33.0421	-32.2336	-31.4252	-28.9876	-26.55	-24.1124	-21.6748	-19.2372	-16.7996	-16.8643	-16.929	-16.9937	-17.0584	-17.1231	-17.1878	-18.7447	-20.3016	-21.8585	-23.4154	-24.9723	-26.5293	-26.7125	-26.8958	-27.0791	-27.2624	-27.4457	-27.6289	-26.8579	-26.0868	-25.3157	-24.5447	-23.7736	-23.0025	-21.761	-20.5194	-19.2779	-18.0363	-16.7948	-15.5532	
0	0	0	0	0	0	-23.848	-25.4309	-27.0138	-28.5967	-30.1796	-31.7625	-33.3454	-34.3364	-35.3274	-36.3184	-37.3094	-38.3004	-39.2915	-39.7645	-40.2375	-40.7105	-41.1835	-41.6565	-42.1295	-41.8893	-41.6491	-41.4089	-41.1686	-40.9284	-40.6882	-40.3475	-40.0068	-39.6661	-39.3254	-38.9847	-38.644	-37.2842	-35.9244	-34.5646	-33.2048	-31.845	-30.4852	-30.4936	-30.5019	-30.5102	-30.5186	-30.5269	-30.5352	-29.8143	-29.0933	-28.3724	-27.6514	-26.9305	-26.2095	-26.6047	-26.9999	-27.3951	-27.7902	-28.1854	-28.5806	-28.7558	-28.931	-29.1062	-29.2814	-29.4565	-29.6317	-28.7998	-27.9679	-27.136	-26.304	-25.4721	-24.6402	-23.9403	-23.2404	-22.5405	-21.8406	-21.1406	-20.4407	-19.9078	-19.3749	-18.8419	-18.309	-17.776	-17.2431	-17.6907	-18.1383	-18.5859	-19.0335	-19.4811	-19.9287	-21.2721	-22.6155	-23.9589	-25.3023	-26.6457	-27.9891	-29.9116	-31.8341	-33.7565	-35.679	-37.6015	-39.524	-39.0268	-38.5297	-38.0325	-37.5354	-37.0382	-36.5411	-33.9875	-31.4339	-28.8804	-26.3268	-23.7732	-21.2196	-21.2785	-21.3374	-21.3963	-21.4552	-21.5141	-21.573	-21.7221	-21.8712	-22.0204	-22.1695	-22.3186	-22.4677	-22.4847	-22.5017	-22.5187	-22.5357	-22.5528	-22.5698	-22.7884	-23.0071	-23.2258	-23.4444	-23.6631	-23.8818	-23.3742	-22.8667	-22.3591	-21.8516	-21.344	-20.8365	-20.3378	-19.8392	-19.3405	-18.8419	-18.3432	-17.8446	-17.8491	-17.8537	-17.8582	-17.8628	-17.8673	-17.8718	-18.6461	-19.4204	-20.1947	-20.969	-21.7433	-22.5175	-23.169	-23.8204	-24.4718	-25.1233	-25.7747	-26.4261	-26.887	-27.348	-27.8089	-28.2698	-28.7307	-29.1917	-28.3936	-27.5956	-26.7976	-25.9996	-25.2016	-24.4036	-23.0125	-21.6215	-20.2305	-18.8395	-17.4485	-16.0575	-16.378	-16.6986	-17.0192	-17.3397	-17.6603	-17.9809	-19.8805	-21.7802	-23.6799	-25.5796	-27.4793	-29.379	-30.6947	-32.0104	-33.3261	-34.6418	-35.9575	-37.2732	-36.069	-34.8648	-33.6606	-32.4564	-31.2522	-30.048	-27.6248	-25.2017	-22.7785	-20.3554	-17.9323	-15.5091	-15.7246	-15.9401	-16.1556	-16.371	-16.5865	-16.802	-18.4093	-20.0165	-21.6238	-23.2311	-24.8383	-26.4456	-26.5352	-26.6249	-26.7145	-26.8041	-26.8937	-26.9834	-25.9174	-24.8515	-23.7856	-22.7197	-21.6538	-20.5878	-19.5167	-18.4456	-17.3745	-16.3034	-15.2323	-14.1611	
0	0	0	0	0	0	-24.9765	-26.5809	-28.1852	-29.7896	-31.394	-32.9984	-34.6028	-35.4653	-36.3278	-37.1903	-38.0528	-38.9153	-39.7778	-39.9914	-40.205	-40.4187	-40.6323	-40.8459	-41.0596	-40.698	-40.3364	-39.9748	-39.6132	-39.2516	-38.8901	-38.4524	-38.0147	-37.5771	-37.1394	-36.7018	-36.2641	-35.2288	-34.1934	-33.1581	-32.1227	-31.0874	-30.052	-29.9674	-29.8828	-29.7982	-29.7136	-29.629	-29.5444	-28.9139	-28.2833	-27.6528	-27.0223	-26.3918	-25.7613	-26.0129	-26.2646	-26.5163	-26.768	-27.0196	-27.2713	-27.5554	-27.8395	-28.1236	-28.4077	-28.6918	-28.9759	-28.3936	-27.8114	-27.2292	-26.6469	-26.0647	-25.4824	-24.7496	-24.0168	-23.284	-22.5512	-21.8184	-21.0856	-20.4511	-19.8166	-19.1821	-18.5476	-17.913	-17.2785	-17.568	-17.8574	-18.1469	-18.4363	-18.7258	-19.0152	-20.0684	-21.1216	-22.1748	-23.228	-24.2812	-25.3344	-27.1427	-28.9509	-30.7592	-32.5674	-34.3757	-36.1839	-35.8303	-35.4766	-35.123	-34.7694	-34.4158	-34.0621	-31.7356	-29.4091	-27.0825	-24.756	-22.4295	-20.1029	-20.1874	-20.272	-20.3565	-20.441	-20.5255	-20.61	-20.6438	-20.6776	-20.7114	-20.7452	-20.779	-20.8128	-20.8945	-20.9763	-21.0581	-21.1399	-21.2216	-21.3034	-21.4952	-21.6871	-21.8789	-22.0707	-22.2626	-22.4544	-21.9585	-21.4627	-20.9668	-20.471	-19.9752	-19.4793	-19.1817	-18.8841	-18.5865	-18.289	-17.9914	-17.6938	-17.6866	-17.6794	-17.6722	-17.665	-17.6579	-17.6507	-18.3473	-19.0439	-19.7406	-20.4372	-21.1338	-21.8305	-22.4573	-23.0842	-23.7111	-24.3379	-24.9648	-25.5917	-25.9554	-26.3191	-26.6827	-27.0464	-27.4101	-27.7738	-27.0987	-26.4235	-25.7484	-25.0732	-24.3981	-23.7229	-22.3305	-20.9381	-19.5457	-18.1532	-16.7608	-15.3684	-15.6594	-15.9503	-16.2413	-16.5323	-16.8232	-17.1142	-18.8812	-20.6483	-22.4153	-24.1824	-25.9494	-27.7165	-29.4755	-31.2345	-32.9936	-34.7526	-36.5117	-38.2707	-36.6707	-35.0707	-33.4707	-31.8707	-30.2707	-28.6708	-26.2621	-23.8534	-21.4447	-19.036	-16.6273	-14.2186	-14.5849	-14.9511	-15.3174	-15.6837	-16.0499	-16.4162	-18.0738	-19.7315	-21.3891	-23.0467	-24.7043	-26.362	-26.3579	-26.3539	-26.3499	-26.3458	-26.3418	-26.3378	-24.977	-23.6162	-22.2555	-20.8947	-19.5339	-18.1732	-17.2725	-16.3718	-15.4711	-14.5704	-13.6698	-12.7691	
0	0	0	0	0	0	-26.1049	-27.7308	-29.3567	-30.9826	-32.6085	-34.2344	-35.8603	-36.5943	-37.3282	-38.0622	-38.7962	-39.5301	-40.2641	-40.2184	-40.1726	-40.1269	-40.0811	-40.0353	-39.9896	-39.5066	-39.0237	-38.5407	-38.0578	-37.5749	-37.0919	-36.5573	-36.0227	-35.4881	-34.9535	-34.4189	-33.8842	-33.1733	-32.4625	-31.7516	-31.0407	-30.3298	-29.6189	-29.4413	-29.2637	-29.0862	-28.9086	-28.7311	-28.5535	-28.0134	-27.4733	-26.9332	-26.3932	-25.8531	-25.313	-25.4212	-25.5293	-25.6375	-25.7457	-25.8539	-25.9621	-26.3551	-26.7481	-27.1411	-27.5341	-27.927	-28.32	-27.9875	-27.6549	-27.3223	-26.9898	-26.6572	-26.3246	-25.559	-24.7933	-24.0276	-23.2619	-22.4962	-21.7305	-20.9944	-20.2583	-19.5222	-18.7861	-18.05	-17.3139	-17.4452	-17.5765	-17.7078	-17.8391	-17.9704	-18.1017	-18.8648	-19.6278	-20.3908	-21.1538	-21.9168	-22.6798	-24.3738	-26.0678	-27.7618	-29.4558	-31.1498	-32.8438	-32.6337	-32.4236	-32.2135	-32.0034	-31.7933	-31.5832	-29.4837	-27.3842	-25.2847	-23.1852	-21.0857	-18.9862	-19.0963	-19.2065	-19.3166	-19.4268	-19.5369	-19.647	-19.5655	-19.484	-19.4025	-19.3209	-19.2394	-19.1579	-19.3044	-19.4509	-19.5975	-19.744	-19.8905	-20.0371	-20.2021	-20.3671	-20.532	-20.697	-20.862	-21.027	-20.5429	-20.0587	-19.5746	-19.0904	-18.6063	-18.1221	-18.0256	-17.9291	-17.8325	-17.736	-17.6395	-17.543	-17.5241	-17.5051	-17.4862	-17.4673	-17.4484	-17.4295	-18.0485	-18.6675	-19.2864	-19.9054	-20.5244	-21.1434	-21.7457	-22.348	-22.9503	-23.5526	-24.1549	-24.7572	-25.0237	-25.2901	-25.5566	-25.8231	-26.0896	-26.356	-25.8037	-25.2514	-24.6991	-24.1469	-23.5946	-23.0423	-21.6485	-20.2546	-18.8608	-17.467	-16.0732	-14.6794	-14.9407	-15.2021	-15.4634	-15.7248	-15.9861	-16.2475	-17.8819	-19.5163	-21.1507	-22.7851	-24.4195	-26.0539	-28.2563	-30.4587	-32.6611	-34.8634	-37.0658	-39.2682	-37.2724	-35.2766	-33.2808	-31.2851	-29.2893	-27.2935	-24.8993	-22.5051	-20.1108	-17.7166	-15.3224	-12.9281	-13.4452	-13.9622	-14.4793	-14.9963	-15.5134	-16.0304	-17.7384	-19.4464	-21.1544	-22.8623	-24.5703	-26.2783	-26.1806	-26.0829	-25.9853	-25.8876	-25.7899	-25.6922	-24.0366	-22.381	-20.7254	-19.0697	-17.4141	-15.7585	-15.0283	-14.298	-13.5678	-12.8375	-12.1072	-11.377	
0	0	0	0	0	0	-27.2334	-28.8808	-30.5282	-32.1756	-33.823	-35.4704	-37.1177	-37.7232	-38.3286	-38.9341	-39.5395	-40.145	-40.7504	-40.4453	-40.1402	-39.835	-39.5299	-39.2248	-38.9196	-38.3153	-37.711	-37.1067	-36.5024	-35.8981	-35.2938	-34.6622	-34.0306	-33.3991	-32.7675	-32.136	-31.5044	-31.1179	-30.7315	-30.345	-29.9586	-29.5721	-29.1857	-28.9152	-28.6447	-28.3742	-28.1037	-27.8331	-27.5626	-27.113	-26.6633	-26.2137	-25.764	-25.3144	-24.8647	-24.8294	-24.7941	-24.7588	-24.7234	-24.6881	-24.6528	-25.1547	-25.6566	-26.1585	-26.6604	-27.1623	-27.6642	-27.5813	-27.4984	-27.4155	-27.3326	-27.2498	-27.1669	-26.3683	-25.5697	-24.7711	-23.9726	-23.174	-22.3754	-21.5378	-20.7001	-19.8624	-19.0247	-18.187	-17.3494	-17.3225	-17.2957	-17.2688	-17.242	-17.2151	-17.1883	-17.6611	-18.1339	-18.6067	-19.0795	-19.5524	-20.0252	-21.6049	-23.1847	-24.7645	-26.3442	-27.924	-29.5037	-29.4371	-29.3706	-29.304	-29.2374	-29.1708	-29.1042	-27.2318	-25.3593	-23.4868	-21.6144	-19.7419	-17.8694	-18.0052	-18.141	-18.2767	-18.4125	-18.5483	-18.684	-18.4872	-18.2904	-18.0935	-17.8967	-17.6998	-17.503	-17.7143	-17.9255	-18.1368	-18.3481	-18.5594	-18.7707	-18.9089	-19.047	-19.1852	-19.3234	-19.4615	-19.5997	-19.1272	-18.6548	-18.1823	-17.7098	-17.2374	-16.7649	-16.8695	-16.974	-17.0785	-17.1831	-17.2876	-17.3922	-17.3615	-17.3309	-17.3003	-17.2696	-17.239	-17.2084	-17.7497	-18.291	-18.8323	-19.3736	-19.915	-20.4563	-21.034	-21.6118	-22.1895	-22.7672	-23.345	-23.9227	-24.092	-24.2612	-24.4305	-24.5997	-24.769	-24.9382	-24.5088	-24.0793	-23.6499	-23.2205	-22.7911	-22.3616	-20.9664	-19.5712	-18.176	-16.7808	-15.3855	-13.9903	-14.2221	-14.4538	-14.6856	-14.9173	-15.1491	-15.3808	-16.8826	-18.3844	-19.8861	-21.3879	-22.8897	-24.3914	-27.0371	-29.6828	-32.3285	-34.9742	-37.6199	-40.2656	-37.8741	-35.4825	-33.091	-30.6994	-28.3079	-25.9163	-23.5365	-21.1568	-18.777	-16.3972	-14.0174	-11.6376	-12.3055	-12.9733	-13.6411	-14.309	-14.9768	-15.6446	-17.403	-19.1613	-20.9196	-22.678	-24.4363	-26.1947	-26.0033	-25.812	-25.6206	-25.4293	-25.238	-25.0466	-23.0962	-21.1457	-19.1952	-17.2448	-15.2943	-13.3438	-12.784	-12.2242	-11.6644	-11.1046	-10.5447	-9.98493	
0	0	0	0	0	0	-28.3619	-30.0308	-31.6997	-33.3686	-35.0374	-36.7063	-38.3752	-38.8521	-39.3291	-39.806	-40.2829	-40.7598	-41.2368	-40.6722	-40.1077	-39.5432	-38.9787	-38.4142	-37.8496	-37.124	-36.3983	-35.6726	-34.947	-34.2213	-33.4956	-32.7671	-32.0386	-31.3101	-30.5816	-29.853	-29.1245	-29.0625	-29.0005	-28.9385	-28.8765	-28.8145	-28.7525	-28.3891	-28.0256	-27.6621	-27.2987	-26.9352	-26.5718	-26.2125	-25.8533	-25.4941	-25.1349	-24.7757	-24.4165	-24.2376	-24.0588	-23.88	-23.7012	-23.5224	-23.3435	-23.9543	-24.5651	-25.176	-25.7868	-26.3976	-27.0084	-27.1751	-27.3419	-27.5087	-27.6755	-27.8423	-28.0091	-27.1776	-26.3462	-25.5147	-24.6832	-23.8518	-23.0203	-22.0811	-21.1418	-20.2026	-19.2633	-18.3241	-17.3848	-17.1998	-17.0148	-16.8298	-16.6448	-16.4598	-16.2748	-16.4574	-16.64	-16.8227	-17.0053	-17.1879	-17.3705	-18.8361	-20.3016	-21.7671	-23.2326	-24.6981	-26.1636	-26.2406	-26.3175	-26.3945	-26.4714	-26.5484	-26.6253	-24.9799	-23.3344	-21.689	-20.0436	-18.3981	-16.7527	-16.9141	-17.0755	-17.2369	-17.3983	-17.5597	-17.7211	-17.4089	-17.0967	-16.7846	-16.4724	-16.1602	-15.8481	-16.1241	-16.4002	-16.6762	-16.9523	-17.2283	-17.5044	-17.6157	-17.727	-17.8383	-17.9497	-18.061	-18.1723	-17.7115	-17.2508	-16.79	-16.3293	-15.8685	-15.4078	-15.7134	-16.019	-16.3245	-16.6301	-16.9357	-17.2413	-17.199	-17.1566	-17.1143	-17.0719	-17.0296	-16.9872	-17.4509	-17.9145	-18.3782	-18.8419	-19.3055	-19.7692	-20.3224	-20.8756	-21.4287	-21.9819	-22.5351	-23.0883	-23.1603	-23.2323	-23.3043	-23.3763	-23.4484	-23.5204	-23.2138	-22.9072	-22.6007	-22.2941	-21.9875	-21.681	-20.2844	-18.8877	-17.4911	-16.0945	-14.6979	-13.3013	-13.5034	-13.7056	-13.9077	-14.1099	-14.312	-14.5142	-15.8833	-17.2524	-18.6215	-19.9907	-21.3598	-22.7289	-25.8179	-28.907	-31.996	-35.085	-38.1741	-41.2631	-38.4758	-35.6884	-32.9011	-30.1138	-27.3264	-24.5391	-22.1738	-19.8084	-17.4431	-15.0778	-12.7125	-10.3472	-11.1658	-11.9844	-12.803	-13.6216	-14.4402	-15.2588	-17.0675	-18.8762	-20.6849	-22.4936	-24.3023	-26.111	-25.826	-25.541	-25.256	-24.971	-24.686	-24.401	-22.1557	-19.9104	-17.6651	-15.4198	-13.1745	-10.9292	-10.5398	-10.1504	-9.76101	-9.37163	-8.98224	-8.59286	
0	0	0	0	0	0	-29.1896	-30.7807	-32.3718	-33.9629	-35.554	-37.1451	-38.7362	-38.9807	-39.2252	-39.4697	-39.7142	-39.9586	-40.2031	-39.3358	-38.4684	-37.6011	-36.7337	-35.8663	-34.999	-33.9465	-32.8939	-31.8414	-30.7889	-29.7364	-28.6838	-28.5552	-28.4265	-28.2978	-28.1691	-28.0405	-27.9118	-27.7767	-27.6417	-27.5066	-27.3716	-27.2365	-27.1014	-26.8202	-26.5389	-26.2577	-25.9764	-25.6951	-25.4139	-25.0354	-24.6569	-24.2784	-23.8999	-23.5214	-23.1429	-23.2447	-23.3465	-23.4483	-23.55	-23.6518	-23.7536	-24.2321	-24.7107	-25.1892	-25.6677	-26.1463	-26.6248	-26.6257	-26.6266	-26.6275	-26.6284	-26.6292	-26.6301	-25.7555	-24.881	-24.0064	-23.1318	-22.2572	-21.3826	-20.5332	-19.6837	-18.8342	-17.9848	-17.1353	-16.2858	-15.9822	-15.6785	-15.3748	-15.0711	-14.7674	-14.4638	-14.8996	-15.3355	-15.7713	-16.2071	-16.643	-17.0788	-18.4848	-19.8907	-21.2966	-22.7026	-24.1085	-25.5144	-25.5	-25.4856	-25.4712	-25.4568	-25.4424	-25.428	-23.9378	-22.4476	-20.9573	-19.4671	-17.9769	-16.4867	-16.5694	-16.6522	-16.7349	-16.8176	-16.9004	-16.9831	-16.736	-16.4889	-16.2418	-15.9947	-15.7476	-15.5005	-15.6493	-15.7981	-15.947	-16.0958	-16.2446	-16.3934	-16.5392	-16.6849	-16.8307	-16.9764	-17.1221	-17.2679	-16.8198	-16.3717	-15.9236	-15.4754	-15.0273	-14.5792	-14.8155	-15.0519	-15.2882	-15.5245	-15.7608	-15.9971	-16.1744	-16.3516	-16.5289	-16.7061	-16.8833	-17.0606	-17.6402	-18.2197	-18.7993	-19.3789	-19.9584	-20.538	-21.1102	-21.6824	-22.2546	-22.8268	-23.3989	-23.9711	-23.9179	-23.8648	-23.8116	-23.7584	-23.7052	-23.652	-23.3019	-22.9518	-22.6017	-22.2516	-21.9015	-21.5514	-20.1364	-18.7214	-17.3065	-15.8915	-14.4765	-13.0615	-13.375	-13.6884	-14.0018	-14.3153	-14.6287	-14.9422	-16.5267	-18.1113	-19.6959	-21.2805	-22.8651	-24.4497	-27.1993	-29.949	-32.6986	-35.4482	-38.1978	-40.9474	-38.3558	-35.7641	-33.1724	-30.5808	-27.9891	-25.3975	-22.8516	-20.3058	-17.7599	-15.2141	-12.6682	-10.1224	-10.8314	-11.5405	-12.2496	-12.9587	-13.6678	-14.3769	-16.4308	-18.4848	-20.5387	-22.5926	-24.6465	-26.7004	-26.48	-26.2596	-26.0391	-25.8187	-25.5983	-25.3778	-23.0072	-20.6365	-18.2659	-15.8953	-13.5246	-11.154	-10.7764	-10.3989	-10.0213	-9.64376	-9.26621	-8.88866	
0	0	0	0	0	0	-30.0172	-31.5305	-33.0439	-34.5572	-36.0706	-37.5839	-39.0973	-39.1093	-39.1213	-39.1334	-39.1454	-39.1575	-39.1695	-37.9993	-36.8291	-35.6589	-34.4887	-33.3185	-32.1483	-30.769	-29.3896	-28.0102	-26.6308	-25.2515	-23.8721	-24.3432	-24.8144	-25.2856	-25.7567	-26.2279	-26.6991	-26.4909	-26.2828	-26.0747	-25.8666	-25.6585	-25.4503	-25.2513	-25.0522	-24.8532	-24.6541	-24.4551	-24.256	-23.8583	-23.4605	-23.0627	-22.665	-22.2672	-21.8694	-22.2518	-22.6342	-23.0165	-23.3989	-23.7812	-24.1636	-24.5099	-24.8562	-25.2024	-25.5487	-25.895	-26.2413	-26.0763	-25.9113	-25.7462	-25.5812	-25.4162	-25.2512	-24.3335	-23.4158	-22.4981	-21.5804	-20.6627	-19.745	-18.9853	-18.2256	-17.4659	-16.7062	-15.9465	-15.1869	-14.7645	-14.3422	-13.9198	-13.4974	-13.0751	-12.6527	-13.3418	-14.0309	-14.7199	-15.409	-16.0981	-16.7871	-18.1335	-19.4798	-20.8262	-22.1725	-23.5189	-24.8652	-24.7595	-24.6537	-24.5479	-24.4422	-24.3364	-24.2307	-22.8957	-21.5607	-20.2257	-18.8907	-17.5557	-16.2207	-16.2248	-16.2289	-16.2329	-16.237	-16.2411	-16.2452	-16.0631	-15.8811	-15.699	-15.517	-15.3349	-15.1529	-15.1745	-15.1961	-15.2177	-15.2393	-15.2609	-15.2825	-15.4627	-15.6428	-15.823	-16.0031	-16.1833	-16.3635	-15.928	-15.4925	-15.0571	-14.6216	-14.1862	-13.7507	-13.9177	-14.0848	-14.2518	-14.4188	-14.5858	-14.7529	-15.1497	-15.5466	-15.9434	-16.3403	-16.7371	-17.134	-17.8295	-18.5249	-19.2204	-19.9159	-20.6114	-21.3068	-21.898	-22.4892	-23.0804	-23.6716	-24.2628	-24.854	-24.6756	-24.4972	-24.3188	-24.1404	-23.9621	-23.7837	-23.39	-22.9964	-22.6027	-22.2091	-21.8154	-21.4218	-19.9885	-18.5551	-17.1218	-15.6884	-14.2551	-12.8217	-13.2465	-13.6712	-14.0959	-14.5207	-14.9454	-15.3702	-17.1702	-18.9703	-20.7703	-22.5704	-24.3705	-26.1705	-28.5807	-30.9909	-33.4011	-35.8113	-38.2215	-40.6318	-38.2358	-35.8398	-33.4438	-31.0478	-28.6518	-26.2558	-23.5295	-20.8031	-18.0767	-15.3503	-12.6239	-9.89755	-10.4971	-11.0967	-11.6963	-12.2959	-12.8954	-13.495	-15.7941	-18.0933	-20.3924	-22.6916	-24.9907	-27.2899	-27.134	-26.9781	-26.8222	-26.6664	-26.5105	-26.3546	-23.8586	-21.3627	-18.8667	-16.3707	-13.8747	-11.3788	-11.0131	-10.6473	-10.2816	-9.9159	-9.55018	-9.18446	
0	0	0	0	0	0	-30.8448	-32.2804	-33.716	-35.1516	-36.5871	-38.0227	-39.4583	-39.2379	-39.0175	-38.7971	-38.5767	-38.3563	-38.1359	-36.6628	-35.1898	-33.7168	-32.2437	-30.7707	-29.2977	-27.5915	-25.8852	-24.179	-22.4728	-20.7665	-19.0603	-20.1313	-21.2023	-22.2733	-23.3443	-24.4153	-25.4863	-25.2051	-24.924	-24.6428	-24.3616	-24.0804	-23.7993	-23.6824	-23.5656	-23.4487	-23.3319	-23.215	-23.0982	-22.6811	-22.2641	-21.8471	-21.43	-21.013	-20.5959	-21.2589	-21.9218	-22.5848	-23.2477	-23.9106	-24.5736	-24.7876	-25.0017	-25.2157	-25.4297	-25.6438	-25.8578	-25.5269	-25.1959	-24.865	-24.5341	-24.2031	-23.8722	-22.9114	-21.9505	-20.9897	-20.0289	-19.0681	-18.1073	-17.4374	-16.7675	-16.0976	-15.4277	-14.7578	-14.0879	-13.5469	-13.0058	-12.4648	-11.9238	-11.3827	-10.8417	-11.784	-12.7263	-13.6686	-14.6109	-15.5531	-16.4954	-17.7822	-19.069	-20.3557	-21.6425	-22.9292	-24.216	-24.0189	-23.8218	-23.6247	-23.4276	-23.2304	-23.0333	-21.8536	-20.6738	-19.494	-18.3142	-17.1345	-15.9547	-15.8801	-15.8055	-15.731	-15.6564	-15.5818	-15.5072	-15.3902	-15.2732	-15.1563	-15.0393	-14.9223	-14.8053	-14.6997	-14.594	-14.4884	-14.3828	-14.2772	-14.1715	-14.3861	-14.6007	-14.8153	-15.0299	-15.2445	-15.4591	-15.0362	-14.6134	-14.1906	-13.7678	-13.345	-12.9222	-13.0199	-13.1177	-13.2154	-13.3131	-13.4109	-13.5086	-14.1251	-14.7415	-15.358	-15.9745	-16.5909	-17.2074	-18.0188	-18.8301	-19.6415	-20.4529	-21.2643	-22.0757	-22.6859	-23.2961	-23.9063	-24.5165	-25.1267	-25.7369	-25.4333	-25.1297	-24.8261	-24.5225	-24.2189	-23.9153	-23.4781	-23.0409	-22.6038	-22.1666	-21.7294	-21.2922	-19.8405	-18.3888	-16.9371	-15.4854	-14.0337	-12.582	-13.118	-13.654	-14.1901	-14.7261	-15.2621	-15.7982	-17.8137	-19.8292	-21.8448	-23.8603	-25.8758	-27.8914	-29.9621	-32.0329	-34.1037	-36.1745	-38.2453	-40.3161	-38.1158	-35.9155	-33.7151	-31.5148	-29.3145	-27.1142	-24.2073	-21.3004	-18.3935	-15.4866	-12.5797	-9.67275	-10.1628	-10.6529	-11.1429	-11.633	-12.123	-12.6131	-15.1575	-17.7018	-20.2462	-22.7906	-25.3349	-27.8793	-27.788	-27.6967	-27.6053	-27.514	-27.4227	-27.3314	-24.7101	-22.0888	-19.4675	-16.8462	-14.2249	-11.6036	-11.2497	-10.8958	-10.5419	-10.188	-9.83415	-9.48026	
0	0	0	0	0	0	-31.6725	-33.0303	-34.3881	-35.7459	-37.1037	-38.4615	-39.8193	-39.3665	-38.9136	-38.4608	-38.0079	-37.5551	-37.1022	-35.3264	-33.5505	-31.7746	-29.9988	-28.2229	-26.447	-24.414	-22.3809	-20.3478	-18.3147	-16.2816	-14.2486	-15.9194	-17.5902	-19.2611	-20.9319	-22.6028	-24.2736	-23.9194	-23.5651	-23.2109	-22.8567	-22.5024	-22.1482	-22.1135	-22.0789	-22.0442	-22.0096	-21.9749	-21.9403	-21.504	-21.0677	-20.6314	-20.1951	-19.7588	-19.3224	-20.266	-21.2095	-22.153	-23.0965	-24.0401	-24.9836	-25.0654	-25.1472	-25.2289	-25.3107	-25.3925	-25.4743	-24.9775	-24.4806	-23.9838	-23.4869	-22.9901	-22.4932	-21.4893	-20.4853	-19.4814	-18.4775	-17.4735	-16.4696	-15.8895	-15.3094	-14.7292	-14.1491	-13.569	-12.9889	-12.3292	-11.6695	-11.0098	-10.3501	-9.6904	-9.03069	-10.2262	-11.4217	-12.6172	-13.8127	-15.0082	-16.2037	-17.4309	-18.6581	-19.8853	-21.1124	-22.3396	-23.5668	-23.2783	-22.9899	-22.7014	-22.4129	-22.1245	-21.836	-20.8115	-19.7869	-18.7624	-17.7378	-16.7133	-15.6887	-15.5355	-15.3822	-15.229	-15.0757	-14.9225	-14.7693	-14.7173	-14.6654	-14.6135	-14.5616	-14.5096	-14.4577	-14.2249	-13.992	-13.7592	-13.5263	-13.2935	-13.0606	-13.3096	-13.5586	-13.8076	-14.0566	-14.3056	-14.5546	-14.1445	-13.7343	-13.3241	-12.914	-12.5038	-12.0936	-12.1221	-12.1506	-12.179	-12.2075	-12.2359	-12.2644	-13.1005	-13.9365	-14.7726	-15.6087	-16.4447	-17.2808	-18.2081	-19.1353	-20.0626	-20.9899	-21.9172	-22.8445	-23.4737	-24.1029	-24.7321	-25.3613	-25.9905	-26.6197	-26.1909	-25.7621	-25.3333	-24.9045	-24.4758	-24.047	-23.5662	-23.0855	-22.6048	-22.1241	-21.6433	-21.1626	-19.6926	-18.2225	-16.7524	-15.2823	-13.8123	-12.3422	-12.9895	-13.6369	-14.2842	-14.9315	-15.5788	-16.2261	-18.4572	-20.6882	-22.9192	-25.1502	-27.3812	-29.6122	-31.3435	-33.0749	-34.8063	-36.5377	-38.269	-40.0004	-37.9958	-35.9911	-33.9865	-31.9819	-29.9772	-27.9726	-24.8851	-21.7977	-18.7103	-15.6228	-12.5354	-9.44795	-9.82848	-10.209	-10.5896	-10.9701	-11.3506	-11.7312	-14.5208	-17.3104	-20.0999	-22.8895	-25.6791	-28.4687	-28.442	-28.4152	-28.3884	-28.3617	-28.3349	-28.3082	-25.5615	-22.8149	-20.0683	-17.3216	-14.575	-11.8284	-11.4863	-11.1443	-10.8022	-10.4602	-10.1181	-9.77606	
0	0	0	0	0	0	-32.5001	-33.7801	-35.0602	-36.3402	-37.6203	-38.9003	-40.1803	-39.4951	-38.8098	-38.1245	-37.4392	-36.7539	-36.0686	-33.9899	-31.9112	-29.8325	-27.7538	-25.6751	-23.5964	-21.2365	-18.8765	-16.5166	-14.1567	-11.7967	-9.43679	-11.7075	-13.9781	-16.2488	-18.5195	-20.7902	-23.0609	-22.6336	-22.2063	-21.779	-21.3517	-20.9244	-20.4971	-20.5447	-20.5922	-20.6398	-20.6873	-20.7349	-20.7824	-20.3268	-19.8713	-19.4157	-18.9601	-18.5045	-18.0489	-19.2731	-20.4972	-21.7213	-22.9454	-24.1695	-25.3936	-25.3431	-25.2927	-25.2422	-25.1917	-25.1413	-25.0908	-24.428	-23.7653	-23.1025	-22.4398	-21.777	-21.1143	-20.0672	-19.0201	-17.9731	-16.926	-15.8789	-14.8319	-14.3416	-13.8512	-13.3609	-12.8706	-12.3803	-11.8899	-11.1116	-10.3332	-9.55481	-8.77643	-7.99805	-7.21967	-8.6684	-10.1171	-11.5658	-13.0146	-14.4633	-15.912	-17.0796	-18.2472	-19.4148	-20.5824	-21.75	-22.9176	-22.5378	-22.1579	-21.7781	-21.3983	-21.0185	-20.6387	-19.7693	-18.9	-18.0307	-17.1614	-16.292	-15.4227	-15.1908	-14.9589	-14.727	-14.4951	-14.2632	-14.0313	-14.0445	-14.0576	-14.0707	-14.0839	-14.097	-14.1101	-13.7501	-13.39	-13.0299	-12.6698	-12.3097	-11.9497	-12.2331	-12.5165	-12.7999	-13.0834	-13.3668	-13.6502	-13.2527	-12.8552	-12.4577	-12.0602	-11.6626	-11.2651	-11.2243	-11.1835	-11.1426	-11.1018	-11.061	-11.0202	-12.0758	-13.1315	-14.1872	-15.2428	-16.2985	-17.3542	-18.3974	-19.4406	-20.4837	-21.5269	-22.5701	-23.6133	-24.2615	-24.9097	-25.5579	-26.2061	-26.8544	-27.5026	-26.9486	-26.3946	-25.8406	-25.2866	-24.7326	-24.1786	-23.6543	-23.1301	-22.6058	-22.0816	-21.5573	-21.033	-19.5446	-18.0562	-16.5677	-15.0793	-13.5909	-12.1024	-12.8611	-13.6197	-14.3783	-15.1369	-15.8955	-16.6541	-19.1006	-21.5471	-23.9936	-26.44	-28.8865	-31.333	-32.7249	-34.1169	-35.5088	-36.9008	-38.2928	-39.6847	-37.8758	-36.0668	-34.2578	-32.4489	-30.6399	-28.831	-25.563	-22.295	-19.0271	-15.7591	-12.4911	-9.22315	-9.49416	-9.76518	-10.0362	-10.3072	-10.5782	-10.8493	-13.8841	-16.9189	-19.9537	-22.9885	-26.0233	-29.0581	-29.0959	-29.1337	-29.1715	-29.2093	-29.2472	-29.285	-26.413	-23.541	-20.6691	-17.7971	-14.9251	-12.0532	-11.723	-11.3927	-11.0625	-10.7323	-10.4021	-10.0719	
-36.0088	-35.562	-35.1151	-34.6683	-34.2214	-33.7746	-33.3277	-34.53	-35.7323	-36.9345	-38.1368	-39.3391	-40.5414	-39.6236	-38.7059	-37.7882	-36.8704	-35.9527	-35.035	-32.6534	-30.2719	-27.8904	-25.5088	-23.1273	-20.7457	-18.0589	-15.3722	-12.6854	-9.99859	-7.31181	-4.62502	-7.49554	-10.3661	-13.2366	-16.1071	-18.9776	-21.8481	-21.3478	-20.8474	-20.3471	-19.8467	-19.3464	-18.846	-18.9758	-19.1055	-19.2353	-19.365	-19.4948	-19.6245	-19.1497	-18.6748	-18.2	-17.7251	-17.2503	-16.7754	-18.2801	-19.7848	-21.2895	-22.7942	-24.2989	-25.8036	-25.6209	-25.4382	-25.2554	-25.0727	-24.89	-24.7073	-23.8786	-23.0499	-22.2213	-21.3926	-20.564	-19.7353	-18.6451	-17.5549	-16.4647	-15.3746	-14.2844	-13.1942	-12.7937	-12.3931	-11.9926	-11.592	-11.1915	-10.791	-9.89392	-8.99686	-8.09981	-7.20276	-6.3057	-5.40865	-7.11059	-8.81254	-10.5145	-12.2164	-13.9184	-15.6203	-16.7283	-17.8363	-18.9443	-20.0523	-21.1604	-22.2684	-21.7972	-21.326	-20.8549	-20.3837	-19.9125	-19.4414	-18.7272	-18.0131	-17.299	-16.5849	-15.8708	-15.1567	-14.8461	-14.5356	-14.225	-13.9145	-13.6039	-13.2934	-13.3716	-13.4498	-13.528	-13.6062	-13.6844	-13.7625	-13.2752	-12.7879	-12.3006	-11.8133	-11.326	-10.8387	-11.1566	-11.4744	-11.7923	-12.1101	-12.428	-12.7458	-12.3609	-11.9761	-11.5912	-11.2063	-10.8215	-10.4366	-10.3265	-10.2164	-10.1062	-9.99614	-9.88602	-9.77591	-11.0512	-12.3265	-13.6017	-14.877	-16.1523	-17.4276	-18.5867	-19.7458	-20.9048	-22.0639	-23.223	-24.3821	-25.0493	-25.7165	-26.3838	-27.051	-27.7182	-28.3854	-27.7062	-27.027	-26.3478	-25.6686	-24.9894	-24.3102	-23.7424	-23.1746	-22.6068	-22.039	-21.4712	-20.9034	-19.3966	-17.8899	-16.3831	-14.8763	-13.3695	-11.8627	-12.7326	-13.6025	-14.4724	-15.3423	-16.2122	-17.0821	-19.7441	-22.406	-25.068	-27.7299	-30.3918	-33.0538	-34.1063	-35.1589	-36.2114	-37.264	-38.3165	-39.369	-37.7558	-36.1425	-34.5292	-32.9159	-31.3026	-29.6893	-26.2408	-22.7923	-19.3438	-15.8953	-12.4468	-8.99834	-9.15984	-9.32134	-9.48284	-9.64434	-9.80584	-9.96734	-13.2474	-16.5274	-19.8075	-23.0875	-26.3675	-29.6476	-29.7499	-29.8523	-29.9547	-30.057	-30.1594	-30.2617	-27.2644	-24.2672	-21.2699	-18.2726	-15.2753	-12.278	-11.9596	-11.6412	-11.3228	-11.0044	-10.6861	-10.3677	
-37.5978	-37.0678	-36.5378	-36.0079	-35.4779	-34.9479	-34.4179	-35.3765	-36.3352	-37.2939	-38.2525	-39.2112	-40.1698	-39.3374	-38.505	-37.6726	-36.8402	-36.0077	-35.1753	-32.9781	-30.7809	-28.5837	-26.3864	-24.1892	-21.992	-19.6584	-17.3249	-14.9913	-12.6578	-10.3242	-7.99064	-10.3315	-12.6724	-15.0132	-17.3541	-19.6949	-22.0358	-21.5681	-21.1004	-20.6327	-20.1649	-19.6972	-19.2295	-19.2133	-19.197	-19.1807	-19.1645	-19.1482	-19.132	-18.727	-18.322	-17.917	-17.512	-17.1071	-16.7021	-17.8381	-18.9741	-20.1101	-21.2461	-22.3821	-23.5181	-23.4731	-23.4281	-23.3831	-23.338	-23.293	-23.248	-22.5506	-21.8532	-21.1558	-20.4583	-19.7609	-19.0635	-18.0513	-17.0391	-16.0269	-15.0147	-14.0025	-12.9903	-12.6906	-12.3909	-12.0912	-11.7915	-11.4917	-11.192	-10.4466	-9.70109	-8.95562	-8.21016	-7.4647	-6.71923	-8.206	-9.69278	-11.1795	-12.6663	-14.1531	-15.6399	-16.6587	-17.6775	-18.6963	-19.7152	-20.734	-21.7528	-21.3636	-20.9744	-20.5853	-20.1961	-19.8069	-19.4177	-18.774	-18.1303	-17.4865	-16.8428	-16.1991	-15.5554	-15.3086	-15.0618	-14.815	-14.5682	-14.3215	-14.0747	-13.9519	-13.8292	-13.7064	-13.5836	-13.4609	-13.3381	-12.8964	-12.4548	-12.0131	-11.5714	-11.1297	-10.688	-10.7524	-10.8167	-10.8811	-10.9455	-11.0098	-11.0742	-10.9258	-10.7774	-10.6291	-10.4807	-10.3323	-10.1839	-10.2176	-10.2513	-10.285	-10.3187	-10.3524	-10.3861	-11.438	-12.4899	-13.5418	-14.5936	-15.6455	-16.6974	-17.7064	-18.7154	-19.7243	-20.7333	-21.7423	-22.7512	-23.1557	-23.5601	-23.9646	-24.369	-24.7735	-25.1779	-24.7075	-24.237	-23.7665	-23.296	-22.8256	-22.3551	-21.8339	-21.3127	-20.7916	-20.2704	-19.7492	-19.228	-18.057	-16.886	-15.715	-14.5441	-13.3731	-12.2021	-12.9579	-13.7137	-14.4695	-15.2253	-15.981	-16.7368	-19.0524	-21.368	-23.6836	-25.9993	-28.3149	-30.6305	-31.612	-32.5935	-33.575	-34.5565	-35.538	-36.5195	-35.2069	-33.8942	-32.5815	-31.2688	-29.9561	-28.6435	-25.423	-22.2025	-18.9821	-15.7616	-12.5412	-9.32069	-9.59694	-9.8732	-10.1495	-10.4257	-10.702	-10.9782	-13.87	-16.7619	-19.6537	-22.5455	-25.4373	-28.3291	-28.1701	-28.0111	-27.852	-27.693	-27.5339	-27.3749	-24.7672	-22.1595	-19.5518	-16.9441	-14.3364	-11.7287	-11.5355	-11.3422	-11.149	-10.9558	-10.7626	-10.5693	
-39.1868	-38.5737	-37.9606	-37.3474	-36.7343	-36.1212	-35.5081	-36.2231	-36.9381	-37.6532	-38.3682	-39.0832	-39.7983	-39.0512	-38.3041	-37.557	-36.8099	-36.0628	-35.3157	-33.3028	-31.2899	-29.277	-27.2641	-25.2512	-23.2383	-21.2579	-19.2776	-17.2973	-15.3169	-13.3366	-11.3563	-13.1675	-14.9787	-16.7898	-18.601	-20.4122	-22.2234	-21.7884	-21.3533	-20.9182	-20.4832	-20.0481	-19.613	-19.4508	-19.2885	-19.1262	-18.9639	-18.8017	-18.6394	-18.3043	-17.9692	-17.6341	-17.2989	-16.9638	-16.6287	-17.396	-18.1633	-18.9306	-19.6979	-20.4652	-21.2326	-21.3253	-21.418	-21.5107	-21.6034	-21.6961	-21.7888	-21.2226	-20.6564	-20.0902	-19.524	-18.9579	-18.3917	-17.4575	-16.5233	-15.5891	-14.6549	-13.7207	-12.7865	-12.5876	-12.3887	-12.1898	-11.9909	-11.792	-11.5931	-10.9992	-10.4053	-9.81144	-9.21756	-8.62369	-8.02982	-9.30142	-10.573	-11.8446	-13.1162	-14.3878	-15.6594	-16.5891	-17.5187	-18.4483	-19.378	-20.3076	-21.2373	-20.9301	-20.6229	-20.3157	-20.0084	-19.7012	-19.394	-18.8207	-18.2474	-17.6741	-17.1008	-16.5274	-15.9541	-15.7711	-15.5881	-15.405	-15.222	-15.039	-14.856	-14.5322	-14.2085	-13.8848	-13.5611	-13.2374	-12.9137	-12.5176	-12.1216	-11.7255	-11.3294	-10.9333	-10.5373	-10.3481	-10.159	-9.96992	-9.78081	-9.59169	-9.40258	-9.49069	-9.5788	-9.66691	-9.75503	-9.84314	-9.93125	-10.1087	-10.2862	-10.4637	-10.6412	-10.8187	-10.9962	-11.8248	-12.6533	-13.4818	-14.3103	-15.1388	-15.9673	-16.8261	-17.685	-18.5438	-19.4027	-20.2615	-21.1204	-21.262	-21.4037	-21.5454	-21.6871	-21.8287	-21.9704	-21.7087	-21.4469	-21.1852	-20.9235	-20.6617	-20.4	-19.9254	-19.4508	-18.9763	-18.5017	-18.0271	-17.5525	-16.7174	-15.8822	-15.047	-14.2118	-13.3767	-12.5415	-13.1832	-13.8248	-14.4665	-15.1082	-15.7498	-16.3915	-18.3608	-20.3301	-22.2993	-24.2686	-26.2379	-28.2071	-29.1176	-30.0281	-30.9386	-31.8491	-32.7596	-33.67	-32.658	-31.6459	-30.6338	-29.6217	-28.6097	-27.5976	-24.6052	-21.6127	-18.6203	-15.6279	-12.6355	-9.64303	-10.034	-10.4251	-10.8161	-11.2071	-11.5981	-11.9891	-14.4927	-16.9963	-19.4999	-22.0035	-24.5071	-27.0107	-26.5903	-26.1698	-25.7494	-25.3289	-24.9085	-24.488	-22.2699	-20.0518	-17.8337	-15.6156	-13.3975	-11.1794	-11.1113	-11.0433	-10.9752	-10.9071	-10.8391	-10.771	
-40.7758	-40.0796	-39.3833	-38.687	-37.9908	-37.2945	-36.5982	-37.0696	-37.5411	-38.0125	-38.4839	-38.9553	-39.4267	-38.7649	-38.1032	-37.4414	-36.7796	-36.1178	-35.456	-33.6274	-31.7988	-29.9703	-28.1417	-26.3131	-24.4845	-22.8574	-21.2303	-19.6032	-17.9761	-16.349	-14.7219	-16.0034	-17.2849	-18.5665	-19.848	-21.1296	-22.4111	-22.0087	-21.6062	-21.2038	-20.8014	-20.399	-19.9966	-19.6883	-19.38	-19.0717	-18.7634	-18.4551	-18.1468	-17.8816	-17.6163	-17.3511	-17.0858	-16.8206	-16.5554	-16.954	-17.3526	-17.7512	-18.1498	-18.5484	-18.947	-19.1774	-19.4079	-19.6383	-19.8687	-20.0991	-20.3296	-19.8946	-19.4597	-19.0247	-18.5898	-18.1548	-17.7199	-16.8636	-16.0074	-15.1512	-14.295	-13.4388	-12.5826	-12.4845	-12.3864	-12.2884	-12.1903	-12.0922	-11.9941	-11.5518	-11.1095	-10.6673	-10.225	-9.78269	-9.3404	-10.3968	-11.4533	-12.5097	-13.5661	-14.6225	-15.679	-16.5194	-17.3599	-18.2004	-19.0408	-19.8813	-20.7218	-20.4965	-20.2713	-20.0461	-19.8208	-19.5956	-19.3704	-18.8674	-18.3645	-17.8616	-17.3587	-16.8558	-16.3528	-16.2336	-16.1143	-15.995	-15.8758	-15.7565	-15.6372	-15.1126	-14.5879	-14.0633	-13.5386	-13.014	-12.4893	-12.1388	-11.7884	-11.4379	-11.0875	-10.737	-10.3865	-9.94394	-9.50134	-9.05875	-8.61615	-8.17356	-7.73097	-8.05557	-8.38017	-8.70477	-9.02938	-9.35398	-9.67858	-9.99989	-10.3212	-10.6425	-10.9638	-11.2851	-11.6064	-12.2115	-12.8167	-13.4218	-14.0269	-14.632	-15.2371	-15.9459	-16.6546	-17.3633	-18.072	-18.7808	-19.4895	-19.3684	-19.2473	-19.1262	-19.0051	-18.884	-18.7629	-18.7099	-18.6569	-18.6039	-18.5509	-18.4978	-18.4448	-18.0169	-17.5889	-17.161	-16.733	-16.3051	-15.8771	-15.3777	-14.8784	-14.379	-13.8796	-13.3803	-12.8809	-13.4085	-13.936	-14.4636	-14.9911	-15.5187	-16.0462	-17.6691	-19.2921	-20.915	-22.5379	-24.1609	-25.7838	-26.6233	-27.4627	-28.3022	-29.1416	-29.9811	-30.8205	-30.1091	-29.3976	-28.6861	-27.9747	-27.2632	-26.5517	-23.7873	-21.0229	-18.2586	-15.4942	-12.7298	-9.96538	-10.4711	-10.9769	-11.4827	-11.9885	-12.4942	-13	-15.1154	-17.2308	-19.3461	-21.4615	-23.5769	-25.6923	-25.0104	-24.3286	-23.6467	-22.9649	-22.283	-21.6012	-19.7727	-17.9442	-16.1157	-14.2871	-12.4586	-10.6301	-10.6872	-10.7443	-10.8014	-10.8585	-10.9156	-10.9727	
-42.3648	-41.5854	-40.806	-40.0266	-39.2472	-38.4678	-37.6884	-37.9162	-38.144	-38.3718	-38.5996	-38.8274	-39.0552	-38.4787	-37.9022	-37.3258	-36.7493	-36.1728	-35.5963	-33.9521	-32.3078	-30.6636	-29.0193	-27.375	-25.7308	-24.4569	-23.183	-21.9091	-20.6353	-19.3614	-18.0875	-18.8394	-19.5912	-20.3431	-21.095	-21.8469	-22.5987	-22.229	-21.8592	-21.4894	-21.1196	-20.7499	-20.3801	-19.9258	-19.4715	-19.0172	-18.5628	-18.1085	-17.6542	-17.4589	-17.2635	-17.0681	-16.8727	-16.6774	-16.482	-16.5119	-16.5418	-16.5717	-16.6017	-16.6316	-16.6615	-17.0296	-17.3978	-17.7659	-18.134	-18.5022	-18.8703	-18.5666	-18.2629	-17.9592	-17.6555	-17.3518	-17.048	-16.2698	-15.4916	-14.7134	-13.9352	-13.157	-12.3788	-12.3815	-12.3842	-12.3869	-12.3897	-12.3924	-12.3951	-12.1045	-11.8138	-11.5231	-11.2324	-10.9417	-10.651	-11.4922	-12.3335	-13.1747	-14.016	-14.8573	-15.6985	-16.4498	-17.2011	-17.9524	-18.7036	-19.4549	-20.2062	-20.063	-19.9197	-19.7765	-19.6332	-19.49	-19.3467	-18.9142	-18.4816	-18.0491	-17.6166	-17.1841	-16.7515	-16.696	-16.6405	-16.585	-16.5295	-16.474	-16.4185	-15.6929	-14.9673	-14.2417	-13.5161	-12.7905	-12.0649	-11.76	-11.4552	-11.1504	-10.8455	-10.5407	-10.2358	-9.53973	-8.84365	-8.14758	-7.4515	-6.75543	-6.05935	-6.62045	-7.18154	-7.74263	-8.30373	-8.86482	-9.42591	-9.89102	-10.3561	-10.8212	-11.2864	-11.7515	-12.2166	-12.5983	-12.9801	-13.3618	-13.7435	-14.1252	-14.507	-15.0656	-15.6242	-16.1828	-16.7414	-17.3	-17.8586	-17.4748	-17.0909	-16.707	-16.3231	-15.9393	-15.5554	-15.7111	-15.8668	-16.0225	-16.1783	-16.334	-16.4897	-16.1084	-15.727	-15.3457	-14.9643	-14.583	-14.2017	-14.0381	-13.8745	-13.711	-13.5474	-13.3839	-13.2203	-13.6337	-14.0472	-14.4606	-14.874	-15.2875	-15.7009	-16.9775	-18.2541	-19.5307	-20.8073	-22.0839	-23.3605	-24.1289	-24.8973	-25.6658	-26.4342	-27.2026	-27.9711	-27.5602	-27.1493	-26.7385	-26.3276	-25.9167	-25.5059	-22.9695	-20.4331	-17.8968	-15.3604	-12.8241	-10.2877	-10.9082	-11.5288	-12.1493	-12.7698	-13.3903	-14.0109	-15.738	-17.4652	-19.1924	-20.9195	-22.6467	-24.3739	-23.4306	-22.4874	-21.5441	-20.6009	-19.6576	-18.7143	-17.2754	-15.8365	-14.3976	-12.9587	-11.5197	-10.0808	-10.2631	-10.4453	-10.6276	-10.8098	-10.9921	-11.1743	
-43.9538	-43.0913	-42.2287	-41.3662	-40.5036	-39.6411	-38.7785	-38.7627	-38.7469	-38.7311	-38.7153	-38.6995	-38.6836	-38.1925	-37.7013	-37.2102	-36.719	-36.2278	-35.7367	-34.2768	-32.8168	-31.3569	-29.8969	-28.437	-26.977	-26.0564	-25.1357	-24.2151	-23.2944	-22.3738	-21.4531	-21.6753	-21.8975	-22.1198	-22.342	-22.5642	-22.7864	-22.4493	-22.1121	-21.775	-21.4379	-21.1007	-20.7636	-20.1633	-19.5629	-18.9626	-18.3623	-17.762	-17.1616	-17.0361	-16.9106	-16.7851	-16.6596	-16.5341	-16.4086	-16.0699	-15.7311	-15.3923	-15.0535	-14.7147	-14.376	-14.8818	-15.3877	-15.8935	-16.3994	-16.9052	-17.4111	-17.2386	-17.0661	-16.8937	-16.7212	-16.5487	-16.3762	-15.676	-14.9758	-14.2756	-13.5753	-12.8751	-12.1749	-12.2784	-12.382	-12.4855	-12.5891	-12.6926	-12.7962	-12.6571	-12.518	-12.3789	-12.2398	-12.1007	-11.9616	-12.5877	-13.2137	-13.8398	-14.4659	-15.092	-15.7181	-16.3802	-17.0423	-17.7044	-18.3665	-19.0286	-19.6907	-19.6294	-19.5681	-19.5069	-19.4456	-19.3843	-19.323	-18.9609	-18.5988	-18.2366	-17.8745	-17.5124	-17.1503	-17.1585	-17.1668	-17.175	-17.1833	-17.1915	-17.1998	-16.2733	-15.3467	-14.4201	-13.4936	-12.567	-11.6405	-11.3813	-11.122	-10.8628	-10.6035	-10.3443	-10.0851	-9.13552	-8.18596	-7.23641	-6.28685	-5.3373	-4.38774	-5.18532	-5.98291	-6.78049	-7.57808	-8.37566	-9.17324	-9.78216	-10.3911	-11	-11.6089	-12.2178	-12.8268	-12.9851	-13.1434	-13.3018	-13.4601	-13.6185	-13.7768	-14.1853	-14.5938	-15.0023	-15.4108	-15.8193	-16.2278	-15.5811	-14.9345	-14.2878	-13.6412	-12.9945	-12.3479	-12.7123	-13.0768	-13.4412	-13.8057	-14.1701	-14.5346	-14.1998	-13.8651	-13.5304	-13.1957	-12.8609	-12.5262	-12.6985	-12.8707	-13.043	-13.2152	-13.3875	-13.5597	-13.859	-14.1583	-14.4576	-14.757	-15.0563	-15.3556	-16.2858	-17.2161	-18.1464	-19.0766	-20.0069	-20.9372	-21.6346	-22.332	-23.0294	-23.7268	-24.4242	-25.1216	-25.0113	-24.901	-24.7908	-24.6805	-24.5702	-24.46	-22.1517	-19.8433	-17.535	-15.2267	-12.9184	-10.6101	-11.3453	-12.0806	-12.8159	-13.5512	-14.2865	-15.0218	-16.3607	-17.6996	-19.0386	-20.3775	-21.7165	-23.0554	-21.8508	-20.6461	-19.4415	-18.2368	-17.0322	-15.8275	-14.7782	-13.7288	-12.6795	-11.6302	-10.5809	-9.53154	-9.83895	-10.1464	-10.4538	-10.7612	-11.0686	-11.376	
-45.5428	-44.5971	-43.6515	-42.7058	-41.7601	-40.8144	-39.8687	-39.6093	-39.3498	-39.0904	-38.831	-38.5715	-38.3121	-37.9062	-37.5004	-37.0946	-36.6887	-36.2829	-35.877	-34.6014	-33.3258	-32.0502	-30.7746	-29.4989	-28.2233	-27.6559	-27.0885	-26.521	-25.9536	-25.3862	-24.8187	-24.5113	-24.2038	-23.8964	-23.5889	-23.2815	-22.9741	-22.6696	-22.3651	-22.0606	-21.7561	-21.4516	-21.1471	-20.4008	-19.6544	-18.9081	-18.1617	-17.4154	-16.6691	-16.6134	-16.5578	-16.5022	-16.4465	-16.3909	-16.3353	-15.6278	-14.9203	-14.2129	-13.5054	-12.7979	-12.0904	-12.734	-13.3776	-14.0211	-14.6647	-15.3083	-15.9518	-15.9106	-15.8694	-15.8281	-15.7869	-15.7457	-15.7044	-15.0822	-14.46	-13.8377	-13.2155	-12.5933	-11.971	-12.1754	-12.3798	-12.5841	-12.7885	-12.9929	-13.1972	-13.2097	-13.2222	-13.2347	-13.2472	-13.2597	-13.2722	-13.6831	-14.094	-14.5049	-14.9158	-15.3267	-15.7376	-16.3105	-16.8834	-17.4564	-18.0293	-18.6022	-19.1751	-19.1959	-19.2166	-19.2373	-19.258	-19.2787	-19.2994	-19.0076	-18.7159	-18.4242	-18.1324	-17.8407	-17.549	-17.621	-17.693	-17.765	-17.837	-17.9091	-17.9811	-16.8536	-15.7261	-14.5986	-13.4711	-12.3436	-11.2161	-11.0025	-10.7888	-10.5752	-10.3616	-10.148	-9.93435	-8.73131	-7.52827	-6.32524	-5.1222	-3.91916	-2.71613	-3.7502	-4.78428	-5.81835	-6.85242	-7.8865	-8.92057	-9.6733	-10.426	-11.1787	-11.9315	-12.6842	-13.4369	-13.3719	-13.3068	-13.2418	-13.1768	-13.1117	-13.0467	-13.305	-13.5634	-13.8218	-14.0802	-14.3385	-14.5969	-13.6875	-12.7781	-11.8686	-10.9592	-10.0498	-9.14039	-9.71356	-10.2867	-10.8599	-11.4331	-12.0062	-12.5794	-12.2913	-12.0032	-11.7151	-11.427	-11.1389	-10.8508	-11.3588	-11.8669	-12.3749	-12.883	-13.3911	-13.8991	-14.0843	-14.2695	-14.4547	-14.6399	-14.8251	-15.0103	-15.5942	-16.1781	-16.762	-17.346	-17.9299	-18.5138	-19.1402	-19.7666	-20.3929	-21.0193	-21.6457	-22.2721	-22.4624	-22.6527	-22.8431	-23.0334	-23.2238	-23.4141	-21.3338	-19.2535	-17.1733	-15.093	-13.0127	-10.9324	-11.7824	-12.6325	-13.4825	-14.3326	-15.1826	-16.0326	-16.9834	-17.9341	-18.8848	-19.8356	-20.7863	-21.737	-20.271	-18.8049	-17.3388	-15.8728	-14.4067	-12.9407	-12.2809	-11.6212	-10.9615	-10.3017	-9.64199	-8.98225	-9.41482	-9.84739	-10.28	-10.7125	-11.1451	-11.5777	
