0	0	0.82	0.7	0.99
0	1	0.82	0.7	0.99
0	2	0.82	0.7	0.99
0	3	0.82	0.7	0.99
0	4	0.82	0.7	0.99
0	5	0.82	0.7	0.99
0	6	0.36	0.6	0.66
0	7	0.36	0.6	0.66
0	8	0.36	0.6	0.66
0	9	0.36	0.6	0.66
0	10	0.36	0.6	0.66
0	11	0.36	0.6	0.66
0	12	0.28	0.75	0.1
0	13	0.28	0.75	0.1
0	14	0.28	0.75	0.1
0	15	0.28	0.75	0.1
0	16	0.28	0.75	0.1
0	17	0.28	0.75	0.1
0	18	0.11	0.38	0.12
0	19	0.11	0.38	0.12
0	20	0.11	0.38	0.12
0	21	0.11	0.38	0.12
0	22	0.11	0.38	0.12
0	23	0.11	0.38	0.12
0	24	0.7	0.94	0.23
0	25	0.7	0.94	0.23
0	26	0.7	0.94	0.23
0	27	0.7	0.94	0.23
0	28	0.7	0.94	0.23
0	29	0.7	0.94	0.23
0	30	0.42	0.51	0.82
0	31	0.42	0.51	0.82
0	32	0.42	0.51	0.82
0	33	0.42	0.51	0.82
0	34	0.42	0.51	0.82
0	35	0.42	0.51	0.82
0	36	0.07	0.36	0.89
0	37	0.07	0.36	0.89
0	38	0.07	0.36	0.89
0	39	0.07	0.36	0.89
0	40	0.07	0.36	0.89
0	41	0.07	0.36	0.89
0	42	0.14	0.74	0.4
0	43	0.14	0.74	0.4
0	44	0.14	0.74	0.4
0	45	0.14	0.74	0.4
0	46	0.14	0.74	0.4
0	47	0.14	0.74	0.4
0	48	0.54	0.73	0.68
0	49	0.54	0.73	0.68
0	50	0.54	0.73	0.68
0	51	0.54	0.73	0.68
0	52	0.54	0.73	0.68
0	53	0.54	0.73	0.68
0	54	0.91	0.46	0.11
0	55	0.91	0.46	0.11
0	56	0.91	0.46	0.11
0	57	0.91	0.46	0.11
0	58	0.91	0.46	0.11
0	59	0.91	0.46	0.11
0	60	0.73	0.56	0.93
0	61	0.73	0.56	0.93
0	62	0.73	0.56	0.93
0	63	0.73	0.56	0.93
0	64	0.73	0.56	0.93
0	65	0.73	0.56	0.93
0	66	0.9	0.03	0.09
0	67	0.9	0.03	0.09
0	68	0.9	0.03	0.09
0	69	0.9	0.03	0.09
0	70	0.9	0.03	0.09
0	71	0.9	0.03	0.09
0	72	0.77	0.45	0.26
0	73	0.77	0.45	0.26
0	74	0.77	0.45	0.26
0	75	0.77	0.45	0.26
0	76	0.77	0.45	0.26
0	77	0.77	0.45	0.26
0	78	0.45	0.44	0.21
0	79	0.45	0.44	0.21
0	80	0.45	0.44	0.21
0	81	0.45	0.44	0.21
0	82	0.45	0.44	0.21
0	83	0.45	0.44	0.21
0	84	0.56	0.52	0.64
0	85	0.56	0.52	0.64
0	86	0.56	0.52	0.64
0	87	0.56	0.52	0.64
0	88	0.56	0.52	0.64
0	89	0.56	0.52	0.64
0	90	0.84	1.0	0.7
0	91	0.84	1.0	0.7
0	92	0.84	1.0	0.7
0	93	0.84	1.0	0.7
0	94	0.84	1.0	0.7
0	95	0.84	1.0	0.7
0	96	0.33	0.4	0.81
0	97	0.33	0.4	0.81
0	98	0.33	0.4	0.81
0	99	0.33	0.4	0.81
0	100	0.33	0.4	0.81
0	101	0.33	0.4	0.81
0	102	0.67	0.78	0.04
0	103	0.67	0.78	0.04
0	104	0.67	0.78	0.04
0	105	0.67	0.78	0.04
0	106	0.67	0.78	0.04
0	107	0.67	0.78	0.04
0	108	0.98	0.91	0.58
0	109	0.98	0.91	0.58
0	110	0.98	0.91	0.58
0	111	0.98	0.91	0.58
0	112	0.98	0.91	0.58
0	113	0.98	0.91	0.58
0	114	0.73	0.56	0.78
0	115	0.73	0.56	0.78
0	116	0.73	0.56	0.78
0	117	0.73	0.56	0.78
0	118	0.73	0.56	0.78
0	119	0.73	0.56	0.78
0	120	0.08	0.72	0.29
0	121	0.08	0.72	0.29
0	122	0.08	0.72	0.29
0	123	0.08	0.72	0.29
0	124	0.08	0.72	0.29
0	125	0.08	0.72	0.29
0	126	0.99	0.27	0.91
0	127	0.99	0.27	0.91
0	128	0.99	0.27	0.91
0	129	0.99	0.27	0.91
0	130	0.99	0.27	0.91
0	131	0.99	0.27	0.91
0	132	0.39	0.95	0.04
0	133	0.39	0.95	0.04
0	134	0.39	0.95	0.04
0	135	0.39	0.95	0.04
0	136	0.39	0.95	0.04
0	137	0.39	0.95	0.04
0	138	0.52	0.48	0.87
0	139	0.52	0.48	0.87
0	140	0.52	0.48	0.87
0	141	0.52	0.48	0.87
0	142	0.52	0.48	0.87
0	143	0.52	0.48	0.87
0	144	0.41	0.44	0.94
0	145	0.41	0.44	0.94
0	146	0.41	0.44	0.94
0	147	0.41	0.44	0.94
0	148	0.41	0.44	0.94
0	149	0.41	0.44	0.94
0	150	0.9	0.91	0.66
0	151	0.9	0.91	0.66
0	152	0.9	0.91	0.66
0	153	0.9	0.91	0.66
0	154	0.9	0.91	0.66
0	155	0.9	0.91	0.66
0	156	0.22	0.77	0.06
0	157	0.22	0.77	0.06
0	158	0.22	0.77	0.06
0	159	0.22	0.77	0.06
0	160	0.22	0.77	0.06
0	161	0.22	0.77	0.06
0	162	0.48	0.25	0.02
0	163	0.48	0.25	0.02
0	164	0.48	0.25	0.02
0	165	0.48	0.25	0.02
0	166	0.48	0.25	0.02
0	167	0.48	0.25	0.02
0	168	0.04	0.73	0.72
0	169	0.04	0.73	0.72
0	170	0.04	0.73	0.72
0	171	0.04	0.73	0.72
0	172	0.04	0.73	0.72
0	173	0.04	0.73	0.72
0	174	0.65	0.24	0.05
0	175	0.65	0.24	0.05
0	176	0.65	0.24	0.05
0	177	0.65	0.24	0.05
0	178	0.65	0.24	0.05
0	179	0.65	0.24	0.05
0	180	0.17	0.27	0.78
0	181	0.17	0.27	0.78
0	182	0.17	0.27	0.78
0	183	0.17	0.27	0.78
0	184	0.17	0.27	0.78
0	185	0.17	0.27	0.78
0	186	0.11	0.47	0.14
0	187	0.11	0.47	0.14
0	188	0.11	0.47	0.14
0	189	0.11	0.47	0.14
0	190	0.11	0.47	0.14
0	191	0.11	0.47	0.14
0	192	0.97	0.28	0.82
0	193	0.97	0.28	0.82
0	194	0.97	0.28	0.82
0	195	0.97	0.28	0.82
0	196	0.97	0.28	0.82
0	197	0.97	0.28	0.82
0	198	0.62	0.75	0.82
0	199	0.62	0.75	0.82
0	200	0.62	0.75	0.82
0	201	0.62	0.75	0.82
0	202	0.62	0.75	0.82
0	203	0.62	0.75	0.82
0	204	0.65	0.14	0.58
0	205	0.65	0.14	0.58
0	206	0.65	0.14	0.58
0	207	0.65	0.14	0.58
0	208	0.65	0.14	0.58
0	209	0.65	0.14	0.58
0	210	0.7	0.12	0.02
0	211	0.7	0.12	0.02
0	212	0.7	0.12	0.02
0	213	0.7	0.12	0.02
0	214	0.7	0.12	0.02
0	215	0.7	0.12	0.02
0	216	0.14	0.97	0.32
0	217	0.14	0.97	0.32
0	218	0.14	0.97	0.32
0	219	0.14	0.97	0.32
0	220	0.14	0.97	0.32
0	221	0.14	0.97	0.32
0	222	0.47	0.6	0.86
0	223	0.47	0.6	0.86
0	224	0.47	0.6	0.86
0	225	0.47	0.6	0.86
0	226	0.47	0.6	0.86
0	227	0.47	0.6	0.86
0	228	0.87	0.6	0.62
0	229	0.87	0.6	0.62
0	230	0.87	0.6	0.62
0	231	0.87	0.6	0.62
0	232	0.87	0.6	0.62
0	233	0.87	0.6	0.62
0	234	0.28	0.59	0.29
0	235	0.28	0.59	0.29
0	236	0.28	0.59	0.29
0	237	0.28	0.59	0.29
0	238	0.28	0.59	0.29
0	239	0.28	0.59	0.29
0	240	0.02	0.05	0.34
0	241	0.02	0.05	0.34
0	242	0.02	0.05	0.34
0	243	0.02	0.05	0.34
0	244	0.02	0.05	0.34
0	245	0.02	0.05	0.34
0	246	0.56	0.42	0.74
0	247	0.56	0.42	0.74
0	248	0.56	0.42	0.74
0	249	0.56	0.42	0.74
0	250	0.56	0.42	0.74
0	251	0.56	0.42	0.74
0	252	0.34	0.77	0.93
0	253	0.34	0.77	0.93
0	254	0.34	0.77	0.93
0	255	0.34	0.77	0.93
0	256	0.34	0.77	0.93
0	257	0.34	0.77	0.93
0	258	0.74	0.44	0.17
0	259	0.74	0.44	0.17
0	260	0.74	0.44	0.17
0	261	0.74	0.44	0.17
0	262	0.74	0.44	0.17
0	263	0.74	0.44	0.17
0	264	0.61	0.8	0.74
0	265	0.61	0.8	0.74
0	266	0.61	0.8	0.74
0	267	0.61	0.8	0.74
0	268	0.61	0.8	0.74
0	269	0.61	0.8	0.74
0	270	0.89	0.08	0.58
0	271	0.89	0.08	0.58
0	272	0.89	0.08	0.58
0	273	0.89	0.08	0.58
0	274	0.89	0.08	0.58
0	275	0.89	0.08	0.58
0	276	0.82	0.89	0.75
0	277	0.82	0.89	0.75
0	278	0.82	0.89	0.75
0	279	0.82	0.89	0.75
0	280	0.82	0.89	0.75
0	281	0.82	0.89	0.75
0	282	0.88	0.9	0.26
0	283	0.88	0.9	0.26
0	284	0.88	0.9	0.26
0	285	0.88	0.9	0.26
0	286	0.88	0.9	0.26
0	287	0.88	0.9	0.26
0	288	0.87	0.1	0.95
0	289	0.87	0.1	0.95
0	290	0.87	0.1	0.95
0	291	0.87	0.1	0.95
0	292	0.87	0.1	0.95
0	293	0.87	0.1	0.95
0	294	0.02	0.33	0.06
0	295	0.02	0.33	0.06
0	296	0.02	0.33	0.06
0	297	0.02	0.33	0.06
0	298	0.02	0.33	0.06
0	299	0.02	0.33	0.06
0	300	0.76	0.52	0.07
0	301	0.76	0.52	0.07
0	302	0.76	0.52	0.07
0	303	0.76	0.52	0.07
0	304	0.76	0.52	0.07
0	305	0.76	0.52	0.07
0	306	0.38	0.69	0.53
0	307	0.38	0.69	0.53
0	308	0.38	0.69	0.53
0	309	0.38	0.69	0.53
0	310	0.38	0.69	0.53
0	311	0.38	0.69	0.53
0	312	0.85	0.88	0.34
0	313	0.85	0.88	0.34
0	314	0.85	0.88	0.34
0	315	0.85	0.88	0.34
0	316	0.85	0.88	0.34
0	317	0.85	0.88	0.34
0	318	0.33	0.7	0.8
0	319	0.33	0.7	0.8
0	320	0.33	0.7	0.8
0	321	0.33	0.7	0.8
0	322	0.33	0.7	0.8
0	323	0.33	0.7	0.8
0	324	0.48	0.35	0.15
0	325	0.48	0.35	0.15
0	326	0.48	0.35	0.15
0	327	0.48	0.35	0.15
0	328	0.48	0.35	0.15
0	329	0.48	0.35	0.15
0	330	0.21	0.84	0.91
0	331	0.21	0.84	0.91
0	332	0.21	0.84	0.91
0	333	0.21	0.84	0.91
0	334	0.21	0.84	0.91
0	335	0.21	0.84	0.91
0	342	0.48	0.19	0.72
0	343	0.48	0.19	0.72
0	344	0.48	0.19	0.72
0	345	0.48	0.19	0.72
0	346	0.48	0.19	0.72
0	347	0.48	0.19	0.72
0	354	0.22	0.58	0.86
0	355	0.22	0.58	0.86
0	356	0.22	0.58	0.86
0	357	0.22	0.58	0.86
0	358	0.22	0.58	0.86
0	359	0.22	0.58	0.86
0	360	0.88	0.52	0.82
0	361	0.88	0.52	0.82
0	362	0.88	0.52	0.82
0	363	0.88	0.52	0.82
0	364	0.88	0.52	0.82
0	365	0.88	0.52	0.82
0	366	0.16	0.1	0.81
0	367	0.16	0.1	0.81
0	368	0.16	0.1	0.81
0	369	0.16	0.1	0.81
0	370	0.16	0.1	0.81
0	371	0.16	0.1	0.81
0	372	0.18	0.99	0.33
0	373	0.18	0.99	0.33
0	374	0.18	0.99	0.33
0	375	0.18	0.99	0.33
0	376	0.18	0.99	0.33
0	377	0.18	0.99	0.33
0	378	0.5	0.67	0.57
0	379	0.5	0.67	0.57
0	380	0.5	0.67	0.57
0	381	0.5	0.67	0.57
0	382	0.5	0.67	0.57
0	383	0.5	0.67	0.57
0	384	0.04	0.62	0.86
0	385	0.04	0.62	0.86
0	386	0.04	0.62	0.86
0	387	0.04	0.62	0.86
0	388	0.04	0.62	0.86
0	389	0.04	0.62	0.86
0	390	0.43	0.78	0.47
0	391	0.43	0.78	0.47
0	392	0.43	0.78	0.47
0	393	0.43	0.78	0.47
0	394	0.43	0.78	0.47
0	395	0.43	0.78	0.47
0	396	0.96	0.72	0.77
0	397	0.96	0.72	0.77
0	398	0.96	0.72	0.77
0	399	0.96	0.72	0.77
0	400	0.96	0.72	0.77
0	401	0.96	0.72	0.77
0	402	0.74	0.95	0.89
0	403	0.74	0.95	0.89
0	404	0.74	0.95	0.89
0	405	0.74	0.95	0.89
0	406	0.74	0.95	0.89
0	407	0.74	0.95	0.89
0	408	0.57	0.29	0.1
0	409	0.57	0.29	0.1
0	410	0.57	0.29	0.1
0	411	0.57	0.29	0.1
0	412	0.57	0.29	0.1
0	413	0.57	0.29	0.1
0	414	0.51	0.43	0.6
0	415	0.51	0.43	0.6
0	416	0.51	0.43	0.6
0	417	0.51	0.43	0.6
0	418	0.51	0.43	0.6
0	419	0.51	0.43	0.6
0	420	0.44	0.47	0.92
0	421	0.44	0.47	0.92
0	422	0.44	0.47	0.92
0	423	0.44	0.47	0.92
0	424	0.44	0.47	0.92
0	425	0.44	0.47	0.92
0	426	0.87	0.64	0.18
0	427	0.87	0.64	0.18
0	428	0.87	0.64	0.18
0	429	0.87	0.64	0.18
0	430	0.87	0.64	0.18
0	431	0.87	0.64	0.18
0	432	0.51	0.07	0.08
0	433	0.51	0.07	0.08
0	434	0.51	0.07	0.08
0	435	0.51	0.07	0.08
0	436	0.51	0.07	0.08
0	437	0.51	0.07	0.08
0	438	0.15	0.95	0.86
0	439	0.15	0.95	0.86
0	440	0.15	0.95	0.86
0	441	0.15	0.95	0.86
0	442	0.15	0.95	0.86
0	443	0.15	0.95	0.86
0	444	0.48	0.56	0.87
0	445	0.48	0.56	0.87
0	446	0.48	0.56	0.87
0	447	0.48	0.56	0.87
0	448	0.48	0.56	0.87
0	449	0.48	0.56	0.87
0	450	0.6	0.19	0.42
0	451	0.6	0.19	0.42
0	452	0.6	0.19	0.42
0	453	0.6	0.19	0.42
0	454	0.6	0.19	0.42
0	455	0.6	0.19	0.42
0	456	0.23	0.2	0.03
0	457	0.23	0.2	0.03
0	458	0.23	0.2	0.03
0	459	0.23	0.2	0.03
0	460	0.23	0.2	0.03
0	461	0.23	0.2	0.03
0	462	0.71	0.54	0.13
0	463	0.71	0.54	0.13
0	464	0.71	0.54	0.13
0	465	0.71	0.54	0.13
0	466	0.71	0.54	0.13
0	467	0.71	0.54	0.13
0	468	0.27	0.95	0.85
0	469	0.27	0.95	0.85
0	470	0.27	0.95	0.85
0	471	0.27	0.95	0.85
0	472	0.27	0.95	0.85
0	473	0.27	0.95	0.85
0	474	0.08	0.09	0.6
0	475	0.08	0.09	0.6
0	476	0.08	0.09	0.6
0	477	0.08	0.09	0.6
0	478	0.08	0.09	0.6
0	479	0.08	0.09	0.6
0	480	0.92	0.96	0.21
0	481	0.92	0.96	0.21
0	482	0.92	0.96	0.21
0	483	0.92	0.96	0.21
0	484	0.92	0.96	0.21
0	485	0.92	0.96	0.21
0	486	0.45	0.07	0.5
0	487	0.45	0.07	0.5
0	488	0.45	0.07	0.5
0	489	0.45	0.07	0.5
0	490	0.45	0.07	0.5
0	491	0.45	0.07	0.5
0	492	0.32	0.58	0.81
0	493	0.32	0.58	0.81
0	494	0.32	0.58	0.81
0	495	0.32	0.58	0.81
0	496	0.32	0.58	0.81
0	497	0.32	0.58	0.81
0	498	0.26	0.11	0.83
0	499	0.26	0.11	0.83
0	500	0.26	0.11	0.83
0	501	0.26	0.11	0.83
0	502	0.26	0.11	0.83
0	503	0.26	0.11	0.83
0	504	0.46	0.93	0.7
0	505	0.46	0.93	0.7
0	506	0.46	0.93	0.7
0	507	0.46	0.93	0.7
0	508	0.46	0.93	0.7
0	509	0.46	0.93	0.7
0	510	0.36	0.79	0.63
0	511	0.36	0.79	0.63
0	512	0.36	0.79	0.63
0	513	0.36	0.79	0.63
0	514	0.36	0.79	0.63
0	515	0.36	0.79	0.63
0	516	0.06	0.45	0.27
0	517	0.06	0.45	0.27
0	518	0.06	0.45	0.27
0	519	0.06	0.45	0.27
0	520	0.06	0.45	0.27
0	521	0.06	0.45	0.27
0	522	0.61	0.29	0.75
0	523	0.61	0.29	0.75
0	524	0.61	0.29	0.75
0	525	0.61	0.29	0.75
0	526	0.61	0.29	0.75
0	527	0.61	0.29	0.75
0	528	0.82	0.52	0.83
0	529	0.82	0.52	0.83
0	530	0.82	0.52	0.83
0	531	0.82	0.52	0.83
0	532	0.82	0.52	0.83
0	533	0.82	0.52	0.83
0	534	0.33	0.19	0.12
0	535	0.33	0.19	0.12
0	536	0.33	0.19	0.12
0	537	0.33	0.19	0.12
0	538	0.33	0.19	0.12
0	539	0.33	0.19	0.12
0	540	0.13	0.97	0.86
0	541	0.13	0.97	0.86
0	542	0.13	0.97	0.86
0	543	0.13	0.97	0.86
0	544	0.13	0.97	0.86
0	545	0.13	0.97	0.86
0	546	0.15	0.92	0.37
0	547	0.15	0.92	0.37
0	548	0.15	0.92	0.37
0	549	0.15	0.92	0.37
0	550	0.15	0.92	0.37
0	551	0.15	0.92	0.37
0	552	0.26	0.18	0.26
0	553	0.26	0.18	0.26
0	554	0.26	0.18	0.26
0	555	0.26	0.18	0.26
0	556	0.26	0.18	0.26
0	557	0.26	0.18	0.26
0	558	0.0	0.21	0.23
0	559	0.0	0.21	0.23
0	560	0.0	0.21	0.23
0	561	0.0	0.21	0.23
0	562	0.0	0.21	0.23
0	563	0.0	0.21	0.23
0	564	0.24	0.84	0.86
0	565	0.24	0.84	0.86
0	566	0.24	0.84	0.86
0	567	0.24	0.84	0.86
0	568	0.24	0.84	0.86
0	569	0.24	0.84	0.86
0	570	0.14	0.14	0.75
0	571	0.14	0.14	0.75
0	572	0.14	0.14	0.75
0	573	0.14	0.14	0.75
0	574	0.14	0.14	0.75
0	575	0.14	0.14	0.75
0	576	0.35	0.27	0.9
0	577	0.35	0.27	0.9
0	578	0.35	0.27	0.9
0	579	0.35	0.27	0.9
0	580	0.35	0.27	0.9
0	581	0.35	0.27	0.9
0	582	0.87	0.77	0.26
0	583	0.87	0.77	0.26
0	584	0.87	0.77	0.26
0	585	0.87	0.77	0.26
0	586	0.87	0.77	0.26
0	587	0.87	0.77	0.26
0	588	0.1	1.0	0.49
0	589	0.1	1.0	0.49
0	590	0.1	1.0	0.49
0	591	0.1	1.0	0.49
0	592	0.1	1.0	0.49
0	593	0.1	1.0	0.49
0	594	0.02	0.5	0.47
0	595	0.02	0.5	0.47
0	596	0.02	0.5	0.47
0	597	0.02	0.5	0.47
0	598	0.02	0.5	0.47
0	599	0.02	0.5	0.47
0	600	0.5	0.41	0.55
0	601	0.5	0.41	0.55
0	602	0.5	0.41	0.55
0	603	0.5	0.41	0.55
0	604	0.5	0.41	0.55
0	605	0.5	0.41	0.55
0	606	0.28	0.77	0.07
0	607	0.28	0.77	0.07
0	608	0.28	0.77	0.07
0	609	0.28	0.77	0.07
0	610	0.28	0.77	0.07
0	611	0.28	0.77	0.07
0	612	0.21	0.66	0.08
0	613	0.21	0.66	0.08
0	614	0.21	0.66	0.08
0	615	0.21	0.66	0.08
0	616	0.21	0.66	0.08
0	617	0.21	0.66	0.08
0	618	0.57	0.32	0.1
0	619	0.57	0.32	0.1
0	620	0.57	0.32	0.1
0	621	0.57	0.32	0.1
0	622	0.57	0.32	0.1
0	623	0.57	0.32	0.1
0	624	0.57	0.61	0.42
0	625	0.57	0.61	0.42
0	626	0.57	0.61	0.42
0	627	0.57	0.61	0.42
0	628	0.57	0.61	0.42
0	629	0.57	0.61	0.42
0	630	0.23	0.88	0.55
0	631	0.23	0.88	0.55
0	632	0.23	0.88	0.55
0	633	0.23	0.88	0.55
0	634	0.23	0.88	0.55
0	635	0.23	0.88	0.55
0	636	0.07	0.72	0.17
0	637	0.07	0.72	0.17
0	638	0.07	0.72	0.17
0	639	0.07	0.72	0.17
0	640	0.07	0.72	0.17
0	641	0.07	0.72	0.17
0	642	0.5	0.93	0.81
0	643	0.5	0.93	0.81
0	644	0.5	0.93	0.81
0	645	0.5	0.93	0.81
0	646	0.5	0.93	0.81
0	647	0.5	0.93	0.81
0	648	0.41	0.52	0.32
0	649	0.41	0.52	0.32
0	650	0.41	0.52	0.32
0	651	0.41	0.52	0.32
0	652	0.41	0.52	0.32
0	653	0.41	0.52	0.32
0	654	0.53	0.54	0.57
0	655	0.53	0.54	0.57
0	656	0.53	0.54	0.57
0	657	0.53	0.54	0.57
0	658	0.53	0.54	0.57
0	659	0.53	0.54	0.57
0	660	0.88	0.54	0.63
0	661	0.88	0.54	0.63
0	662	0.88	0.54	0.63
0	663	0.88	0.54	0.63
0	664	0.88	0.54	0.63
0	665	0.88	0.54	0.63
0	666	0.93	0.25	0.78
1	0	0.87	0.17	0.41
1	1	0.87	0.17	0.41
1	2	0.87	0.17	0.41
1	3	0.87	0.17	0.41
1	4	0.87	0.17	0.41
1	5	0.87	0.17	0.41
2	0	0.21	0.47	0.14
2	1	0.21	0.47	0.14
2	2	0.21	0.47	0.14
2	3	0.21	0.47	0.14
2	4	0.21	0.47	0.14
2	5	0.21	0.47	0.14
3	0	0.53	0.87	0.4
3	1	0.53	0.87	0.4
3	2	0.53	0.87	0.4
3	3	0.53	0.87	0.4
3	4	0.53	0.87	0.4
3	5	0.53	0.87	0.4
4	0	0.4	0.83	0.62
4	1	0.4	0.83	0.62
4	2	0.4	0.83	0.62
4	3	0.4	0.83	0.62
4	4	0.4	0.83	0.62
4	5	0.4	0.83	0.62
5	0	0.12	0.6	0.48
5	1	0.12	0.6	0.48
5	2	0.12	0.6	0.48
5	3	0.12	0.6	0.48
5	4	0.12	0.6	0.48
5	5	0.12	0.6	0.48
6	0	0.4	0.0	0.99
6	1	0.4	0.0	0.99
6	2	0.4	0.0	0.99
6	3	0.4	0.0	0.99
6	4	0.4	0.0	0.99
6	5	0.4	0.0	0.99
7	0	0.44	0.08	0.14
7	1	0.44	0.08	0.14
7	2	0.44	0.08	0.14
7	3	0.44	0.08	0.14
7	4	0.44	0.08	0.14
7	5	0.44	0.08	0.14
8	0	0.29	0.32	0.15
8	1	0.29	0.32	0.15
8	2	0.29	0.32	0.15
8	3	0.29	0.32	0.15
8	4	0.29	0.32	0.15
8	5	0.29	0.32	0.15
9	0	0.24	0.78	0.9
9	1	0.24	0.78	0.9
9	2	0.24	0.78	0.9
9	3	0.24	0.78	0.9
9	4	0.24	0.78	0.9
9	5	0.24	0.78	0.9
10	0	0.07	0.02	0.26
10	1	0.07	0.02	0.26
10	2	0.07	0.02	0.26
10	3	0.07	0.02	0.26
10	4	0.07	0.02	0.26
10	5	0.07	0.02	0.26
11	0	0.55	0.18	0.91
11	1	0.55	0.18	0.91
11	2	0.55	0.18	0.91
11	3	0.55	0.18	0.91
11	4	0.55	0.18	0.91
11	5	0.55	0.18	0.91
12	0	0.84	0.41	0.92
12	1	0.84	0.41	0.92
12	2	0.84	0.41	0.92
12	3	0.84	0.41	0.92
12	4	0.84	0.41	0.92
12	5	0.84	0.41	0.92
12	6	0.0	0.34	0.38
12	7	0.0	0.34	0.38
12	8	0.0	0.34	0.38
12	9	0.0	0.34	0.38
12	10	0.0	0.34	0.38
12	11	0.0	0.34	0.38
12	12	0.84	0.42	0.96
12	13	0.84	0.42	0.96
12	14	0.84	0.42	0.96
12	15	0.84	0.42	0.96
12	16	0.84	0.42	0.96
12	17	0.84	0.42	0.96
12	18	0.73	0.91	0.31
12	19	0.73	0.91	0.31
12	20	0.73	0.91	0.31
12	21	0.73	0.91	0.31
12	22	0.73	0.91	0.31
12	23	0.73	0.91	0.31
12	24	0.06	0.1	0.47
12	25	0.06	0.1	0.47
12	26	0.06	0.1	0.47
12	27	0.06	0.1	0.47
12	28	0.06	0.1	0.47
12	29	0.06	0.1	0.47
12	30	0.5	0.89	0.87
12	31	0.5	0.89	0.87
12	32	0.5	0.89	0.87
12	33	0.5	0.89	0.87
12	34	0.5	0.89	0.87
12	35	0.5	0.89	0.87
12	36	0.79	0.99	0.34
12	37	0.79	0.99	0.34
12	38	0.79	0.99	0.34
12	39	0.79	0.99	0.34
12	40	0.79	0.99	0.34
12	41	0.79	0.99	0.34
12	42	0.13	0.08	0.59
12	43	0.13	0.08	0.59
12	44	0.13	0.08	0.59
12	45	0.13	0.08	0.59
12	46	0.13	0.08	0.59
12	47	0.13	0.08	0.59
12	48	0.24	0.05	0.03
12	49	0.24	0.05	0.03
12	50	0.24	0.05	0.03
12	51	0.24	0.05	0.03
12	52	0.24	0.05	0.03
12	53	0.24	0.05	0.03
12	54	0.54	0.96	0.88
12	55	0.54	0.96	0.88
12	56	0.54	0.96	0.88
12	57	0.54	0.96	0.88
12	58	0.54	0.96	0.88
12	59	0.54	0.96	0.88
12	60	0.04	0.59	0.18
12	61	0.04	0.59	0.18
12	62	0.04	0.59	0.18
12	63	0.04	0.59	0.18
12	64	0.04	0.59	0.18
12	65	0.04	0.59	0.18
12	66	0.18	0.9	0.9
12	67	0.18	0.9	0.9
12	68	0.18	0.9	0.9
12	69	0.18	0.9	0.9
12	70	0.18	0.9	0.9
12	71	0.18	0.9	0.9
12	72	0.03	0.34	0.58
12	73	0.03	0.34	0.58
12	74	0.03	0.34	0.58
12	75	0.03	0.34	0.58
12	76	0.03	0.34	0.58
12	77	0.03	0.34	0.58
12	78	0.23	0.9	0.64
12	79	0.23	0.9	0.64
12	80	0.23	0.9	0.64
12	81	0.23	0.9	0.64
12	82	0.23	0.9	0.64
12	83	0.23	0.9	0.64
12	84	0.6	0.54	0.63
12	85	0.6	0.54	0.63
12	86	0.6	0.54	0.63
12	87	0.6	0.54	0.63
12	88	0.6	0.54	0.63
12	89	0.6	0.54	0.63
12	90	0.78	0.12	0.96
12	91	0.78	0.12	0.96
12	92	0.78	0.12	0.96
12	93	0.78	0.12	0.96
12	94	0.78	0.12	0.96
12	95	0.78	0.12	0.96
12	96	0.93	0.67	0.53
12	97	0.93	0.67	0.53
12	98	0.93	0.67	0.53
12	99	0.93	0.67	0.53
12	100	0.93	0.67	0.53
12	101	0.93	0.67	0.53
12	102	0.68	0.95	0.32
12	103	0.68	0.95	0.32
12	104	0.68	0.95	0.32
12	105	0.68	0.95	0.32
12	106	0.68	0.95	0.32
12	107	0.68	0.95	0.32
12	108	0.11	0.73	0.89
12	109	0.11	0.73	0.89
12	110	0.11	0.73	0.89
12	111	0.11	0.73	0.89
12	112	0.11	0.73	0.89
12	113	0.11	0.73	0.89
12	114	0.48	0.34	0.01
12	115	0.48	0.34	0.01
12	116	0.48	0.34	0.01
12	117	0.48	0.34	0.01
12	118	0.48	0.34	0.01
12	119	0.48	0.34	0.01
12	120	0.46	0.53	0.4
12	121	0.46	0.53	0.4
12	122	0.46	0.53	0.4
12	123	0.46	0.53	0.4
12	124	0.46	0.53	0.4
12	125	0.46	0.53	0.4
12	126	0.63	0.83	0.21
12	127	0.63	0.83	0.21
12	128	0.63	0.83	0.21
12	129	0.63	0.83	0.21
12	130	0.63	0.83	0.21
12	131	0.63	0.83	0.21
12	132	0.87	0.61	0.1
12	133	0.87	0.61	0.1
12	134	0.87	0.61	0.1
12	135	0.87	0.61	0.1
12	136	0.87	0.61	0.1
12	137	0.87	0.61	0.1
12	138	0.89	0.78	0.75
12	139	0.89	0.78	0.75
12	140	0.89	0.78	0.75
12	141	0.89	0.78	0.75
12	142	0.89	0.78	0.75
12	143	0.89	0.78	0.75
12	144	0.58	0.31	0.09
12	145	0.58	0.31	0.09
12	146	0.58	0.31	0.09
12	147	0.58	0.31	0.09
12	148	0.58	0.31	0.09
12	149	0.58	0.31	0.09
12	150	0.9	0.38	0.48
12	151	0.9	0.38	0.48
12	152	0.9	0.38	0.48
12	153	0.9	0.38	0.48
12	154	0.9	0.38	0.48
12	155	0.9	0.38	0.48
12	156	0.93	0.71	0.81
12	157	0.93	0.71	0.81
12	158	0.93	0.71	0.81
12	159	0.93	0.71	0.81
12	160	0.93	0.71	0.81
12	161	0.93	0.71	0.81
12	162	0.21	0.5	0.96
12	163	0.21	0.5	0.96
12	164	0.21	0.5	0.96
12	165	0.21	0.5	0.96
12	166	0.21	0.5	0.96
12	167	0.21	0.5	0.96
12	168	0.21	0.44	0.77
12	169	0.21	0.44	0.77
12	170	0.21	0.44	0.77
12	171	0.21	0.44	0.77
12	172	0.21	0.44	0.77
12	173	0.21	0.44	0.77
12	174	0.99	0.29	0.63
12	175	0.99	0.29	0.63
12	176	0.99	0.29	0.63
12	177	0.99	0.29	0.63
12	178	0.99	0.29	0.63
12	179	0.99	0.29	0.63
12	180	0.26	0.4	0.28
12	181	0.26	0.4	0.28
12	182	0.26	0.4	0.28
12	183	0.26	0.4	0.28
12	184	0.26	0.4	0.28
12	185	0.26	0.4	0.28
12	186	0.27	0.92	0.37
12	187	0.27	0.92	0.37
12	188	0.27	0.92	0.37
12	189	0.27	0.92	0.37
12	190	0.27	0.92	0.37
12	191	0.27	0.92	0.37
12	192	0.53	0.02	0.39
12	193	0.53	0.02	0.39
12	194	0.53	0.02	0.39
12	195	0.53	0.02	0.39
12	196	0.53	0.02	0.39
12	197	0.53	0.02	0.39
12	198	0.35	0.48	0.93
12	199	0.35	0.48	0.93
12	200	0.35	0.48	0.93
12	201	0.35	0.48	0.93
12	202	0.35	0.48	0.93
12	203	0.35	0.48	0.93
12	204	0.61	0.74	0.2
12	205	0.61	0.74	0.2
12	206	0.61	0.74	0.2
12	207	0.61	0.74	0.2
12	208	0.61	0.74	0.2
12	209	0.61	0.74	0.2
12	210	0.93	0.1	0.71
12	211	0.93	0.1	0.71
12	212	0.93	0.1	0.71
12	213	0.93	0.1	0.71
12	214	0.93	0.1	0.71
12	215	0.93	0.1	0.71
12	216	0.17	0.85	0.6
12	217	0.17	0.85	0.6
12	218	0.17	0.85	0.6
12	219	0.17	0.85	0.6
12	220	0.17	0.85	0.6
12	221	0.17	0.85	0.6
12	222	0.38	0.78	0.62
12	223	0.38	0.78	0.62
12	224	0.38	0.78	0.62
12	225	0.38	0.78	0.62
12	226	0.38	0.78	0.62
12	227	0.38	0.78	0.62
12	228	0.3	0.67	0.13
12	229	0.3	0.67	0.13
12	230	0.3	0.67	0.13
12	231	0.3	0.67	0.13
12	232	0.3	0.67	0.13
12	233	0.3	0.67	0.13
12	234	0.77	0.28	0.36
12	235	0.77	0.28	0.36
12	236	0.77	0.28	0.36
12	237	0.77	0.28	0.36
12	238	0.77	0.28	0.36
12	239	0.77	0.28	0.36
12	240	0.91	0.11	0.82
12	241	0.91	0.11	0.82
12	242	0.91	0.11	0.82
12	243	0.91	0.11	0.82
12	244	0.91	0.11	0.82
12	245	0.91	0.11	0.82
12	246	0.26	0.79	0.74
12	247	0.26	0.79	0.74
12	248	0.26	0.79	0.74
12	249	0.26	0.79	0.74
12	250	0.26	0.79	0.74
12	251	0.26	0.79	0.74
12	252	0.4	0.24	0.24
12	253	0.4	0.24	0.24
12	254	0.4	0.24	0.24
12	255	0.4	0.24	0.24
12	256	0.4	0.24	0.24
12	257	0.4	0.24	0.24
12	258	0.52	0.57	0.65
12	259	0.52	0.57	0.65
12	260	0.52	0.57	0.65
12	261	0.52	0.57	0.65
12	262	0.52	0.57	0.65
12	263	0.52	0.57	0.65
12	264	0.56	0.44	0.99
12	265	0.56	0.44	0.99
12	266	0.56	0.44	0.99
12	267	0.56	0.44	0.99
12	268	0.56	0.44	0.99
12	269	0.56	0.44	0.99
12	270	0.17	0.6	0.19
12	271	0.17	0.6	0.19
12	272	0.17	0.6	0.19
12	273	0.17	0.6	0.19
12	274	0.17	0.6	0.19
12	275	0.17	0.6	0.19
12	276	0.53	0.71	0.22
12	277	0.53	0.71	0.22
12	278	0.53	0.71	0.22
12	279	0.53	0.71	0.22
12	280	0.53	0.71	0.22
12	281	0.53	0.71	0.22
12	282	0.44	0.52	0.79
12	283	0.44	0.52	0.79
12	284	0.44	0.52	0.79
12	285	0.44	0.52	0.79
12	286	0.44	0.52	0.79
12	287	0.44	0.52	0.79
12	288	0.61	0.34	0.3
12	289	0.61	0.34	0.3
12	290	0.61	0.34	0.3
12	291	0.61	0.34	0.3
12	292	0.61	0.34	0.3
12	293	0.61	0.34	0.3
12	294	0.57	0.82	0.03
12	295	0.57	0.82	0.03
12	296	0.57	0.82	0.03
12	297	0.57	0.82	0.03
12	298	0.57	0.82	0.03
12	299	0.57	0.82	0.03
12	300	0.61	0.69	0.99
12	301	0.61	0.69	0.99
12	302	0.61	0.69	0.99
12	303	0.61	0.69	0.99
12	304	0.61	0.69	0.99
12	305	0.61	0.69	0.99
12	306	0.14	0.17	0.67
12	307	0.14	0.17	0.67
12	308	0.14	0.17	0.67
12	309	0.14	0.17	0.67
12	310	0.14	0.17	0.67
12	311	0.14	0.17	0.67
12	312	0.23	0.76	1.0
12	313	0.23	0.76	1.0
12	314	0.23	0.76	1.0
12	315	0.23	0.76	1.0
12	316	0.23	0.76	1.0
12	317	0.23	0.76	1.0
12	318	0.86	0.84	0.56
12	319	0.86	0.84	0.56
12	320	0.86	0.84	0.56
12	321	0.86	0.84	0.56
12	322	0.86	0.84	0.56
12	323	0.86	0.84	0.56
12	324	0.06	0.77	0.2
12	325	0.06	0.77	0.2
12	326	0.06	0.77	0.2
12	327	0.06	0.77	0.2
12	328	0.06	0.77	0.2
12	329	0.06	0.77	0.2
12	330	0.57	0.05	0.98
12	331	0.57	0.05	0.98
12	332	0.57	0.05	0.98
12	333	0.57	0.05	0.98
12	334	0.57	0.05	0.98
12	335	0.57	0.05	0.98
12	336	0.53	0.77	0.42
12	337	0.53	0.77	0.42
12	338	0.53	0.77	0.42
12	339	0.53	0.77	0.42
12	340	0.53	0.77	0.42
12	341	0.53	0.77	0.42
12	342	0.92	0.91	0.9
12	343	0.92	0.91	0.9
12	344	0.92	0.91	0.9
12	345	0.92	0.91	0.9
12	346	0.92	0.91	0.9
12	347	0.92	0.91	0.9
12	348	0.72	0.93	0.19
12	349	0.72	0.93	0.19
12	350	0.72	0.93	0.19
12	351	0.72	0.93	0.19
12	352	0.72	0.93	0.19
12	353	0.72	0.93	0.19
12	354	0.22	0.49	0.06
12	355	0.22	0.49	0.06
12	356	0.22	0.49	0.06
12	357	0.22	0.49	0.06
12	358	0.22	0.49	0.06
12	359	0.22	0.49	0.06
12	360	0.51	0.95	0.93
12	361	0.51	0.95	0.93
12	362	0.51	0.95	0.93
12	363	0.51	0.95	0.93
12	364	0.51	0.95	0.93
12	365	0.51	0.95	0.93
12	366	0.74	0.23	0.39
12	367	0.74	0.23	0.39
12	368	0.74	0.23	0.39
12	369	0.74	0.23	0.39
12	370	0.74	0.23	0.39
12	371	0.74	0.23	0.39
12	372	0.0	0.41	0.09
12	373	0.0	0.41	0.09
12	374	0.0	0.41	0.09
12	375	0.0	0.41	0.09
12	376	0.0	0.41	0.09
12	377	0.0	0.41	0.09
12	378	0.11	0.31	0.99
12	379	0.11	0.31	0.99
12	380	0.11	0.31	0.99
12	381	0.11	0.31	0.99
12	382	0.11	0.31	0.99
12	383	0.11	0.31	0.99
12	384	0.51	0.95	0.96
12	385	0.51	0.95	0.96
12	386	0.51	0.95	0.96
12	387	0.51	0.95	0.96
12	388	0.51	0.95	0.96
12	389	0.51	0.95	0.96
12	390	0.76	0.77	0.34
12	391	0.76	0.77	0.34
12	392	0.76	0.77	0.34
12	393	0.76	0.77	0.34
12	394	0.76	0.77	0.34
12	395	0.76	0.77	0.34
12	396	0.73	0.52	0.22
12	397	0.73	0.52	0.22
12	398	0.73	0.52	0.22
12	399	0.73	0.52	0.22
12	400	0.73	0.52	0.22
12	401	0.73	0.52	0.22
12	402	0.72	0.93	0.65
12	403	0.72	0.93	0.65
12	404	0.72	0.93	0.65
12	405	0.72	0.93	0.65
12	406	0.72	0.93	0.65
12	407	0.72	0.93	0.65
12	408	0.72	0.3	0.41
12	409	0.72	0.3	0.41
12	410	0.72	0.3	0.41
12	411	0.72	0.3	0.41
12	412	0.72	0.3	0.41
12	413	0.72	0.3	0.41
12	414	0.87	0.92	0.85
12	415	0.87	0.92	0.85
12	416	0.87	0.92	0.85
12	417	0.87	0.92	0.85
12	418	0.87	0.92	0.85
12	419	0.87	0.92	0.85
12	420	0.35	0.33	0.48
12	421	0.35	0.33	0.48
12	422	0.35	0.33	0.48
12	423	0.35	0.33	0.48
12	424	0.35	0.33	0.48
12	425	0.35	0.33	0.48
12	426	0.74	0.49	0.16
12	427	0.74	0.49	0.16
12	428	0.74	0.49	0.16
12	429	0.74	0.49	0.16
12	430	0.74	0.49	0.16
12	431	0.74	0.49	0.16
12	432	0.35	0.51	0.27
12	433	0.35	0.51	0.27
12	434	0.35	0.51	0.27
12	435	0.35	0.51	0.27
12	436	0.35	0.51	0.27
12	437	0.35	0.51	0.27
12	438	0.0	0.87	0.13
12	439	0.0	0.87	0.13
12	440	0.0	0.87	0.13
12	441	0.0	0.87	0.13
12	442	0.0	0.87	0.13
12	443	0.0	0.87	0.13
12	444	0.46	0.26	0.57
12	445	0.46	0.26	0.57
12	446	0.46	0.26	0.57
12	447	0.46	0.26	0.57
12	448	0.46	0.26	0.57
12	449	0.46	0.26	0.57
12	450	0.2	0.57	0.11
12	451	0.2	0.57	0.11
12	452	0.2	0.57	0.11
12	453	0.2	0.57	0.11
12	454	0.2	0.57	0.11
12	455	0.2	0.57	0.11
12	456	0.62	0.27	0.66
12	457	0.62	0.27	0.66
12	458	0.62	0.27	0.66
12	459	0.62	0.27	0.66
12	460	0.62	0.27	0.66
12	461	0.62	0.27	0.66
12	462	0.7	0.17	0.5
12	463	0.7	0.17	0.5
12	464	0.7	0.17	0.5
12	465	0.7	0.17	0.5
12	466	0.7	0.17	0.5
12	467	0.7	0.17	0.5
12	468	0.33	0.08	0.08
12	469	0.33	0.08	0.08
12	470	0.33	0.08	0.08
12	471	0.33	0.08	0.08
12	472	0.33	0.08	0.08
12	473	0.33	0.08	0.08
12	474	0.21	0.57	0.79
12	475	0.21	0.57	0.79
12	476	0.21	0.57	0.79
12	477	0.21	0.57	0.79
12	478	0.21	0.57	0.79
12	479	0.21	0.57	0.79
12	480	0.99	0.4	0.72
12	481	0.99	0.4	0.72
12	482	0.99	0.4	0.72
12	483	0.99	0.4	0.72
12	484	0.99	0.4	0.72
12	485	0.99	0.4	0.72
12	486	0.07	0.39	0.45
12	487	0.07	0.39	0.45
12	488	0.07	0.39	0.45
12	489	0.07	0.39	0.45
12	490	0.07	0.39	0.45
12	491	0.07	0.39	0.45
12	492	0.44	0.55	0.41
12	493	0.44	0.55	0.41
12	494	0.44	0.55	0.41
12	495	0.44	0.55	0.41
12	496	0.44	0.55	0.41
12	497	0.44	0.55	0.41
12	498	0.76	0.36	0.21
12	499	0.76	0.36	0.21
12	500	0.76	0.36	0.21
12	501	0.76	0.36	0.21
12	502	0.76	0.36	0.21
12	503	0.76	0.36	0.21
12	504	0.38	0.4	0.34
12	505	0.38	0.4	0.34
12	506	0.38	0.4	0.34
12	507	0.38	0.4	0.34
12	508	0.38	0.4	0.34
12	509	0.38	0.4	0.34
12	510	0.08	0.17	0.03
12	511	0.08	0.17	0.03
12	512	0.08	0.17	0.03
12	513	0.08	0.17	0.03
12	514	0.08	0.17	0.03
12	515	0.08	0.17	0.03
12	516	0.55	0.7	0.03
12	517	0.55	0.7	0.03
12	518	0.55	0.7	0.03
12	519	0.55	0.7	0.03
12	520	0.55	0.7	0.03
12	521	0.55	0.7	0.03
12	522	0.42	0.99	0.08
12	523	0.42	0.99	0.08
12	524	0.42	0.99	0.08
12	525	0.42	0.99	0.08
12	526	0.42	0.99	0.08
12	527	0.42	0.99	0.08
12	528	0.79	0.87	0.5
12	529	0.79	0.87	0.5
12	530	0.79	0.87	0.5
12	531	0.79	0.87	0.5
12	532	0.79	0.87	0.5
12	533	0.79	0.87	0.5
12	534	0.2	0.85	0.2
12	535	0.2	0.85	0.2
12	536	0.2	0.85	0.2
12	537	0.2	0.85	0.2
12	538	0.2	0.85	0.2
12	539	0.2	0.85	0.2
12	540	0.58	0.49	0.42
12	541	0.58	0.49	0.42
12	542	0.58	0.49	0.42
12	543	0.58	0.49	0.42
12	544	0.58	0.49	0.42
12	545	0.58	0.49	0.42
12	546	0.04	0.8	0.78
12	547	0.04	0.8	0.78
12	548	0.04	0.8	0.78
12	549	0.04	0.8	0.78
12	550	0.04	0.8	0.78
12	551	0.04	0.8	0.78
12	552	0.52	0.11	0.0
12	553	0.52	0.11	0.0
12	554	0.52	0.11	0.0
12	555	0.52	0.11	0.0
12	556	0.52	0.11	0.0
12	557	0.52	0.11	0.0
12	558	0.29	0.95	0.21
12	559	0.29	0.95	0.21
12	560	0.29	0.95	0.21
12	561	0.29	0.95	0.21
12	562	0.29	0.95	0.21
12	563	0.29	0.95	0.21
12	564	0.13	0.5	0.73
12	565	0.13	0.5	0.73
12	566	0.13	0.5	0.73
12	567	0.13	0.5	0.73
12	568	0.13	0.5	0.73
12	569	0.13	0.5	0.73
12	570	0.04	0.84	0.24
12	571	0.04	0.84	0.24
12	572	0.04	0.84	0.24
12	573	0.04	0.84	0.24
12	574	0.04	0.84	0.24
12	575	0.04	0.84	0.24
12	576	0.43	0.49	0.36
12	577	0.43	0.49	0.36
12	578	0.43	0.49	0.36
12	579	0.43	0.49	0.36
12	580	0.43	0.49	0.36
12	581	0.43	0.49	0.36
12	588	0.33	0.23	0.5
12	589	0.33	0.23	0.5
12	590	0.33	0.23	0.5
12	591	0.33	0.23	0.5
12	592	0.33	0.23	0.5
12	593	0.33	0.23	0.5
12	594	0.73	0.02	0.65
12	595	0.73	0.02	0.65
12	596	0.73	0.02	0.65
12	597	0.73	0.02	0.65
12	598	0.73	0.02	0.65
12	599	0.73	0.02	0.65
12	600	0.06	0.3	0.71
12	601	0.06	0.3	0.71
12	602	0.06	0.3	0.71
12	603	0.06	0.3	0.71
12	604	0.06	0.3	0.71
12	605	0.06	0.3	0.71
12	606	0.27	0.74	0.39
12	607	0.27	0.74	0.39
12	608	0.27	0.74	0.39
12	609	0.27	0.74	0.39
12	610	0.27	0.74	0.39
12	611	0.27	0.74	0.39
12	612	0.85	0.52	0.34
12	613	0.85	0.52	0.34
12	614	0.85	0.52	0.34
12	615	0.85	0.52	0.34
12	616	0.85	0.52	0.34
12	617	0.85	0.52	0.34
12	618	0.33	0.05	0.14
12	619	0.33	0.05	0.14
12	620	0.33	0.05	0.14
12	621	0.33	0.05	0.14
12	622	0.33	0.05	0.14
12	623	0.33	0.05	0.14
12	624	0.14	0.77	0.78
12	625	0.14	0.77	0.78
12	626	0.14	0.77	0.78
12	627	0.14	0.77	0.78
12	628	0.14	0.77	0.78
12	629	0.14	0.77	0.78
12	630	0.39	0.92	0.82
12	631	0.39	0.92	0.82
12	632	0.39	0.92	0.82
12	633	0.39	0.92	0.82
12	634	0.39	0.92	0.82
12	635	0.39	0.92	0.82
12	636	0.58	0.69	0.91
12	637	0.58	0.69	0.91
12	638	0.58	0.69	0.91
12	639	0.58	0.69	0.91
12	640	0.58	0.69	0.91
12	641	0.58	0.69	0.91
12	642	0.16	0.22	0.08
12	643	0.16	0.22	0.08
12	644	0.16	0.22	0.08
12	645	0.16	0.22	0.08
12	646	0.16	0.22	0.08
12	647	0.16	0.22	0.08
12	648	0.91	0.51	0.04
12	649	0.91	0.51	0.04
12	650	0.91	0.51	0.04
12	651	0.91	0.51	0.04
12	652	0.91	0.51	0.04
12	653	0.91	0.51	0.04
12	654	0.79	0.71	0.37
12	655	0.79	0.71	0.37
12	656	0.79	0.71	0.37
12	657	0.79	0.71	0.37
12	658	0.79	0.71	0.37
12	659	0.79	0.71	0.37
12	660	0.11	0.24	0.09
12	661	0.11	0.24	0.09
12	662	0.11	0.24	0.09
12	663	0.11	0.24	0.09
12	664	0.11	0.24	0.09
12	665	0.11	0.24	0.09
12	666	0.12	0.2	0.35
13	0	0.98	0.64	0.72
13	1	0.98	0.64	0.72
13	2	0.98	0.64	0.72
13	3	0.98	0.64	0.72
13	4	0.98	0.64	0.72
13	5	0.98	0.64	0.72
14	0	0.39	0.26	0.97
14	1	0.39	0.26	0.97
14	2	0.39	0.26	0.97
14	3	0.39	0.26	0.97
14	4	0.39	0.26	0.97
14	5	0.39	0.26	0.97
15	0	0.65	0.09	0.19
15	1	0.65	0.09	0.19
15	2	0.65	0.09	0.19
15	3	0.65	0.09	0.19
15	4	0.65	0.09	0.19
15	5	0.65	0.09	0.19
16	0	0.56	0.81	0.43
16	1	0.56	0.81	0.43
16	2	0.56	0.81	0.43
16	3	0.56	0.81	0.43
16	4	0.56	0.81	0.43
16	5	0.56	0.81	0.43
17	0	0.86	0.25	0.38
17	1	0.86	0.25	0.38
17	2	0.86	0.25	0.38
17	3	0.86	0.25	0.38
17	4	0.86	0.25	0.38
17	5	0.86	0.25	0.38
18	0	0.81	0.05	0.12
18	1	0.81	0.05	0.12
18	2	0.81	0.05	0.12
18	3	0.81	0.05	0.12
18	4	0.81	0.05	0.12
18	5	0.81	0.05	0.12
19	0	0.05	0.19	0.76
19	1	0.05	0.19	0.76
19	2	0.05	0.19	0.76
19	3	0.05	0.19	0.76
19	4	0.05	0.19	0.76
19	5	0.05	0.19	0.76
20	0	0.09	0.05	0.56
20	1	0.09	0.05	0.56
20	2	0.09	0.05	0.56
20	3	0.09	0.05	0.56
20	4	0.09	0.05	0.56
20	5	0.09	0.05	0.56
21	0	0.99	0.3	0.96
21	1	0.99	0.3	0.96
21	2	0.99	0.3	0.96
21	3	0.99	0.3	0.96
21	4	0.99	0.3	0.96
21	5	0.99	0.3	0.96
22	0	0.95	0.55	0.82
22	1	0.95	0.55	0.82
22	2	0.95	0.55	0.82
22	3	0.95	0.55	0.82
22	4	0.95	0.55	0.82
22	5	0.95	0.55	0.82
23	0	0.5	0.88	0.73
23	1	0.5	0.88	0.73
23	2	0.5	0.88	0.73
23	3	0.5	0.88	0.73
23	4	0.5	0.88	0.73
23	5	0.5	0.88	0.73
24	0	0.85	0.51	0.79
24	1	0.85	0.51	0.79
24	2	0.85	0.51	0.79
24	3	0.85	0.51	0.79
24	4	0.85	0.51	0.79
24	5	0.85	0.51	0.79
25	0	0.08	0.38	0.65
25	1	0.08	0.38	0.65
25	2	0.08	0.38	0.65
25	3	0.08	0.38	0.65
25	4	0.08	0.38	0.65
25	5	0.08	0.38	0.65
26	0	0.66	0.12	0.31
26	1	0.66	0.12	0.31
26	2	0.66	0.12	0.31
26	3	0.66	0.12	0.31
26	4	0.66	0.12	0.31
26	5	0.66	0.12	0.31
27	0	0.83	0.69	0.19
27	1	0.83	0.69	0.19
27	2	0.83	0.69	0.19
27	3	0.83	0.69	0.19
27	4	0.83	0.69	0.19
27	5	0.83	0.69	0.19
28	0	0.7	0.1	0.57
28	1	0.7	0.1	0.57
28	2	0.7	0.1	0.57
28	3	0.7	0.1	0.57
28	4	0.7	0.1	0.57
28	5	0.7	0.1	0.57
29	0	0.7	0.53	0.95
29	1	0.7	0.53	0.95
29	2	0.7	0.53	0.95
29	3	0.7	0.53	0.95
29	4	0.7	0.53	0.95
29	5	0.7	0.53	0.95
30	0	0.24	0.81	0.41
30	1	0.24	0.81	0.41
30	2	0.24	0.81	0.41
30	3	0.24	0.81	0.41
30	4	0.24	0.81	0.41
30	5	0.24	0.81	0.41
31	0	0.31	0.28	0.25
31	1	0.31	0.28	0.25
31	2	0.31	0.28	0.25
31	3	0.31	0.28	0.25
31	4	0.31	0.28	0.25
31	5	0.31	0.28	0.25
32	0	0.12	0.18	0.02
32	1	0.12	0.18	0.02
32	2	0.12	0.18	0.02
32	3	0.12	0.18	0.02
32	4	0.12	0.18	0.02
32	5	0.12	0.18	0.02
33	0	0.29	0.74	0.58
33	1	0.29	0.74	0.58
33	2	0.29	0.74	0.58
33	3	0.29	0.74	0.58
33	4	0.29	0.74	0.58
33	5	0.29	0.74	0.58
34	0	0.34	0.93	0.15
34	1	0.34	0.93	0.15
34	2	0.34	0.93	0.15
34	3	0.34	0.93	0.15
34	4	0.34	0.93	0.15
34	5	0.34	0.93	0.15
35	0	0.82	0.83	0.05
35	1	0.82	0.83	0.05
35	2	0.82	0.83	0.05
35	3	0.82	0.83	0.05
35	4	0.82	0.83	0.05
35	5	0.82	0.83	0.05
36	0	0.27	0.47	0.79
36	1	0.27	0.47	0.79
36	2	0.27	0.47	0.79
36	3	0.27	0.47	0.79
36	4	0.27	0.47	0.79
36	5	0.27	0.47	0.79
37	0	0.61	0.75	0.04
37	1	0.61	0.75	0.04
37	2	0.61	0.75	0.04
37	3	0.61	0.75	0.04
37	4	0.61	0.75	0.04
37	5	0.61	0.75	0.04
38	0	0.15	0.19	0.97
38	1	0.15	0.19	0.97
38	2	0.15	0.19	0.97
38	3	0.15	0.19	0.97
38	4	0.15	0.19	0.97
38	5	0.15	0.19	0.97
39	0	0.78	0.12	0.02
39	1	0.78	0.12	0.02
39	2	0.78	0.12	0.02
39	3	0.78	0.12	0.02
39	4	0.78	0.12	0.02
39	5	0.78	0.12	0.02
40	0	0.72	0.63	0.49
40	1	0.72	0.63	0.49
40	2	0.72	0.63	0.49
40	3	0.72	0.63	0.49
40	4	0.72	0.63	0.49
40	5	0.72	0.63	0.49
41	0	0.57	0.06	0.82
41	1	0.57	0.06	0.82
41	2	0.57	0.06	0.82
41	3	0.57	0.06	0.82
41	4	0.57	0.06	0.82
41	5	0.57	0.06	0.82
42	0	0.83	0.21	0.43
42	1	0.83	0.21	0.43
42	2	0.83	0.21	0.43
42	3	0.83	0.21	0.43
42	4	0.83	0.21	0.43
42	5	0.83	0.21	0.43
42	6	0.32	0.25	0.91
42	7	0.32	0.25	0.91
42	8	0.32	0.25	0.91
42	9	0.32	0.25	0.91
42	10	0.32	0.25	0.91
42	11	0.32	0.25	0.91
42	12	0.13	0.44	0.91
42	13	0.13	0.44	0.91
42	14	0.13	0.44	0.91
42	15	0.13	0.44	0.91
42	16	0.13	0.44	0.91
42	17	0.13	0.44	0.91
42	18	0.27	0.07	0.29
42	19	0.27	0.07	0.29
42	20	0.27	0.07	0.29
42	21	0.27	0.07	0.29
42	22	0.27	0.07	0.29
42	23	0.27	0.07	0.29
42	24	0.81	0.64	0.78
42	25	0.81	0.64	0.78
42	26	0.81	0.64	0.78
42	27	0.81	0.64	0.78
42	28	0.81	0.64	0.78
42	29	0.81	0.64	0.78
42	30	0.99	0.91	0.48
42	31	0.99	0.91	0.48
42	32	0.99	0.91	0.48
42	33	0.99	0.91	0.48
42	34	0.99	0.91	0.48
42	35	0.99	0.91	0.48
42	36	0.06	0.58	0.07
42	37	0.06	0.58	0.07
42	38	0.06	0.58	0.07
42	39	0.06	0.58	0.07
42	40	0.06	0.58	0.07
42	41	0.06	0.58	0.07
42	42	0.06	0.68	0.13
42	43	0.06	0.68	0.13
42	44	0.06	0.68	0.13
42	45	0.06	0.68	0.13
42	46	0.06	0.68	0.13
42	47	0.06	0.68	0.13
42	48	0.68	0.97	0.2
42	49	0.68	0.97	0.2
42	50	0.68	0.97	0.2
42	51	0.68	0.97	0.2
42	52	0.68	0.97	0.2
42	53	0.68	0.97	0.2
42	54	0.25	0.29	0.21
42	55	0.25	0.29	0.21
42	56	0.25	0.29	0.21
42	57	0.25	0.29	0.21
42	58	0.25	0.29	0.21
42	59	0.25	0.29	0.21
42	60	0.3	0.18	0.27
42	61	0.3	0.18	0.27
42	62	0.3	0.18	0.27
42	63	0.3	0.18	0.27
42	64	0.3	0.18	0.27
42	65	0.3	0.18	0.27
42	66	0.59	0.57	0.98
42	67	0.59	0.57	0.98
42	68	0.59	0.57	0.98
42	69	0.59	0.57	0.98
42	70	0.59	0.57	0.98
42	71	0.59	0.57	0.98
42	72	0.82	0.89	0.91
42	73	0.82	0.89	0.91
42	74	0.82	0.89	0.91
42	75	0.82	0.89	0.91
42	76	0.82	0.89	0.91
42	77	0.82	0.89	0.91
42	78	0.79	0.16	0.48
42	79	0.79	0.16	0.48
42	80	0.79	0.16	0.48
42	81	0.79	0.16	0.48
42	82	0.79	0.16	0.48
42	83	0.79	0.16	0.48
42	84	0.29	0.3	0.56
42	85	0.29	0.3	0.56
42	86	0.29	0.3	0.56
42	87	0.29	0.3	0.56
42	88	0.29	0.3	0.56
42	89	0.29	0.3	0.56
42	90	0.24	0.48	0.37
42	91	0.24	0.48	0.37
42	92	0.24	0.48	0.37
42	93	0.24	0.48	0.37
42	94	0.24	0.48	0.37
42	95	0.24	0.48	0.37
42	96	0.99	0.48	0.46
42	97	0.99	0.48	0.46
42	98	0.99	0.48	0.46
42	99	0.99	0.48	0.46
42	100	0.99	0.48	0.46
42	101	0.99	0.48	0.46
42	102	0.25	0.25	0.94
42	103	0.25	0.25	0.94
42	104	0.25	0.25	0.94
42	105	0.25	0.25	0.94
42	106	0.25	0.25	0.94
42	107	0.25	0.25	0.94
42	108	0.98	0.66	0.57
42	109	0.98	0.66	0.57
42	110	0.98	0.66	0.57
42	111	0.98	0.66	0.57
42	112	0.98	0.66	0.57
42	113	0.98	0.66	0.57
42	114	0.55	0.41	0.03
42	115	0.55	0.41	0.03
42	116	0.55	0.41	0.03
42	117	0.55	0.41	0.03
42	118	0.55	0.41	0.03
42	119	0.55	0.41	0.03
42	120	0.23	0.6	0.78
42	121	0.23	0.6	0.78
42	122	0.23	0.6	0.78
42	123	0.23	0.6	0.78
42	124	0.23	0.6	0.78
42	125	0.23	0.6	0.78
42	126	0.46	0.21	0.38
42	127	0.46	0.21	0.38
42	128	0.46	0.21	0.38
42	129	0.46	0.21	0.38
42	130	0.46	0.21	0.38
42	131	0.46	0.21	0.38
42	132	0.12	0.09	0.27
42	133	0.12	0.09	0.27
42	134	0.12	0.09	0.27
42	135	0.12	0.09	0.27
42	136	0.12	0.09	0.27
42	137	0.12	0.09	0.27
42	138	0.07	0.51	0.91
42	139	0.07	0.51	0.91
42	140	0.07	0.51	0.91
42	141	0.07	0.51	0.91
42	142	0.07	0.51	0.91
42	143	0.07	0.51	0.91
42	144	0.78	0.42	0.63
42	145	0.78	0.42	0.63
42	146	0.78	0.42	0.63
42	147	0.78	0.42	0.63
42	148	0.78	0.42	0.63
42	149	0.78	0.42	0.63
42	150	0.12	0.8	0.97
42	151	0.12	0.8	0.97
42	152	0.12	0.8	0.97
42	153	0.12	0.8	0.97
42	154	0.12	0.8	0.97
42	155	0.12	0.8	0.97
42	156	0.87	0.66	0.38
42	157	0.87	0.66	0.38
42	158	0.87	0.66	0.38
42	159	0.87	0.66	0.38
42	160	0.87	0.66	0.38
42	161	0.87	0.66	0.38
42	162	0.45	0.85	0.84
42	163	0.45	0.85	0.84
42	164	0.45	0.85	0.84
42	165	0.45	0.85	0.84
42	166	0.45	0.85	0.84
42	167	0.45	0.85	0.84
42	168	0.37	0.35	0.46
42	169	0.37	0.35	0.46
42	170	0.37	0.35	0.46
42	171	0.37	0.35	0.46
42	172	0.37	0.35	0.46
42	173	0.37	0.35	0.46
42	174	0.1	0.62	0.18
42	175	0.1	0.62	0.18
42	176	0.1	0.62	0.18
42	177	0.1	0.62	0.18
42	178	0.1	0.62	0.18
42	179	0.1	0.62	0.18
42	180	0.41	0.29	0.6
42	181	0.41	0.29	0.6
42	182	0.41	0.29	0.6
42	183	0.41	0.29	0.6
42	184	0.41	0.29	0.6
42	185	0.41	0.29	0.6
42	186	0.51	0.78	0.97
42	187	0.51	0.78	0.97
42	188	0.51	0.78	0.97
42	189	0.51	0.78	0.97
42	190	0.51	0.78	0.97
42	191	0.51	0.78	0.97
42	192	0.59	0.27	0.84
42	193	0.59	0.27	0.84
42	194	0.59	0.27	0.84
42	195	0.59	0.27	0.84
42	196	0.59	0.27	0.84
42	197	0.59	0.27	0.84
42	198	0.99	1.0	0.17
42	199	0.99	1.0	0.17
42	200	0.99	1.0	0.17
42	201	0.99	1.0	0.17
42	202	0.99	1.0	0.17
42	203	0.99	1.0	0.17
42	204	0.6	0.59	0.34
42	205	0.6	0.59	0.34
42	206	0.6	0.59	0.34
42	207	0.6	0.59	0.34
42	208	0.6	0.59	0.34
42	209	0.6	0.59	0.34
42	210	0.24	0.86	0.92
42	211	0.24	0.86	0.92
42	212	0.24	0.86	0.92
42	213	0.24	0.86	0.92
42	214	0.24	0.86	0.92
42	215	0.24	0.86	0.92
42	216	0.94	0.87	0.35
42	217	0.94	0.87	0.35
42	218	0.94	0.87	0.35
42	219	0.94	0.87	0.35
42	220	0.94	0.87	0.35
42	221	0.94	0.87	0.35
42	222	0.02	0.25	0.42
42	223	0.02	0.25	0.42
42	224	0.02	0.25	0.42
42	225	0.02	0.25	0.42
42	226	0.02	0.25	0.42
42	227	0.02	0.25	0.42
42	228	0.69	0.57	0.64
42	229	0.69	0.57	0.64
42	230	0.69	0.57	0.64
42	231	0.69	0.57	0.64
42	232	0.69	0.57	0.64
42	233	0.69	0.57	0.64
42	234	0.91	0.05	0.78
42	235	0.91	0.05	0.78
42	236	0.91	0.05	0.78
42	237	0.91	0.05	0.78
42	238	0.91	0.05	0.78
42	239	0.91	0.05	0.78
42	240	0.52	0.23	0.74
42	241	0.52	0.23	0.74
42	242	0.52	0.23	0.74
42	243	0.52	0.23	0.74
42	244	0.52	0.23	0.74
42	245	0.52	0.23	0.74
42	246	0.66	0.2	0.43
42	247	0.66	0.2	0.43
42	248	0.66	0.2	0.43
42	249	0.66	0.2	0.43
42	250	0.66	0.2	0.43
42	251	0.66	0.2	0.43
42	252	0.69	0.76	0.37
42	253	0.69	0.76	0.37
42	254	0.69	0.76	0.37
42	255	0.69	0.76	0.37
42	256	0.69	0.76	0.37
42	257	0.69	0.76	0.37
42	258	0.67	0.36	0.03
42	259	0.67	0.36	0.03
42	260	0.67	0.36	0.03
42	261	0.67	0.36	0.03
42	262	0.67	0.36	0.03
42	263	0.67	0.36	0.03
42	264	0.59	0.29	0.32
42	265	0.59	0.29	0.32
42	266	0.59	0.29	0.32
42	267	0.59	0.29	0.32
42	268	0.59	0.29	0.32
42	269	0.59	0.29	0.32
42	270	0.93	0.08	0.93
42	271	0.93	0.08	0.93
42	272	0.93	0.08	0.93
42	273	0.93	0.08	0.93
42	274	0.93	0.08	0.93
42	275	0.93	0.08	0.93
42	276	0.81	0.59	0.93
42	277	0.81	0.59	0.93
42	278	0.81	0.59	0.93
42	279	0.81	0.59	0.93
42	280	0.81	0.59	0.93
42	281	0.81	0.59	0.93
42	282	0.52	0.65	0.81
42	283	0.52	0.65	0.81
42	284	0.52	0.65	0.81
42	285	0.52	0.65	0.81
42	286	0.52	0.65	0.81
42	287	0.52	0.65	0.81
42	288	0.63	0.63	0.77
42	289	0.63	0.63	0.77
42	290	0.63	0.63	0.77
42	291	0.63	0.63	0.77
42	292	0.63	0.63	0.77
42	293	0.63	0.63	0.77
42	294	0.96	0.3	0.56
42	295	0.96	0.3	0.56
42	296	0.96	0.3	0.56
42	297	0.96	0.3	0.56
42	298	0.96	0.3	0.56
42	299	0.96	0.3	0.56
42	300	0.67	0.76	0.53
42	301	0.67	0.76	0.53
42	302	0.67	0.76	0.53
42	303	0.67	0.76	0.53
42	304	0.67	0.76	0.53
42	305	0.67	0.76	0.53
42	306	0.33	0.64	0.9
42	307	0.33	0.64	0.9
42	308	0.33	0.64	0.9
42	309	0.33	0.64	0.9
42	310	0.33	0.64	0.9
42	311	0.33	0.64	0.9
42	312	0.65	0.74	0.02
42	313	0.65	0.74	0.02
42	314	0.65	0.74	0.02
42	315	0.65	0.74	0.02
42	316	0.65	0.74	0.02
42	317	0.65	0.74	0.02
42	318	0.94	0.04	0.96
42	319	0.94	0.04	0.96
42	320	0.94	0.04	0.96
42	321	0.94	0.04	0.96
42	322	0.94	0.04	0.96
42	323	0.94	0.04	0.96
42	324	0.05	0.17	0.19
42	325	0.05	0.17	0.19
42	326	0.05	0.17	0.19
42	327	0.05	0.17	0.19
42	328	0.05	0.17	0.19
42	329	0.05	0.17	0.19
42	330	0.99	0.36	0.88
42	331	0.99	0.36	0.88
42	332	0.99	0.36	0.88
42	333	0.99	0.36	0.88
42	334	0.99	0.36	0.88
42	335	0.99	0.36	0.88
42	336	0.06	0.73	0.23
42	337	0.06	0.73	0.23
42	338	0.06	0.73	0.23
42	339	0.06	0.73	0.23
42	340	0.06	0.73	0.23
42	341	0.06	0.73	0.23
42	342	0.48	0.69	0.66
42	343	0.48	0.69	0.66
42	344	0.48	0.69	0.66
42	345	0.48	0.69	0.66
42	346	0.48	0.69	0.66
42	347	0.48	0.69	0.66
42	348	0.62	0.89	0.66
42	349	0.62	0.89	0.66
42	350	0.62	0.89	0.66
42	351	0.62	0.89	0.66
42	352	0.62	0.89	0.66
42	353	0.62	0.89	0.66
42	354	0.78	0.38	0.67
42	355	0.78	0.38	0.67
42	356	0.78	0.38	0.67
42	357	0.78	0.38	0.67
42	358	0.78	0.38	0.67
42	359	0.78	0.38	0.67
42	360	0.66	0.22	0.46
42	361	0.66	0.22	0.46
42	362	0.66	0.22	0.46
42	363	0.66	0.22	0.46
42	364	0.66	0.22	0.46
42	365	0.66	0.22	0.46
42	366	0.33	0.1	0.92
42	367	0.33	0.1	0.92
42	368	0.33	0.1	0.92
42	369	0.33	0.1	0.92
42	370	0.33	0.1	0.92
42	371	0.33	0.1	0.92
42	372	0.34	0.52	0.87
42	373	0.34	0.52	0.87
42	374	0.34	0.52	0.87
42	375	0.34	0.52	0.87
42	376	0.34	0.52	0.87
42	377	0.34	0.52	0.87
42	378	0.06	0.16	0.58
42	379	0.06	0.16	0.58
42	380	0.06	0.16	0.58
42	381	0.06	0.16	0.58
42	382	0.06	0.16	0.58
42	383	0.06	0.16	0.58
42	384	0.74	0.16	0.03
42	385	0.74	0.16	0.03
42	386	0.74	0.16	0.03
42	387	0.74	0.16	0.03
42	388	0.74	0.16	0.03
42	389	0.74	0.16	0.03
42	390	0.01	0.12	0.02
42	391	0.01	0.12	0.02
42	392	0.01	0.12	0.02
42	393	0.01	0.12	0.02
42	394	0.01	0.12	0.02
42	395	0.01	0.12	0.02
42	396	0.77	0.04	0.21
42	397	0.77	0.04	0.21
42	398	0.77	0.04	0.21
42	399	0.77	0.04	0.21
42	400	0.77	0.04	0.21
42	401	0.77	0.04	0.21
42	402	0.88	0.5	0.18
42	403	0.88	0.5	0.18
42	404	0.88	0.5	0.18
42	405	0.88	0.5	0.18
42	406	0.88	0.5	0.18
42	407	0.88	0.5	0.18
42	408	0.67	0.4	0.94
42	409	0.67	0.4	0.94
42	410	0.67	0.4	0.94
42	411	0.67	0.4	0.94
42	412	0.67	0.4	0.94
42	413	0.67	0.4	0.94
42	414	0.51	0.13	0.22
42	415	0.51	0.13	0.22
42	416	0.51	0.13	0.22
42	417	0.51	0.13	0.22
42	418	0.51	0.13	0.22
42	419	0.51	0.13	0.22
42	420	0.32	0.82	0.07
42	421	0.32	0.82	0.07
42	422	0.32	0.82	0.07
42	423	0.32	0.82	0.07
42	424	0.32	0.82	0.07
42	425	0.32	0.82	0.07
42	426	0.5	0.93	0.55
42	427	0.5	0.93	0.55
42	428	0.5	0.93	0.55
42	429	0.5	0.93	0.55
42	430	0.5	0.93	0.55
42	431	0.5	0.93	0.55
42	432	0.61	0.9	0.48
42	433	0.61	0.9	0.48
42	434	0.61	0.9	0.48
42	435	0.61	0.9	0.48
42	436	0.61	0.9	0.48
42	437	0.61	0.9	0.48
42	438	0.46	0.45	0.05
42	439	0.46	0.45	0.05
42	440	0.46	0.45	0.05
42	441	0.46	0.45	0.05
42	442	0.46	0.45	0.05
42	443	0.46	0.45	0.05
42	444	0.93	0.13	0.37
42	445	0.93	0.13	0.37
42	446	0.93	0.13	0.37
42	447	0.93	0.13	0.37
42	448	0.93	0.13	0.37
42	449	0.93	0.13	0.37
42	450	0.87	0.61	0.7
42	451	0.87	0.61	0.7
42	452	0.87	0.61	0.7
42	453	0.87	0.61	0.7
42	454	0.87	0.61	0.7
42	455	0.87	0.61	0.7
42	456	0.14	0.98	1.0
42	457	0.14	0.98	1.0
42	458	0.14	0.98	1.0
42	459	0.14	0.98	1.0
42	460	0.14	0.98	1.0
42	461	0.14	0.98	1.0
42	462	0.33	0.44	0.78
42	463	0.33	0.44	0.78
42	464	0.33	0.44	0.78
42	465	0.33	0.44	0.78
42	466	0.33	0.44	0.78
42	467	0.33	0.44	0.78
42	468	0.45	0.46	0.89
42	469	0.45	0.46	0.89
42	470	0.45	0.46	0.89
42	471	0.45	0.46	0.89
42	472	0.45	0.46	0.89
42	473	0.45	0.46	0.89
42	474	0.4	0.06	0.84
42	475	0.4	0.06	0.84
42	476	0.4	0.06	0.84
42	477	0.4	0.06	0.84
42	478	0.4	0.06	0.84
42	479	0.4	0.06	0.84
42	480	0.86	0.37	0.48
42	481	0.86	0.37	0.48
42	482	0.86	0.37	0.48
42	483	0.86	0.37	0.48
42	484	0.86	0.37	0.48
42	485	0.86	0.37	0.48
42	486	0.83	0.03	0.43
42	487	0.83	0.03	0.43
42	488	0.83	0.03	0.43
42	489	0.83	0.03	0.43
42	490	0.83	0.03	0.43
42	491	0.83	0.03	0.43
42	492	0.55	0.34	0.78
42	493	0.55	0.34	0.78
42	494	0.55	0.34	0.78
42	495	0.55	0.34	0.78
42	496	0.55	0.34	0.78
42	497	0.55	0.34	0.78
42	498	0.64	0.06	0.34
42	499	0.64	0.06	0.34
42	500	0.64	0.06	0.34
42	501	0.64	0.06	0.34
42	502	0.64	0.06	0.34
42	503	0.64	0.06	0.34
42	504	0.41	0.24	0.55
42	505	0.41	0.24	0.55
42	506	0.41	0.24	0.55
42	507	0.41	0.24	0.55
42	508	0.41	0.24	0.55
42	509	0.41	0.24	0.55
42	510	0.09	0.62	0.62
42	511	0.09	0.62	0.62
42	512	0.09	0.62	0.62
42	513	0.09	0.62	0.62
42	514	0.09	0.62	0.62
42	515	0.09	0.62	0.62
42	516	0.09	0.94	0.55
42	517	0.09	0.94	0.55
42	518	0.09	0.94	0.55
42	519	0.09	0.94	0.55
42	520	0.09	0.94	0.55
42	521	0.09	0.94	0.55
42	522	0.32	0.88	0.51
42	523	0.32	0.88	0.51
42	524	0.32	0.88	0.51
42	525	0.32	0.88	0.51
42	526	0.32	0.88	0.51
42	527	0.32	0.88	0.51
42	528	0.95	0.81	0.95
42	529	0.95	0.81	0.95
42	530	0.95	0.81	0.95
42	531	0.95	0.81	0.95
42	532	0.95	0.81	0.95
42	533	0.95	0.81	0.95
42	534	0.64	0.38	0.36
42	535	0.64	0.38	0.36
42	536	0.64	0.38	0.36
42	537	0.64	0.38	0.36
42	538	0.64	0.38	0.36
42	539	0.64	0.38	0.36
42	540	0.61	0.68	0.83
42	541	0.61	0.68	0.83
42	542	0.61	0.68	0.83
42	543	0.61	0.68	0.83
42	544	0.61	0.68	0.83
42	545	0.61	0.68	0.83
42	546	0.52	0.18	0.43
42	547	0.52	0.18	0.43
42	548	0.52	0.18	0.43
42	549	0.52	0.18	0.43
42	550	0.52	0.18	0.43
42	551	0.52	0.18	0.43
42	552	0.91	0.52	0.43
42	553	0.91	0.52	0.43
42	554	0.91	0.52	0.43
42	555	0.91	0.52	0.43
42	556	0.91	0.52	0.43
42	557	0.91	0.52	0.43
42	558	0.89	0.17	0.03
42	559	0.89	0.17	0.03
42	560	0.89	0.17	0.03
42	561	0.89	0.17	0.03
42	562	0.89	0.17	0.03
42	563	0.89	0.17	0.03
42	564	0.83	0.01	0.64
42	565	0.83	0.01	0.64
42	566	0.83	0.01	0.64
42	567	0.83	0.01	0.64
42	568	0.83	0.01	0.64
42	569	0.83	0.01	0.64
42	570	0.09	0.77	0.3
42	571	0.09	0.77	0.3
42	572	0.09	0.77	0.3
42	573	0.09	0.77	0.3
42	574	0.09	0.77	0.3
42	575	0.09	0.77	0.3
42	576	0.86	0.81	0.13
42	577	0.86	0.81	0.13
42	578	0.86	0.81	0.13
42	579	0.86	0.81	0.13
42	580	0.86	0.81	0.13
42	581	0.86	0.81	0.13
42	582	0.1	0.97	0.5
42	583	0.1	0.97	0.5
42	584	0.1	0.97	0.5
42	585	0.1	0.97	0.5
42	586	0.1	0.97	0.5
42	587	0.1	0.97	0.5
42	588	0.82	0.03	0.12
42	589	0.82	0.03	0.12
42	590	0.82	0.03	0.12
42	591	0.82	0.03	0.12
42	592	0.82	0.03	0.12
42	593	0.82	0.03	0.12
42	594	0.05	0.96	0.57
42	595	0.05	0.96	0.57
42	596	0.05	0.96	0.57
42	597	0.05	0.96	0.57
42	598	0.05	0.96	0.57
42	599	0.05	0.96	0.57
42	600	0.73	0.13	0.4
42	601	0.73	0.13	0.4
42	602	0.73	0.13	0.4
42	603	0.73	0.13	0.4
42	604	0.73	0.13	0.4
42	605	0.73	0.13	0.4
42	606	0.7	0.63	0.54
42	607	0.7	0.63	0.54
42	608	0.7	0.63	0.54
42	609	0.7	0.63	0.54
42	610	0.7	0.63	0.54
42	611	0.7	0.63	0.54
42	612	0.63	0.86	0.9
42	613	0.63	0.86	0.9
42	614	0.63	0.86	0.9
42	615	0.63	0.86	0.9
42	616	0.63	0.86	0.9
42	617	0.63	0.86	0.9
42	618	0.29	0.8	0.7
42	619	0.29	0.8	0.7
42	620	0.29	0.8	0.7
42	621	0.29	0.8	0.7
42	622	0.29	0.8	0.7
42	623	0.29	0.8	0.7
42	624	0.91	0.36	0.63
42	625	0.91	0.36	0.63
42	626	0.91	0.36	0.63
42	627	0.91	0.36	0.63
42	628	0.91	0.36	0.63
42	629	0.91	0.36	0.63
42	630	0.31	0.65	0.29
42	631	0.31	0.65	0.29
42	632	0.31	0.65	0.29
42	633	0.31	0.65	0.29
42	634	0.31	0.65	0.29
42	635	0.31	0.65	0.29
42	636	0.05	0.04	0.64
42	637	0.05	0.04	0.64
42	638	0.05	0.04	0.64
42	639	0.05	0.04	0.64
42	640	0.05	0.04	0.64
42	641	0.05	0.04	0.64
42	642	0.57	0.83	0.37
42	643	0.57	0.83	0.37
42	644	0.57	0.83	0.37
42	645	0.57	0.83	0.37
42	646	0.57	0.83	0.37
42	647	0.57	0.83	0.37
42	648	0.25	0.12	0.98
42	649	0.25	0.12	0.98
42	650	0.25	0.12	0.98
42	651	0.25	0.12	0.98
42	652	0.25	0.12	0.98
42	653	0.25	0.12	0.98
42	654	0.75	0.38	0.56
42	655	0.75	0.38	0.56
42	656	0.75	0.38	0.56
42	657	0.75	0.38	0.56
42	658	0.75	0.38	0.56
42	659	0.75	0.38	0.56
42	660	0.91	0.57	0.2
42	661	0.91	0.57	0.2
42	662	0.91	0.57	0.2
42	663	0.91	0.57	0.2
42	664	0.91	0.57	0.2
42	665	0.91	0.57	0.2
42	666	0.17	0.09	0.58
43	0	0.93	0.4	0.03
43	1	0.93	0.4	0.03
43	2	0.93	0.4	0.03
43	3	0.93	0.4	0.03
43	4	0.93	0.4	0.03
43	5	0.93	0.4	0.03
44	0	0.92	0.6	0.2
44	1	0.92	0.6	0.2
44	2	0.92	0.6	0.2
44	3	0.92	0.6	0.2
44	4	0.92	0.6	0.2
44	5	0.92	0.6	0.2
45	0	0.31	0.05	0.08
45	1	0.31	0.05	0.08
45	2	0.31	0.05	0.08
45	3	0.31	0.05	0.08
45	4	0.31	0.05	0.08
45	5	0.31	0.05	0.08
46	0	0.9	0.2	0.24
46	1	0.9	0.2	0.24
46	2	0.9	0.2	0.24
46	3	0.9	0.2	0.24
46	4	0.9	0.2	0.24
46	5	0.9	0.2	0.24
47	0	0.41	0.54	0.49
47	1	0.41	0.54	0.49
47	2	0.41	0.54	0.49
47	3	0.41	0.54	0.49
47	4	0.41	0.54	0.49
47	5	0.41	0.54	0.49
48	0	0.61	0.1	0.6
48	1	0.61	0.1	0.6
48	2	0.61	0.1	0.6
48	3	0.61	0.1	0.6
48	4	0.61	0.1	0.6
48	5	0.61	0.1	0.6
49	0	0.39	0.38	0.18
49	1	0.39	0.38	0.18
49	2	0.39	0.38	0.18
49	3	0.39	0.38	0.18
49	4	0.39	0.38	0.18
49	5	0.39	0.38	0.18
50	0	0.57	0.93	0.98
50	1	0.57	0.93	0.98
50	2	0.57	0.93	0.98
50	3	0.57	0.93	0.98
50	4	0.57	0.93	0.98
50	5	0.57	0.93	0.98
51	0	0.78	0.55	0.48
51	1	0.78	0.55	0.48
51	2	0.78	0.55	0.48
51	3	0.78	0.55	0.48
51	4	0.78	0.55	0.48
51	5	0.78	0.55	0.48
52	0	0.53	0.47	0.4
52	1	0.53	0.47	0.4
52	2	0.53	0.47	0.4
52	3	0.53	0.47	0.4
52	4	0.53	0.47	0.4
52	5	0.53	0.47	0.4
53	0	0.88	0.81	0.03
53	1	0.88	0.81	0.03
53	2	0.88	0.81	0.03
53	3	0.88	0.81	0.03
53	4	0.88	0.81	0.03
53	5	0.88	0.81	0.03
54	0	0.01	0.33	0.14
54	1	0.01	0.33	0.14
54	2	0.01	0.33	0.14
54	3	0.01	0.33	0.14
54	4	0.01	0.33	0.14
54	5	0.01	0.33	0.14
54	6	0.41	0.97	0.35
54	7	0.41	0.97	0.35
54	8	0.41	0.97	0.35
54	9	0.41	0.97	0.35
54	10	0.41	0.97	0.35
54	11	0.41	0.97	0.35
54	12	0.5	0.86	0.64
54	13	0.5	0.86	0.64
54	14	0.5	0.86	0.64
54	15	0.5	0.86	0.64
54	16	0.5	0.86	0.64
54	17	0.5	0.86	0.64
54	18	0.46	0.85	0.91
54	19	0.46	0.85	0.91
54	20	0.46	0.85	0.91
54	21	0.46	0.85	0.91
54	22	0.46	0.85	0.91
54	23	0.46	0.85	0.91
54	24	0.23	0.61	0.48
54	25	0.23	0.61	0.48
54	26	0.23	0.61	0.48
54	27	0.23	0.61	0.48
54	28	0.23	0.61	0.48
54	29	0.23	0.61	0.48
54	30	0.81	0.55	0.45
54	31	0.81	0.55	0.45
54	32	0.81	0.55	0.45
54	33	0.81	0.55	0.45
54	34	0.81	0.55	0.45
54	35	0.81	0.55	0.45
54	36	0.07	0.51	0.09
54	37	0.07	0.51	0.09
54	38	0.07	0.51	0.09
54	39	0.07	0.51	0.09
54	40	0.07	0.51	0.09
54	41	0.07	0.51	0.09
54	42	0.5	0.62	0.53
54	43	0.5	0.62	0.53
54	44	0.5	0.62	0.53
54	45	0.5	0.62	0.53
54	46	0.5	0.62	0.53
54	47	0.5	0.62	0.53
54	48	0.91	0.01	0.75
54	49	0.91	0.01	0.75
54	50	0.91	0.01	0.75
54	51	0.91	0.01	0.75
54	52	0.91	0.01	0.75
54	53	0.91	0.01	0.75
54	54	0.43	0.06	0.57
54	55	0.43	0.06	0.57
54	56	0.43	0.06	0.57
54	57	0.43	0.06	0.57
54	58	0.43	0.06	0.57
54	59	0.43	0.06	0.57
54	60	0.26	0.87	0.4
54	61	0.26	0.87	0.4
54	62	0.26	0.87	0.4
54	63	0.26	0.87	0.4
54	64	0.26	0.87	0.4
54	65	0.26	0.87	0.4
54	66	0.94	0.4	0.92
54	67	0.94	0.4	0.92
54	68	0.94	0.4	0.92
54	69	0.94	0.4	0.92
54	70	0.94	0.4	0.92
54	71	0.94	0.4	0.92
54	72	0.13	0.06	0.62
54	73	0.13	0.06	0.62
54	74	0.13	0.06	0.62
54	75	0.13	0.06	0.62
54	76	0.13	0.06	0.62
54	77	0.13	0.06	0.62
54	78	0.33	0.12	0.29
54	79	0.33	0.12	0.29
54	80	0.33	0.12	0.29
54	81	0.33	0.12	0.29
54	82	0.33	0.12	0.29
54	83	0.33	0.12	0.29
54	84	0.55	0.02	0.57
54	85	0.55	0.02	0.57
54	86	0.55	0.02	0.57
54	87	0.55	0.02	0.57
54	88	0.55	0.02	0.57
54	89	0.55	0.02	0.57
54	90	0.9	0.09	0.54
54	91	0.9	0.09	0.54
54	92	0.9	0.09	0.54
54	93	0.9	0.09	0.54
54	94	0.9	0.09	0.54
54	95	0.9	0.09	0.54
54	96	0.24	0.03	0.53
54	97	0.24	0.03	0.53
54	98	0.24	0.03	0.53
54	99	0.24	0.03	0.53
54	100	0.24	0.03	0.53
54	101	0.24	0.03	0.53
54	102	0.75	0.95	0.94
54	103	0.75	0.95	0.94
54	104	0.75	0.95	0.94
54	105	0.75	0.95	0.94
54	106	0.75	0.95	0.94
54	107	0.75	0.95	0.94
54	108	0.95	0.69	0.57
54	109	0.95	0.69	0.57
54	110	0.95	0.69	0.57
54	111	0.95	0.69	0.57
54	112	0.95	0.69	0.57
54	113	0.95	0.69	0.57
54	114	0.98	0.47	0.12
54	115	0.98	0.47	0.12
54	116	0.98	0.47	0.12
54	117	0.98	0.47	0.12
54	118	0.98	0.47	0.12
54	119	0.98	0.47	0.12
54	120	0.23	0.69	0.02
54	121	0.23	0.69	0.02
54	122	0.23	0.69	0.02
54	123	0.23	0.69	0.02
54	124	0.23	0.69	0.02
54	125	0.23	0.69	0.02
54	126	0.73	0.93	0.42
54	127	0.73	0.93	0.42
54	128	0.73	0.93	0.42
54	129	0.73	0.93	0.42
54	130	0.73	0.93	0.42
54	131	0.73	0.93	0.42
54	132	0.51	0.04	0.22
54	133	0.51	0.04	0.22
54	134	0.51	0.04	0.22
54	135	0.51	0.04	0.22
54	136	0.51	0.04	0.22
54	137	0.51	0.04	0.22
54	138	0.79	0.76	0.58
54	139	0.79	0.76	0.58
54	140	0.79	0.76	0.58
54	141	0.79	0.76	0.58
54	142	0.79	0.76	0.58
54	143	0.79	0.76	0.58
54	144	0.01	0.33	0.15
54	145	0.01	0.33	0.15
54	146	0.01	0.33	0.15
54	147	0.01	0.33	0.15
54	148	0.01	0.33	0.15
54	149	0.01	0.33	0.15
54	150	0.61	0.69	0.57
54	151	0.61	0.69	0.57
54	152	0.61	0.69	0.57
54	153	0.61	0.69	0.57
54	154	0.61	0.69	0.57
54	155	0.61	0.69	0.57
54	156	0.6	0.16	0.39
54	157	0.6	0.16	0.39
54	158	0.6	0.16	0.39
54	159	0.6	0.16	0.39
54	160	0.6	0.16	0.39
54	161	0.6	0.16	0.39
54	162	0.45	0.8	0.1
54	163	0.45	0.8	0.1
54	164	0.45	0.8	0.1
54	165	0.45	0.8	0.1
54	166	0.45	0.8	0.1
54	167	0.45	0.8	0.1
54	168	0.66	0.25	0.31
54	169	0.66	0.25	0.31
54	170	0.66	0.25	0.31
54	171	0.66	0.25	0.31
54	172	0.66	0.25	0.31
54	173	0.66	0.25	0.31
54	174	0.09	0.33	0.11
54	175	0.09	0.33	0.11
54	176	0.09	0.33	0.11
54	177	0.09	0.33	0.11
54	178	0.09	0.33	0.11
54	179	0.09	0.33	0.11
54	180	0.82	0.96	0.74
54	181	0.82	0.96	0.74
54	182	0.82	0.96	0.74
54	183	0.82	0.96	0.74
54	184	0.82	0.96	0.74
54	185	0.82	0.96	0.74
54	186	0.05	0.41	0.06
54	187	0.05	0.41	0.06
54	188	0.05	0.41	0.06
54	189	0.05	0.41	0.06
54	190	0.05	0.41	0.06
54	191	0.05	0.41	0.06
54	192	0.64	0.37	0.84
54	193	0.64	0.37	0.84
54	194	0.64	0.37	0.84
54	195	0.64	0.37	0.84
54	196	0.64	0.37	0.84
54	197	0.64	0.37	0.84
54	198	0.79	0.67	0.73
54	199	0.79	0.67	0.73
54	200	0.79	0.67	0.73
54	201	0.79	0.67	0.73
54	202	0.79	0.67	0.73
54	203	0.79	0.67	0.73
54	204	0.74	0.53	0.66
54	205	0.74	0.53	0.66
54	206	0.74	0.53	0.66
54	207	0.74	0.53	0.66
54	208	0.74	0.53	0.66
54	209	0.74	0.53	0.66
54	210	0.88	0.08	0.27
54	211	0.88	0.08	0.27
54	212	0.88	0.08	0.27
54	213	0.88	0.08	0.27
54	214	0.88	0.08	0.27
54	215	0.88	0.08	0.27
54	216	0.25	0.97	0.86
54	217	0.25	0.97	0.86
54	218	0.25	0.97	0.86
54	219	0.25	0.97	0.86
54	220	0.25	0.97	0.86
54	221	0.25	0.97	0.86
54	222	0.08	0.25	0.03
54	223	0.08	0.25	0.03
54	224	0.08	0.25	0.03
54	225	0.08	0.25	0.03
54	226	0.08	0.25	0.03
54	227	0.08	0.25	0.03
54	228	0.89	0.58	0.73
54	229	0.89	0.58	0.73
54	230	0.89	0.58	0.73
54	231	0.89	0.58	0.73
54	232	0.89	0.58	0.73
54	233	0.89	0.58	0.73
54	234	0.87	0.51	0.76
54	235	0.87	0.51	0.76
54	236	0.87	0.51	0.76
54	237	0.87	0.51	0.76
54	238	0.87	0.51	0.76
54	239	0.87	0.51	0.76
54	240	0.87	0.23	0.95
54	241	0.87	0.23	0.95
54	242	0.87	0.23	0.95
54	243	0.87	0.23	0.95
54	244	0.87	0.23	0.95
54	245	0.87	0.23	0.95
54	246	0.83	0.31	0.33
54	247	0.83	0.31	0.33
54	248	0.83	0.31	0.33
54	249	0.83	0.31	0.33
54	250	0.83	0.31	0.33
54	251	0.83	0.31	0.33
54	252	0.86	0.49	0.41
54	253	0.86	0.49	0.41
54	254	0.86	0.49	0.41
54	255	0.86	0.49	0.41
54	256	0.86	0.49	0.41
54	257	0.86	0.49	0.41
54	258	0.67	0.57	0.8
54	259	0.67	0.57	0.8
54	260	0.67	0.57	0.8
54	261	0.67	0.57	0.8
54	262	0.67	0.57	0.8
54	263	0.67	0.57	0.8
54	264	0.67	0.16	0.26
54	265	0.67	0.16	0.26
54	266	0.67	0.16	0.26
54	267	0.67	0.16	0.26
54	268	0.67	0.16	0.26
54	269	0.67	0.16	0.26
54	270	0.43	0.18	0.71
54	271	0.43	0.18	0.71
54	272	0.43	0.18	0.71
54	273	0.43	0.18	0.71
54	274	0.43	0.18	0.71
54	275	0.43	0.18	0.71
54	276	0.02	0.35	0.51
54	277	0.02	0.35	0.51
54	278	0.02	0.35	0.51
54	279	0.02	0.35	0.51
54	280	0.02	0.35	0.51
54	281	0.02	0.35	0.51
54	282	0.98	0.19	0.3
54	283	0.98	0.19	0.3
54	284	0.98	0.19	0.3
54	285	0.98	0.19	0.3
54	286	0.98	0.19	0.3
54	287	0.98	0.19	0.3
54	288	0.06	0.34	0.13
54	289	0.06	0.34	0.13
54	290	0.06	0.34	0.13
54	291	0.06	0.34	0.13
54	292	0.06	0.34	0.13
54	293	0.06	0.34	0.13
54	294	0.47	0.62	0.19
54	295	0.47	0.62	0.19
54	296	0.47	0.62	0.19
54	297	0.47	0.62	0.19
54	298	0.47	0.62	0.19
54	299	0.47	0.62	0.19
54	300	0.33	0.45	0.48
54	301	0.33	0.45	0.48
54	302	0.33	0.45	0.48
54	303	0.33	0.45	0.48
54	304	0.33	0.45	0.48
54	305	0.33	0.45	0.48
54	306	0.16	0.7	0.19
54	307	0.16	0.7	0.19
54	308	0.16	0.7	0.19
54	309	0.16	0.7	0.19
54	310	0.16	0.7	0.19
54	311	0.16	0.7	0.19
54	312	0.77	0.47	0.49
54	313	0.77	0.47	0.49
54	314	0.77	0.47	0.49
54	315	0.77	0.47	0.49
54	316	0.77	0.47	0.49
54	317	0.77	0.47	0.49
54	318	0.39	0.24	0.28
54	319	0.39	0.24	0.28
54	320	0.39	0.24	0.28
54	321	0.39	0.24	0.28
54	322	0.39	0.24	0.28
54	323	0.39	0.24	0.28
54	324	0.87	0.13	0.05
54	325	0.87	0.13	0.05
54	326	0.87	0.13	0.05
54	327	0.87	0.13	0.05
54	328	0.87	0.13	0.05
54	329	0.87	0.13	0.05
54	330	0.5	0.94	0.77
54	331	0.5	0.94	0.77
54	332	0.5	0.94	0.77
54	333	0.5	0.94	0.77
54	334	0.5	0.94	0.77
54	335	0.5	0.94	0.77
54	336	0.07	0.36	0.92
54	337	0.07	0.36	0.92
54	338	0.07	0.36	0.92
54	339	0.07	0.36	0.92
54	340	0.07	0.36	0.92
54	341	0.07	0.36	0.92
54	342	0.47	0.02	0.41
54	343	0.47	0.02	0.41
54	344	0.47	0.02	0.41
54	345	0.47	0.02	0.41
54	346	0.47	0.02	0.41
54	347	0.47	0.02	0.41
54	348	0.61	0.89	0.09
54	349	0.61	0.89	0.09
54	350	0.61	0.89	0.09
54	351	0.61	0.89	0.09
54	352	0.61	0.89	0.09
54	353	0.61	0.89	0.09
54	354	0.74	0.77	0.5
54	355	0.74	0.77	0.5
54	356	0.74	0.77	0.5
54	357	0.74	0.77	0.5
54	358	0.74	0.77	0.5
54	359	0.74	0.77	0.5
54	360	0.99	0.13	0.3
54	361	0.99	0.13	0.3
54	362	0.99	0.13	0.3
54	363	0.99	0.13	0.3
54	364	0.99	0.13	0.3
54	365	0.99	0.13	0.3
54	366	0.41	0.27	0.42
54	367	0.41	0.27	0.42
54	368	0.41	0.27	0.42
54	369	0.41	0.27	0.42
54	370	0.41	0.27	0.42
54	371	0.41	0.27	0.42
54	372	0.41	0.25	0.4
54	373	0.41	0.25	0.4
54	374	0.41	0.25	0.4
54	375	0.41	0.25	0.4
54	376	0.41	0.25	0.4
54	377	0.41	0.25	0.4
54	378	0.03	0.21	0.86
54	379	0.03	0.21	0.86
54	380	0.03	0.21	0.86
54	381	0.03	0.21	0.86
54	382	0.03	0.21	0.86
54	383	0.03	0.21	0.86
54	384	0.79	0.65	0.53
54	385	0.79	0.65	0.53
54	386	0.79	0.65	0.53
54	387	0.79	0.65	0.53
54	388	0.79	0.65	0.53
54	389	0.79	0.65	0.53
54	390	0.84	0.43	0.59
54	391	0.84	0.43	0.59
54	392	0.84	0.43	0.59
54	393	0.84	0.43	0.59
54	394	0.84	0.43	0.59
54	395	0.84	0.43	0.59
54	396	0.77	0.48	1.0
54	397	0.77	0.48	1.0
54	398	0.77	0.48	1.0
54	399	0.77	0.48	1.0
54	400	0.77	0.48	1.0
54	401	0.77	0.48	1.0
54	408	0.74	0.03	0.61
54	409	0.74	0.03	0.61
54	410	0.74	0.03	0.61
54	411	0.74	0.03	0.61
54	412	0.74	0.03	0.61
54	413	0.74	0.03	0.61
54	414	0.84	0.01	0.52
54	415	0.84	0.01	0.52
54	416	0.84	0.01	0.52
54	417	0.84	0.01	0.52
54	418	0.84	0.01	0.52
54	419	0.84	0.01	0.52
54	420	0.94	0.43	0.21
54	421	0.94	0.43	0.21
54	422	0.94	0.43	0.21
54	423	0.94	0.43	0.21
54	424	0.94	0.43	0.21
54	425	0.94	0.43	0.21
54	426	0.24	0.01	0.72
54	427	0.24	0.01	0.72
54	428	0.24	0.01	0.72
54	429	0.24	0.01	0.72
54	430	0.24	0.01	0.72
54	431	0.24	0.01	0.72
54	432	0.2	0.31	0.29
54	433	0.2	0.31	0.29
54	434	0.2	0.31	0.29
54	435	0.2	0.31	0.29
54	436	0.2	0.31	0.29
54	437	0.2	0.31	0.29
54	438	0.45	0.31	0.32
54	439	0.45	0.31	0.32
54	440	0.45	0.31	0.32
54	441	0.45	0.31	0.32
54	442	0.45	0.31	0.32
54	443	0.45	0.31	0.32
54	444	0.07	0.54	0.31
54	445	0.07	0.54	0.31
54	446	0.07	0.54	0.31
54	447	0.07	0.54	0.31
54	448	0.07	0.54	0.31
54	449	0.07	0.54	0.31
54	450	0.34	0.13	0.98
54	451	0.34	0.13	0.98
54	452	0.34	0.13	0.98
54	453	0.34	0.13	0.98
54	454	0.34	0.13	0.98
54	455	0.34	0.13	0.98
54	456	0.38	0.72	0.94
54	457	0.38	0.72	0.94
54	458	0.38	0.72	0.94
54	459	0.38	0.72	0.94
54	460	0.38	0.72	0.94
54	461	0.38	0.72	0.94
54	462	0.78	0.56	0.52
54	463	0.78	0.56	0.52
54	464	0.78	0.56	0.52
54	465	0.78	0.56	0.52
54	466	0.78	0.56	0.52
54	467	0.78	0.56	0.52
54	468	0.28	0.4	0.28
54	469	0.28	0.4	0.28
54	470	0.28	0.4	0.28
54	471	0.28	0.4	0.28
54	472	0.28	0.4	0.28
54	473	0.28	0.4	0.28
54	474	0.69	0.89	0.1
54	475	0.69	0.89	0.1
54	476	0.69	0.89	0.1
54	477	0.69	0.89	0.1
54	478	0.69	0.89	0.1
54	479	0.69	0.89	0.1
54	480	0.82	0.83	0.33
54	481	0.82	0.83	0.33
54	482	0.82	0.83	0.33
54	483	0.82	0.83	0.33
54	484	0.82	0.83	0.33
54	485	0.82	0.83	0.33
54	486	0.89	0.51	0.8
54	487	0.89	0.51	0.8
54	488	0.89	0.51	0.8
54	489	0.89	0.51	0.8
54	490	0.89	0.51	0.8
54	491	0.89	0.51	0.8
54	492	0.64	0.99	0.17
54	493	0.64	0.99	0.17
54	494	0.64	0.99	0.17
54	495	0.64	0.99	0.17
54	496	0.64	0.99	0.17
54	497	0.64	0.99	0.17
54	498	0.87	0.56	0.32
54	499	0.87	0.56	0.32
54	500	0.87	0.56	0.32
54	501	0.87	0.56	0.32
54	502	0.87	0.56	0.32
54	503	0.87	0.56	0.32
54	504	0.51	0.44	0.03
54	505	0.51	0.44	0.03
54	506	0.51	0.44	0.03
54	507	0.51	0.44	0.03
54	508	0.51	0.44	0.03
54	509	0.51	0.44	0.03
54	510	0.73	0.32	0.83
54	511	0.73	0.32	0.83
54	512	0.73	0.32	0.83
54	513	0.73	0.32	0.83
54	514	0.73	0.32	0.83
54	515	0.73	0.32	0.83
54	516	0.25	0.78	0.8
54	517	0.25	0.78	0.8
54	518	0.25	0.78	0.8
54	519	0.25	0.78	0.8
54	520	0.25	0.78	0.8
54	521	0.25	0.78	0.8
54	522	0.17	0.8	0.36
54	523	0.17	0.8	0.36
54	524	0.17	0.8	0.36
54	525	0.17	0.8	0.36
54	526	0.17	0.8	0.36
54	527	0.17	0.8	0.36
54	528	0.85	0.19	0.3
54	529	0.85	0.19	0.3
54	530	0.85	0.19	0.3
54	531	0.85	0.19	0.3
54	532	0.85	0.19	0.3
54	533	0.85	0.19	0.3
54	534	0.95	0.3	0.45
54	535	0.95	0.3	0.45
54	536	0.95	0.3	0.45
54	537	0.95	0.3	0.45
54	538	0.95	0.3	0.45
54	539	0.95	0.3	0.45
54	540	0.86	0.62	0.26
54	541	0.86	0.62	0.26
54	542	0.86	0.62	0.26
54	543	0.86	0.62	0.26
54	544	0.86	0.62	0.26
54	545	0.86	0.62	0.26
54	546	0.83	0.65	0.6
54	547	0.83	0.65	0.6
54	548	0.83	0.65	0.6
54	549	0.83	0.65	0.6
54	550	0.83	0.65	0.6
54	551	0.83	0.65	0.6
54	552	0.19	0.42	0.16
54	553	0.19	0.42	0.16
54	554	0.19	0.42	0.16
54	555	0.19	0.42	0.16
54	556	0.19	0.42	0.16
54	557	0.19	0.42	0.16
54	558	0.45	0.19	0.23
54	559	0.45	0.19	0.23
54	560	0.45	0.19	0.23
54	561	0.45	0.19	0.23
54	562	0.45	0.19	0.23
54	563	0.45	0.19	0.23
54	564	0.16	0.53	0.59
54	565	0.16	0.53	0.59
54	566	0.16	0.53	0.59
54	567	0.16	0.53	0.59
54	568	0.16	0.53	0.59
54	569	0.16	0.53	0.59
54	570	0.46	0.82	0.07
54	571	0.46	0.82	0.07
54	572	0.46	0.82	0.07
54	573	0.46	0.82	0.07
54	574	0.46	0.82	0.07
54	575	0.46	0.82	0.07
54	576	0.05	0.19	0.43
54	577	0.05	0.19	0.43
54	578	0.05	0.19	0.43
54	579	0.05	0.19	0.43
54	580	0.05	0.19	0.43
54	581	0.05	0.19	0.43
54	582	0.22	0.39	0.42
54	583	0.22	0.39	0.42
54	584	0.22	0.39	0.42
54	585	0.22	0.39	0.42
54	586	0.22	0.39	0.42
54	587	0.22	0.39	0.42
54	588	0.63	0.36	0.54
54	589	0.63	0.36	0.54
54	590	0.63	0.36	0.54
54	591	0.63	0.36	0.54
54	592	0.63	0.36	0.54
54	593	0.63	0.36	0.54
54	594	0.44	0.15	0.25
54	595	0.44	0.15	0.25
54	596	0.44	0.15	0.25
54	597	0.44	0.15	0.25
54	598	0.44	0.15	0.25
54	599	0.44	0.15	0.25
54	600	0.03	0.95	0.15
54	601	0.03	0.95	0.15
54	602	0.03	0.95	0.15
54	603	0.03	0.95	0.15
54	604	0.03	0.95	0.15
54	605	0.03	0.95	0.15
54	606	0.39	0.47	0.88
54	607	0.39	0.47	0.88
54	608	0.39	0.47	0.88
54	609	0.39	0.47	0.88
54	610	0.39	0.47	0.88
54	611	0.39	0.47	0.88
54	612	0.32	0.75	0.53
54	613	0.32	0.75	0.53
54	614	0.32	0.75	0.53
54	615	0.32	0.75	0.53
54	616	0.32	0.75	0.53
54	617	0.32	0.75	0.53
54	618	0.98	0.86	0.52
54	619	0.98	0.86	0.52
54	620	0.98	0.86	0.52
54	621	0.98	0.86	0.52
54	622	0.98	0.86	0.52
54	623	0.98	0.86	0.52
54	624	0.68	0.66	0.67
54	625	0.68	0.66	0.67
54	626	0.68	0.66	0.67
54	627	0.68	0.66	0.67
54	628	0.68	0.66	0.67
54	629	0.68	0.66	0.67
54	630	0.76	0.9	0.66
54	631	0.76	0.9	0.66
54	632	0.76	0.9	0.66
54	633	0.76	0.9	0.66
54	634	0.76	0.9	0.66
54	635	0.76	0.9	0.66
54	636	0.82	0.1	0.69
54	637	0.82	0.1	0.69
54	638	0.82	0.1	0.69
54	639	0.82	0.1	0.69
54	640	0.82	0.1	0.69
54	641	0.82	0.1	0.69
54	642	0.2	0.79	0.36
54	643	0.2	0.79	0.36
54	644	0.2	0.79	0.36
54	645	0.2	0.79	0.36
54	646	0.2	0.79	0.36
54	647	0.2	0.79	0.36
54	648	0.45	0.72	0.74
54	649	0.45	0.72	0.74
54	650	0.45	0.72	0.74
54	651	0.45	0.72	0.74
54	652	0.45	0.72	0.74
54	653	0.45	0.72	0.74
54	654	0.74	0.92	0.51
54	655	0.74	0.92	0.51
54	656	0.74	0.92	0.51
54	657	0.74	0.92	0.51
54	658	0.74	0.92	0.51
54	659	0.74	0.92	0.51
54	660	0.25	0.01	0.51
54	661	0.25	0.01	0.51
54	662	0.25	0.01	0.51
54	663	0.25	0.01	0.51
54	664	0.25	0.01	0.51
54	665	0.25	0.01	0.51
54	666	0.4	0.13	0.14
55	0	0.24	0.59	0.9
55	1	0.24	0.59	0.9
55	2	0.24	0.59	0.9
55	3	0.24	0.59	0.9
55	4	0.24	0.59	0.9
55	5	0.24	0.59	0.9
56	0	0.19	0.27	0.29
56	1	0.19	0.27	0.29
56	2	0.19	0.27	0.29
56	3	0.19	0.27	0.29
56	4	0.19	0.27	0.29
56	5	0.19	0.27	0.29
57	0	0.27	0.58	0.9
57	1	0.27	0.58	0.9
57	2	0.27	0.58	0.9
57	3	0.27	0.58	0.9
57	4	0.27	0.58	0.9
57	5	0.27	0.58	0.9
58	0	0.22	0.11	0.21
58	1	0.22	0.11	0.21
58	2	0.22	0.11	0.21
58	3	0.22	0.11	0.21
58	4	0.22	0.11	0.21
58	5	0.22	0.11	0.21
59	0	0.05	0.14	0.21
59	1	0.05	0.14	0.21
59	2	0.05	0.14	0.21
59	3	0.05	0.14	0.21
59	4	0.05	0.14	0.21
59	5	0.05	0.14	0.21
60	0	0.01	0.19	0.06
60	1	0.01	0.19	0.06
60	2	0.01	0.19	0.06
60	3	0.01	0.19	0.06
60	4	0.01	0.19	0.06
60	5	0.01	0.19	0.06
61	0	0.01	0.36	0.73
61	1	0.01	0.36	0.73
61	2	0.01	0.36	0.73
61	3	0.01	0.36	0.73
61	4	0.01	0.36	0.73
61	5	0.01	0.36	0.73
62	0	0.17	0.34	0.21
62	1	0.17	0.34	0.21
62	2	0.17	0.34	0.21
62	3	0.17	0.34	0.21
62	4	0.17	0.34	0.21
62	5	0.17	0.34	0.21
63	0	0.27	0.66	0.49
63	1	0.27	0.66	0.49
63	2	0.27	0.66	0.49
63	3	0.27	0.66	0.49
63	4	0.27	0.66	0.49
63	5	0.27	0.66	0.49
64	0	0.65	0.44	0.3
64	1	0.65	0.44	0.3
64	2	0.65	0.44	0.3
64	3	0.65	0.44	0.3
64	4	0.65	0.44	0.3
64	5	0.65	0.44	0.3
65	0	0.02	0.34	0.84
65	1	0.02	0.34	0.84
65	2	0.02	0.34	0.84
65	3	0.02	0.34	0.84
65	4	0.02	0.34	0.84
65	5	0.02	0.34	0.84
66	0	0.89	0.59	0.9
66	1	0.89	0.59	0.9
66	2	0.89	0.59	0.9
66	3	0.89	0.59	0.9
66	4	0.89	0.59	0.9
66	5	0.89	0.59	0.9
66	6	0.84	0.44	0.38
66	7	0.84	0.44	0.38
66	8	0.84	0.44	0.38
66	9	0.84	0.44	0.38
66	10	0.84	0.44	0.38
66	11	0.84	0.44	0.38
66	12	0.12	0.4	0.97
66	13	0.12	0.4	0.97
66	14	0.12	0.4	0.97
66	15	0.12	0.4	0.97
66	16	0.12	0.4	0.97
66	17	0.12	0.4	0.97
66	18	0.61	0.59	0.27
66	19	0.61	0.59	0.27
66	20	0.61	0.59	0.27
66	21	0.61	0.59	0.27
66	22	0.61	0.59	0.27
66	23	0.61	0.59	0.27
66	24	0.23	0.7	0.13
66	25	0.23	0.7	0.13
66	26	0.23	0.7	0.13
66	27	0.23	0.7	0.13
66	28	0.23	0.7	0.13
66	29	0.23	0.7	0.13
66	30	0.84	0.31	0.19
66	31	0.84	0.31	0.19
66	32	0.84	0.31	0.19
66	33	0.84	0.31	0.19
66	34	0.84	0.31	0.19
66	35	0.84	0.31	0.19
66	36	0.36	0.4	0.63
66	37	0.36	0.4	0.63
66	38	0.36	0.4	0.63
66	39	0.36	0.4	0.63
66	40	0.36	0.4	0.63
66	41	0.36	0.4	0.63
66	48	0.89	0.58	0.3
66	49	0.89	0.58	0.3
66	50	0.89	0.58	0.3
66	51	0.89	0.58	0.3
66	52	0.89	0.58	0.3
66	53	0.89	0.58	0.3
66	66	0.09	0.64	0.32
66	67	0.09	0.64	0.32
66	68	0.09	0.64	0.32
66	69	0.09	0.64	0.32
66	70	0.09	0.64	0.32
66	71	0.09	0.64	0.32
66	84	0.58	0.96	0.5
66	85	0.58	0.96	0.5
66	86	0.58	0.96	0.5
66	87	0.58	0.96	0.5
66	88	0.58	0.96	0.5
66	89	0.58	0.96	0.5
66	96	0.12	0.23	0.81
66	97	0.12	0.23	0.81
66	98	0.12	0.23	0.81
66	99	0.12	0.23	0.81
66	100	0.12	0.23	0.81
66	101	0.12	0.23	0.81
66	102	0.74	0.77	0.88
66	103	0.74	0.77	0.88
66	104	0.74	0.77	0.88
66	105	0.74	0.77	0.88
66	106	0.74	0.77	0.88
66	107	0.74	0.77	0.88
66	114	0.19	0.24	0.97
66	115	0.19	0.24	0.97
66	116	0.19	0.24	0.97
66	117	0.19	0.24	0.97
66	118	0.19	0.24	0.97
66	119	0.19	0.24	0.97
66	120	0.36	0.38	0.24
66	121	0.36	0.38	0.24
66	122	0.36	0.38	0.24
66	123	0.36	0.38	0.24
66	124	0.36	0.38	0.24
66	125	0.36	0.38	0.24
66	126	0.32	0.66	0.61
66	127	0.32	0.66	0.61
66	128	0.32	0.66	0.61
66	129	0.32	0.66	0.61
66	130	0.32	0.66	0.61
66	131	0.32	0.66	0.61
66	132	0.45	0.72	0.77
66	133	0.45	0.72	0.77
66	134	0.45	0.72	0.77
66	135	0.45	0.72	0.77
66	136	0.45	0.72	0.77
66	137	0.45	0.72	0.77
66	144	0.96	0.37	0.95
66	145	0.96	0.37	0.95
66	146	0.96	0.37	0.95
66	147	0.96	0.37	0.95
66	148	0.96	0.37	0.95
66	149	0.96	0.37	0.95
66	150	0.76	0.64	0.65
66	151	0.76	0.64	0.65
66	152	0.76	0.64	0.65
66	153	0.76	0.64	0.65
66	154	0.76	0.64	0.65
66	155	0.76	0.64	0.65
66	156	0.22	0.71	0.93
66	157	0.22	0.71	0.93
66	158	0.22	0.71	0.93
66	159	0.22	0.71	0.93
66	160	0.22	0.71	0.93
66	161	0.22	0.71	0.93
66	162	0.94	0.56	0.28
66	163	0.94	0.56	0.28
66	164	0.94	0.56	0.28
66	165	0.94	0.56	0.28
66	166	0.94	0.56	0.28
66	167	0.94	0.56	0.28
66	168	0.35	0.91	0.45
66	169	0.35	0.91	0.45
66	170	0.35	0.91	0.45
66	171	0.35	0.91	0.45
66	172	0.35	0.91	0.45
66	173	0.35	0.91	0.45
66	180	0.69	0.66	0.05
66	181	0.69	0.66	0.05
66	182	0.69	0.66	0.05
66	183	0.69	0.66	0.05
66	184	0.69	0.66	0.05
66	185	0.69	0.66	0.05
66	186	0.39	0.7	0.42
66	187	0.39	0.7	0.42
66	188	0.39	0.7	0.42
66	189	0.39	0.7	0.42
66	190	0.39	0.7	0.42
66	191	0.39	0.7	0.42
66	192	0.32	0.54	0.31
66	193	0.32	0.54	0.31
66	194	0.32	0.54	0.31
66	195	0.32	0.54	0.31
66	196	0.32	0.54	0.31
66	197	0.32	0.54	0.31
66	198	0.72	0.35	0.83
66	199	0.72	0.35	0.83
66	200	0.72	0.35	0.83
66	201	0.72	0.35	0.83
66	202	0.72	0.35	0.83
66	203	0.72	0.35	0.83
66	204	0.9	0.79	0.01
66	205	0.9	0.79	0.01
66	206	0.9	0.79	0.01
66	207	0.9	0.79	0.01
66	208	0.9	0.79	0.01
66	209	0.9	0.79	0.01
66	210	0.07	0.81	0.17
66	211	0.07	0.81	0.17
66	212	0.07	0.81	0.17
66	213	0.07	0.81	0.17
66	214	0.07	0.81	0.17
66	215	0.07	0.81	0.17
66	216	0.86	0.62	0.34
66	217	0.86	0.62	0.34
66	218	0.86	0.62	0.34
66	219	0.86	0.62	0.34
66	220	0.86	0.62	0.34
66	221	0.86	0.62	0.34
66	222	0.16	0.99	0.4
66	223	0.16	0.99	0.4
66	224	0.16	0.99	0.4
66	225	0.16	0.99	0.4
66	226	0.16	0.99	0.4
66	227	0.16	0.99	0.4
66	228	0.4	0.92	0.65
66	229	0.4	0.92	0.65
66	230	0.4	0.92	0.65
66	231	0.4	0.92	0.65
66	232	0.4	0.92	0.65
66	233	0.4	0.92	0.65
66	234	0.01	0.87	0.23
66	235	0.01	0.87	0.23
66	236	0.01	0.87	0.23
66	237	0.01	0.87	0.23
66	238	0.01	0.87	0.23
66	239	0.01	0.87	0.23
66	240	0.92	0.25	0.49
66	241	0.92	0.25	0.49
66	242	0.92	0.25	0.49
66	243	0.92	0.25	0.49
66	244	0.92	0.25	0.49
66	245	0.92	0.25	0.49
66	246	0.48	0.95	0.55
66	247	0.48	0.95	0.55
66	248	0.48	0.95	0.55
66	249	0.48	0.95	0.55
66	250	0.48	0.95	0.55
66	251	0.48	0.95	0.55
66	252	0.04	0.81	0.87
66	253	0.04	0.81	0.87
66	254	0.04	0.81	0.87
66	255	0.04	0.81	0.87
66	256	0.04	0.81	0.87
66	257	0.04	0.81	0.87
66	258	0.62	0.85	0.58
66	259	0.62	0.85	0.58
66	260	0.62	0.85	0.58
66	261	0.62	0.85	0.58
66	262	0.62	0.85	0.58
66	263	0.62	0.85	0.58
66	264	0.6	0.3	0.65
66	265	0.6	0.3	0.65
66	266	0.6	0.3	0.65
66	267	0.6	0.3	0.65
66	268	0.6	0.3	0.65
66	269	0.6	0.3	0.65
66	270	0.68	0.96	0.04
66	271	0.68	0.96	0.04
66	272	0.68	0.96	0.04
66	273	0.68	0.96	0.04
66	274	0.68	0.96	0.04
66	275	0.68	0.96	0.04
66	276	0.55	0.07	0.51
66	277	0.55	0.07	0.51
66	278	0.55	0.07	0.51
66	279	0.55	0.07	0.51
66	280	0.55	0.07	0.51
66	281	0.55	0.07	0.51
66	282	0.48	0.05	0.48
66	283	0.48	0.05	0.48
66	284	0.48	0.05	0.48
66	285	0.48	0.05	0.48
66	286	0.48	0.05	0.48
66	287	0.48	0.05	0.48
66	288	0.74	0.07	0.68
66	289	0.74	0.07	0.68
66	290	0.74	0.07	0.68
66	291	0.74	0.07	0.68
66	292	0.74	0.07	0.68
66	293	0.74	0.07	0.68
66	294	0.84	0.27	0.34
66	295	0.84	0.27	0.34
66	296	0.84	0.27	0.34
66	297	0.84	0.27	0.34
66	298	0.84	0.27	0.34
66	299	0.84	0.27	0.34
66	300	0.08	0.05	0.49
66	301	0.08	0.05	0.49
66	302	0.08	0.05	0.49
66	303	0.08	0.05	0.49
66	304	0.08	0.05	0.49
66	305	0.08	0.05	0.49
66	306	0.4	0.83	0.94
66	307	0.4	0.83	0.94
66	308	0.4	0.83	0.94
66	309	0.4	0.83	0.94
66	310	0.4	0.83	0.94
66	311	0.4	0.83	0.94
66	312	0.17	0.51	0.73
66	313	0.17	0.51	0.73
66	314	0.17	0.51	0.73
66	315	0.17	0.51	0.73
66	316	0.17	0.51	0.73
66	317	0.17	0.51	0.73
66	318	0.87	0.69	0.01
66	319	0.87	0.69	0.01
66	320	0.87	0.69	0.01
66	321	0.87	0.69	0.01
66	322	0.87	0.69	0.01
66	323	0.87	0.69	0.01
66	324	0.83	0.36	0.3
66	325	0.83	0.36	0.3
66	326	0.83	0.36	0.3
66	327	0.83	0.36	0.3
66	328	0.83	0.36	0.3
66	329	0.83	0.36	0.3
66	330	0.31	0.62	0.68
66	331	0.31	0.62	0.68
66	332	0.31	0.62	0.68
66	333	0.31	0.62	0.68
66	334	0.31	0.62	0.68
66	335	0.31	0.62	0.68
66	336	0.22	0.64	0.03
66	337	0.22	0.64	0.03
66	338	0.22	0.64	0.03
66	339	0.22	0.64	0.03
66	340	0.22	0.64	0.03
66	341	0.22	0.64	0.03
66	342	0.04	0.9	0.09
66	343	0.04	0.9	0.09
66	344	0.04	0.9	0.09
66	345	0.04	0.9	0.09
66	346	0.04	0.9	0.09
66	347	0.04	0.9	0.09
66	348	0.6	0.08	0.68
66	349	0.6	0.08	0.68
66	350	0.6	0.08	0.68
66	351	0.6	0.08	0.68
66	352	0.6	0.08	0.68
66	353	0.6	0.08	0.68
66	354	0.76	0.26	0.91
66	355	0.76	0.26	0.91
66	356	0.76	0.26	0.91
66	357	0.76	0.26	0.91
66	358	0.76	0.26	0.91
66	359	0.76	0.26	0.91
66	360	0.33	0.22	0.62
66	361	0.33	0.22	0.62
66	362	0.33	0.22	0.62
66	363	0.33	0.22	0.62
66	364	0.33	0.22	0.62
66	365	0.33	0.22	0.62
66	366	0.57	0.85	0.4
66	367	0.57	0.85	0.4
66	368	0.57	0.85	0.4
66	369	0.57	0.85	0.4
66	370	0.57	0.85	0.4
66	371	0.57	0.85	0.4
66	372	0.08	0.71	0.61
66	373	0.08	0.71	0.61
66	374	0.08	0.71	0.61
66	375	0.08	0.71	0.61
66	376	0.08	0.71	0.61
66	377	0.08	0.71	0.61
66	378	0.75	0.76	0.24
66	379	0.75	0.76	0.24
66	380	0.75	0.76	0.24
66	381	0.75	0.76	0.24
66	382	0.75	0.76	0.24
66	383	0.75	0.76	0.24
66	384	0.56	0.92	0.02
66	385	0.56	0.92	0.02
66	386	0.56	0.92	0.02
66	387	0.56	0.92	0.02
66	388	0.56	0.92	0.02
66	389	0.56	0.92	0.02
66	390	0.2	0.95	0.25
66	391	0.2	0.95	0.25
66	392	0.2	0.95	0.25
66	393	0.2	0.95	0.25
66	394	0.2	0.95	0.25
66	395	0.2	0.95	0.25
66	402	0.8	0.76	0.57
66	403	0.8	0.76	0.57
66	404	0.8	0.76	0.57
66	405	0.8	0.76	0.57
66	406	0.8	0.76	0.57
66	407	0.8	0.76	0.57
66	408	0.38	0.72	0.67
66	409	0.38	0.72	0.67
66	410	0.38	0.72	0.67
66	411	0.38	0.72	0.67
66	412	0.38	0.72	0.67
66	413	0.38	0.72	0.67
66	414	0.98	0.02	0.44
66	415	0.98	0.02	0.44
66	416	0.98	0.02	0.44
66	417	0.98	0.02	0.44
66	418	0.98	0.02	0.44
66	419	0.98	0.02	0.44
66	420	0.89	0.56	0.98
66	421	0.89	0.56	0.98
66	422	0.89	0.56	0.98
66	423	0.89	0.56	0.98
66	424	0.89	0.56	0.98
66	425	0.89	0.56	0.98
66	426	0.8	0.49	0.6
66	427	0.8	0.49	0.6
66	428	0.8	0.49	0.6
66	429	0.8	0.49	0.6
66	430	0.8	0.49	0.6
66	431	0.8	0.49	0.6
66	432	0.33	0.99	0.3
66	433	0.33	0.99	0.3
66	434	0.33	0.99	0.3
66	435	0.33	0.99	0.3
66	436	0.33	0.99	0.3
66	437	0.33	0.99	0.3
66	438	0.36	0.24	0.04
66	439	0.36	0.24	0.04
66	440	0.36	0.24	0.04
66	441	0.36	0.24	0.04
66	442	0.36	0.24	0.04
66	443	0.36	0.24	0.04
66	444	0.53	0.18	0.17
66	445	0.53	0.18	0.17
66	446	0.53	0.18	0.17
66	447	0.53	0.18	0.17
66	448	0.53	0.18	0.17
66	449	0.53	0.18	0.17
66	450	0.05	0.06	0.33
66	451	0.05	0.06	0.33
66	452	0.05	0.06	0.33
66	453	0.05	0.06	0.33
66	454	0.05	0.06	0.33
66	455	0.05	0.06	0.33
66	456	0.63	0.28	0.98
66	457	0.63	0.28	0.98
66	458	0.63	0.28	0.98
66	459	0.63	0.28	0.98
66	460	0.63	0.28	0.98
66	461	0.63	0.28	0.98
66	462	0.05	0.92	0.17
66	463	0.05	0.92	0.17
66	464	0.05	0.92	0.17
66	465	0.05	0.92	0.17
66	466	0.05	0.92	0.17
66	467	0.05	0.92	0.17
66	468	0.7	0.66	0.87
66	469	0.7	0.66	0.87
66	470	0.7	0.66	0.87
66	471	0.7	0.66	0.87
66	472	0.7	0.66	0.87
66	473	0.7	0.66	0.87
66	474	0.98	0.78	0.15
66	475	0.98	0.78	0.15
66	476	0.98	0.78	0.15
66	477	0.98	0.78	0.15
66	478	0.98	0.78	0.15
66	479	0.98	0.78	0.15
66	480	0.89	0.48	0.67
66	481	0.89	0.48	0.67
66	482	0.89	0.48	0.67
66	483	0.89	0.48	0.67
66	484	0.89	0.48	0.67
66	485	0.89	0.48	0.67
66	486	0.87	0.42	0.43
66	487	0.87	0.42	0.43
66	488	0.87	0.42	0.43
66	489	0.87	0.42	0.43
66	490	0.87	0.42	0.43
66	491	0.87	0.42	0.43
66	492	0.69	0.96	0.11
66	493	0.69	0.96	0.11
66	494	0.69	0.96	0.11
66	495	0.69	0.96	0.11
66	496	0.69	0.96	0.11
66	497	0.69	0.96	0.11
66	498	0.08	0.52	0.79
66	499	0.08	0.52	0.79
66	500	0.08	0.52	0.79
66	501	0.08	0.52	0.79
66	502	0.08	0.52	0.79
66	503	0.08	0.52	0.79
66	504	0.03	0.75	0.56
66	505	0.03	0.75	0.56
66	506	0.03	0.75	0.56
66	507	0.03	0.75	0.56
66	508	0.03	0.75	0.56
66	509	0.03	0.75	0.56
66	510	0.27	0.85	0.81
66	511	0.27	0.85	0.81
66	512	0.27	0.85	0.81
66	513	0.27	0.85	0.81
66	514	0.27	0.85	0.81
66	515	0.27	0.85	0.81
66	516	0.72	0.44	0.51
66	517	0.72	0.44	0.51
66	518	0.72	0.44	0.51
66	519	0.72	0.44	0.51
66	520	0.72	0.44	0.51
66	521	0.72	0.44	0.51
66	522	0.24	0.55	0.9
66	523	0.24	0.55	0.9
66	524	0.24	0.55	0.9
66	525	0.24	0.55	0.9
66	526	0.24	0.55	0.9
66	527	0.24	0.55	0.9
66	528	0.24	0.25	0.65
66	529	0.24	0.25	0.65
66	530	0.24	0.25	0.65
66	531	0.24	0.25	0.65
66	532	0.24	0.25	0.65
66	533	0.24	0.25	0.65
66	534	0.0	0.7	0.67
66	535	0.0	0.7	0.67
66	536	0.0	0.7	0.67
66	537	0.0	0.7	0.67
66	538	0.0	0.7	0.67
66	539	0.0	0.7	0.67
66	540	0.69	0.11	0.39
66	541	0.69	0.11	0.39
66	542	0.69	0.11	0.39
66	543	0.69	0.11	0.39
66	544	0.69	0.11	0.39
66	545	0.69	0.11	0.39
66	552	0.07	0.66	0.4
66	553	0.07	0.66	0.4
66	554	0.07	0.66	0.4
66	555	0.07	0.66	0.4
66	556	0.07	0.66	0.4
66	557	0.07	0.66	0.4
66	558	0.42	0.0	0.73
66	559	0.42	0.0	0.73
66	560	0.42	0.0	0.73
66	561	0.42	0.0	0.73
66	562	0.42	0.0	0.73
66	563	0.42	0.0	0.73
66	564	0.16	0.32	0.23
66	565	0.16	0.32	0.23
66	566	0.16	0.32	0.23
66	567	0.16	0.32	0.23
66	568	0.16	0.32	0.23
66	569	0.16	0.32	0.23
66	570	0.42	0.96	0.29
66	571	0.42	0.96	0.29
66	572	0.42	0.96	0.29
66	573	0.42	0.96	0.29
66	574	0.42	0.96	0.29
66	575	0.42	0.96	0.29
66	576	0.74	0.11	0.84
66	577	0.74	0.11	0.84
66	578	0.74	0.11	0.84
66	579	0.74	0.11	0.84
66	580	0.74	0.11	0.84
66	581	0.74	0.11	0.84
66	582	0.48	0.12	0.3
66	583	0.48	0.12	0.3
66	584	0.48	0.12	0.3
66	585	0.48	0.12	0.3
66	586	0.48	0.12	0.3
66	587	0.48	0.12	0.3
66	588	0.52	0.09	0.26
66	589	0.52	0.09	0.26
66	590	0.52	0.09	0.26
66	591	0.52	0.09	0.26
66	592	0.52	0.09	0.26
66	593	0.52	0.09	0.26
66	594	0.7	0.12	0.21
66	595	0.7	0.12	0.21
66	596	0.7	0.12	0.21
66	597	0.7	0.12	0.21
66	598	0.7	0.12	0.21
66	599	0.7	0.12	0.21
66	600	0.79	0.74	0.56
66	601	0.79	0.74	0.56
66	602	0.79	0.74	0.56
66	603	0.79	0.74	0.56
66	604	0.79	0.74	0.56
66	605	0.79	0.74	0.56
66	606	0.95	0.99	0.35
66	607	0.95	0.99	0.35
66	608	0.95	0.99	0.35
66	609	0.95	0.99	0.35
66	610	0.95	0.99	0.35
66	611	0.95	0.99	0.35
66	612	0.88	0.91	0.11
66	613	0.88	0.91	0.11
66	614	0.88	0.91	0.11
66	615	0.88	0.91	0.11
66	616	0.88	0.91	0.11
66	617	0.88	0.91	0.11
66	618	0.29	0.17	0.02
66	619	0.29	0.17	0.02
66	620	0.29	0.17	0.02
66	621	0.29	0.17	0.02
66	622	0.29	0.17	0.02
66	623	0.29	0.17	0.02
66	624	0.35	0.45	0.34
66	625	0.35	0.45	0.34
66	626	0.35	0.45	0.34
66	627	0.35	0.45	0.34
66	628	0.35	0.45	0.34
66	629	0.35	0.45	0.34
66	636	0.71	0.21	0.15
66	637	0.71	0.21	0.15
66	638	0.71	0.21	0.15
66	639	0.71	0.21	0.15
66	640	0.71	0.21	0.15
66	641	0.71	0.21	0.15
66	642	0.36	0.4	0.74
66	643	0.36	0.4	0.74
66	644	0.36	0.4	0.74
66	645	0.36	0.4	0.74
66	646	0.36	0.4	0.74
66	647	0.36	0.4	0.74
66	648	0.35	0.85	0.21
66	649	0.35	0.85	0.21
66	650	0.35	0.85	0.21
66	651	0.35	0.85	0.21
66	652	0.35	0.85	0.21
66	653	0.35	0.85	0.21
66	654	0.89	0.32	0.14
66	655	0.89	0.32	0.14
66	656	0.89	0.32	0.14
66	657	0.89	0.32	0.14
66	658	0.89	0.32	0.14
66	659	0.89	0.32	0.14
66	660	0.89	0.88	0.61
66	661	0.89	0.88	0.61
66	662	0.89	0.88	0.61
66	663	0.89	0.88	0.61
66	664	0.89	0.88	0.61
66	665	0.89	0.88	0.61
66	666	0.9	0.92	0.9
67	0	0.63	0.59	0.33
67	1	0.63	0.59	0.33
67	2	0.63	0.59	0.33
67	3	0.63	0.59	0.33
67	4	0.63	0.59	0.33
67	5	0.63	0.59	0.33
68	0	0.44	0.44	0.48
68	1	0.44	0.44	0.48
68	2	0.44	0.44	0.48
68	3	0.44	0.44	0.48
68	4	0.44	0.44	0.48
68	5	0.44	0.44	0.48
69	0	0.16	0.08	0.17
69	1	0.16	0.08	0.17
69	2	0.16	0.08	0.17
69	3	0.16	0.08	0.17
69	4	0.16	0.08	0.17
69	5	0.16	0.08	0.17
70	0	0.84	0.22	0.62
70	1	0.84	0.22	0.62
70	2	0.84	0.22	0.62
70	3	0.84	0.22	0.62
70	4	0.84	0.22	0.62
70	5	0.84	0.22	0.62
71	0	0.24	0.2	0.16
71	1	0.24	0.2	0.16
71	2	0.24	0.2	0.16
71	3	0.24	0.2	0.16
71	4	0.24	0.2	0.16
71	5	0.24	0.2	0.16
72	0	1.0	0.38	0.35
72	1	1.0	0.38	0.35
72	2	1.0	0.38	0.35
72	3	1.0	0.38	0.35
72	4	1.0	0.38	0.35
72	5	1.0	0.38	0.35
73	0	0.72	0.05	0.51
73	1	0.72	0.05	0.51
73	2	0.72	0.05	0.51
73	3	0.72	0.05	0.51
73	4	0.72	0.05	0.51
73	5	0.72	0.05	0.51
74	0	0.18	0.33	0.1
74	1	0.18	0.33	0.1
74	2	0.18	0.33	0.1
74	3	0.18	0.33	0.1
74	4	0.18	0.33	0.1
74	5	0.18	0.33	0.1
75	0	0.97	0.85	0.44
75	1	0.97	0.85	0.44
75	2	0.97	0.85	0.44
75	3	0.97	0.85	0.44
75	4	0.97	0.85	0.44
75	5	0.97	0.85	0.44
76	0	0.88	0.28	0.55
76	1	0.88	0.28	0.55
76	2	0.88	0.28	0.55
76	3	0.88	0.28	0.55
76	4	0.88	0.28	0.55
76	5	0.88	0.28	0.55
77	0	0.68	0.46	0.86
77	1	0.68	0.46	0.86
77	2	0.68	0.46	0.86
77	3	0.68	0.46	0.86
77	4	0.68	0.46	0.86
77	5	0.68	0.46	0.86
78	0	0.16	0.5	0.81
78	1	0.16	0.5	0.81
78	2	0.16	0.5	0.81
78	3	0.16	0.5	0.81
78	4	0.16	0.5	0.81
78	5	0.16	0.5	0.81
79	0	0.71	0.81	0.55
79	1	0.71	0.81	0.55
79	2	0.71	0.81	0.55
79	3	0.71	0.81	0.55
79	4	0.71	0.81	0.55
79	5	0.71	0.81	0.55
80	0	0.21	0.38	0.91
80	1	0.21	0.38	0.91
80	2	0.21	0.38	0.91
80	3	0.21	0.38	0.91
80	4	0.21	0.38	0.91
80	5	0.21	0.38	0.91
81	0	0.6	0.17	0.59
81	1	0.6	0.17	0.59
81	2	0.6	0.17	0.59
81	3	0.6	0.17	0.59
81	4	0.6	0.17	0.59
81	5	0.6	0.17	0.59
82	0	0.21	0.2	0.75
82	1	0.21	0.2	0.75
82	2	0.21	0.2	0.75
82	3	0.21	0.2	0.75
82	4	0.21	0.2	0.75
82	5	0.21	0.2	0.75
83	0	0.24	0.56	0.9
83	1	0.24	0.56	0.9
83	2	0.24	0.56	0.9
83	3	0.24	0.56	0.9
83	4	0.24	0.56	0.9
83	5	0.24	0.56	0.9
84	0	0.77	0.67	0.57
84	1	0.77	0.67	0.57
84	2	0.77	0.67	0.57
84	3	0.77	0.67	0.57
84	4	0.77	0.67	0.57
84	5	0.77	0.67	0.57
85	0	0.9	0.95	0.59
85	1	0.9	0.95	0.59
85	2	0.9	0.95	0.59
85	3	0.9	0.95	0.59
85	4	0.9	0.95	0.59
85	5	0.9	0.95	0.59
86	0	0.62	0.98	0.07
86	1	0.62	0.98	0.07
86	2	0.62	0.98	0.07
86	3	0.62	0.98	0.07
86	4	0.62	0.98	0.07
86	5	0.62	0.98	0.07
87	0	1.0	0.15	0.05
87	1	1.0	0.15	0.05
87	2	1.0	0.15	0.05
87	3	1.0	0.15	0.05
87	4	1.0	0.15	0.05
87	5	1.0	0.15	0.05
88	0	0.44	0.9	0.2
88	1	0.44	0.9	0.2
88	2	0.44	0.9	0.2
88	3	0.44	0.9	0.2
88	4	0.44	0.9	0.2
88	5	0.44	0.9	0.2
89	0	0.46	0.18	0.89
89	1	0.46	0.18	0.89
89	2	0.46	0.18	0.89
89	3	0.46	0.18	0.89
89	4	0.46	0.18	0.89
89	5	0.46	0.18	0.89
90	0	0.52	0.48	0.17
90	1	0.52	0.48	0.17
90	2	0.52	0.48	0.17
90	3	0.52	0.48	0.17
90	4	0.52	0.48	0.17
90	5	0.52	0.48	0.17
91	0	0.53	0.41	0.69
91	1	0.53	0.41	0.69
91	2	0.53	0.41	0.69
91	3	0.53	0.41	0.69
91	4	0.53	0.41	0.69
91	5	0.53	0.41	0.69
92	0	0.02	0.17	0.4
92	1	0.02	0.17	0.4
92	2	0.02	0.17	0.4
92	3	0.02	0.17	0.4
92	4	0.02	0.17	0.4
92	5	0.02	0.17	0.4
93	0	0.99	1.0	0.33
93	1	0.99	1.0	0.33
93	2	0.99	1.0	0.33
93	3	0.99	1.0	0.33
93	4	0.99	1.0	0.33
93	5	0.99	1.0	0.33
94	0	0.62	0.11	0.52
94	1	0.62	0.11	0.52
94	2	0.62	0.11	0.52
94	3	0.62	0.11	0.52
94	4	0.62	0.11	0.52
94	5	0.62	0.11	0.52
95	0	0.3	0.02	0.98
95	1	0.3	0.02	0.98
95	2	0.3	0.02	0.98
95	3	0.3	0.02	0.98
95	4	0.3	0.02	0.98
95	5	0.3	0.02	0.98
96	0	0.64	0.29	0.14
96	1	0.64	0.29	0.14
96	2	0.64	0.29	0.14
96	3	0.64	0.29	0.14
96	4	0.64	0.29	0.14
96	5	0.64	0.29	0.14
97	0	0.93	0.85	0.54
97	1	0.93	0.85	0.54
97	2	0.93	0.85	0.54
97	3	0.93	0.85	0.54
97	4	0.93	0.85	0.54
97	5	0.93	0.85	0.54
98	0	0.49	0.04	0.49
98	1	0.49	0.04	0.49
98	2	0.49	0.04	0.49
98	3	0.49	0.04	0.49
98	4	0.49	0.04	0.49
98	5	0.49	0.04	0.49
99	0	0.25	0.31	0.26
99	1	0.25	0.31	0.26
99	2	0.25	0.31	0.26
99	3	0.25	0.31	0.26
99	4	0.25	0.31	0.26
99	5	0.25	0.31	0.26
100	0	0.38	0.19	0.74
100	1	0.38	0.19	0.74
100	2	0.38	0.19	0.74
100	3	0.38	0.19	0.74
100	4	0.38	0.19	0.74
100	5	0.38	0.19	0.74
101	0	0.55	0.34	0.57
101	1	0.55	0.34	0.57
101	2	0.55	0.34	0.57
101	3	0.55	0.34	0.57
101	4	0.55	0.34	0.57
101	5	0.55	0.34	0.57
102	0	0.84	0.33	0.94
102	1	0.84	0.33	0.94
102	2	0.84	0.33	0.94
102	3	0.84	0.33	0.94
102	4	0.84	0.33	0.94
102	5	0.84	0.33	0.94
103	0	0.54	0.07	0.08
103	1	0.54	0.07	0.08
103	2	0.54	0.07	0.08
103	3	0.54	0.07	0.08
103	4	0.54	0.07	0.08
103	5	0.54	0.07	0.08
104	0	0.21	0.17	0.91
104	1	0.21	0.17	0.91
104	2	0.21	0.17	0.91
104	3	0.21	0.17	0.91
104	4	0.21	0.17	0.91
104	5	0.21	0.17	0.91
105	0	0.18	0.6	0.01
105	1	0.18	0.6	0.01
105	2	0.18	0.6	0.01
105	3	0.18	0.6	0.01
105	4	0.18	0.6	0.01
105	5	0.18	0.6	0.01
106	0	0.69	0.62	0.75
106	1	0.69	0.62	0.75
106	2	0.69	0.62	0.75
106	3	0.69	0.62	0.75
106	4	0.69	0.62	0.75
106	5	0.69	0.62	0.75
107	0	0.04	0.65	0.15
107	1	0.04	0.65	0.15
107	2	0.04	0.65	0.15
107	3	0.04	0.65	0.15
107	4	0.04	0.65	0.15
107	5	0.04	0.65	0.15
108	0	0.2	0.35	0.26
108	1	0.2	0.35	0.26
108	2	0.2	0.35	0.26
108	3	0.2	0.35	0.26
108	4	0.2	0.35	0.26
108	5	0.2	0.35	0.26
109	0	0.13	0.11	0.94
109	1	0.13	0.11	0.94
109	2	0.13	0.11	0.94
109	3	0.13	0.11	0.94
109	4	0.13	0.11	0.94
109	5	0.13	0.11	0.94
110	0	0.34	0.97	0.81
110	1	0.34	0.97	0.81
110	2	0.34	0.97	0.81
110	3	0.34	0.97	0.81
110	4	0.34	0.97	0.81
110	5	0.34	0.97	0.81
111	0	0.1	0.64	0.37
111	1	0.1	0.64	0.37
111	2	0.1	0.64	0.37
111	3	0.1	0.64	0.37
111	4	0.1	0.64	0.37
111	5	0.1	0.64	0.37
112	0	0.14	0.23	0.62
112	1	0.14	0.23	0.62
112	2	0.14	0.23	0.62
112	3	0.14	0.23	0.62
112	4	0.14	0.23	0.62
112	5	0.14	0.23	0.62
113	0	0.57	0.52	0.54
113	1	0.57	0.52	0.54
113	2	0.57	0.52	0.54
113	3	0.57	0.52	0.54
113	4	0.57	0.52	0.54
113	5	0.57	0.52	0.54
114	0	0.16	0.05	0.39
114	1	0.16	0.05	0.39
114	2	0.16	0.05	0.39
114	3	0.16	0.05	0.39
114	4	0.16	0.05	0.39
114	5	0.16	0.05	0.39
115	0	0.35	0.13	0.16
115	1	0.35	0.13	0.16
115	2	0.35	0.13	0.16
115	3	0.35	0.13	0.16
115	4	0.35	0.13	0.16
115	5	0.35	0.13	0.16
116	0	0.94	0.57	0.5
116	1	0.94	0.57	0.5
116	2	0.94	0.57	0.5
116	3	0.94	0.57	0.5
116	4	0.94	0.57	0.5
116	5	0.94	0.57	0.5
117	0	0.39	0.09	0.18
117	1	0.39	0.09	0.18
117	2	0.39	0.09	0.18
117	3	0.39	0.09	0.18
117	4	0.39	0.09	0.18
117	5	0.39	0.09	0.18
118	0	0.34	0.78	0.82
118	1	0.34	0.78	0.82
118	2	0.34	0.78	0.82
118	3	0.34	0.78	0.82
118	4	0.34	0.78	0.82
118	5	0.34	0.78	0.82
119	0	0.65	0.43	0.82
119	1	0.65	0.43	0.82
119	2	0.65	0.43	0.82
119	3	0.65	0.43	0.82
119	4	0.65	0.43	0.82
119	5	0.65	0.43	0.82
120	0	0.67	0.41	0.23
120	1	0.67	0.41	0.23
120	2	0.67	0.41	0.23
120	3	0.67	0.41	0.23
120	4	0.67	0.41	0.23
120	5	0.67	0.41	0.23
121	0	0.46	0.94	0.02
121	1	0.46	0.94	0.02
121	2	0.46	0.94	0.02
121	3	0.46	0.94	0.02
121	4	0.46	0.94	0.02
121	5	0.46	0.94	0.02
122	0	0.05	0.21	0.09
122	1	0.05	0.21	0.09
122	2	0.05	0.21	0.09
122	3	0.05	0.21	0.09
122	4	0.05	0.21	0.09
122	5	0.05	0.21	0.09
123	0	0.46	0.36	0.84
123	1	0.46	0.36	0.84
123	2	0.46	0.36	0.84
123	3	0.46	0.36	0.84
123	4	0.46	0.36	0.84
123	5	0.46	0.36	0.84
124	0	0.78	0.59	0.98
124	1	0.78	0.59	0.98
124	2	0.78	0.59	0.98
124	3	0.78	0.59	0.98
124	4	0.78	0.59	0.98
124	5	0.78	0.59	0.98
125	0	0.23	0.35	0.46
125	1	0.23	0.35	0.46
125	2	0.23	0.35	0.46
125	3	0.23	0.35	0.46
125	4	0.23	0.35	0.46
125	5	0.23	0.35	0.46
126	0	0.57	0.32	0.39
126	1	0.57	0.32	0.39
126	2	0.57	0.32	0.39
126	3	0.57	0.32	0.39
126	4	0.57	0.32	0.39
126	5	0.57	0.32	0.39
127	0	0.82	0.03	0.31
127	1	0.82	0.03	0.31
127	2	0.82	0.03	0.31
127	3	0.82	0.03	0.31
127	4	0.82	0.03	0.31
127	5	0.82	0.03	0.31
128	0	0.62	0.31	0.43
128	1	0.62	0.31	0.43
128	2	0.62	0.31	0.43
128	3	0.62	0.31	0.43
128	4	0.62	0.31	0.43
128	5	0.62	0.31	0.43
129	0	0.46	0.93	0.61
129	1	0.46	0.93	0.61
129	2	0.46	0.93	0.61
129	3	0.46	0.93	0.61
129	4	0.46	0.93	0.61
129	5	0.46	0.93	0.61
130	0	0.54	0.95	0.14
130	1	0.54	0.95	0.14
130	2	0.54	0.95	0.14
130	3	0.54	0.95	0.14
130	4	0.54	0.95	0.14
130	5	0.54	0.95	0.14
131	0	0.33	0.98	0.94
131	1	0.33	0.98	0.94
131	2	0.33	0.98	0.94
131	3	0.33	0.98	0.94
131	4	0.33	0.98	0.94
131	5	0.33	0.98	0.94
132	0	0.57	0.83	0.85
132	1	0.57	0.83	0.85
132	2	0.57	0.83	0.85
132	3	0.57	0.83	0.85
132	4	0.57	0.83	0.85
132	5	0.57	0.83	0.85
133	0	0.61	0.5	0.32
133	1	0.61	0.5	0.32
133	2	0.61	0.5	0.32
133	3	0.61	0.5	0.32
133	4	0.61	0.5	0.32
133	5	0.61	0.5	0.32
134	0	0.44	0.92	0.15
134	1	0.44	0.92	0.15
134	2	0.44	0.92	0.15
134	3	0.44	0.92	0.15
134	4	0.44	0.92	0.15
134	5	0.44	0.92	0.15
135	0	0.01	0.49	0.57
135	1	0.01	0.49	0.57
135	2	0.01	0.49	0.57
135	3	0.01	0.49	0.57
135	4	0.01	0.49	0.57
135	5	0.01	0.49	0.57
136	0	0.53	0.6	0.39
136	1	0.53	0.6	0.39
136	2	0.53	0.6	0.39
136	3	0.53	0.6	0.39
136	4	0.53	0.6	0.39
136	5	0.53	0.6	0.39
137	0	0.13	0.22	0.97
137	1	0.13	0.22	0.97
137	2	0.13	0.22	0.97
137	3	0.13	0.22	0.97
137	4	0.13	0.22	0.97
137	5	0.13	0.22	0.97
138	0	0.55	0.69	0.74
138	1	0.55	0.69	0.74
138	2	0.55	0.69	0.74
138	3	0.55	0.69	0.74
138	4	0.55	0.69	0.74
138	5	0.55	0.69	0.74
139	0	0.79	0.49	0.49
139	1	0.79	0.49	0.49
139	2	0.79	0.49	0.49
139	3	0.79	0.49	0.49
139	4	0.79	0.49	0.49
139	5	0.79	0.49	0.49
140	0	0.94	0.34	0.83
140	1	0.94	0.34	0.83
140	2	0.94	0.34	0.83
140	3	0.94	0.34	0.83
140	4	0.94	0.34	0.83
140	5	0.94	0.34	0.83
141	0	0.14	0.52	0.68
141	1	0.14	0.52	0.68
141	2	0.14	0.52	0.68
141	3	0.14	0.52	0.68
141	4	0.14	0.52	0.68
141	5	0.14	0.52	0.68
142	0	0.28	0.89	0.78
142	1	0.28	0.89	0.78
142	2	0.28	0.89	0.78
142	3	0.28	0.89	0.78
142	4	0.28	0.89	0.78
142	5	0.28	0.89	0.78
143	0	0.43	0.19	0.32
143	1	0.43	0.19	0.32
143	2	0.43	0.19	0.32
143	3	0.43	0.19	0.32
143	4	0.43	0.19	0.32
143	5	0.43	0.19	0.32
144	0	0.2	0.3	0.65
144	1	0.2	0.3	0.65
144	2	0.2	0.3	0.65
144	3	0.2	0.3	0.65
144	4	0.2	0.3	0.65
144	5	0.2	0.3	0.65
145	0	0.2	0.21	0.06
145	1	0.2	0.21	0.06
145	2	0.2	0.21	0.06
145	3	0.2	0.21	0.06
145	4	0.2	0.21	0.06
145	5	0.2	0.21	0.06
146	0	0.76	0.64	0.11
146	1	0.76	0.64	0.11
146	2	0.76	0.64	0.11
146	3	0.76	0.64	0.11
146	4	0.76	0.64	0.11
146	5	0.76	0.64	0.11
147	0	0.94	0.4	1.0
147	1	0.94	0.4	1.0
147	2	0.94	0.4	1.0
147	3	0.94	0.4	1.0
147	4	0.94	0.4	1.0
147	5	0.94	0.4	1.0
148	0	0.72	0.69	0.9
148	1	0.72	0.69	0.9
148	2	0.72	0.69	0.9
148	3	0.72	0.69	0.9
148	4	0.72	0.69	0.9
148	5	0.72	0.69	0.9
149	0	0.19	0.74	0.75
149	1	0.19	0.74	0.75
149	2	0.19	0.74	0.75
149	3	0.19	0.74	0.75
149	4	0.19	0.74	0.75
149	5	0.19	0.74	0.75
150	0	0.76	0.11	0.04
150	1	0.76	0.11	0.04
150	2	0.76	0.11	0.04
150	3	0.76	0.11	0.04
150	4	0.76	0.11	0.04
150	5	0.76	0.11	0.04
151	0	0.02	0.65	0.01
151	1	0.02	0.65	0.01
151	2	0.02	0.65	0.01
151	3	0.02	0.65	0.01
151	4	0.02	0.65	0.01
151	5	0.02	0.65	0.01
152	0	0.18	0.87	0.87
152	1	0.18	0.87	0.87
152	2	0.18	0.87	0.87
152	3	0.18	0.87	0.87
152	4	0.18	0.87	0.87
152	5	0.18	0.87	0.87
153	0	0.58	0.65	0.46
153	1	0.58	0.65	0.46
153	2	0.58	0.65	0.46
153	3	0.58	0.65	0.46
153	4	0.58	0.65	0.46
153	5	0.58	0.65	0.46
154	0	0.04	0.77	0.11
154	1	0.04	0.77	0.11
154	2	0.04	0.77	0.11
154	3	0.04	0.77	0.11
154	4	0.04	0.77	0.11
154	5	0.04	0.77	0.11
155	0	0.83	0.96	0.36
155	1	0.83	0.96	0.36
155	2	0.83	0.96	0.36
155	3	0.83	0.96	0.36
155	4	0.83	0.96	0.36
155	5	0.83	0.96	0.36
156	0	0.05	0.26	0.83
156	1	0.05	0.26	0.83
156	2	0.05	0.26	0.83
156	3	0.05	0.26	0.83
156	4	0.05	0.26	0.83
156	5	0.05	0.26	0.83
157	0	0.29	0.96	0.81
157	1	0.29	0.96	0.81
157	2	0.29	0.96	0.81
157	3	0.29	0.96	0.81
157	4	0.29	0.96	0.81
157	5	0.29	0.96	0.81
158	0	0.59	0.53	0.59
158	1	0.59	0.53	0.59
158	2	0.59	0.53	0.59
158	3	0.59	0.53	0.59
158	4	0.59	0.53	0.59
158	5	0.59	0.53	0.59
159	0	0.68	0.1	0.27
159	1	0.68	0.1	0.27
159	2	0.68	0.1	0.27
159	3	0.68	0.1	0.27
159	4	0.68	0.1	0.27
159	5	0.68	0.1	0.27
160	0	0.95	0.24	0.49
160	1	0.95	0.24	0.49
160	2	0.95	0.24	0.49
160	3	0.95	0.24	0.49
160	4	0.95	0.24	0.49
160	5	0.95	0.24	0.49
161	0	0.31	0.51	0.35
161	1	0.31	0.51	0.35
161	2	0.31	0.51	0.35
161	3	0.31	0.51	0.35
161	4	0.31	0.51	0.35
161	5	0.31	0.51	0.35
162	0	0.58	0.7	0.52
162	1	0.58	0.7	0.52
162	2	0.58	0.7	0.52
162	3	0.58	0.7	0.52
162	4	0.58	0.7	0.52
162	5	0.58	0.7	0.52
163	0	0.66	0.5	0.92
163	1	0.66	0.5	0.92
163	2	0.66	0.5	0.92
163	3	0.66	0.5	0.92
163	4	0.66	0.5	0.92
163	5	0.66	0.5	0.92
164	0	0.9	0.37	0.61
164	1	0.9	0.37	0.61
164	2	0.9	0.37	0.61
164	3	0.9	0.37	0.61
164	4	0.9	0.37	0.61
164	5	0.9	0.37	0.61
165	0	0.7	0.7	0.11
165	1	0.7	0.7	0.11
165	2	0.7	0.7	0.11
165	3	0.7	0.7	0.11
165	4	0.7	0.7	0.11
165	5	0.7	0.7	0.11
166	0	0.6	0.81	0.23
166	1	0.6	0.81	0.23
166	2	0.6	0.81	0.23
166	3	0.6	0.81	0.23
166	4	0.6	0.81	0.23
166	5	0.6	0.81	0.23
167	0	0.21	0.12	0.58
167	1	0.21	0.12	0.58
167	2	0.21	0.12	0.58
167	3	0.21	0.12	0.58
167	4	0.21	0.12	0.58
167	5	0.21	0.12	0.58
168	0	0.06	0.26	0.27
168	1	0.06	0.26	0.27
168	2	0.06	0.26	0.27
168	3	0.06	0.26	0.27
168	4	0.06	0.26	0.27
168	5	0.06	0.26	0.27
169	0	0.52	0.57	0.86
169	1	0.52	0.57	0.86
169	2	0.52	0.57	0.86
169	3	0.52	0.57	0.86
169	4	0.52	0.57	0.86
169	5	0.52	0.57	0.86
170	0	0.99	0.37	0.97
170	1	0.99	0.37	0.97
170	2	0.99	0.37	0.97
170	3	0.99	0.37	0.97
170	4	0.99	0.37	0.97
170	5	0.99	0.37	0.97
171	0	0.59	0.22	0.32
171	1	0.59	0.22	0.32
171	2	0.59	0.22	0.32
171	3	0.59	0.22	0.32
171	4	0.59	0.22	0.32
171	5	0.59	0.22	0.32
172	0	0.59	0.95	0.23
172	1	0.59	0.95	0.23
172	2	0.59	0.95	0.23
172	3	0.59	0.95	0.23
172	4	0.59	0.95	0.23
172	5	0.59	0.95	0.23
173	0	0.81	0.37	0.69
173	1	0.81	0.37	0.69
173	2	0.81	0.37	0.69
173	3	0.81	0.37	0.69
173	4	0.81	0.37	0.69
173	5	0.81	0.37	0.69
174	0	0.8	0.96	0.17
174	1	0.8	0.96	0.17
174	2	0.8	0.96	0.17
174	3	0.8	0.96	0.17
174	4	0.8	0.96	0.17
174	5	0.8	0.96	0.17
175	0	0.07	0.68	0.36
175	1	0.07	0.68	0.36
175	2	0.07	0.68	0.36
175	3	0.07	0.68	0.36
175	4	0.07	0.68	0.36
175	5	0.07	0.68	0.36
176	0	0.54	0.26	0.43
176	1	0.54	0.26	0.43
176	2	0.54	0.26	0.43
176	3	0.54	0.26	0.43
176	4	0.54	0.26	0.43
176	5	0.54	0.26	0.43
177	0	0.08	0.97	0.45
177	1	0.08	0.97	0.45
177	2	0.08	0.97	0.45
177	3	0.08	0.97	0.45
177	4	0.08	0.97	0.45
177	5	0.08	0.97	0.45
178	0	0.82	0.32	0.8
178	1	0.82	0.32	0.8
178	2	0.82	0.32	0.8
178	3	0.82	0.32	0.8
178	4	0.82	0.32	0.8
178	5	0.82	0.32	0.8
179	0	0.5	0.99	0.21
179	1	0.5	0.99	0.21
179	2	0.5	0.99	0.21
179	3	0.5	0.99	0.21
179	4	0.5	0.99	0.21
179	5	0.5	0.99	0.21
180	0	0.33	0.12	0.41
180	1	0.33	0.12	0.41
180	2	0.33	0.12	0.41
180	3	0.33	0.12	0.41
180	4	0.33	0.12	0.41
180	5	0.33	0.12	0.41
181	0	0.42	0.92	0.2
181	1	0.42	0.92	0.2
181	2	0.42	0.92	0.2
181	3	0.42	0.92	0.2
181	4	0.42	0.92	0.2
181	5	0.42	0.92	0.2
182	0	0.71	0.65	0.82
182	1	0.71	0.65	0.82
182	2	0.71	0.65	0.82
182	3	0.71	0.65	0.82
182	4	0.71	0.65	0.82
182	5	0.71	0.65	0.82
183	0	0.2	0.45	0.53
183	1	0.2	0.45	0.53
183	2	0.2	0.45	0.53
183	3	0.2	0.45	0.53
183	4	0.2	0.45	0.53
183	5	0.2	0.45	0.53
184	0	0.99	0.5	0.31
184	1	0.99	0.5	0.31
184	2	0.99	0.5	0.31
184	3	0.99	0.5	0.31
184	4	0.99	0.5	0.31
184	5	0.99	0.5	0.31
185	0	0.21	0.62	0.45
185	1	0.21	0.62	0.45
185	2	0.21	0.62	0.45
185	3	0.21	0.62	0.45
185	4	0.21	0.62	0.45
185	5	0.21	0.62	0.45
186	0	0.44	0.76	0.46
186	1	0.44	0.76	0.46
186	2	0.44	0.76	0.46
186	3	0.44	0.76	0.46
186	4	0.44	0.76	0.46
186	5	0.44	0.76	0.46
187	0	0.44	0.67	0.33
187	1	0.44	0.67	0.33
187	2	0.44	0.67	0.33
187	3	0.44	0.67	0.33
187	4	0.44	0.67	0.33
187	5	0.44	0.67	0.33
188	0	0.99	0.53	0.41
188	1	0.99	0.53	0.41
188	2	0.99	0.53	0.41
188	3	0.99	0.53	0.41
188	4	0.99	0.53	0.41
188	5	0.99	0.53	0.41
189	0	0.9	0.67	0.07
189	1	0.9	0.67	0.07
189	2	0.9	0.67	0.07
189	3	0.9	0.67	0.07
189	4	0.9	0.67	0.07
189	5	0.9	0.67	0.07
190	0	0.57	0.3	0.96
190	1	0.57	0.3	0.96
190	2	0.57	0.3	0.96
190	3	0.57	0.3	0.96
190	4	0.57	0.3	0.96
190	5	0.57	0.3	0.96
191	0	0.54	0.54	0.8
191	1	0.54	0.54	0.8
191	2	0.54	0.54	0.8
191	3	0.54	0.54	0.8
191	4	0.54	0.54	0.8
191	5	0.54	0.54	0.8
192	0	0.0	0.24	0.11
192	1	0.0	0.24	0.11
192	2	0.0	0.24	0.11
192	3	0.0	0.24	0.11
192	4	0.0	0.24	0.11
192	5	0.0	0.24	0.11
193	0	0.75	0.65	0.73
193	1	0.75	0.65	0.73
193	2	0.75	0.65	0.73
193	3	0.75	0.65	0.73
193	4	0.75	0.65	0.73
193	5	0.75	0.65	0.73
194	0	0.14	0.79	0.53
194	1	0.14	0.79	0.53
194	2	0.14	0.79	0.53
194	3	0.14	0.79	0.53
194	4	0.14	0.79	0.53
194	5	0.14	0.79	0.53
195	0	0.15	0.46	0.17
195	1	0.15	0.46	0.17
195	2	0.15	0.46	0.17
195	3	0.15	0.46	0.17
195	4	0.15	0.46	0.17
195	5	0.15	0.46	0.17
196	0	0.07	0.94	0.12
196	1	0.07	0.94	0.12
196	2	0.07	0.94	0.12
196	3	0.07	0.94	0.12
196	4	0.07	0.94	0.12
196	5	0.07	0.94	0.12
197	0	0.09	0.6	0.6
197	1	0.09	0.6	0.6
197	2	0.09	0.6	0.6
197	3	0.09	0.6	0.6
197	4	0.09	0.6	0.6
197	5	0.09	0.6	0.6
198	0	0.01	0.88	0.15
198	1	0.01	0.88	0.15
198	2	0.01	0.88	0.15
198	3	0.01	0.88	0.15
198	4	0.01	0.88	0.15
198	5	0.01	0.88	0.15
199	0	0.14	0.87	0.06
199	1	0.14	0.87	0.06
199	2	0.14	0.87	0.06
199	3	0.14	0.87	0.06
199	4	0.14	0.87	0.06
199	5	0.14	0.87	0.06
200	0	0.42	0.69	0.88
200	1	0.42	0.69	0.88
200	2	0.42	0.69	0.88
200	3	0.42	0.69	0.88
200	4	0.42	0.69	0.88
200	5	0.42	0.69	0.88
201	0	0.84	0.58	0.55
201	1	0.84	0.58	0.55
201	2	0.84	0.58	0.55
201	3	0.84	0.58	0.55
201	4	0.84	0.58	0.55
201	5	0.84	0.58	0.55
202	0	0.02	0.03	0.44
202	1	0.02	0.03	0.44
202	2	0.02	0.03	0.44
202	3	0.02	0.03	0.44
202	4	0.02	0.03	0.44
202	5	0.02	0.03	0.44
203	0	0.62	0.59	0.81
203	1	0.62	0.59	0.81
203	2	0.62	0.59	0.81
203	3	0.62	0.59	0.81
203	4	0.62	0.59	0.81
203	5	0.62	0.59	0.81
204	0	0.62	0.25	0.54
204	1	0.62	0.25	0.54
204	2	0.62	0.25	0.54
204	3	0.62	0.25	0.54
204	4	0.62	0.25	0.54
204	5	0.62	0.25	0.54
205	0	0.91	0.56	0.24
205	1	0.91	0.56	0.24
205	2	0.91	0.56	0.24
205	3	0.91	0.56	0.24
205	4	0.91	0.56	0.24
205	5	0.91	0.56	0.24
206	0	0.23	0.29	0.03
206	1	0.23	0.29	0.03
206	2	0.23	0.29	0.03
206	3	0.23	0.29	0.03
206	4	0.23	0.29	0.03
206	5	0.23	0.29	0.03
207	0	0.8	0.06	0.55
207	1	0.8	0.06	0.55
207	2	0.8	0.06	0.55
207	3	0.8	0.06	0.55
207	4	0.8	0.06	0.55
207	5	0.8	0.06	0.55
208	0	0.73	0.57	0.47
208	1	0.73	0.57	0.47
208	2	0.73	0.57	0.47
208	3	0.73	0.57	0.47
208	4	0.73	0.57	0.47
208	5	0.73	0.57	0.47
209	0	0.73	0.78	0.22
209	1	0.73	0.78	0.22
209	2	0.73	0.78	0.22
209	3	0.73	0.78	0.22
209	4	0.73	0.78	0.22
209	5	0.73	0.78	0.22
210	0	0.23	0.85	0.99
210	1	0.23	0.85	0.99
210	2	0.23	0.85	0.99
210	3	0.23	0.85	0.99
210	4	0.23	0.85	0.99
210	5	0.23	0.85	0.99
211	0	0.28	0.47	0.25
211	1	0.28	0.47	0.25
211	2	0.28	0.47	0.25
211	3	0.28	0.47	0.25
211	4	0.28	0.47	0.25
211	5	0.28	0.47	0.25
212	0	0.62	0.4	0.02
212	1	0.62	0.4	0.02
212	2	0.62	0.4	0.02
212	3	0.62	0.4	0.02
212	4	0.62	0.4	0.02
212	5	0.62	0.4	0.02
213	0	0.18	0.87	0.39
213	1	0.18	0.87	0.39
213	2	0.18	0.87	0.39
213	3	0.18	0.87	0.39
213	4	0.18	0.87	0.39
213	5	0.18	0.87	0.39
214	0	0.86	0.23	0.16
214	1	0.86	0.23	0.16
214	2	0.86	0.23	0.16
214	3	0.86	0.23	0.16
214	4	0.86	0.23	0.16
214	5	0.86	0.23	0.16
215	0	0.01	0.1	0.27
215	1	0.01	0.1	0.27
215	2	0.01	0.1	0.27
215	3	0.01	0.1	0.27
215	4	0.01	0.1	0.27
215	5	0.01	0.1	0.27
216	0	0.87	0.83	0.69
216	1	0.87	0.83	0.69
216	2	0.87	0.83	0.69
216	3	0.87	0.83	0.69
216	4	0.87	0.83	0.69
216	5	0.87	0.83	0.69
217	0	0.18	0.15	0.12
217	1	0.18	0.15	0.12
217	2	0.18	0.15	0.12
217	3	0.18	0.15	0.12
217	4	0.18	0.15	0.12
217	5	0.18	0.15	0.12
218	0	0.24	0.3	0.2
218	1	0.24	0.3	0.2
218	2	0.24	0.3	0.2
218	3	0.24	0.3	0.2
218	4	0.24	0.3	0.2
219	0	0.98	0.84	0.98
219	1	0.98	0.84	0.98
219	2	0.98	0.84	0.98
219	3	0.98	0.84	0.98
220	0	0.77	0.86	0.85
220	1	0.77	0.86	0.85
220	2	0.77	0.86	0.85
221	0	0.95	0.0	0.41
221	1	0.95	0.0	0.41
222	0	0.69	0.21	0.73
