1	235	5	28	-5
1	236	7	29	-7
1	237	8	30	-9
1	238	9	31	-11
1	239	11	31	-13
1	240	12	32	-15
1	241	13	33	-17
1	242	14	34	-18
1	243	14	34	-19
1	244	15	35	-20
1	245	16	36	-21
1	246	16	36	-22
1	247	17	37	-23
2	235	6	31	-7
2	236	7	31	-9
2	237	8	32	-10
2	238	10	32	-12
2	239	11	33	-14
2	240	12	34	-16
2	241	13	34	-18
2	242	13	35	-19
2	243	14	36	-20
2	244	14	36	-21
2	245	14	37	-22
2	246	15	38	-23
2	247	15	39	-24
3	235	7	33	-9
3	236	8	34	-10
3	237	9	34	-12
3	238	10	34	-13
3	239	11	35	-15
3	240	12	35	-17
3	241	13	36	-18
3	242	13	36	-19
3	243	13	37	-21
3	244	13	38	-22
3	245	13	39	-23
3	246	13	40	-24
3	247	13	40	-25
4	235	8	36	-10
4	236	9	36	-12
4	237	9	36	-13
4	238	10	36	-14
4	239	11	36	-16
4	240	12	37	-17
4	241	13	37	-19
4	242	13	38	-20
4	243	12	39	-21
4	244	12	40	-22
4	245	12	40	-24
4	246	11	41	-25
4	247	11	42	-26
5	235	9	38	-12
5	236	9	38	-13
5	237	10	38	-14
5	238	11	38	-16
5	239	11	38	-17
5	240	12	38	-18
5	241	13	38	-19
5	242	12	39	-21
5	243	11	40	-22
5	244	11	41	-23
5	245	10	42	-25
5	246	10	43	-26
5	247	9	44	-27
6	235	9	41	-14
6	236	10	40	-15
6	237	11	40	-16
6	238	11	40	-17
6	239	12	40	-18
6	240	12	40	-19
6	241	13	39	-20
6	242	12	40	-21
6	243	11	41	-23
6	244	10	43	-24
6	245	9	44	-25
6	246	8	45	-27
6	247	7	46	-28
7	235	10	43	-15
7	236	11	43	-16
7	237	11	42	-17
7	238	11	42	-18
7	239	12	41	-19
7	240	12	41	-20
7	241	13	41	-21
7	242	11	42	-22
7	243	10	43	-23
7	244	9	44	-25
7	245	7	45	-26
7	246	6	46	-28
7	247	5	48	-29
8	235	11	42	-17
8	236	11	42	-18
8	237	11	41	-19
8	238	12	41	-19
8	239	12	41	-20
8	240	12	40	-21
8	241	12	40	-22
8	242	11	41	-23
8	243	10	43	-24
8	244	9	44	-25
8	245	8	45	-27
8	246	6	46	-28
8	247	5	47	-29
9	235	12	40	-19
9	236	12	40	-19
9	237	12	40	-20
9	238	12	40	-21
9	239	12	40	-22
9	240	12	40	-22
9	241	12	40	-23
9	242	11	41	-24
9	243	10	42	-25
9	244	9	43	-26
9	245	8	44	-27
9	246	6	46	-28
9	247	5	47	-29
10	235	13	39	-20
10	236	12	39	-21
10	237	12	39	-22
10	238	12	39	-22
10	239	12	39	-23
10	240	12	39	-24
10	241	12	39	-24
10	242	11	41	-25
10	243	10	42	-26
10	244	9	43	-26
10	245	8	44	-27
10	246	7	45	-28
10	247	6	46	-28
11	235	13	38	-22
11	236	13	38	-23
11	237	13	38	-23
11	238	12	38	-24
11	239	12	39	-24
11	240	12	39	-25
11	241	11	39	-26
11	242	10	40	-26
11	243	9	41	-27
11	244	9	42	-27
11	245	8	44	-27
11	246	7	45	-28
11	247	6	46	-28
12	235	14	36	-24
12	236	14	37	-24
12	237	13	37	-25
12	238	13	37	-25
12	239	12	38	-26
12	240	11	38	-26
12	241	11	39	-27
12	242	10	40	-27
12	243	9	41	-27
12	244	9	42	-27
12	245	8	43	-28
12	246	7	44	-28
12	247	6	46	-28
13	193	23	39	-23
13	194	23	37	-23
13	195	23	35	-24
13	196	23	34	-24
13	197	23	32	-24
13	198	23	30	-25
13	199	23	28	-25
13	200	23	26	-23
13	201	23	24	-22
13	202	23	23	-20
13	203	24	21	-19
13	204	24	19	-17
13	205	24	17	-16
13	206	24	18	-15
13	207	24	18	-15
13	208	24	19	-15
13	209	24	19	-14
13	210	24	20	-14
13	211	24	20	-14
13	212	25	21	-13
13	213	26	22	-12
13	214	27	23	-12
13	215	29	24	-11
13	216	30	26	-10
13	217	31	27	-10
13	218	30	27	-11
13	219	30	28	-11
13	220	29	28	-12
13	221	28	29	-13
13	222	27	30	-14
13	223	26	30	-15
13	224	26	30	-16
13	225	26	30	-17
13	226	25	29	-18
13	227	25	29	-19
13	228	24	28	-20
13	229	24	28	-21
13	230	23	29	-21
13	231	21	30	-22
13	232	20	31	-23
13	233	18	32	-24
13	234	17	34	-24
13	235	15	35	-25
13	236	14	35	-26
13	237	14	36	-26
13	238	13	36	-27
13	239	12	37	-27
13	240	11	38	-28
13	241	11	38	-28
13	242	10	39	-28
13	243	9	40	-28
13	244	8	42	-28
13	245	8	43	-28
13	246	7	44	-28
13	247	6	45	-28
14	193	22	37	-23
14	194	22	36	-23
14	195	22	35	-24
14	196	21	33	-24
14	197	21	32	-25
14	198	21	30	-25
14	199	21	29	-26
14	200	21	27	-24
14	201	22	26	-23
14	202	22	24	-22
14	203	22	23	-21
14	204	22	21	-19
14	205	22	20	-18
14	206	22	20	-18
14	207	22	20	-17
14	208	22	20	-17
14	209	22	21	-16
14	210	22	21	-16
14	211	22	21	-16
14	212	23	22	-15
14	213	24	22	-14
14	214	25	23	-13
14	215	26	24	-13
14	216	27	24	-12
14	217	28	25	-11
14	218	28	26	-12
14	219	27	27	-13
14	220	27	27	-13
14	221	26	28	-14
14	222	25	29	-15
14	223	25	29	-15
14	224	24	29	-16
14	225	24	29	-17
14	226	23	28	-18
14	227	23	28	-19
14	228	23	28	-20
14	229	22	28	-21
14	230	21	29	-22
14	231	20	30	-22
14	232	18	31	-23
14	233	17	32	-24
14	234	16	33	-24
14	235	14	34	-25
14	236	14	34	-25
14	237	13	35	-26
14	238	12	35	-26
14	239	11	36	-27
14	240	11	36	-27
14	241	10	37	-28
14	242	9	38	-28
14	243	8	40	-27
14	244	8	41	-27
14	245	7	43	-27
14	246	6	44	-27
14	247	6	46	-27
15	193	20	36	-23
15	194	20	35	-23
15	195	20	34	-24
15	196	20	33	-25
15	197	20	32	-25
15	198	20	31	-26
15	199	20	30	-26
15	200	20	29	-25
15	201	20	27	-24
15	202	20	26	-23
15	203	20	25	-23
15	204	21	23	-22
15	205	21	22	-21
15	206	21	22	-20
15	207	21	22	-20
15	208	21	22	-19
15	209	21	22	-19
15	210	21	22	-18
15	211	21	21	-18
15	212	22	22	-17
15	213	22	22	-16
15	214	23	23	-15
15	215	24	23	-14
15	216	25	23	-13
15	217	26	24	-13
15	218	25	25	-13
15	219	25	25	-14
15	220	24	26	-14
15	221	24	27	-15
15	222	23	28	-15
15	223	23	28	-16
15	224	22	28	-17
15	225	22	28	-18
15	226	22	28	-19
15	227	21	28	-20
15	228	21	28	-21
15	229	21	27	-22
15	230	20	28	-22
15	231	18	29	-23
15	232	17	30	-23
15	233	16	31	-24
15	234	15	32	-24
15	235	14	33	-25
15	236	13	33	-25
15	237	12	33	-26
15	238	11	34	-26
15	239	11	34	-26
15	240	10	35	-27
15	241	9	35	-27
15	242	9	37	-27
15	243	8	39	-27
15	244	7	41	-27
15	245	6	42	-27
15	246	5	44	-26
15	247	5	46	-26
16	193	19	34	-23
16	194	19	33	-24
16	195	19	33	-24
16	196	19	32	-25
16	197	19	32	-26
16	198	18	31	-26
16	199	18	31	-27
16	200	18	30	-26
16	201	19	29	-26
16	202	19	28	-25
16	203	19	27	-24
16	204	19	25	-24
16	205	19	24	-23
16	206	19	24	-23
16	207	19	24	-22
16	208	19	23	-21
16	209	19	23	-21
16	210	19	22	-20
16	211	19	22	-20
16	212	20	22	-19
16	213	21	22	-18
16	214	21	22	-17
16	215	22	22	-16
16	216	22	22	-15
16	217	23	22	-14
16	218	23	23	-14
16	219	22	24	-15
16	220	22	25	-15
16	221	22	26	-15
16	222	21	26	-16
16	223	21	27	-16
16	224	21	27	-17
16	225	20	27	-18
16	226	20	27	-19
16	227	20	27	-20
16	228	20	27	-21
16	229	19	27	-22
16	230	18	28	-23
16	231	17	29	-23
16	232	16	29	-24
16	233	15	30	-24
16	234	14	31	-24
16	235	13	31	-25
16	236	12	32	-25
16	237	11	32	-25
16	238	11	33	-26
16	239	10	33	-26
16	240	9	33	-26
16	241	9	34	-26
16	242	8	36	-26
16	243	7	38	-26
16	244	6	40	-26
16	245	5	42	-26
16	246	5	44	-26
16	247	4	46	-26
17	193	18	32	-23
17	194	18	32	-24
17	195	18	32	-24
17	196	17	32	-25
17	197	17	32	-26
17	198	17	32	-27
17	199	17	32	-28
17	200	17	31	-27
17	201	17	30	-27
17	202	17	29	-27
17	203	17	28	-26
17	204	17	28	-26
17	205	17	27	-26
17	206	17	26	-25
17	207	18	25	-24
17	208	18	25	-24
17	209	18	24	-23
17	210	18	23	-22
17	211	18	22	-21
17	212	18	22	-20
17	213	19	22	-19
17	214	19	22	-18
17	215	20	22	-17
17	216	20	21	-16
17	217	20	21	-15
17	218	20	22	-15
17	219	20	23	-16
17	220	20	24	-16
17	221	20	24	-16
17	222	19	25	-16
17	223	19	26	-17
17	224	19	26	-18
17	225	19	26	-19
17	226	18	26	-20
17	227	18	27	-21
17	228	18	27	-22
17	229	18	27	-23
17	230	17	27	-23
17	231	16	28	-24
17	232	15	29	-24
17	233	14	29	-24
17	234	13	30	-24
17	235	12	30	-25
17	236	11	31	-25
17	237	11	31	-25
17	238	10	31	-25
17	239	9	32	-25
17	240	9	32	-26
17	241	8	32	-26
17	242	7	35	-26
17	243	6	37	-26
17	244	5	39	-25
17	245	5	42	-25
17	246	4	44	-25
17	247	3	47	-25
18	193	17	30	-23
18	194	17	30	-24
18	195	16	31	-25
18	196	16	32	-25
18	197	16	32	-26
18	198	16	33	-27
18	199	15	33	-28
18	200	15	33	-28
18	201	16	32	-28
18	202	16	31	-28
18	203	16	30	-28
18	204	16	30	-28
18	205	16	29	-28
18	206	16	28	-28
18	207	16	27	-27
18	208	16	26	-26
18	209	16	25	-25
18	210	16	24	-24
18	211	16	23	-23
18	212	17	22	-22
18	213	17	22	-21
18	214	17	21	-20
18	215	17	21	-19
18	216	17	20	-18
18	217	18	20	-17
18	218	18	21	-17
18	219	18	22	-17
18	220	18	22	-17
18	221	17	23	-17
18	222	17	24	-17
18	223	17	25	-17
18	224	17	25	-18
18	225	17	26	-19
18	226	17	26	-20
18	227	16	26	-22
18	228	16	26	-23
18	229	16	27	-24
18	230	15	27	-24
18	231	14	27	-24
18	232	14	28	-24
18	233	13	28	-24
18	234	12	29	-25
18	235	11	29	-25
18	236	11	29	-25
18	237	10	30	-25
18	238	9	30	-25
18	239	9	30	-25
18	240	8	30	-25
18	241	7	31	-25
18	242	6	33	-25
18	243	6	36	-25
18	244	5	39	-25
18	245	4	42	-25
18	246	3	44	-24
18	247	2	47	-24
19	1	-22	40	-36
19	2	-22	40	-35
19	3	-22	40	-34
19	4	-21	40	-33
19	5	-21	40	-32
19	6	-21	40	-32
19	7	-20	40	-31
19	8	-20	40	-32
19	9	-20	40	-32
19	10	-20	40	-33
19	11	-20	40	-34
19	12	-20	40	-35
19	13	-20	40	-36
19	14	-21	38	-37
19	15	-22	37	-38
19	16	-23	36	-39
19	17	-24	34	-40
19	18	-26	33	-40
19	19	-27	32	-41
19	20	-26	30	-42
19	21	-24	29	-44
19	22	-23	28	-45
19	23	-22	27	-46
19	24	-21	25	-47
19	25	-20	24	-48
19	26	-19	25	-47
19	27	-19	25	-46
19	28	-18	26	-45
19	29	-18	26	-44
19	30	-17	26	-43
19	31	-16	27	-42
19	32	-15	26	-42
19	33	-13	26	-42
19	34	-12	25	-42
19	35	-10	25	-42
19	36	-8	25	-42
19	37	-7	24	-41
19	38	-8	25	-40
19	39	-9	27	-38
19	40	-10	28	-36
19	41	-11	29	-35
19	42	-12	30	-33
19	43	-13	32	-31
19	44	-14	32	-31
19	45	-14	33	-31
19	46	-15	34	-30
19	47	-15	34	-30
19	48	-16	35	-30
19	49	-16	35	-29
19	50	-15	35	-30
19	51	-15	35	-30
19	52	-14	35	-31
19	53	-13	34	-31
19	54	-12	34	-32
19	55	-11	34	-32
19	56	-10	34	-32
19	57	-10	33	-32
19	58	-10	33	-32
19	59	-9	32	-32
19	60	-9	32	-32
19	61	-8	32	-32
19	62	-8	30	-31
19	63	-7	29	-30
19	64	-6	28	-30
19	65	-5	26	-29
19	66	-4	25	-28
19	67	-3	24	-27
19	68	-4	24	-27
19	69	-4	24	-26
19	70	-5	24	-25
19	71	-5	24	-24
19	72	-6	23	-23
19	73	-6	23	-22
19	74	-5	24	-21
19	75	-5	25	-20
19	76	-4	26	-20
19	77	-3	26	-19
19	78	-3	27	-18
19	79	-2	28	-18
19	80	-3	28	-18
19	81	-4	29	-18
19	82	-4	30	-18
19	83	-5	30	-18
19	84	-6	31	-18
19	85	-7	31	-18
19	86	-7	32	-18
19	87	-7	32	-19
19	88	-7	32	-20
19	89	-7	32	-21
19	90	-7	32	-22
19	91	-7	33	-22
19	92	-6	32	-23
19	93	-6	32	-25
19	94	-5	32	-26
19	95	-4	32	-27
19	96	-3	32	-28
19	97	-2	31	-29
19	98	-1	30	-30
19	99	-1	29	-31
19	100	0	28	-32
19	101	1	27	-33
19	102	1	25	-34
19	103	2	24	-35
19	104	3	24	-35
19	105	4	24	-35
19	106	5	23	-35
19	107	6	23	-35
19	108	7	23	-34
19	109	8	23	-34
19	110	7	23	-32
19	111	7	24	-29
19	112	6	24	-26
19	113	5	25	-24
19	114	4	25	-21
19	115	3	26	-18
19	116	3	26	-18
19	117	3	26	-18
19	118	3	27	-17
19	119	3	27	-17
19	120	3	27	-17
19	121	2	28	-16
19	122	2	28	-17
19	123	2	28	-18
19	124	2	28	-19
19	125	2	28	-19
19	126	2	28	-20
19	127	2	28	-21
19	128	2	29	-21
19	129	1	29	-21
19	130	0	30	-21
19	131	-1	30	-21
19	132	-2	31	-21
19	133	-2	31	-21
19	134	-2	31	-20
19	135	-1	31	-20
19	136	-1	31	-20
19	137	0	31	-20
19	138	0	31	-20
19	139	1	31	-19
19	140	0	31	-19
19	141	0	31	-18
19	142	0	31	-17
19	143	0	31	-16
19	144	0	31	-15
19	145	-1	32	-14
19	146	-1	32	-14
19	147	0	32	-14
19	148	0	32	-14
19	149	0	32	-15
19	150	0	32	-15
19	151	0	32	-15
19	152	0	33	-16
19	153	0	33	-16
19	154	0	34	-17
19	155	0	35	-18
19	156	0	36	-18
19	157	-1	36	-19
19	158	0	36	-20
19	159	1	36	-20
19	160	2	36	-21
19	161	3	36	-22
19	162	4	35	-23
19	163	5	35	-24
19	164	6	35	-24
19	165	6	35	-23
19	166	7	35	-23
19	167	7	35	-23
19	168	8	34	-23
19	169	8	34	-22
19	170	10	33	-22
19	171	11	32	-23
19	172	12	31	-23
19	173	13	29	-23
19	174	14	28	-23
19	175	16	27	-23
19	176	15	27	-22
19	177	14	27	-22
19	178	14	27	-21
19	179	13	27	-20
19	180	13	27	-19
19	181	12	27	-19
19	182	12	26	-18
19	183	11	26	-18
19	184	11	25	-17
19	185	11	24	-17
19	186	10	24	-17
19	187	10	23	-16
19	188	11	24	-17
19	189	12	25	-18
19	190	13	25	-19
19	191	14	26	-20
19	192	15	27	-22
19	193	16	28	-23
19	194	15	29	-24
19	195	15	30	-25
19	196	15	31	-26
19	197	15	32	-27
19	198	14	33	-28
19	199	14	34	-29
19	200	14	34	-29
19	201	14	33	-30
19	202	14	33	-30
19	203	14	32	-30
19	204	14	32	-31
19	205	14	31	-31
19	206	14	30	-30
19	207	14	29	-29
19	208	14	27	-28
19	209	15	26	-27
19	210	15	25	-26
19	211	15	24	-25
19	212	15	23	-24
19	213	15	22	-23
19	214	15	21	-22
19	215	15	20	-20
19	216	15	19	-19
19	217	15	18	-18
19	218	15	19	-18
19	219	15	20	-18
19	220	15	21	-18
19	221	15	22	-18
19	222	16	23	-18
19	223	16	24	-18
19	224	15	24	-19
19	225	15	25	-20
19	226	15	25	-21
19	227	15	26	-22
19	228	15	26	-23
19	229	14	26	-24
19	230	14	27	-24
19	231	13	27	-24
19	232	13	27	-24
19	233	12	27	-25
19	234	11	28	-25
19	235	11	28	-25
19	236	10	28	-25
19	237	9	28	-25
19	238	9	29	-25
19	239	8	29	-25
19	240	7	29	-25
19	241	7	29	-25
19	242	6	32	-24
19	243	5	35	-24
19	244	4	38	-24
19	245	3	41	-24
19	246	2	44	-24
19	247	1	47	-24
20	7	-16	40	-32
20	8	-16	40	-33
20	9	-16	40	-34
20	10	-16	39	-35
20	11	-16	39	-36
20	12	-16	39	-37
20	13	-17	38	-38
20	14	-18	37	-39
20	15	-19	36	-39
20	16	-20	34	-40
20	17	-21	33	-41
20	18	-22	32	-41
20	19	-23	30	-42
20	20	-22	29	-43
20	21	-21	28	-44
20	22	-20	27	-45
20	23	-19	26	-46
20	24	-18	25	-47
20	25	-17	24	-48
20	26	-17	24	-47
20	27	-16	25	-46
20	28	-16	25	-45
20	29	-15	25	-44
20	30	-15	25	-43
20	31	-15	25	-42
20	32	-13	25	-42
20	33	-12	25	-41
20	34	-10	25	-41
20	35	-9	24	-41
20	36	-8	24	-41
20	37	-6	24	-40
20	38	-7	25	-39
20	39	-8	26	-38
20	40	-9	27	-36
20	41	-9	28	-35
20	42	-10	29	-33
20	43	-11	31	-32
20	44	-12	31	-31
20	45	-12	32	-31
20	46	-12	32	-31
20	47	-13	33	-30
20	48	-13	33	-30
20	49	-14	34	-30
20	50	-13	34	-30
20	51	-12	34	-30
20	52	-12	34	-31
20	53	-11	33	-31
20	54	-10	33	-31
20	55	-9	33	-32
20	56	-9	33	-32
20	57	-9	33	-31
20	58	-9	33	-31
20	59	-8	32	-31
20	60	-8	32	-31
20	61	-8	32	-31
20	62	-7	31	-31
20	63	-6	30	-30
20	64	-5	29	-30
20	65	-5	28	-29
20	66	-4	26	-29
20	67	-3	25	-28
20	68	-3	25	-28
20	69	-4	25	-27
20	70	-4	25	-26
20	71	-5	25	-25
20	72	-5	25	-24
20	73	-6	25	-24
20	74	-5	25	-23
20	75	-5	26	-22
20	76	-4	26	-21
20	77	-3	27	-21
20	78	-3	27	-20
20	79	-2	28	-19
20	80	-3	28	-19
20	81	-4	29	-19
20	82	-5	29	-19
20	83	-5	30	-19
20	84	-6	30	-19
20	85	-7	31	-18
20	86	-7	31	-19
20	87	-7	31	-19
20	88	-7	32	-20
20	89	-7	32	-20
20	90	-7	32	-21
20	91	-8	32	-21
20	92	-7	32	-23
20	93	-6	32	-24
20	94	-5	32	-25
20	95	-5	31	-26
20	96	-4	31	-27
20	97	-3	31	-28
20	98	-3	30	-29
20	99	-2	29	-30
20	100	-2	28	-31
20	101	-1	26	-32
20	102	0	25	-33
20	103	0	24	-34
20	104	1	24	-34
20	105	2	24	-34
20	106	3	24	-34
20	107	4	23	-33
20	108	5	23	-33
20	109	6	23	-33
20	110	5	24	-31
20	111	4	24	-28
20	112	4	24	-26
20	113	3	25	-23
20	114	2	25	-21
20	115	2	26	-18
20	116	2	26	-18
20	117	1	26	-18
20	118	1	27	-18
20	119	1	27	-17
20	120	1	27	-17
20	121	0	27	-17
20	122	0	28	-17
20	123	0	28	-18
20	124	0	28	-19
20	125	0	28	-19
20	126	0	28	-20
20	127	0	28	-20
20	128	0	29	-20
20	129	-1	29	-20
20	130	-2	30	-20
20	131	-2	30	-20
20	132	-3	31	-20
20	133	-4	31	-20
20	134	-3	31	-20
20	135	-3	31	-20
20	136	-2	31	-20
20	137	-2	31	-19
20	138	-1	31	-19
20	139	-1	32	-19
20	140	-1	32	-18
20	141	-1	32	-17
20	142	-1	32	-17
20	143	-2	32	-16
20	144	-2	32	-15
20	145	-2	32	-14
20	146	-2	32	-15
20	147	-2	32	-15
20	148	-1	32	-15
20	149	-1	32	-15
20	150	-1	32	-15
20	151	0	32	-15
20	152	0	33	-16
20	153	0	34	-17
20	154	0	34	-17
20	155	0	35	-18
20	156	0	36	-18
20	157	0	36	-19
20	158	0	36	-20
20	159	1	36	-20
20	160	2	36	-21
20	161	3	36	-22
20	162	4	36	-23
20	163	5	35	-23
20	164	5	35	-23
20	165	6	35	-23
20	166	6	35	-23
20	167	7	35	-23
20	168	7	35	-22
20	169	8	35	-22
20	170	8	33	-22
20	171	9	32	-22
20	172	10	31	-22
20	173	11	30	-22
20	174	12	29	-23
20	175	13	28	-23
20	176	13	28	-22
20	177	12	28	-21
20	178	12	27	-21
20	179	11	27	-20
20	180	11	27	-20
20	181	11	27	-19
20	182	11	26	-19
20	183	10	26	-18
20	184	10	25	-18
20	185	10	25	-18
20	186	10	24	-17
20	187	10	24	-17
20	188	11	25	-18
20	189	12	26	-19
20	190	13	27	-20
20	191	13	27	-20
20	192	14	28	-21
20	193	15	29	-22
20	194	15	30	-23
20	195	15	31	-24
20	196	14	32	-25
20	197	14	33	-26
20	198	14	34	-27
20	199	14	35	-28
20	200	14	34	-29
20	201	14	34	-30
20	202	14	33	-30
20	203	14	32	-31
20	204	14	31	-31
20	205	14	30	-32
20	206	14	29	-31
20	207	14	27	-30
20	208	14	26	-29
20	209	14	25	-27
20	210	14	24	-26
20	211	14	22	-25
20	212	14	22	-24
20	213	14	21	-23
20	214	14	21	-21
20	215	14	20	-20
20	216	14	20	-19
20	217	13	19	-17
20	218	13	20	-17
20	219	14	21	-17
20	220	14	22	-17
20	221	14	23	-18
20	222	14	24	-18
20	223	14	25	-18
20	224	14	25	-19
20	225	14	26	-20
20	226	14	26	-21
20	227	13	27	-22
20	228	13	27	-23
20	229	13	27	-24
20	230	13	27	-24
20	231	12	27	-24
20	232	11	27	-24
20	233	11	27	-24
20	234	10	28	-24
20	235	10	28	-24
20	236	9	28	-24
20	237	8	28	-24
20	238	8	28	-24
20	239	7	29	-24
20	240	6	29	-24
20	241	6	29	-23
20	242	5	32	-23
20	243	4	35	-23
20	244	3	37	-23
20	245	3	40	-23
20	246	2	43	-23
20	247	1	46	-23
21	7	-12	40	-32
21	8	-12	40	-34
21	9	-12	39	-35
21	10	-12	39	-36
21	11	-13	38	-37
21	12	-13	38	-38
21	13	-13	37	-39
21	14	-14	36	-40
21	15	-15	34	-41
21	16	-16	33	-41
21	17	-17	32	-42
21	18	-19	31	-43
21	19	-20	29	-43
21	20	-19	28	-44
21	21	-18	28	-44
21	22	-17	27	-45
21	23	-16	26	-45
21	24	-15	25	-46
21	25	-15	24	-47
21	26	-14	24	-46
21	27	-14	24	-45
21	28	-14	24	-44
21	29	-13	24	-43
21	30	-13	24	-42
21	31	-13	24	-42
21	32	-12	24	-41
21	33	-11	24	-41
21	34	-9	24	-41
21	35	-8	24	-40
21	36	-7	24	-40
21	37	-6	24	-40
21	38	-6	25	-38
21	39	-7	26	-37
21	40	-8	27	-36
21	41	-8	28	-35
21	42	-9	28	-33
21	43	-9	29	-32
21	44	-10	30	-32
21	45	-10	30	-31
21	46	-10	31	-31
21	47	-11	31	-31
21	48	-11	32	-30
21	49	-11	32	-30
21	50	-11	32	-30
21	51	-10	32	-30
21	52	-9	32	-31
21	53	-9	32	-31
21	54	-8	33	-31
21	55	-8	33	-31
21	56	-8	33	-31
21	57	-8	33	-31
21	58	-7	33	-31
21	59	-7	33	-31
21	60	-7	33	-31
21	61	-7	33	-31
21	62	-7	32	-30
21	63	-6	31	-30
21	64	-5	30	-30
21	65	-4	29	-30
21	66	-4	28	-29
21	67	-3	27	-29
21	68	-3	27	-28
21	69	-4	26	-28
21	70	-4	26	-27
21	71	-4	26	-27
21	72	-5	26	-26
21	73	-5	26	-26
21	74	-5	26	-25
21	75	-4	27	-24
21	76	-4	27	-23
21	77	-4	27	-23
21	78	-3	28	-22
21	79	-3	28	-21
21	80	-3	29	-21
21	81	-4	29	-20
21	82	-5	29	-20
21	83	-5	30	-20
21	84	-6	30	-19
21	85	-7	30	-19
21	86	-7	31	-19
21	87	-7	31	-20
21	88	-7	31	-20
21	89	-7	31	-20
21	90	-8	32	-20
21	91	-8	32	-21
21	92	-7	32	-22
21	93	-7	31	-23
21	94	-6	31	-24
21	95	-5	31	-25
21	96	-5	31	-26
21	97	-4	30	-27
21	98	-4	29	-28
21	99	-3	28	-29
21	100	-3	27	-30
21	101	-3	26	-31
21	102	-2	25	-32
21	103	-2	24	-33
21	104	-1	24	-33
21	105	0	24	-32
21	106	0	24	-32
21	107	1	24	-32
21	108	2	24	-32
21	109	3	23	-32
21	110	3	24	-30
21	111	2	24	-27
21	112	2	25	-25
21	113	1	25	-23
21	114	1	25	-21
21	115	0	26	-18
21	116	0	26	-18
21	117	0	26	-18
21	118	-1	27	-18
21	119	-1	27	-18
21	120	-1	27	-18
21	121	-1	27	-18
21	122	-1	27	-18
21	123	-2	28	-18
21	124	-2	28	-19
21	125	-2	28	-19
21	126	-2	28	-19
21	127	-2	28	-19
21	128	-2	29	-20
21	129	-3	29	-20
21	130	-3	30	-20
21	131	-4	30	-20
21	132	-4	30	-20
21	133	-5	31	-20
21	134	-4	31	-20
21	135	-4	31	-19
21	136	-3	31	-19
21	137	-3	31	-19
21	138	-2	32	-19
21	139	-2	32	-19
21	140	-2	32	-18
21	141	-2	32	-17
21	142	-3	32	-17
21	143	-3	32	-16
21	144	-3	32	-16
21	145	-3	32	-15
21	146	-3	32	-15
21	147	-3	32	-15
21	148	-2	32	-15
21	149	-2	33	-16
21	150	-1	33	-16
21	151	-1	33	-16
21	152	-1	33	-16
21	153	-1	34	-17
21	154	-1	35	-17
21	155	0	35	-18
21	156	0	36	-18
21	157	0	37	-19
21	158	0	37	-19
21	159	1	36	-20
21	160	2	36	-21
21	161	2	36	-22
21	162	3	36	-22
21	163	4	36	-23
21	164	4	36	-23
21	165	5	35	-23
21	166	5	35	-22
21	167	6	35	-22
21	168	6	35	-22
21	169	7	35	-22
21	170	7	34	-22
21	171	8	33	-22
21	172	9	32	-22
21	173	9	31	-22
21	174	10	30	-22
21	175	11	29	-22
21	176	10	29	-22
21	177	10	28	-21
21	178	10	28	-21
21	179	10	28	-20
21	180	10	27	-20
21	181	9	27	-20
21	182	10	27	-19
21	183	10	26	-19
21	184	10	26	-18
21	185	10	25	-18
21	186	10	25	-18
21	187	10	25	-17
21	188	11	26	-18
21	189	12	27	-19
21	190	12	28	-20
21	191	13	29	-20
21	192	14	30	-21
21	193	15	31	-22
21	194	15	32	-23
21	195	14	33	-24
21	196	14	33	-25
21	197	14	34	-26
21	198	14	35	-27
21	199	13	36	-28
21	200	13	35	-29
21	201	13	34	-29
21	202	13	33	-30
21	203	13	31	-31
21	204	13	30	-32
21	205	13	29	-33
21	206	13	27	-31
21	207	13	26	-30
21	208	13	25	-29
21	209	13	24	-28
21	210	13	23	-26
21	211	13	21	-25
21	212	13	21	-24
21	213	13	21	-22
21	214	13	21	-21
21	215	12	20	-19
21	216	12	20	-18
21	217	12	20	-16
21	218	12	21	-17
21	219	12	22	-17
21	220	12	23	-17
21	221	12	24	-17
21	222	12	25	-18
21	223	12	26	-18
21	224	12	26	-19
21	225	12	27	-20
21	226	12	27	-21
21	227	12	28	-22
21	228	12	28	-23
21	229	12	28	-24
21	230	12	28	-24
21	231	11	28	-24
21	232	10	28	-24
21	233	10	28	-24
21	234	9	27	-24
21	235	8	27	-24
21	236	8	28	-24
21	237	7	28	-24
21	238	7	28	-23
21	239	6	29	-23
21	240	6	29	-23
21	241	5	29	-22
21	242	4	32	-22
21	243	4	34	-22
21	244	3	37	-22
21	245	2	39	-22
21	246	1	41	-22
21	247	1	44	-22
22	7	-7	40	-33
22	8	-8	39	-35
22	9	-8	39	-36
22	10	-9	38	-37
22	11	-9	37	-38
22	12	-9	36	-40
22	13	-10	36	-41
22	14	-11	34	-42
22	15	-12	33	-42
22	16	-13	32	-43
22	17	-14	31	-43
22	18	-15	29	-44
22	19	-16	28	-44
22	20	-15	27	-44
22	21	-15	27	-45
22	22	-14	26	-45
22	23	-13	25	-45
22	24	-13	25	-45
22	25	-12	24	-46
22	26	-12	24	-45
22	27	-12	24	-44
22	28	-12	23	-43
22	29	-11	23	-43
22	30	-11	23	-42
22	31	-11	22	-41
22	32	-10	23	-41
22	33	-9	23	-40
22	34	-8	23	-40
22	35	-7	23	-39
22	36	-6	24	-39
22	37	-5	24	-39
22	38	-6	24	-38
22	39	-6	25	-37
22	40	-6	26	-36
22	41	-7	27	-35
22	42	-7	28	-34
22	43	-7	28	-33
22	44	-8	29	-32
22	45	-8	29	-32
22	46	-8	29	-32
22	47	-8	30	-31
22	48	-8	30	-31
22	49	-9	31	-30
22	50	-8	31	-30
22	51	-8	31	-31
22	52	-7	31	-31
22	53	-7	32	-31
22	54	-7	32	-31
22	55	-6	32	-31
22	56	-6	32	-31
22	57	-6	32	-31
22	58	-6	33	-31
22	59	-6	33	-30
22	60	-6	33	-30
22	61	-7	33	-30
22	62	-6	32	-30
22	63	-5	31	-30
22	64	-5	31	-30
22	65	-4	30	-30
22	66	-4	29	-30
22	67	-3	28	-30
22	68	-3	28	-29
22	69	-4	28	-29
22	70	-4	28	-29
22	71	-4	27	-28
22	72	-4	27	-28
22	73	-5	27	-28
22	74	-4	27	-27
22	75	-4	27	-26
22	76	-4	28	-25
22	77	-4	28	-24
22	78	-3	28	-23
22	79	-3	28	-23
22	80	-4	29	-22
22	81	-4	29	-22
22	82	-5	29	-21
22	83	-5	29	-21
22	84	-6	30	-20
22	85	-7	30	-20
22	86	-7	30	-20
22	87	-7	30	-20
22	88	-7	31	-20
22	89	-8	31	-20
22	90	-8	31	-20
22	91	-8	31	-20
22	92	-8	31	-21
22	93	-7	31	-22
22	94	-7	31	-23
22	95	-6	30	-24
22	96	-6	30	-25
22	97	-5	30	-26
22	98	-5	29	-27
22	99	-5	28	-28
22	100	-5	27	-29
22	101	-5	26	-30
22	102	-4	25	-30
22	103	-4	24	-31
22	104	-3	24	-31
22	105	-3	24	-31
22	106	-2	24	-31
22	107	-1	24	-31
22	108	0	24	-31
22	109	0	24	-31
22	110	0	24	-29
22	111	0	24	-27
22	112	-1	25	-24
22	113	-1	25	-22
22	114	-1	26	-20
22	115	-2	26	-18
22	116	-2	26	-18
22	117	-2	26	-18
22	118	-2	26	-18
22	119	-3	27	-18
22	120	-3	27	-18
22	121	-3	27	-18
22	122	-3	27	-18
22	123	-4	28	-18
22	124	-4	28	-19
22	125	-4	28	-19
22	126	-4	28	-19
22	127	-4	29	-19
22	128	-4	29	-19
22	129	-5	29	-19
22	130	-5	30	-19
22	131	-5	30	-19
22	132	-6	30	-19
22	133	-6	31	-19
22	134	-5	31	-19
22	135	-5	31	-19
22	136	-5	31	-19
22	137	-4	32	-19
22	138	-4	32	-18
22	139	-3	32	-18
22	140	-4	32	-18
22	141	-4	32	-17
22	142	-4	32	-17
22	143	-4	32	-16
22	144	-5	32	-16
22	145	-5	32	-15
22	146	-4	33	-16
22	147	-4	33	-16
22	148	-3	33	-16
22	149	-2	33	-16
22	150	-2	33	-16
22	151	-1	33	-16
22	152	-1	34	-17
22	153	-1	34	-17
22	154	-1	35	-17
22	155	0	36	-18
22	156	0	36	-18
22	157	0	37	-19
22	158	0	37	-19
22	159	1	37	-20
22	160	1	36	-21
22	161	2	36	-21
22	162	2	36	-22
22	163	3	36	-23
22	164	3	36	-22
22	165	4	36	-22
22	166	4	35	-22
22	167	5	35	-22
22	168	5	35	-22
22	169	6	35	-22
22	170	6	34	-22
22	171	7	33	-22
22	172	7	32	-22
22	173	7	32	-21
22	174	8	31	-21
22	175	8	30	-21
22	176	8	30	-21
22	177	8	29	-21
22	178	8	29	-21
22	179	8	28	-21
22	180	8	28	-20
22	181	8	27	-20
22	182	9	27	-20
22	183	9	27	-19
22	184	9	26	-19
22	185	9	26	-19
22	186	10	26	-18
22	187	10	25	-18
22	188	11	27	-19
22	189	11	28	-19
22	190	12	29	-20
22	191	13	30	-20
22	192	14	31	-21
22	193	15	32	-22
22	194	14	33	-22
22	195	14	34	-23
22	196	14	35	-24
22	197	14	36	-25
22	198	13	36	-26
22	199	13	37	-27
22	200	13	36	-28
22	201	13	34	-29
22	202	13	32	-30
22	203	13	31	-32
22	204	13	29	-33
22	205	13	27	-34
22	206	13	26	-32
22	207	13	25	-31
22	208	13	24	-29
22	209	13	23	-28
22	210	13	22	-26
22	211	13	20	-25
22	212	12	20	-23
22	213	12	20	-22
22	214	12	20	-20
22	215	11	20	-19
22	216	11	21	-17
22	217	11	21	-16
22	218	10	22	-16
22	219	10	23	-16
22	220	10	24	-17
22	221	10	25	-17
22	222	10	26	-18
22	223	10	27	-18
22	224	10	27	-19
22	225	10	28	-20
22	226	11	28	-21
22	227	11	28	-22
22	228	11	29	-23
22	229	11	29	-24
22	230	11	29	-24
22	231	10	28	-24
22	232	9	28	-24
22	233	9	28	-24
22	234	8	27	-24
22	235	7	27	-24
22	236	7	27	-23
22	237	6	28	-23
22	238	6	28	-23
22	239	5	28	-22
22	240	5	29	-22
22	241	4	29	-21
22	242	3	31	-21
22	243	3	34	-21
22	244	2	36	-21
22	245	2	38	-22
22	246	1	40	-22
22	247	0	42	-22
23	7	-3	40	-34
23	8	-4	39	-36
23	9	-4	38	-37
23	10	-5	37	-38
23	11	-5	36	-40
23	12	-6	35	-41
23	13	-6	34	-43
23	14	-7	33	-43
23	15	-8	32	-43
23	16	-9	30	-44
23	17	-10	29	-44
23	18	-11	28	-45
23	19	-12	27	-45
23	20	-12	26	-45
23	21	-11	26	-45
23	22	-11	26	-45
23	23	-10	25	-45
23	24	-10	25	-45
23	25	-9	24	-45
23	26	-9	24	-44
23	27	-9	23	-43
23	28	-9	22	-43
23	29	-9	22	-42
23	30	-9	21	-41
23	31	-9	21	-41
23	32	-9	21	-40
23	33	-8	22	-40
23	34	-7	22	-39
23	35	-6	23	-39
23	36	-6	23	-38
23	37	-5	24	-38
23	38	-5	24	-37
23	39	-5	25	-36
23	40	-5	25	-35
23	41	-5	26	-35
23	42	-5	27	-34
23	43	-5	27	-33
23	44	-6	27	-33
23	45	-6	28	-32
23	46	-6	28	-32
23	47	-6	28	-32
23	48	-6	29	-31
23	49	-6	29	-31
23	50	-6	29	-31
23	51	-6	30	-31
23	52	-5	30	-31
23	53	-5	31	-31
23	54	-5	31	-30
23	55	-5	31	-30
23	56	-5	32	-30
23	57	-5	32	-30
23	58	-5	32	-30
23	59	-5	33	-30
23	60	-6	33	-30
23	61	-6	34	-30
23	62	-5	33	-30
23	63	-5	32	-30
23	64	-4	32	-30
23	65	-4	31	-30
23	66	-4	30	-31
23	67	-3	30	-31
23	68	-3	29	-30
23	69	-3	29	-30
23	70	-4	29	-30
23	71	-4	29	-30
23	72	-4	28	-30
23	73	-4	28	-29
23	74	-4	28	-29
23	75	-4	28	-28
23	76	-4	28	-27
23	77	-4	28	-26
23	78	-4	28	-25
23	79	-4	28	-24
23	80	-4	29	-24
23	81	-5	29	-23
23	82	-5	29	-22
23	83	-5	29	-22
23	84	-6	29	-21
23	85	-6	29	-21
23	86	-7	30	-20
23	87	-7	30	-20
23	88	-7	30	-20
23	89	-8	30	-19
23	90	-8	31	-19
23	91	-8	31	-19
23	92	-8	31	-20
23	93	-8	30	-21
23	94	-7	30	-22
23	95	-7	30	-23
23	96	-7	30	-24
23	97	-6	29	-25
23	98	-6	28	-26
23	99	-6	28	-27
23	100	-6	27	-28
23	101	-6	26	-28
23	102	-6	25	-29
23	103	-6	24	-30
23	104	-6	24	-30
23	105	-5	24	-30
23	106	-4	24	-30
23	107	-4	24	-30
23	108	-3	24	-30
23	109	-2	24	-30
23	110	-2	24	-28
23	111	-3	25	-26
23	112	-3	25	-24
23	113	-3	25	-22
23	114	-3	26	-20
23	115	-3	26	-18
23	116	-4	26	-18
23	117	-4	26	-18
23	118	-4	26	-18
23	119	-5	27	-19
23	120	-5	27	-19
23	121	-5	27	-19
23	122	-5	27	-19
23	123	-6	27	-19
23	124	-6	28	-19
23	125	-6	28	-18
23	126	-6	28	-18
23	127	-6	29	-18
23	128	-6	29	-18
23	129	-7	29	-18
23	130	-7	30	-19
23	131	-7	30	-19
23	132	-7	30	-19
23	133	-7	30	-19
23	134	-7	31	-19
23	135	-6	31	-19
23	136	-6	31	-18
23	137	-5	32	-18
23	138	-5	32	-18
23	139	-5	32	-18
23	140	-5	32	-17
23	141	-5	33	-17
23	142	-5	33	-17
23	143	-6	33	-17
23	144	-6	33	-16
23	145	-6	33	-16
23	146	-5	33	-16
23	147	-5	33	-16
23	148	-4	33	-16
23	149	-3	33	-16
23	150	-2	33	-16
23	151	-2	34	-17
23	152	-1	34	-17
23	153	-1	35	-17
23	154	-1	35	-18
23	155	-1	36	-18
23	156	0	37	-18
23	157	0	37	-19
23	158	0	37	-19
23	159	1	37	-20
23	160	1	37	-20
23	161	1	37	-21
23	162	2	36	-21
23	163	2	36	-22
23	164	3	36	-22
23	165	3	36	-22
23	166	4	36	-22
23	167	4	35	-22
23	168	5	35	-22
23	169	5	35	-22
23	170	5	34	-21
23	171	5	34	-21
23	172	5	33	-21
23	173	5	33	-21
23	174	5	32	-21
23	175	5	31	-21
23	176	6	31	-21
23	177	6	30	-21
23	178	6	29	-21
23	179	6	29	-21
23	180	7	28	-21
23	181	7	27	-21
23	182	8	27	-20
23	183	8	27	-20
23	184	8	27	-20
23	185	9	27	-19
23	186	9	26	-19
23	187	10	26	-19
23	188	11	27	-19
23	189	11	29	-19
23	190	12	30	-20
23	191	13	31	-20
23	192	13	32	-21
23	193	14	33	-21
23	194	14	34	-22
23	195	14	35	-23
23	196	14	36	-24
23	197	13	37	-25
23	198	13	38	-26
23	199	13	38	-27
23	200	13	36	-28
23	201	13	34	-29
23	202	13	32	-31
23	203	12	30	-32
23	204	12	28	-33
23	205	12	26	-35
23	206	12	25	-33
23	207	12	24	-31
23	208	12	23	-30
23	209	12	22	-28
23	210	12	20	-26
23	211	12	19	-25
23	212	11	20	-23
23	213	11	20	-21
23	214	10	20	-20
23	215	10	21	-18
23	216	10	21	-17
23	217	9	21	-15
23	218	9	22	-15
23	219	9	24	-16
23	220	9	25	-16
23	221	8	26	-17
23	222	8	27	-17
23	223	8	28	-18
23	224	8	28	-19
23	225	9	29	-20
23	226	9	29	-21
23	227	9	29	-22
23	228	10	30	-23
23	229	10	30	-24
23	230	10	30	-24
23	231	9	29	-24
23	232	8	28	-24
23	233	7	28	-24
23	234	7	27	-24
23	235	6	26	-24
23	236	6	27	-23
23	237	5	27	-22
23	238	5	28	-22
23	239	4	28	-21
23	240	4	29	-21
23	241	3	29	-20
23	242	3	31	-20
23	243	2	33	-20
23	244	2	35	-21
23	245	1	37	-21
23	246	0	38	-21
23	247	0	40	-21
24	7	1	40	-35
24	8	1	39	-37
24	9	0	38	-38
24	10	-1	36	-40
24	11	-2	35	-41
24	12	-2	34	-43
24	13	-3	33	-44
24	14	-4	31	-45
24	15	-5	30	-45
24	16	-6	29	-45
24	17	-7	28	-45
24	18	-8	27	-46
24	19	-9	26	-46
24	20	-8	25	-46
24	21	-8	25	-45
24	22	-8	25	-45
24	23	-7	25	-44
24	24	-7	24	-44
24	25	-7	24	-44
24	26	-7	23	-43
24	27	-7	23	-43
24	28	-7	22	-42
24	29	-7	21	-41
24	30	-8	20	-41
24	31	-8	19	-40
24	32	-7	20	-40
24	33	-7	21	-39
24	34	-6	21	-39
24	35	-6	22	-38
24	36	-5	23	-37
24	37	-4	24	-37
24	38	-4	24	-36
24	39	-4	24	-36
24	40	-4	25	-35
24	41	-4	25	-35
24	42	-4	26	-34
24	43	-4	26	-34
24	44	-4	26	-33
24	45	-4	26	-33
24	46	-3	27	-32
24	47	-3	27	-32
24	48	-3	27	-31
24	49	-3	28	-31
24	50	-3	28	-31
24	51	-3	29	-31
24	52	-3	29	-31
24	53	-3	30	-30
24	54	-3	30	-30
24	55	-3	31	-30
24	56	-3	31	-30
24	57	-4	32	-30
24	58	-4	32	-30
24	59	-5	33	-30
24	60	-5	34	-30
24	61	-5	34	-29
24	62	-5	34	-30
24	63	-5	33	-30
24	64	-4	33	-30
24	65	-4	32	-31
24	66	-3	32	-31
24	67	-3	31	-31
24	68	-3	31	-31
24	69	-3	31	-31
24	70	-3	30	-31
24	71	-3	30	-31
24	72	-3	30	-31
24	73	-3	29	-31
24	74	-3	29	-30
24	75	-4	29	-30
24	76	-4	29	-29
24	77	-4	29	-28
24	78	-4	29	-27
24	79	-4	29	-26
24	80	-4	29	-25
24	81	-5	29	-24
24	82	-5	29	-24
24	83	-6	29	-23
24	84	-6	29	-22
24	85	-6	29	-21
24	86	-7	29	-21
24	87	-7	29	-20
24	88	-8	30	-20
24	89	-8	30	-19
24	90	-8	30	-19
24	91	-9	30	-18
24	92	-8	30	-19
24	93	-8	30	-20
24	94	-8	30	-21
24	95	-8	29	-22
24	96	-7	29	-23
24	97	-7	29	-24
24	98	-7	28	-25
24	99	-8	27	-26
24	100	-8	27	-26
24	101	-8	26	-27
24	102	-8	25	-28
24	103	-9	24	-28
24	104	-8	24	-28
24	105	-7	24	-28
24	106	-7	24	-28
24	107	-6	24	-28
24	108	-6	24	-28
24	109	-5	24	-28
24	110	-5	24	-27
24	111	-5	25	-25
24	112	-5	25	-23
24	113	-5	26	-21
24	114	-5	26	-20
24	115	-5	26	-18
24	116	-5	26	-18
24	117	-6	26	-19
24	118	-6	26	-19
24	119	-6	27	-19
24	120	-7	27	-19
24	121	-7	27	-20
24	122	-7	27	-19
24	123	-8	27	-19
24	124	-8	28	-19
24	125	-8	28	-18
24	126	-8	29	-18
24	127	-9	29	-17
24	128	-9	29	-18
24	129	-8	29	-18
24	130	-8	29	-18
24	131	-8	30	-18
24	132	-8	30	-19
24	133	-8	30	-19
24	134	-8	30	-19
24	135	-7	31	-18
24	136	-7	31	-18
24	137	-7	32	-18
24	138	-6	32	-17
24	139	-6	33	-17
24	140	-6	33	-17
24	141	-7	33	-17
24	142	-7	33	-17
24	143	-7	33	-17
24	144	-7	33	-17
24	145	-8	33	-16
24	146	-7	33	-17
24	147	-6	33	-17
24	148	-5	34	-17
24	149	-4	34	-17
24	150	-3	34	-17
24	151	-2	34	-17
24	152	-2	35	-17
24	153	-1	35	-17
24	154	-1	36	-18
24	155	-1	36	-18
24	156	0	37	-18
24	157	0	37	-18
24	158	0	37	-19
24	159	1	37	-20
24	160	1	37	-20
24	161	1	37	-21
24	162	1	37	-21
24	163	1	37	-22
24	164	2	36	-22
24	165	2	36	-22
24	166	3	36	-21
24	167	3	36	-21
24	168	4	36	-21
24	169	4	35	-21
24	170	4	35	-21
24	171	4	34	-21
24	172	4	34	-21
24	173	3	33	-21
24	174	3	33	-20
24	175	3	32	-20
24	176	3	31	-20
24	177	4	31	-20
24	178	4	30	-21
24	179	5	29	-21
24	180	5	28	-21
24	181	6	27	-21
24	182	7	27	-21
24	183	7	27	-21
24	184	8	27	-20
24	185	9	27	-20
24	186	9	27	-20
24	187	10	27	-19
24	188	11	28	-19
24	189	11	30	-20
24	190	12	31	-20
24	191	13	32	-20
24	192	13	33	-21
24	193	14	35	-21
24	194	14	35	-22
24	195	13	36	-23
24	196	13	37	-23
24	197	13	38	-24
24	198	13	39	-25
24	199	12	39	-26
24	200	12	37	-28
24	201	12	35	-29
24	202	12	32	-31
24	203	12	30	-32
24	204	12	27	-34
24	205	12	25	-35
24	206	12	24	-34
24	207	12	23	-32
24	208	11	21	-30
24	209	11	20	-28
24	210	11	19	-26
24	211	11	18	-25
24	212	10	19	-23
24	213	10	19	-21
24	214	9	20	-19
24	215	9	21	-18
24	216	8	21	-16
24	217	8	22	-14
24	218	7	23	-15
24	219	7	24	-15
24	220	7	26	-16
24	221	7	27	-17
24	222	6	28	-17
24	223	6	29	-18
24	224	7	29	-19
24	225	7	30	-20
24	226	8	30	-21
24	227	8	30	-22
24	228	9	31	-22
24	229	9	31	-23
24	230	8	30	-23
24	231	8	29	-23
24	232	7	29	-23
24	233	6	28	-23
24	234	6	27	-24
24	235	5	26	-24
24	236	5	27	-23
24	237	4	27	-22
24	238	4	28	-21
24	239	3	28	-20
24	240	3	29	-20
24	241	2	29	-19
24	242	2	31	-19
24	243	1	32	-19
24	244	1	34	-20
24	245	1	35	-20
24	246	0	37	-20
24	247	0	38	-21
25	7	6	40	-36
25	8	5	39	-38
25	9	4	37	-39
25	10	3	36	-41
25	11	2	34	-43
25	12	1	33	-44
25	13	0	31	-46
25	14	-1	30	-46
25	15	-2	29	-46
25	16	-2	28	-46
25	17	-3	27	-47
25	18	-4	26	-47
25	19	-5	24	-47
25	20	-5	24	-46
25	21	-5	24	-46
25	22	-5	24	-45
25	23	-4	24	-44
25	24	-4	24	-43
25	25	-4	24	-43
25	26	-4	23	-42
25	27	-5	22	-42
25	28	-5	21	-41
25	29	-5	20	-41
25	30	-6	19	-40
25	31	-6	18	-40
25	32	-6	19	-39
25	33	-5	20	-39
25	34	-5	21	-38
25	35	-5	22	-37
25	36	-4	22	-36
25	37	-4	23	-36
25	38	-4	24	-36
25	39	-3	24	-35
25	40	-3	24	-35
25	41	-3	24	-35
25	42	-2	25	-34
25	43	-2	25	-34
25	44	-2	25	-34
25	45	-1	25	-33
25	46	-1	25	-33
25	47	-1	26	-32
25	48	-1	26	-32
25	49	-1	26	-31
25	50	-1	27	-31
25	51	-1	27	-31
25	52	-1	28	-30
25	53	-1	29	-30
25	54	-1	29	-30
25	55	-1	30	-30
25	56	-2	31	-30
25	57	-2	32	-29
25	58	-3	32	-29
25	59	-4	33	-29
25	60	-4	34	-29
25	61	-5	35	-29
25	62	-4	34	-30
25	63	-4	34	-30
25	64	-4	34	-31
25	65	-4	33	-31
25	66	-3	33	-32
25	67	-3	33	-32
25	68	-3	32	-32
25	69	-3	32	-33
25	70	-3	32	-33
25	71	-3	31	-33
25	72	-3	31	-33
25	73	-3	30	-33
25	74	-3	30	-32
25	75	-3	30	-31
25	76	-4	30	-30
25	77	-4	29	-30
25	78	-4	29	-29
25	79	-4	29	-28
25	80	-5	29	-27
25	81	-5	29	-26
25	82	-5	29	-25
25	83	-6	29	-24
25	84	-6	29	-23
25	85	-6	28	-22
25	86	-7	29	-21
25	87	-7	29	-20
25	88	-8	29	-20
25	89	-8	29	-19
25	90	-8	30	-18
25	91	-9	30	-17
25	92	-9	30	-18
25	93	-9	29	-19
25	94	-9	29	-20
25	95	-8	29	-21
25	96	-8	28	-22
25	97	-8	28	-23
25	98	-9	28	-24
25	99	-9	27	-24
25	100	-9	26	-25
25	101	-10	26	-26
25	102	-10	25	-26
25	103	-11	25	-27
25	104	-10	25	-27
25	105	-10	24	-27
25	106	-9	24	-27
25	107	-9	24	-27
25	108	-8	24	-27
25	109	-8	24	-27
25	110	-7	25	-26
25	111	-7	25	-24
25	112	-7	25	-23
25	113	-7	26	-21
25	114	-7	26	-19
25	115	-7	26	-18
25	116	-7	26	-18
25	117	-8	26	-19
25	118	-8	26	-19
25	119	-8	26	-19
25	120	-9	26	-20
25	121	-9	26	-20
25	122	-9	27	-20
25	123	-10	27	-19
25	124	-10	28	-19
25	125	-10	28	-18
25	126	-10	29	-17
25	127	-11	29	-17
25	128	-11	29	-17
25	129	-10	29	-17
25	130	-10	29	-18
25	131	-10	29	-18
25	132	-10	30	-18
25	133	-9	30	-18
25	134	-9	30	-18
25	135	-9	31	-18
25	136	-8	31	-18
25	137	-8	32	-17
25	138	-8	32	-17
25	139	-7	33	-17
25	140	-8	33	-17
25	141	-8	33	-17
25	142	-8	33	-17
25	143	-8	33	-17
25	144	-9	33	-17
25	145	-9	33	-17
25	146	-8	33	-17
25	147	-7	34	-17
25	148	-6	34	-17
25	149	-5	34	-17
25	150	-4	34	-17
25	151	-3	34	-17
25	152	-2	35	-17
25	153	-2	35	-18
25	154	-1	36	-18
25	155	-1	37	-18
25	156	0	37	-18
25	157	0	38	-18
25	158	0	37	-19
25	159	0	37	-19
25	160	0	37	-20
25	161	0	37	-20
25	162	0	37	-21
25	163	0	37	-21
25	164	1	37	-21
25	165	1	36	-21
25	166	2	36	-21
25	167	2	36	-21
25	168	3	36	-21
25	169	3	35	-21
25	170	3	35	-21
25	171	2	35	-21
25	172	2	34	-20
25	173	1	34	-20
25	174	1	34	-20
25	175	0	33	-20
25	176	1	32	-20
25	177	2	31	-20
25	178	2	30	-21
25	179	3	29	-21
25	180	4	28	-21
25	181	5	27	-22
25	182	6	28	-21
25	183	6	28	-21
25	184	7	28	-21
25	185	8	28	-20
25	186	9	28	-20
25	187	10	28	-20
25	188	10	29	-20
25	189	11	31	-20
25	190	12	32	-20
25	191	12	33	-20
25	192	13	35	-20
25	193	14	36	-20
25	194	13	37	-21
25	195	13	37	-22
25	196	13	38	-23
25	197	13	39	-24
25	198	12	40	-25
25	199	12	40	-26
25	200	12	38	-27
25	201	12	35	-29
25	202	12	32	-31
25	203	12	29	-33
25	204	12	26	-35
25	205	11	23	-36
25	206	11	22	-34
25	207	11	21	-32
25	208	11	20	-30
25	209	11	19	-28
25	210	10	18	-26
25	211	10	17	-24
25	212	10	18	-23
25	213	9	19	-21
25	214	8	20	-19
25	215	7	21	-17
25	216	7	22	-15
25	217	6	23	-13
25	218	6	24	-14
25	219	5	25	-15
25	220	5	26	-16
25	221	5	28	-17
25	222	5	29	-17
25	223	4	30	-18
25	224	5	30	-19
25	225	6	31	-20
25	226	6	31	-21
25	227	7	31	-21
25	228	7	32	-22
25	229	8	32	-23
25	230	7	31	-23
25	231	7	30	-23
25	232	6	29	-23
25	233	5	28	-23
25	234	5	27	-23
25	235	4	26	-23
25	236	3	26	-22
25	237	3	27	-21
25	238	3	28	-20
25	239	2	28	-19
25	240	2	29	-19
25	241	2	29	-18
25	242	1	31	-18
25	243	1	32	-18
25	244	0	33	-19
25	245	0	34	-19
25	246	0	35	-19
25	247	-1	37	-20
26	7	5	40	-36
26	8	4	38	-38
26	9	3	37	-39
26	10	2	35	-41
26	11	2	34	-42
26	12	1	32	-44
26	13	0	31	-45
26	14	-1	29	-45
26	15	-2	28	-45
26	16	-3	27	-45
26	17	-4	26	-45
26	18	-4	25	-45
26	19	-5	24	-45
26	20	-5	24	-44
26	21	-5	23	-44
26	22	-4	23	-43
26	23	-4	23	-42
26	24	-4	23	-41
26	25	-3	22	-40
26	26	-4	22	-39
26	27	-4	21	-39
26	28	-4	20	-38
26	29	-5	19	-38
26	30	-5	19	-37
26	31	-5	18	-36
26	32	-5	19	-36
26	33	-5	20	-36
26	34	-5	21	-35
26	35	-4	21	-35
26	36	-4	22	-35
26	37	-4	23	-34
26	38	-3	23	-34
26	39	-3	23	-34
26	40	-3	24	-33
26	41	-2	24	-33
26	42	-2	24	-33
26	43	-2	24	-32
26	44	-1	25	-32
26	45	-1	25	-32
26	46	-1	25	-31
26	47	-1	26	-31
26	48	-1	26	-31
26	49	-1	27	-30
26	50	-1	27	-30
26	51	-1	28	-30
26	52	-1	28	-29
26	53	-1	29	-29
26	54	-1	30	-29
26	55	-1	30	-28
26	56	-2	31	-28
26	57	-2	31	-28
26	58	-3	32	-28
26	59	-4	33	-28
26	60	-4	33	-28
26	61	-5	34	-28
26	62	-5	34	-29
26	63	-4	33	-29
26	64	-4	33	-30
26	65	-4	32	-30
26	66	-4	32	-31
26	67	-4	32	-31
26	68	-4	31	-31
26	69	-4	31	-31
26	70	-4	30	-31
26	71	-4	30	-31
26	72	-4	29	-31
26	73	-4	29	-31
26	74	-4	29	-30
26	75	-4	29	-29
26	76	-4	29	-28
26	77	-4	28	-27
26	78	-5	28	-27
26	79	-5	28	-26
26	80	-5	28	-25
26	81	-5	28	-24
26	82	-6	28	-23
26	83	-6	28	-22
26	84	-6	28	-21
26	85	-7	27	-21
26	86	-7	28	-20
26	87	-8	28	-19
26	88	-8	28	-18
26	89	-8	29	-18
26	90	-9	29	-17
26	91	-9	29	-16
26	92	-9	29	-17
26	93	-9	29	-18
26	94	-9	28	-19
26	95	-9	28	-20
26	96	-9	28	-21
26	97	-9	28	-23
26	98	-9	27	-23
26	99	-10	27	-24
26	100	-10	26	-25
26	101	-11	25	-25
26	102	-11	25	-26
26	103	-11	24	-26
26	104	-11	24	-26
26	105	-10	24	-26
26	106	-10	24	-26
26	107	-9	24	-26
26	108	-9	24	-26
26	109	-8	24	-26
26	110	-8	24	-25
26	111	-8	24	-23
26	112	-8	25	-22
26	113	-8	25	-20
26	114	-8	25	-19
26	115	-8	26	-18
26	116	-8	26	-18
26	117	-8	26	-18
26	118	-9	26	-18
26	119	-9	26	-19
26	120	-9	26	-19
26	121	-10	26	-19
26	122	-10	27	-19
26	123	-10	27	-18
26	124	-11	28	-17
26	125	-11	28	-17
26	126	-11	28	-16
26	127	-11	29	-16
26	128	-11	29	-16
26	129	-11	29	-16
26	130	-11	29	-17
26	131	-11	29	-17
26	132	-11	29	-17
26	133	-10	30	-17
26	134	-10	30	-17
26	135	-10	31	-17
26	136	-10	31	-16
26	137	-9	31	-16
26	138	-9	32	-16
26	139	-9	32	-15
26	140	-9	33	-15
26	141	-9	33	-15
26	142	-9	33	-16
26	143	-9	33	-16
26	144	-9	33	-16
26	145	-10	33	-16
26	146	-9	33	-16
26	147	-8	34	-16
26	148	-7	34	-16
26	149	-6	34	-16
26	150	-5	34	-16
26	151	-4	34	-16
26	152	-4	35	-17
26	153	-3	35	-17
26	154	-3	36	-17
26	155	-2	36	-18
26	156	-2	37	-18
26	157	-2	37	-18
26	158	-2	37	-19
26	159	-1	37	-19
26	160	-1	37	-20
26	161	-1	37	-20
26	162	-1	37	-21
26	163	-1	37	-21
26	164	-1	37	-21
26	165	0	37	-21
26	166	0	36	-21
26	167	1	36	-22
26	168	1	36	-22
26	169	2	36	-22
26	170	1	35	-21
26	171	1	35	-21
26	172	1	35	-21
26	173	0	34	-20
26	174	0	34	-20
26	175	-1	34	-19
26	176	0	33	-20
26	177	1	32	-20
26	178	2	31	-20
26	179	2	30	-21
26	180	3	29	-21
26	181	4	28	-21
26	182	5	28	-21
26	183	6	28	-21
26	184	6	28	-20
26	185	7	28	-20
26	186	8	28	-19
26	187	9	28	-19
26	188	9	29	-19
26	189	10	31	-19
26	190	11	32	-20
26	191	11	33	-20
26	192	12	34	-20
26	193	13	35	-20
26	194	12	36	-21
26	195	12	36	-22
26	196	12	37	-24
26	197	12	38	-25
26	198	12	38	-26
26	199	12	39	-27
26	200	11	36	-28
26	201	11	34	-30
26	202	11	31	-32
26	203	11	29	-33
26	204	10	26	-35
26	205	10	24	-36
26	206	10	23	-34
26	207	10	21	-32
26	208	10	20	-31
26	209	10	19	-29
26	210	9	18	-27
26	211	9	17	-25
26	212	9	18	-23
26	213	8	18	-21
26	214	8	19	-19
26	215	7	20	-18
26	216	7	21	-16
26	217	6	21	-14
26	218	6	23	-14
26	219	5	24	-15
26	220	5	25	-15
26	221	5	26	-16
26	222	5	28	-17
26	223	4	29	-17
26	224	5	29	-18
26	225	5	29	-19
26	226	6	30	-20
26	227	6	30	-21
26	228	6	31	-22
26	229	7	31	-24
26	230	6	30	-24
26	231	6	29	-24
26	232	5	28	-24
26	233	4	27	-24
26	234	3	26	-24
26	235	3	25	-24
26	236	2	25	-23
26	237	2	26	-22
26	238	2	27	-21
26	239	1	28	-20
26	240	1	28	-19
26	241	1	29	-17
26	242	0	31	-18
26	243	0	32	-18
26	244	0	34	-19
26	245	0	36	-19
26	246	0	37	-19
26	247	-1	39	-20
27	7	5	39	-36
27	8	4	37	-38
27	9	3	36	-39
27	10	2	34	-40
27	11	1	33	-42
27	12	0	31	-43
27	13	-1	30	-44
27	14	-2	29	-44
27	15	-2	28	-44
27	16	-3	27	-44
27	17	-4	26	-44
27	18	-4	24	-44
27	19	-5	23	-44
27	20	-5	23	-43
27	21	-4	22	-42
27	22	-4	22	-41
27	23	-4	21	-39
27	24	-3	21	-38
27	25	-3	20	-37
27	26	-3	20	-37
27	27	-3	20	-36
27	28	-4	19	-35
27	29	-4	19	-34
27	30	-4	19	-34
27	31	-5	18	-33
27	32	-4	19	-33
27	33	-4	20	-33
27	34	-4	20	-33
27	35	-4	21	-33
27	36	-4	22	-33
27	37	-3	23	-33
27	38	-3	23	-32
27	39	-3	23	-32
27	40	-2	23	-31
27	41	-2	23	-31
27	42	-2	23	-31
27	43	-1	24	-30
27	44	-1	24	-30
27	45	-1	25	-30
27	46	-1	25	-30
27	47	-1	26	-30
27	48	-1	27	-29
27	49	0	27	-29
27	50	0	28	-29
27	51	-1	28	-28
27	52	-1	29	-28
27	53	-1	29	-28
27	54	-1	30	-27
27	55	-1	30	-27
27	56	-2	31	-27
27	57	-2	31	-27
27	58	-3	32	-27
27	59	-4	32	-27
27	60	-4	33	-27
27	61	-5	33	-27
27	62	-5	33	-28
27	63	-5	32	-28
27	64	-5	32	-29
27	65	-4	32	-29
27	66	-4	31	-30
27	67	-4	31	-30
27	68	-4	30	-30
27	69	-4	30	-30
27	70	-4	29	-30
27	71	-4	29	-29
27	72	-5	28	-29
27	73	-5	27	-29
27	74	-5	27	-28
27	75	-5	27	-27
27	76	-5	27	-26
27	77	-5	27	-25
27	78	-5	27	-24
27	79	-5	27	-23
27	80	-6	27	-23
27	81	-6	27	-22
27	82	-6	27	-21
27	83	-6	27	-21
27	84	-7	27	-20
27	85	-7	26	-19
27	86	-7	27	-18
27	87	-8	27	-18
27	88	-8	27	-17
27	89	-9	28	-16
27	90	-9	28	-16
27	91	-10	28	-15
27	92	-10	28	-16
27	93	-10	28	-17
27	94	-10	28	-18
27	95	-10	28	-20
27	96	-10	28	-21
27	97	-10	28	-22
27	98	-10	27	-23
27	99	-10	26	-23
27	100	-11	26	-24
27	101	-11	25	-25
27	102	-12	24	-25
27	103	-12	24	-26
27	104	-12	23	-26
27	105	-11	23	-26
27	106	-11	23	-25
27	107	-10	23	-25
27	108	-10	23	-25
27	109	-9	23	-25
27	110	-9	23	-24
27	111	-9	24	-22
27	112	-9	24	-21
27	113	-9	24	-20
27	114	-9	25	-19
27	115	-9	25	-17
27	116	-9	25	-17
27	117	-9	25	-17
27	118	-10	25	-18
27	119	-10	26	-18
27	120	-10	26	-18
27	121	-10	26	-18
27	122	-11	26	-17
27	123	-11	27	-17
27	124	-11	27	-16
27	125	-12	28	-16
27	126	-12	28	-15
27	127	-12	29	-15
27	128	-12	29	-15
27	129	-12	29	-15
27	130	-12	29	-15
27	131	-12	29	-16
27	132	-11	29	-16
27	133	-11	30	-16
27	134	-11	30	-16
27	135	-11	30	-15
27	136	-11	31	-15
27	137	-11	31	-15
27	138	-11	31	-14
27	139	-11	32	-14
27	140	-11	32	-14
27	141	-10	32	-14
27	142	-10	32	-14
27	143	-10	32	-14
27	144	-10	33	-14
27	145	-10	33	-15
27	146	-9	33	-15
27	147	-9	33	-15
27	148	-8	34	-15
27	149	-7	34	-15
27	150	-6	34	-15
27	151	-5	34	-15
27	152	-5	35	-16
27	153	-5	35	-16
27	154	-4	36	-17
27	155	-4	36	-17
27	156	-4	36	-18
27	157	-3	37	-18
27	158	-3	37	-19
27	159	-3	37	-19
27	160	-3	37	-20
27	161	-3	37	-20
27	162	-3	38	-21
27	163	-3	38	-21
27	164	-3	37	-21
27	165	-2	37	-22
27	166	-1	37	-22
27	167	-1	36	-22
27	168	0	36	-22
27	169	0	36	-22
27	170	0	35	-22
27	171	0	35	-21
27	172	-1	35	-21
27	173	-1	35	-20
27	174	-1	34	-20
27	175	-2	34	-19
27	176	-1	33	-20
27	177	0	32	-20
27	178	1	31	-20
27	179	2	30	-20
27	180	2	29	-21
27	181	3	28	-21
27	182	4	28	-21
27	183	5	28	-20
27	184	6	28	-20
27	185	6	28	-19
27	186	7	29	-19
27	187	8	29	-18
27	188	9	30	-18
27	189	9	31	-19
27	190	10	32	-19
27	191	10	33	-19
27	192	11	34	-20
27	193	11	35	-20
27	194	11	35	-21
27	195	11	36	-23
27	196	11	36	-24
27	197	11	36	-25
27	198	11	37	-27
27	199	11	37	-28
27	200	11	35	-29
27	201	10	33	-31
27	202	10	31	-32
27	203	10	29	-33
27	204	9	26	-35
27	205	9	24	-36
27	206	9	23	-34
27	207	9	22	-32
27	208	9	20	-31
27	209	8	19	-29
27	210	8	18	-27
27	211	8	17	-26
27	212	8	17	-24
27	213	7	18	-22
27	214	7	18	-20
27	215	7	19	-18
27	216	6	20	-16
27	217	6	20	-14
27	218	6	21	-14
27	219	5	23	-15
27	220	5	24	-15
27	221	5	25	-15
27	222	5	26	-16
27	223	4	27	-16
27	224	4	28	-17
27	225	5	28	-19
27	226	5	29	-20
27	227	5	29	-21
27	228	5	29	-23
27	229	6	30	-24
27	230	5	29	-24
27	231	4	28	-24
27	232	4	27	-24
27	233	3	26	-25
27	234	2	25	-25
27	235	2	24	-25
27	236	1	24	-24
27	237	1	25	-22
27	238	1	26	-21
27	239	0	27	-20
27	240	0	28	-19
27	241	0	29	-17
27	242	0	31	-18
27	243	0	33	-18
27	244	0	35	-18
27	245	0	37	-19
27	246	0	39	-19
27	247	0	41	-20
28	7	4	38	-37
28	8	3	36	-38
28	9	2	35	-39
28	10	1	34	-40
28	11	0	32	-41
28	12	0	31	-42
28	13	-1	29	-43
28	14	-2	28	-43
28	15	-3	27	-43
28	16	-3	26	-43
28	17	-4	25	-42
28	18	-5	24	-42
28	19	-5	23	-42
28	20	-5	22	-41
28	21	-4	21	-40
28	22	-4	21	-38
28	23	-3	20	-37
28	24	-3	19	-36
28	25	-2	18	-35
28	26	-2	18	-34
28	27	-3	19	-33
28	28	-3	19	-32
28	29	-3	19	-31
28	30	-4	19	-30
28	31	-4	19	-29
28	32	-4	19	-30
28	33	-4	20	-30
28	34	-4	20	-30
28	35	-3	21	-30
28	36	-3	22	-31
28	37	-3	22	-31
28	38	-3	22	-31
28	39	-3	22	-30
28	40	-2	23	-30
28	41	-2	23	-29
28	42	-2	23	-29
28	43	-1	23	-28
28	44	-1	24	-28
28	45	-1	24	-28
28	46	-1	25	-28
28	47	-1	26	-28
28	48	0	27	-28
28	49	0	28	-28
28	50	0	28	-28
28	51	0	29	-27
28	52	0	29	-27
28	53	-1	30	-27
28	54	-1	30	-26
28	55	-1	30	-26
28	56	-1	31	-26
28	57	-2	31	-26
28	58	-3	32	-26
28	59	-4	32	-26
28	60	-4	32	-26
28	61	-5	33	-27
28	62	-5	32	-27
28	63	-5	32	-27
28	64	-5	31	-28
28	65	-5	31	-28
28	66	-5	30	-28
28	67	-5	30	-29
28	68	-5	29	-29
28	69	-5	29	-28
28	70	-5	28	-28
28	71	-5	27	-28
28	72	-5	26	-28
28	73	-6	26	-27
28	74	-6	26	-26
28	75	-6	26	-25
28	76	-6	26	-24
28	77	-6	26	-23
28	78	-6	26	-22
28	79	-6	27	-21
28	80	-6	26	-21
28	81	-6	26	-20
28	82	-7	26	-19
28	83	-7	26	-19
28	84	-7	26	-18
28	85	-7	25	-18
28	86	-8	26	-17
28	87	-8	26	-16
28	88	-9	26	-16
28	89	-9	27	-15
28	90	-9	27	-14
28	91	-10	27	-14
28	92	-10	27	-15
28	93	-10	27	-16
28	94	-10	27	-18
28	95	-10	27	-19
28	96	-10	27	-20
28	97	-10	27	-21
28	98	-11	27	-22
28	99	-11	26	-23
28	100	-12	25	-23
28	101	-12	24	-24
28	102	-13	24	-25
28	103	-13	23	-25
28	104	-13	23	-25
28	105	-12	23	-25
28	106	-12	23	-25
28	107	-11	22	-24
28	108	-11	22	-24
28	109	-10	22	-24
28	110	-10	23	-23
28	111	-10	23	-21
28	112	-10	23	-20
28	113	-10	23	-19
28	114	-10	24	-18
28	115	-10	24	-17
28	116	-10	24	-17
28	117	-10	25	-17
28	118	-11	25	-17
28	119	-11	25	-17
28	120	-11	25	-17
28	121	-11	26	-17
28	122	-11	26	-16
28	123	-12	26	-16
28	124	-12	27	-15
28	125	-12	27	-15
28	126	-13	28	-14
28	127	-13	28	-14
28	128	-13	28	-14
28	129	-13	29	-14
28	130	-13	29	-14
28	131	-13	29	-15
28	132	-12	29	-15
28	133	-12	29	-15
28	134	-12	30	-14
28	135	-12	30	-14
28	136	-12	30	-14
28	137	-12	31	-13
28	138	-12	31	-13
28	139	-12	31	-12
28	140	-12	31	-13
28	141	-12	32	-13
28	142	-11	32	-13
28	143	-11	32	-13
28	144	-11	32	-13
28	145	-11	33	-13
28	146	-10	33	-13
28	147	-9	33	-14
28	148	-9	33	-14
28	149	-8	34	-14
28	150	-7	34	-14
28	151	-7	34	-14
28	152	-6	35	-15
28	153	-6	35	-16
28	154	-6	35	-16
28	155	-6	36	-17
28	156	-5	36	-18
28	157	-5	37	-18
28	158	-5	37	-19
28	159	-5	37	-19
28	160	-5	37	-20
28	161	-5	38	-20
28	162	-5	38	-21
28	163	-5	38	-21
28	164	-4	38	-21
28	165	-4	37	-22
28	166	-3	37	-22
28	167	-3	36	-22
28	168	-2	36	-23
28	169	-2	36	-23
28	170	-2	35	-22
28	171	-2	35	-22
28	172	-2	35	-21
28	173	-2	35	-20
28	174	-2	35	-20
28	175	-2	35	-19
28	176	-2	34	-19
28	177	-1	32	-20
28	178	0	31	-20
28	179	1	30	-20
28	180	2	29	-20
28	181	3	28	-21
28	182	3	28	-20
28	183	4	28	-20
28	184	5	29	-19
28	185	6	29	-18
28	186	6	29	-18
28	187	7	29	-17
28	188	8	30	-18
28	189	8	31	-18
28	190	9	32	-19
28	191	9	33	-19
28	192	10	33	-20
28	193	10	34	-20
28	194	10	35	-22
28	195	10	35	-23
28	196	10	35	-25
28	197	10	35	-26
28	198	10	35	-28
28	199	10	35	-29
28	200	10	34	-30
28	201	10	32	-31
28	202	9	30	-32
28	203	9	28	-34
28	204	8	26	-35
28	205	8	25	-36
28	206	8	23	-34
28	207	8	22	-33
28	208	7	21	-31
28	209	7	19	-29
28	210	7	18	-28
28	211	7	16	-26
28	212	7	17	-24
28	213	7	17	-22
28	214	6	18	-20
28	215	6	18	-18
28	216	6	18	-16
28	217	6	19	-15
28	218	6	20	-15
28	219	5	21	-15
28	220	5	22	-15
28	221	5	24	-15
28	222	5	25	-15
28	223	4	26	-15
28	224	4	27	-17
28	225	4	27	-18
28	226	4	27	-20
28	227	4	28	-21
28	228	4	28	-23
28	229	4	29	-25
28	230	4	28	-25
28	231	3	27	-25
28	232	2	26	-25
28	233	2	25	-25
28	234	1	24	-25
28	235	1	23	-26
28	236	0	24	-24
28	237	0	24	-23
28	238	0	25	-21
28	239	-1	26	-20
28	240	-1	27	-19
28	241	-1	28	-17
28	242	-1	31	-18
28	243	-1	33	-18
28	244	-1	36	-18
28	245	0	38	-19
28	246	0	41	-19
28	247	0	43	-19
29	7	3	37	-37
29	8	2	36	-38
29	9	2	34	-39
29	10	1	33	-39
29	11	0	31	-40
29	12	-1	30	-41
29	13	-2	28	-42
29	14	-2	27	-42
29	15	-3	26	-42
29	16	-4	25	-41
29	17	-4	24	-41
29	18	-5	23	-41
29	19	-5	22	-40
29	20	-5	21	-39
29	21	-4	20	-38
29	22	-3	19	-36
29	23	-3	18	-35
29	24	-2	17	-33
29	25	-1	17	-32
29	26	-2	17	-31
29	27	-2	17	-30
29	28	-2	18	-29
29	29	-3	18	-28
29	30	-3	19	-27
29	31	-3	19	-26
29	32	-3	19	-26
29	33	-3	20	-27
29	34	-3	20	-28
29	35	-3	21	-28
29	36	-3	21	-29
29	37	-3	22	-29
29	38	-3	22	-29
29	39	-2	22	-28
29	40	-2	22	-28
29	41	-2	22	-27
29	42	-1	22	-27
29	43	-1	22	-26
29	44	-1	23	-26
29	45	-1	24	-26
29	46	0	25	-27
29	47	0	26	-27
29	48	0	27	-27
29	49	0	28	-27
29	50	0	29	-27
29	51	0	29	-26
29	52	0	29	-26
29	53	0	30	-25
29	54	0	30	-25
29	55	0	31	-24
29	56	-1	31	-25
29	57	-2	31	-25
29	58	-3	31	-25
29	59	-4	32	-25
29	60	-5	32	-26
29	61	-5	32	-26
29	62	-5	31	-26
29	63	-5	31	-26
29	64	-5	31	-27
29	65	-5	30	-27
29	66	-5	30	-27
29	67	-5	29	-28
29	68	-5	28	-27
29	69	-6	28	-27
29	70	-6	27	-26
29	71	-6	26	-26
29	72	-6	25	-26
29	73	-6	24	-25
29	74	-6	24	-24
29	75	-6	25	-23
29	76	-6	25	-22
29	77	-6	25	-21
29	78	-6	25	-20
29	79	-6	26	-19
29	80	-7	26	-19
29	81	-7	25	-18
29	82	-7	25	-18
29	83	-7	25	-17
29	84	-7	25	-17
29	85	-8	24	-16
29	86	-8	25	-15
29	87	-9	25	-15
29	88	-9	26	-14
29	89	-9	26	-14
29	90	-10	26	-13
29	91	-10	27	-13
29	92	-10	27	-14
29	93	-10	27	-15
29	94	-11	27	-17
29	95	-11	27	-18
29	96	-11	27	-19
29	97	-11	27	-21
29	98	-11	26	-21
29	99	-12	26	-22
29	100	-12	25	-23
29	101	-13	24	-23
29	102	-13	23	-24
29	103	-14	23	-25
29	104	-13	22	-24
29	105	-13	22	-24
29	106	-13	22	-24
29	107	-12	22	-23
29	108	-12	22	-23
29	109	-11	22	-23
29	110	-11	22	-22
29	111	-11	22	-21
29	112	-11	22	-20
29	113	-11	23	-19
29	114	-11	23	-18
29	115	-11	23	-17
29	116	-11	24	-16
29	117	-11	24	-16
29	118	-11	24	-16
29	119	-12	25	-16
29	120	-12	25	-16
29	121	-12	25	-16
29	122	-12	26	-15
29	123	-12	26	-15
29	124	-13	27	-14
29	125	-13	27	-14
29	126	-13	27	-13
29	127	-14	28	-13
29	128	-14	28	-13
29	129	-14	28	-13
29	130	-13	29	-13
29	131	-13	29	-13
29	132	-13	29	-14
29	133	-13	29	-14
29	134	-13	30	-13
29	135	-13	30	-13
29	136	-14	30	-12
29	137	-14	30	-12
29	138	-14	30	-11
29	139	-14	31	-11
29	140	-13	31	-11
29	141	-13	31	-11
29	142	-13	31	-12
29	143	-12	32	-12
29	144	-12	32	-12
29	145	-11	32	-12
29	146	-11	33	-12
29	147	-10	33	-12
29	148	-10	33	-13
29	149	-9	34	-13
29	150	-9	34	-13
29	151	-8	34	-13
29	152	-8	35	-14
29	153	-8	35	-15
29	154	-8	35	-16
29	155	-7	36	-17
29	156	-7	36	-18
29	157	-7	36	-19
29	158	-7	37	-19
29	159	-7	37	-19
29	160	-7	37	-20
29	161	-7	38	-20
29	162	-7	38	-21
29	163	-7	38	-21
29	164	-6	38	-21
29	165	-5	38	-22
29	166	-5	37	-22
29	167	-4	37	-23
29	168	-4	36	-23
29	169	-3	36	-23
29	170	-3	36	-23
29	171	-3	35	-22
29	172	-3	35	-21
29	173	-3	35	-21
29	174	-3	35	-20
29	175	-3	35	-19
29	176	-3	34	-19
29	177	-2	33	-20
29	178	-1	32	-20
29	179	0	30	-20
29	180	1	29	-20
29	181	2	28	-20
29	182	3	28	-20
29	183	3	29	-19
29	184	4	29	-18
29	185	5	29	-18
29	186	5	29	-17
29	187	6	29	-16
29	188	7	30	-17
29	189	7	31	-18
29	190	8	32	-18
29	191	8	32	-19
29	192	9	33	-19
29	193	9	34	-20
29	194	9	34	-22
29	195	10	34	-23
29	196	10	34	-25
29	197	10	34	-27
29	198	10	34	-29
29	199	10	34	-31
29	200	9	32	-31
29	201	9	31	-32
29	202	8	29	-33
29	203	8	28	-34
29	204	7	27	-35
29	205	7	25	-35
29	206	7	24	-34
29	207	6	22	-33
29	208	6	21	-31
29	209	6	19	-30
29	210	6	18	-28
29	211	6	16	-27
29	212	6	16	-25
29	213	6	17	-23
29	214	6	17	-21
29	215	6	17	-19
29	216	6	17	-17
29	217	6	17	-15
29	218	6	19	-15
29	219	5	20	-15
29	220	5	21	-14
29	221	5	22	-14
29	222	5	24	-14
29	223	4	25	-14
29	224	4	25	-16
29	225	4	26	-18
29	226	4	26	-20
29	227	3	27	-21
29	228	3	27	-23
29	229	3	27	-25
29	230	2	27	-25
29	231	2	26	-26
29	232	1	25	-26
29	233	1	24	-26
29	234	0	23	-26
29	235	0	22	-26
29	236	-1	23	-25
29	237	-1	24	-23
29	238	-1	25	-22
29	239	-2	26	-20
29	240	-2	27	-19
29	241	-2	28	-17
29	242	-2	31	-17
29	243	-1	34	-18
29	244	-1	37	-18
29	245	-1	40	-19
29	246	0	43	-19
29	247	0	46	-19
30	7	3	36	-37
30	8	2	35	-38
30	9	1	34	-38
30	10	0	32	-39
30	11	-1	31	-40
30	12	-2	29	-41
30	13	-2	28	-41
30	14	-3	27	-41
30	15	-3	26	-41
30	16	-4	25	-40
30	17	-4	24	-40
30	18	-5	23	-39
30	19	-5	22	-39
30	20	-4	20	-37
30	21	-4	19	-36
30	22	-3	18	-34
30	23	-2	17	-33
30	24	-2	16	-31
30	25	-1	15	-29
30	26	-1	15	-28
30	27	-1	16	-27
30	28	-2	17	-26
30	29	-2	18	-25
30	30	-2	18	-23
30	31	-2	19	-22
30	32	-3	20	-23
30	33	-3	20	-24
30	34	-3	20	-25
30	35	-3	21	-26
30	36	-3	21	-27
30	37	-3	21	-28
30	38	-2	21	-27
30	39	-2	21	-27
30	40	-2	21	-26
30	41	-1	21	-25
30	42	-1	22	-25
30	43	-1	22	-24
30	44	-1	23	-24
30	45	0	24	-25
30	46	0	25	-25
30	47	0	26	-25
30	48	0	28	-26
30	49	0	29	-26
30	50	0	29	-26
30	51	0	29	-25
30	52	0	30	-25
30	53	0	30	-24
30	54	0	30	-24
30	55	0	31	-23
30	56	-1	31	-24
30	57	-2	31	-24
30	58	-3	31	-24
30	59	-4	31	-24
30	60	-5	31	-25
30	61	-6	31	-25
30	62	-6	31	-25
30	63	-6	30	-26
30	64	-6	30	-26
30	65	-6	29	-26
30	66	-6	29	-26
30	67	-6	28	-26
30	68	-6	27	-26
30	69	-6	26	-25
30	70	-7	25	-25
30	71	-7	25	-24
30	72	-7	24	-24
30	73	-7	23	-23
30	74	-7	23	-22
30	75	-7	23	-21
30	76	-7	24	-20
30	77	-7	24	-19
30	78	-7	25	-18
30	79	-7	25	-17
30	80	-7	25	-17
30	81	-7	24	-16
30	82	-7	24	-16
30	83	-8	24	-15
30	84	-8	24	-15
30	85	-8	23	-15
30	86	-8	24	-14
30	87	-9	24	-14
30	88	-9	25	-13
30	89	-10	25	-13
30	90	-10	25	-12
30	91	-11	26	-12
30	92	-11	26	-13
30	93	-11	26	-14
30	94	-11	26	-16
30	95	-11	27	-17
30	96	-11	27	-19
30	97	-11	27	-20
30	98	-12	26	-21
30	99	-13	25	-21
30	100	-13	24	-22
30	101	-14	24	-23
30	102	-14	23	-24
30	103	-15	22	-24
30	104	-14	22	-24
30	105	-14	22	-23
30	106	-13	21	-23
30	107	-13	21	-22
30	108	-13	21	-22
30	109	-12	21	-22
30	110	-12	21	-21
30	111	-12	21	-20
30	112	-12	22	-19
30	113	-12	22	-18
30	114	-12	22	-17
30	115	-12	22	-16
30	116	-12	23	-16
30	117	-12	23	-16
30	118	-12	24	-15
30	119	-12	24	-15
30	120	-12	25	-15
30	121	-12	25	-15
30	122	-13	25	-14
30	123	-13	26	-14
30	124	-13	26	-13
30	125	-14	27	-13
30	126	-14	27	-12
30	127	-14	28	-12
30	128	-14	28	-12
30	129	-14	28	-12
30	130	-14	28	-12
30	131	-14	29	-12
30	132	-14	29	-12
30	133	-14	29	-13
30	134	-15	29	-12
30	135	-15	30	-12
30	136	-15	30	-11
30	137	-15	30	-11
30	138	-15	30	-10
30	139	-15	30	-10
30	140	-15	30	-10
30	141	-14	31	-10
30	142	-14	31	-10
30	143	-13	31	-10
30	144	-12	32	-11
30	145	-12	32	-11
30	146	-11	32	-11
30	147	-11	33	-11
30	148	-11	33	-11
30	149	-10	34	-12
30	150	-10	34	-12
30	151	-9	34	-12
30	152	-9	35	-13
30	153	-9	35	-14
30	154	-9	35	-15
30	155	-9	35	-16
30	156	-9	36	-17
30	157	-9	36	-19
30	158	-9	36	-19
30	159	-9	37	-19
30	160	-9	37	-20
30	161	-8	38	-20
30	162	-8	38	-21
30	163	-8	39	-21
30	164	-8	38	-22
30	165	-7	38	-22
30	166	-7	37	-23
30	167	-6	37	-23
30	168	-6	36	-24
30	169	-5	36	-24
30	170	-5	36	-23
30	171	-5	36	-22
30	172	-5	36	-22
30	173	-5	36	-21
30	174	-4	35	-20
30	175	-4	35	-19
30	176	-3	34	-19
30	177	-2	33	-19
30	178	-2	32	-20
30	179	-1	31	-20
30	180	0	30	-20
30	181	1	28	-20
30	182	2	29	-19
30	183	3	29	-19
30	184	3	29	-18
30	185	4	29	-17
30	186	4	30	-16
30	187	5	30	-16
30	188	6	30	-16
30	189	6	31	-17
30	190	7	32	-18
30	191	7	32	-18
30	192	8	33	-19
30	193	8	33	-20
30	194	8	33	-22
30	195	9	33	-24
30	196	9	33	-26
30	197	9	33	-28
30	198	9	32	-30
30	199	9	32	-32
30	200	9	31	-32
30	201	8	30	-33
30	202	7	29	-33
30	203	7	28	-34
30	204	6	27	-35
30	205	5	25	-35
30	206	5	24	-34
30	207	5	22	-33
30	208	5	21	-31
30	209	5	19	-30
30	210	5	18	-29
30	211	5	16	-28
30	212	5	16	-26
30	213	5	16	-24
30	214	5	16	-21
30	215	5	16	-19
30	216	6	16	-17
30	217	6	16	-15
30	218	5	17	-15
30	219	5	19	-14
30	220	5	20	-14
30	221	5	21	-14
30	222	5	22	-13
30	223	4	24	-13
30	224	4	24	-15
30	225	4	24	-17
30	226	3	25	-19
30	227	3	25	-21
30	228	2	26	-23
30	229	2	26	-26
30	230	1	25	-26
30	231	1	24	-26
30	232	0	23	-26
30	233	0	23	-27
30	234	-1	22	-27
30	235	-1	21	-27
30	236	-2	22	-25
30	237	-2	23	-24
30	238	-2	24	-22
30	239	-3	25	-20
30	240	-3	26	-19
30	241	-3	27	-17
30	242	-3	31	-17
30	243	-2	34	-18
30	244	-1	38	-18
30	245	-1	41	-18
30	246	0	44	-19
30	247	1	48	-19
31	1	9	33	-39
31	2	8	33	-39
31	3	7	34	-39
31	4	5	34	-38
31	5	4	35	-38
31	6	3	35	-37
31	7	2	36	-37
31	8	1	34	-38
31	9	0	33	-38
31	10	0	31	-39
31	11	-1	30	-39
31	12	-2	29	-40
31	13	-3	27	-41
31	14	-3	26	-40
31	15	-4	25	-39
31	16	-4	24	-39
31	17	-4	23	-38
31	18	-5	22	-38
31	19	-5	21	-37
31	20	-4	20	-35
31	21	-3	18	-34
31	22	-3	17	-32
31	23	-2	16	-30
31	24	-1	14	-28
31	25	0	13	-27
31	26	0	14	-25
31	27	-1	15	-24
31	28	-1	16	-23
31	29	-1	17	-21
31	30	-2	18	-20
31	31	-2	19	-19
31	32	-2	20	-20
31	33	-2	20	-21
31	34	-2	20	-22
31	35	-2	21	-24
31	36	-2	21	-25
31	37	-2	21	-26
31	38	-2	21	-26
31	39	-2	21	-25
31	40	-1	21	-24
31	41	-1	21	-24
31	42	-1	21	-23
31	43	-1	21	-22
31	44	0	22	-23
31	45	0	24	-23
31	46	0	25	-24
31	47	0	27	-24
31	48	0	28	-24
31	49	0	29	-25
31	50	0	30	-24
31	51	0	30	-24
31	52	0	30	-23
31	53	0	30	-23
31	54	0	31	-22
31	55	0	31	-22
31	56	-1	31	-22
31	57	-2	31	-23
31	58	-3	31	-23
31	59	-4	31	-23
31	60	-5	31	-24
31	61	-6	31	-24
31	62	-6	30	-24
31	63	-6	30	-25
31	64	-6	29	-25
31	65	-6	29	-25
31	66	-6	28	-25
31	67	-6	27	-25
31	68	-7	26	-25
31	69	-7	25	-24
31	70	-7	24	-23
31	71	-8	23	-23
31	72	-8	22	-22
31	73	-8	21	-21
31	74	-8	22	-20
31	75	-8	22	-19
31	76	-8	23	-18
31	77	-8	23	-17
31	78	-7	24	-16
31	79	-7	24	-15
31	80	-8	24	-15
31	81	-8	24	-14
31	82	-8	23	-14
31	83	-8	23	-14
31	84	-8	23	-13
31	85	-8	22	-13
31	86	-9	23	-13
31	87	-9	23	-12
31	88	-10	24	-12
31	89	-10	24	-11
31	90	-10	25	-11
31	91	-11	25	-11
31	92	-11	25	-12
31	93	-11	26	-14
31	94	-12	26	-15
31	95	-12	26	-17
31	96	-12	26	-18
31	97	-12	27	-19
31	98	-13	26	-20
31	99	-13	25	-21
31	100	-14	24	-22
31	101	-14	23	-22
31	102	-15	22	-23
31	103	-15	22	-24
31	104	-15	21	-23
31	105	-15	21	-23
31	106	-14	21	-22
31	107	-14	21	-21
31	108	-14	20	-21
31	109	-13	20	-20
31	110	-13	20	-20
31	111	-13	21	-19
31	112	-13	21	-18
31	113	-13	21	-17
31	114	-13	21	-17
31	115	-13	21	-16
31	116	-13	22	-16
31	117	-13	23	-15
31	118	-13	23	-15
31	119	-13	24	-14
31	120	-13	24	-14
31	121	-13	25	-13
31	122	-13	25	-13
31	123	-14	26	-13
31	124	-14	26	-12
31	125	-14	26	-12
31	126	-15	27	-11
31	127	-15	27	-11
31	128	-15	28	-11
31	129	-15	28	-11
31	130	-15	28	-11
31	131	-15	29	-11
31	132	-15	29	-11
31	133	-15	29	-11
31	134	-16	29	-11
31	135	-16	29	-10
31	136	-16	29	-10
31	137	-16	29	-9
31	138	-17	29	-9
31	139	-17	29	-8
31	140	-16	30	-8
31	141	-15	30	-9
31	142	-15	31	-9
31	143	-14	31	-9
31	144	-13	31	-9
31	145	-12	32	-10
31	146	-12	32	-10
31	147	-12	33	-10
31	148	-12	33	-10
31	149	-11	33	-11
31	150	-11	34	-11
31	151	-11	34	-11
31	152	-11	34	-12
31	153	-11	35	-14
31	154	-11	35	-15
31	155	-11	35	-16
31	156	-11	35	-17
31	157	-11	35	-19
31	158	-11	36	-19
31	159	-11	37	-19
31	160	-10	37	-20
31	161	-10	38	-20
31	162	-10	39	-21
31	163	-10	39	-21
31	164	-9	39	-22
31	165	-9	38	-22
31	166	-8	38	-23
31	167	-8	37	-23
31	168	-7	36	-24
31	169	-7	36	-25
31	170	-6	36	-24
31	171	-6	36	-23
31	172	-6	36	-22
31	173	-6	36	-21
31	174	-5	36	-20
31	175	-5	36	-19
31	176	-4	35	-19
31	177	-3	33	-19
31	178	-2	32	-19
31	179	-1	31	-19
31	180	0	30	-20
31	181	1	29	-20
31	182	1	29	-19
31	183	2	29	-18
31	184	2	29	-17
31	185	3	30	-16
31	186	4	30	-16
31	187	4	30	-15
31	188	5	31	-16
31	189	5	31	-16
31	190	6	31	-17
31	191	6	32	-18
31	192	7	32	-19
31	193	7	33	-20
31	194	7	32	-22
31	195	8	32	-24
31	196	8	32	-26
31	197	8	31	-29
31	198	9	31	-31
31	199	9	31	-33
31	200	8	30	-33
31	201	7	29	-34
31	202	6	28	-34
31	203	6	27	-34
31	204	5	27	-35
31	205	4	26	-35
31	206	4	24	-34
31	207	4	23	-33
31	208	4	21	-32
31	209	4	19	-31
31	210	4	17	-29
31	211	4	16	-28
31	212	4	16	-26
31	213	5	15	-24
31	214	5	15	-22
31	215	5	15	-20
31	216	5	15	-18
31	217	6	15	-16
31	218	5	16	-15
31	219	5	17	-14
31	220	5	19	-14
31	221	5	20	-13
31	222	5	21	-13
31	223	4	22	-12
31	224	4	23	-14
31	225	3	23	-17
31	226	2	24	-19
31	227	2	24	-21
31	228	1	25	-24
31	229	0	25	-26
31	230	0	24	-26
31	231	0	23	-27
31	232	-1	22	-27
31	233	-1	21	-27
31	234	-2	21	-28
31	235	-2	20	-28
31	236	-3	21	-26
31	237	-3	22	-24
31	238	-3	23	-22
31	239	-4	25	-21
31	240	-4	26	-19
31	241	-4	27	-17
31	242	-3	31	-17
31	243	-2	35	-18
31	244	-2	38	-18
31	245	-1	42	-18
31	246	0	46	-19
31	247	1	50	-19
32	1	11	32	-41
32	2	10	32	-41
32	3	9	33	-41
32	4	7	33	-40
32	5	6	33	-40
32	6	5	33	-39
32	7	4	34	-39
32	8	3	33	-39
32	9	2	32	-40
32	10	1	30	-40
32	11	1	29	-40
32	12	0	28	-41
32	13	-1	27	-41
32	14	-1	26	-41
32	15	-1	25	-40
32	16	-2	25	-40
32	17	-2	24	-39
32	18	-2	23	-39
32	19	-2	22	-38
32	20	-1	21	-37
32	21	0	20	-35
32	22	0	18	-33
32	23	1	17	-32
32	24	2	16	-30
32	25	3	14	-29
32	26	3	15	-28
32	27	3	16	-26
32	28	3	17	-25
32	29	2	18	-24
32	30	2	19	-23
32	31	2	20	-22
32	32	2	21	-23
32	33	2	21	-24
32	34	2	21	-25
32	35	2	21	-26
32	36	2	22	-27
32	37	2	22	-28
32	38	2	22	-27
32	39	2	22	-27
32	40	2	21	-26
32	41	2	21	-26
32	42	2	21	-25
32	43	2	21	-25
32	44	2	22	-25
32	45	3	24	-25
32	46	3	25	-25
32	47	3	26	-25
32	48	3	28	-25
32	49	3	29	-25
32	50	3	29	-25
32	51	3	29	-24
32	52	3	29	-24
32	53	2	29	-23
32	54	2	29	-23
32	55	2	30	-23
32	56	1	30	-23
32	57	0	30	-23
32	58	-1	30	-23
32	59	-1	30	-23
32	60	-2	30	-23
32	61	-3	30	-24
32	62	-3	29	-24
32	63	-3	29	-24
32	64	-3	29	-24
32	65	-4	28	-24
32	66	-4	28	-25
32	67	-4	27	-25
32	68	-4	26	-24
32	69	-4	25	-23
32	70	-5	24	-23
32	71	-5	23	-22
32	72	-5	23	-22
32	73	-6	22	-21
32	74	-6	22	-20
32	75	-6	22	-19
32	76	-6	23	-18
32	77	-6	23	-17
32	78	-6	23	-16
32	79	-6	24	-15
32	80	-6	23	-15
32	81	-6	23	-15
32	82	-6	23	-15
32	83	-6	22	-14
32	84	-7	22	-14
32	85	-7	22	-14
32	86	-7	22	-13
32	87	-8	22	-13
32	88	-8	23	-13
32	89	-9	23	-12
32	90	-9	23	-12
32	91	-10	24	-12
32	92	-10	24	-13
32	93	-10	24	-14
32	94	-10	24	-15
32	95	-11	25	-17
32	96	-11	25	-18
32	97	-11	25	-19
32	98	-12	24	-20
32	99	-12	23	-21
32	100	-13	22	-21
32	101	-14	22	-22
32	102	-14	21	-23
32	103	-15	20	-24
32	104	-15	20	-23
32	105	-15	20	-23
32	106	-14	20	-22
32	107	-14	20	-22
32	108	-14	20	-22
32	109	-14	20	-21
32	110	-14	20	-20
32	111	-14	21	-20
32	112	-14	21	-19
32	113	-14	21	-18
32	114	-14	21	-17
32	115	-14	22	-17
32	116	-14	22	-16
32	117	-14	23	-16
32	118	-14	23	-16
32	119	-14	24	-15
32	120	-14	24	-15
32	121	-14	25	-14
32	122	-14	25	-14
32	123	-15	26	-13
32	124	-15	26	-13
32	125	-15	27	-12
32	126	-15	27	-11
32	127	-16	27	-11
32	128	-16	28	-11
32	129	-16	28	-11
32	130	-16	28	-11
32	131	-16	29	-11
32	132	-16	29	-11
32	133	-16	29	-11
32	134	-16	30	-11
32	135	-15	30	-10
32	136	-15	30	-10
32	137	-15	30	-9
32	138	-15	30	-9
32	139	-15	30	-8
32	140	-15	30	-9
32	141	-14	31	-9
32	142	-13	31	-9
32	143	-13	31	-9
32	144	-12	31	-10
32	145	-11	32	-10
32	146	-11	32	-10
32	147	-11	32	-11
32	148	-11	33	-11
32	149	-10	33	-12
32	150	-10	33	-12
32	151	-10	33	-13
32	152	-10	34	-14
32	153	-10	34	-15
32	154	-11	34	-16
32	155	-11	34	-17
32	156	-11	35	-18
32	157	-11	35	-19
32	158	-11	35	-19
32	159	-11	36	-19
32	160	-11	36	-20
32	161	-11	37	-20
32	162	-11	37	-20
32	163	-11	38	-21
32	164	-10	38	-21
32	165	-10	37	-21
32	166	-9	37	-22
32	167	-9	36	-22
32	168	-8	36	-23
32	169	-8	36	-23
32	170	-7	36	-22
32	171	-7	36	-21
32	172	-6	36	-21
32	173	-6	36	-20
32	174	-5	36	-19
32	175	-5	36	-18
32	176	-4	35	-18
32	177	-3	33	-18
32	178	-2	32	-18
32	179	-1	31	-18
32	180	0	30	-19
32	181	1	29	-19
32	182	1	29	-18
32	183	2	30	-18
32	184	2	30	-17
32	185	3	30	-16
32	186	4	31	-16
32	187	4	31	-15
32	188	5	32	-16
32	189	5	32	-17
32	190	6	32	-17
32	191	6	33	-18
32	192	7	33	-19
32	193	7	34	-19
32	194	7	33	-21
32	195	8	33	-23
32	196	8	33	-25
32	197	8	32	-27
32	198	8	32	-29
32	199	9	31	-31
32	200	8	31	-31
32	201	7	30	-32
32	202	7	29	-32
32	203	6	28	-32
32	204	5	27	-33
32	205	4	27	-33
32	206	4	25	-32
32	207	4	23	-31
32	208	4	22	-30
32	209	4	20	-30
32	210	4	18	-29
32	211	3	17	-28
32	212	4	16	-26
32	213	4	16	-24
32	214	4	16	-22
32	215	5	16	-20
32	216	5	16	-18
32	217	6	16	-16
32	218	5	17	-15
32	219	5	18	-15
32	220	5	19	-14
32	221	5	20	-14
32	222	4	21	-14
32	223	4	22	-13
32	224	3	23	-15
32	225	3	23	-17
32	226	2	24	-19
32	227	1	24	-21
32	228	1	25	-23
32	229	0	25	-25
32	230	0	24	-25
32	231	-1	23	-25
32	232	-2	22	-26
32	233	-2	21	-26
32	234	-3	20	-26
32	235	-3	20	-26
32	236	-4	21	-24
32	237	-4	22	-23
32	238	-4	23	-21
32	239	-4	25	-19
32	240	-5	26	-18
32	241	-5	27	-16
32	242	-4	31	-17
32	243	-3	34	-17
32	244	-3	37	-17
32	245	-2	40	-18
32	246	-1	44	-18
32	247	-1	47	-19
33	1	14	31	-44
33	2	12	31	-43
33	3	11	31	-43
33	4	10	31	-42
33	5	8	32	-41
33	6	7	32	-41
33	7	5	32	-40
33	8	5	31	-41
33	9	4	30	-41
33	10	3	30	-41
33	11	2	29	-41
33	12	2	28	-42
33	13	1	27	-42
33	14	1	27	-42
33	15	1	26	-41
33	16	1	25	-41
33	17	1	25	-40
33	18	1	24	-40
33	19	1	23	-39
33	20	2	22	-38
33	21	3	21	-36
33	22	3	20	-35
33	23	4	19	-33
33	24	5	17	-32
33	25	6	16	-31
33	26	6	17	-30
33	27	6	18	-29
33	28	6	19	-28
33	29	6	19	-27
33	30	6	20	-26
33	31	6	21	-25
33	32	6	21	-26
33	33	6	22	-26
33	34	6	22	-27
33	35	6	22	-28
33	36	6	23	-28
33	37	6	23	-29
33	38	6	23	-28
33	39	6	22	-28
33	40	5	22	-28
33	41	5	22	-28
33	42	5	21	-27
33	43	5	21	-27
33	44	5	22	-27
33	45	5	24	-27
33	46	5	25	-26
33	47	6	26	-26
33	48	6	27	-26
33	49	6	28	-26
33	50	5	28	-25
33	51	5	28	-25
33	52	5	28	-24
33	53	5	28	-24
33	54	4	28	-24
33	55	4	28	-23
33	56	3	28	-23
33	57	3	29	-23
33	58	2	29	-23
33	59	1	29	-23
33	60	0	29	-23
33	61	0	29	-23
33	62	-1	29	-23
33	63	-1	28	-23
33	64	-1	28	-24
33	65	-1	28	-24
33	66	-1	27	-24
33	67	-1	27	-24
33	68	-2	26	-24
33	69	-2	25	-23
33	70	-2	25	-22
33	71	-3	24	-22
33	72	-3	23	-21
33	73	-3	22	-20
33	74	-3	22	-20
33	75	-3	22	-19
33	76	-4	23	-18
33	77	-4	23	-17
33	78	-4	23	-17
33	79	-4	23	-16
33	80	-4	23	-16
33	81	-4	22	-15
33	82	-4	22	-15
33	83	-5	22	-15
33	84	-5	21	-15
33	85	-5	21	-14
33	86	-6	21	-14
33	87	-6	21	-14
33	88	-7	22	-14
33	89	-7	22	-13
33	90	-8	22	-13
33	91	-8	22	-13
33	92	-9	23	-14
33	93	-9	23	-15
33	94	-9	23	-16
33	95	-10	23	-17
33	96	-10	23	-18
33	97	-10	23	-19
33	98	-11	23	-20
33	99	-12	22	-21
33	100	-12	21	-21
33	101	-13	20	-22
33	102	-14	19	-23
33	103	-14	18	-24
33	104	-14	18	-23
33	105	-14	19	-23
33	106	-14	19	-23
33	107	-14	19	-23
33	108	-14	20	-22
33	109	-14	20	-22
33	110	-14	20	-21
33	111	-14	21	-20
33	112	-14	21	-20
33	113	-14	21	-19
33	114	-14	22	-18
33	115	-14	22	-17
33	116	-14	22	-17
33	117	-14	23	-17
33	118	-14	23	-16
33	119	-15	24	-16
33	120	-15	24	-16
33	121	-15	24	-16
33	122	-15	25	-15
33	123	-15	26	-14
33	124	-16	26	-13
33	125	-16	27	-12
33	126	-16	27	-11
33	127	-16	28	-10
33	128	-16	28	-10
33	129	-16	28	-11
33	130	-16	29	-11
33	131	-16	29	-11
33	132	-16	29	-11
33	133	-16	30	-11
33	134	-15	30	-11
33	135	-15	30	-10
33	136	-15	30	-10
33	137	-14	30	-10
33	138	-14	30	-9
33	139	-13	30	-9
33	140	-13	31	-9
33	141	-12	31	-9
33	142	-12	31	-9
33	143	-11	31	-10
33	144	-11	32	-10
33	145	-10	32	-10
33	146	-10	32	-11
33	147	-10	32	-11
33	148	-10	32	-12
33	149	-10	32	-13
33	150	-9	32	-13
33	151	-9	33	-14
33	152	-9	33	-15
33	153	-10	33	-16
33	154	-10	33	-16
33	155	-11	34	-17
33	156	-11	34	-18
33	157	-11	34	-19
33	158	-11	35	-19
33	159	-11	35	-19
33	160	-11	35	-19
33	161	-11	36	-20
33	162	-11	36	-20
33	163	-11	37	-20
33	164	-11	36	-20
33	165	-10	36	-21
33	166	-10	36	-21
33	167	-9	36	-21
33	168	-9	36	-21
33	169	-9	36	-21
33	170	-8	36	-21
33	171	-7	36	-20
33	172	-7	36	-19
33	173	-6	36	-19
33	174	-5	36	-18
33	175	-5	36	-17
33	176	-4	35	-17
33	177	-3	34	-17
33	178	-2	32	-17
33	179	-1	31	-18
33	180	0	30	-18
33	181	0	29	-18
33	182	1	30	-17
33	183	2	30	-17
33	184	2	31	-17
33	185	3	31	-17
33	186	4	32	-16
33	187	4	32	-16
33	188	5	33	-17
33	189	5	33	-17
33	190	5	33	-18
33	191	6	34	-18
33	192	6	34	-19
33	193	7	35	-19
33	194	7	34	-21
33	195	7	34	-22
33	196	8	34	-24
33	197	8	33	-26
33	198	8	33	-27
33	199	9	32	-29
33	200	8	32	-29
33	201	7	31	-30
33	202	7	30	-30
33	203	6	29	-30
33	204	5	28	-31
33	205	5	27	-31
33	206	4	26	-30
33	207	4	24	-30
33	208	4	22	-29
33	209	3	21	-29
33	210	3	19	-28
33	211	3	17	-27
33	212	3	17	-25
33	213	4	17	-23
33	214	4	17	-21
33	215	5	17	-20
33	216	5	17	-18
33	217	5	17	-16
33	218	5	18	-15
33	219	5	19	-15
33	220	5	20	-15
33	221	4	21	-15
33	222	4	22	-15
33	223	4	22	-15
33	224	3	23	-16
33	225	2	23	-18
33	226	2	24	-19
33	227	1	24	-21
33	228	0	24	-23
33	229	0	25	-24
33	230	-1	24	-24
33	231	-2	23	-24
33	232	-2	22	-24
33	233	-3	21	-24
33	234	-4	20	-24
33	235	-4	20	-24
33	236	-4	21	-22
33	237	-5	22	-21
33	238	-5	24	-20
33	239	-5	25	-18
33	240	-5	26	-17
33	241	-5	28	-16
33	242	-5	30	-16
33	243	-4	33	-17
33	244	-4	36	-17
33	245	-3	39	-18
33	246	-3	41	-18
33	247	-2	44	-18
34	1	16	30	-46
34	2	15	30	-45
34	3	13	30	-45
34	4	12	30	-44
34	5	10	30	-43
34	6	9	30	-43
34	7	7	30	-42
34	8	6	30	-42
34	9	6	29	-42
34	10	5	29	-42
34	11	4	28	-43
34	12	3	28	-43
34	13	3	27	-43
34	14	3	27	-42
34	15	3	26	-42
34	16	3	26	-42
34	17	3	25	-41
34	18	4	25	-41
34	19	4	24	-40
34	20	5	23	-39
34	21	6	22	-38
34	22	6	21	-36
34	23	7	20	-35
34	24	8	19	-34
34	25	9	18	-32
34	26	9	18	-32
34	27	9	19	-31
34	28	10	20	-30
34	29	10	20	-30
34	30	10	21	-29
34	31	10	22	-28
34	32	10	22	-29
34	33	10	22	-29
34	34	10	23	-29
34	35	10	23	-30
34	36	10	24	-30
34	37	10	24	-30
34	38	9	24	-30
34	39	9	23	-30
34	40	9	23	-30
34	41	9	22	-30
34	42	8	22	-29
34	43	8	21	-29
34	44	8	22	-29
34	45	8	23	-28
34	46	8	24	-28
34	47	8	26	-27
34	48	8	27	-27
34	49	8	28	-26
34	50	8	28	-26
34	51	8	27	-25
34	52	7	27	-25
34	53	7	27	-25
34	54	7	27	-24
34	55	6	27	-24
34	56	6	27	-24
34	57	5	27	-23
34	58	4	28	-23
34	59	4	28	-23
34	60	3	28	-23
34	61	2	29	-23
34	62	2	28	-23
34	63	2	28	-23
34	64	2	28	-23
34	65	1	27	-23
34	66	1	27	-23
34	67	1	27	-24
34	68	1	26	-23
34	69	0	25	-22
34	70	0	25	-22
34	71	0	24	-21
34	72	0	23	-20
34	73	-1	23	-20
34	74	-1	23	-19
34	75	-1	23	-19
34	76	-2	23	-18
34	77	-2	23	-18
34	78	-2	23	-17
34	79	-2	23	-16
34	80	-2	22	-16
34	81	-3	22	-16
34	82	-3	21	-16
34	83	-3	21	-16
34	84	-3	20	-15
34	85	-3	20	-15
34	86	-4	20	-15
34	87	-5	20	-15
34	88	-5	21	-15
34	89	-6	21	-14
34	90	-6	21	-14
34	91	-7	21	-14
34	92	-7	21	-15
34	93	-8	21	-16
34	94	-8	21	-16
34	95	-8	22	-17
34	96	-9	22	-18
34	97	-9	22	-19
34	98	-10	21	-20
34	99	-11	20	-21
34	100	-12	19	-21
34	101	-12	18	-22
34	102	-13	17	-23
34	103	-14	16	-24
34	104	-14	17	-24
34	105	-14	18	-23
34	106	-14	18	-23
34	107	-15	19	-23
34	108	-15	19	-23
34	109	-15	20	-23
34	110	-15	20	-22
34	111	-15	21	-21
34	112	-15	21	-20
34	113	-15	21	-20
34	114	-15	22	-19
34	115	-15	22	-18
34	116	-15	22	-18
34	117	-15	23	-18
34	118	-15	23	-17
34	119	-15	24	-17
34	120	-15	24	-17
34	121	-16	24	-17
34	122	-16	25	-15
34	123	-16	26	-14
34	124	-16	26	-13
34	125	-16	27	-12
34	126	-17	27	-11
34	127	-17	28	-10
34	128	-17	28	-10
34	129	-17	29	-10
34	130	-17	29	-11
34	131	-16	29	-11
34	132	-16	30	-11
34	133	-16	30	-11
34	134	-15	30	-11
34	135	-15	30	-10
34	136	-14	30	-10
34	137	-13	31	-10
34	138	-12	31	-9
34	139	-12	31	-9
34	140	-11	31	-9
34	141	-11	31	-9
34	142	-11	31	-10
34	143	-10	31	-10
34	144	-10	32	-10
34	145	-9	32	-10
34	146	-9	32	-11
34	147	-9	32	-12
34	148	-9	32	-13
34	149	-9	32	-14
34	150	-8	32	-15
34	151	-8	32	-16
34	152	-9	32	-16
34	153	-9	32	-17
34	154	-10	33	-17
34	155	-10	33	-18
34	156	-11	33	-18
34	157	-12	33	-19
34	158	-12	34	-19
34	159	-12	34	-19
34	160	-12	34	-19
34	161	-12	35	-19
34	162	-12	35	-20
34	163	-12	35	-20
34	164	-11	35	-20
34	165	-11	35	-20
34	166	-11	35	-20
34	167	-10	36	-19
34	168	-10	36	-19
34	169	-10	36	-19
34	170	-9	36	-19
34	171	-8	36	-19
34	172	-7	36	-18
34	173	-6	36	-18
34	174	-5	36	-17
34	175	-4	36	-17
34	176	-4	35	-17
34	177	-3	34	-17
34	178	-2	33	-17
34	179	-1	32	-17
34	180	0	31	-16
34	181	0	30	-16
34	182	1	30	-16
34	183	2	31	-17
34	184	2	31	-17
34	185	3	32	-17
34	186	4	32	-17
34	187	4	33	-17
34	188	5	33	-17
34	189	5	34	-18
34	190	5	34	-18
34	191	6	35	-18
34	192	6	35	-19
34	193	6	35	-19
34	194	7	35	-20
34	195	7	35	-22
34	196	8	34	-23
34	197	8	34	-24
34	198	8	34	-25
34	199	9	33	-27
34	200	8	33	-27
34	201	7	32	-27
34	202	7	31	-28
34	203	6	30	-28
34	204	6	29	-29
34	205	5	28	-29
34	206	4	26	-29
34	207	4	25	-28
34	208	3	23	-28
34	209	3	21	-27
34	210	3	20	-27
34	211	2	18	-27
34	212	3	18	-25
34	213	3	18	-23
34	214	4	18	-21
34	215	4	18	-19
34	216	5	18	-17
34	217	5	19	-16
34	218	5	19	-16
34	219	5	20	-16
34	220	4	20	-16
34	221	4	21	-16
34	222	4	22	-16
34	223	3	22	-16
34	224	3	23	-17
34	225	2	23	-18
34	226	1	23	-20
34	227	1	24	-21
34	228	0	24	-22
34	229	-1	24	-23
34	230	-1	24	-23
34	231	-2	23	-23
34	232	-3	22	-23
34	233	-4	21	-22
34	234	-4	20	-22
34	235	-5	20	-22
34	236	-5	21	-21
34	237	-5	22	-19
34	238	-6	24	-18
34	239	-6	25	-17
34	240	-6	26	-16
34	241	-6	28	-15
34	242	-5	30	-16
34	243	-5	32	-16
34	244	-5	34	-17
34	245	-4	37	-17
34	246	-4	39	-18
34	247	-4	41	-18
35	1	18	29	-48
35	2	17	29	-47
35	3	15	29	-47
35	4	14	29	-46
35	5	12	29	-45
35	6	10	29	-44
35	7	9	29	-44
35	8	8	28	-44
35	9	7	28	-44
35	10	7	28	-44
35	11	6	28	-44
35	12	5	28	-44
35	13	5	27	-44
35	14	5	27	-43
35	15	5	27	-43
35	16	6	26	-43
35	17	6	26	-42
35	18	6	26	-42
35	19	7	25	-42
35	20	8	24	-40
35	21	9	23	-39
35	22	9	23	-38
35	23	10	22	-37
35	24	11	21	-36
35	25	12	20	-34
35	26	13	20	-34
35	27	13	20	-33
35	28	13	21	-33
35	29	13	21	-33
35	30	14	22	-32
35	31	14	22	-32
35	32	14	23	-32
35	33	14	23	-32
35	34	14	24	-32
35	35	14	24	-31
35	36	14	25	-31
35	37	14	25	-31
35	38	13	24	-31
35	39	13	24	-31
35	40	12	23	-32
35	41	12	23	-32
35	42	11	22	-32
35	43	11	21	-32
35	44	11	22	-31
35	45	11	23	-30
35	46	11	24	-29
35	47	11	25	-28
35	48	11	26	-28
35	49	11	27	-27
35	50	11	27	-26
35	51	10	27	-26
35	52	10	26	-26
35	53	9	26	-25
35	54	9	26	-25
35	55	8	26	-24
35	56	8	26	-24
35	57	7	26	-24
35	58	7	27	-23
35	59	6	27	-23
35	60	5	27	-22
35	61	5	28	-22
35	62	5	28	-22
35	63	4	27	-22
35	64	4	27	-23
35	65	4	27	-23
35	66	4	27	-23
35	67	4	27	-23
35	68	3	26	-22
35	69	3	25	-22
35	70	3	25	-21
35	71	2	24	-21
35	72	2	24	-20
35	73	2	23	-19
35	74	1	23	-19
35	75	1	23	-18
35	76	1	23	-18
35	77	0	22	-18
35	78	0	22	-17
35	79	-1	22	-17
35	80	-1	22	-17
35	81	-1	21	-17
35	82	-1	21	-16
35	83	-1	20	-16
35	84	-1	20	-16
35	85	-2	19	-16
35	86	-2	19	-16
35	87	-3	19	-16
35	88	-4	20	-16
35	89	-4	20	-15
35	90	-5	20	-15
35	91	-6	20	-15
35	92	-6	20	-16
35	93	-7	20	-16
35	94	-7	20	-17
35	95	-7	20	-18
35	96	-8	20	-18
35	97	-8	20	-19
35	98	-9	19	-20
35	99	-10	18	-20
35	100	-11	18	-21
35	101	-12	17	-22
35	102	-13	16	-23
35	103	-14	15	-24
35	104	-14	16	-24
35	105	-14	17	-24
35	106	-15	17	-24
35	107	-15	18	-24
35	108	-15	19	-24
35	109	-15	20	-24
35	110	-15	20	-23
35	111	-15	21	-22
35	112	-15	21	-21
35	113	-15	22	-20
35	114	-15	22	-20
35	115	-15	22	-19
35	116	-16	23	-19
35	117	-16	23	-18
35	118	-16	23	-18
35	119	-16	24	-18
35	120	-16	24	-18
35	121	-16	24	-18
35	122	-17	25	-16
35	123	-17	25	-15
35	124	-17	26	-14
35	125	-17	27	-12
35	126	-17	27	-11
35	127	-18	28	-10
35	128	-17	28	-10
35	129	-17	29	-10
35	130	-17	29	-10
35	131	-17	29	-11
35	132	-16	30	-11
35	133	-16	30	-11
35	134	-15	30	-11
35	135	-14	31	-10
35	136	-13	31	-10
35	137	-12	31	-10
35	138	-11	31	-10
35	139	-10	31	-9
35	140	-10	31	-10
35	141	-9	31	-10
35	142	-9	32	-10
35	143	-9	32	-10
35	144	-9	32	-10
35	145	-9	32	-11
35	146	-8	32	-12
35	147	-8	32	-13
35	148	-8	31	-14
35	149	-8	31	-15
35	150	-7	31	-16
35	151	-7	31	-17
35	152	-8	31	-17
35	153	-9	32	-18
35	154	-10	32	-18
35	155	-10	32	-18
35	156	-11	33	-18
35	157	-12	33	-19
35	158	-12	33	-19
35	159	-12	33	-19
35	160	-12	33	-19
35	161	-12	34	-19
35	162	-12	34	-19
35	163	-12	34	-19
35	164	-12	34	-19
35	165	-12	35	-19
35	166	-11	35	-18
35	167	-11	35	-18
35	168	-11	35	-18
35	169	-11	36	-18
35	170	-10	36	-17
35	171	-8	35	-17
35	172	-7	35	-17
35	173	-6	35	-17
35	174	-5	35	-16
35	175	-4	35	-16
35	176	-3	34	-16
35	177	-3	34	-16
35	178	-2	33	-16
35	179	-1	32	-16
35	180	0	31	-15
35	181	0	30	-15
35	182	1	31	-16
35	183	2	31	-16
35	184	2	32	-16
35	185	3	33	-17
35	186	4	33	-17
35	187	4	34	-17
35	188	5	34	-18
35	189	5	35	-18
35	190	5	35	-18
35	191	6	36	-18
35	192	6	36	-19
35	193	6	36	-19
35	194	7	36	-20
35	195	7	36	-21
35	196	7	35	-22
35	197	8	35	-23
35	198	8	35	-24
35	199	9	34	-25
35	200	8	33	-25
35	201	7	33	-25
35	202	7	32	-26
35	203	6	31	-26
35	204	6	30	-27
35	205	5	29	-27
35	206	4	27	-27
35	207	4	26	-27
35	208	3	24	-27
35	209	3	22	-26
35	210	2	21	-26
35	211	1	19	-26
35	212	2	19	-24
35	213	3	19	-23
35	214	3	19	-21
35	215	4	19	-19
35	216	5	20	-17
35	217	5	20	-16
35	218	5	20	-16
35	219	5	21	-16
35	220	4	21	-16
35	221	4	22	-17
35	222	4	22	-17
35	223	3	22	-17
35	224	2	23	-18
35	225	2	23	-19
35	226	1	23	-20
35	227	0	24	-21
35	228	0	24	-22
35	229	-1	24	-23
35	230	-2	23	-22
35	231	-3	23	-22
35	232	-4	22	-21
35	233	-4	21	-21
35	234	-5	20	-20
35	235	-6	19	-19
35	236	-6	21	-19
35	237	-6	22	-18
35	238	-6	24	-17
35	239	-6	25	-16
35	240	-6	27	-16
35	241	-6	28	-15
35	242	-6	30	-15
35	243	-6	31	-16
35	244	-6	33	-16
35	245	-6	35	-17
35	246	-5	36	-17
35	247	-5	38	-18
36	1	21	28	-50
36	2	19	28	-49
36	3	17	27	-49
36	4	16	27	-48
36	5	14	27	-47
36	6	12	27	-46
36	7	11	27	-45
36	8	10	27	-45
36	9	9	27	-45
36	10	9	27	-45
36	11	8	27	-45
36	12	7	27	-45
36	13	7	27	-44
36	14	7	27	-44
36	15	8	27	-44
36	16	8	27	-44
36	17	9	27	-43
36	18	9	27	-43
36	19	10	27	-43
36	20	11	26	-42
36	21	12	25	-41
36	22	13	24	-39
36	23	13	23	-38
36	24	14	22	-37
36	25	15	21	-36
36	26	16	22	-36
36	27	16	22	-36
36	28	17	22	-36
36	29	17	23	-35
36	30	18	23	-35
36	31	18	23	-35
36	32	18	24	-35
36	33	18	24	-34
36	34	18	25	-34
36	35	18	25	-33
36	36	18	25	-33
36	37	18	26	-33
36	38	17	25	-33
36	39	17	24	-33
36	40	16	24	-33
36	41	15	23	-34
36	42	15	22	-34
36	43	14	21	-34
36	44	14	22	-33
36	45	14	23	-32
36	46	14	24	-31
36	47	14	25	-29
36	48	14	26	-28
36	49	14	27	-27
36	50	13	26	-27
36	51	13	26	-26
36	52	12	25	-26
36	53	11	25	-26
36	54	11	25	-25
36	55	10	24	-25
36	56	10	25	-24
36	57	9	25	-24
36	58	9	26	-23
36	59	8	26	-23
36	60	8	27	-22
36	61	8	27	-22
36	62	7	27	-22
36	63	7	27	-22
36	64	7	27	-22
36	65	7	27	-22
36	66	6	27	-22
36	67	6	26	-22
36	68	6	26	-22
36	69	5	25	-21
36	70	5	25	-21
36	71	5	24	-20
36	72	4	24	-19
36	73	4	23	-19
36	74	4	23	-18
36	75	3	23	-18
36	76	3	23	-18
36	77	2	22	-18
36	78	2	22	-18
36	79	1	22	-17
36	80	1	21	-17
36	81	1	21	-17
36	82	1	20	-17
36	83	0	20	-17
36	84	0	19	-17
36	85	0	18	-17
36	86	-1	18	-17
36	87	-1	18	-17
36	88	-2	18	-16
36	89	-3	18	-16
36	90	-4	19	-16
36	91	-4	19	-16
36	92	-5	19	-17
36	93	-5	19	-17
36	94	-6	19	-17
36	95	-6	19	-18
36	96	-7	19	-18
36	97	-7	19	-19
36	98	-8	18	-19
36	99	-9	17	-20
36	100	-10	16	-21
36	101	-11	15	-22
36	102	-12	14	-23
36	103	-13	13	-24
36	104	-14	14	-24
36	105	-14	15	-24
36	106	-15	17	-24
36	107	-15	18	-24
36	108	-16	19	-24
36	109	-16	20	-25
36	110	-16	20	-24
36	111	-16	21	-23
36	112	-16	21	-22
36	113	-16	22	-21
36	114	-16	22	-20
36	115	-16	22	-20
36	116	-16	23	-19
36	117	-16	23	-19
36	118	-17	23	-19
36	119	-17	23	-19
36	120	-17	24	-19
36	121	-17	24	-19
36	122	-17	25	-17
36	123	-17	25	-16
36	124	-18	26	-14
36	125	-18	27	-13
36	126	-18	28	-11
36	127	-18	28	-10
36	128	-18	29	-10
36	129	-18	29	-10
36	130	-17	29	-10
36	131	-17	30	-11
36	132	-17	30	-11
36	133	-16	30	-11
36	134	-15	31	-11
36	135	-14	31	-11
36	136	-12	31	-10
36	137	-11	31	-10
36	138	-9	32	-10
36	139	-8	32	-10
36	140	-8	32	-10
36	141	-8	32	-10
36	142	-8	32	-10
36	143	-8	32	-10
36	144	-8	32	-11
36	145	-8	32	-11
36	146	-7	32	-12
36	147	-7	31	-13
36	148	-7	31	-15
36	149	-7	31	-16
36	150	-7	31	-17
36	151	-6	30	-19
36	152	-7	31	-19
36	153	-8	31	-19
36	154	-9	31	-19
36	155	-10	32	-19
36	156	-11	32	-19
36	157	-12	32	-19
36	158	-12	32	-19
36	159	-12	32	-19
36	160	-12	32	-19
36	161	-13	33	-19
36	162	-13	33	-19
36	163	-13	33	-19
36	164	-13	33	-18
36	165	-12	34	-18
36	166	-12	34	-17
36	167	-12	35	-17
36	168	-12	35	-16
36	169	-12	35	-16
36	170	-10	35	-16
36	171	-9	35	-16
36	172	-8	35	-16
36	173	-6	35	-16
36	174	-5	35	-15
36	175	-4	35	-15
36	176	-3	34	-15
36	177	-2	34	-15
36	178	-2	33	-15
36	179	-1	32	-15
36	180	0	31	-14
36	181	0	30	-14
36	182	1	31	-15
36	183	2	32	-16
36	184	2	33	-16
36	185	3	33	-17
36	186	4	34	-17
36	187	4	35	-18
36	188	5	35	-18
36	189	5	36	-18
36	190	5	36	-18
36	191	5	36	-18
36	192	6	37	-19
36	193	6	37	-19
36	194	6	37	-19
36	195	7	37	-20
36	196	7	36	-21
36	197	8	36	-21
36	198	8	36	-22
36	199	9	35	-23
36	200	8	34	-23
36	201	7	33	-23
36	202	7	32	-24
36	203	6	32	-24
36	204	6	31	-25
36	205	5	30	-25
36	206	5	28	-25
36	207	4	26	-25
36	208	3	25	-25
36	209	2	23	-25
36	210	2	21	-26
36	211	1	20	-26
36	212	2	20	-24
36	213	2	20	-22
36	214	3	20	-21
36	215	4	21	-19
36	216	5	21	-17
36	217	5	21	-16
36	218	5	21	-16
36	219	5	22	-17
36	220	4	22	-17
36	221	4	22	-18
36	222	3	22	-18
36	223	3	23	-18
36	224	2	23	-19
36	225	1	23	-20
36	226	1	23	-20
36	227	0	23	-21
36	228	-1	24	-21
36	229	-1	24	-22
36	230	-2	23	-21
36	231	-3	22	-20
36	232	-4	22	-20
36	233	-5	21	-19
36	234	-6	20	-18
36	235	-7	19	-17
36	236	-7	21	-17
36	237	-7	22	-16
36	238	-7	24	-16
36	239	-7	25	-15
36	240	-7	27	-15
36	241	-7	28	-14
36	242	-7	29	-15
36	243	-7	31	-15
36	244	-7	32	-16
36	245	-7	33	-16
36	246	-7	34	-17
36	247	-7	35	-17
37	1	23	27	-52
37	2	21	26	-51
37	3	20	26	-51
37	4	18	26	-50
37	5	16	26	-49
37	6	14	25	-48
37	7	12	25	-47
37	8	12	25	-47
37	9	11	26	-46
37	10	10	26	-46
37	11	10	27	-46
37	12	9	27	-45
37	13	8	27	-45
37	14	9	27	-45
37	15	10	28	-45
37	16	11	28	-44
37	17	11	28	-44
37	18	12	28	-44
37	19	13	28	-44
37	20	14	27	-43
37	21	15	26	-42
37	22	16	25	-41
37	23	16	24	-40
37	24	17	24	-39
37	25	18	23	-38
37	26	19	23	-38
37	27	20	23	-38
37	28	20	23	-38
37	29	21	24	-38
37	30	21	24	-38
37	31	22	24	-38
37	32	22	24	-38
37	33	22	25	-37
37	34	22	25	-36
37	35	22	26	-35
37	36	22	26	-35
37	37	22	27	-34
37	38	21	26	-34
37	39	20	25	-35
37	40	19	24	-35
37	41	19	23	-36
37	42	18	22	-36
37	43	17	22	-36
37	44	17	22	-35
37	45	17	23	-34
37	46	17	24	-32
37	47	17	25	-31
37	48	17	25	-29
37	49	16	26	-28
37	50	16	25	-27
37	51	15	25	-27
37	52	14	24	-27
37	53	14	24	-26
37	54	13	23	-26
37	55	12	23	-26
37	56	12	23	-25
37	57	12	24	-24
37	58	11	25	-23
37	59	11	25	-23
37	60	11	26	-22
37	61	10	26	-21
37	62	10	26	-21
37	63	10	26	-21
37	64	9	26	-21
37	65	9	26	-22
37	66	9	26	-22
37	67	9	26	-22
37	68	8	26	-21
37	69	8	25	-21
37	70	8	25	-20
37	71	7	25	-19
37	72	7	24	-19
37	73	7	24	-18
37	74	6	23	-18
37	75	5	23	-18
37	76	5	23	-18
37	77	4	22	-18
37	78	3	22	-18
37	79	3	21	-18
37	80	3	21	-18
37	81	3	20	-18
37	82	2	19	-18
37	83	2	19	-18
37	84	2	18	-17
37	85	2	18	-17
37	86	1	18	-17
37	87	0	17	-17
37	88	-1	17	-17
37	89	-1	17	-17
37	90	-2	17	-17
37	91	-3	17	-17
37	92	-4	17	-18
37	93	-4	17	-18
37	94	-5	17	-18
37	95	-5	17	-18
37	96	-6	17	-18
37	97	-6	17	-18
37	98	-7	16	-19
37	99	-8	15	-20
37	100	-9	14	-21
37	101	-11	13	-22
37	102	-12	12	-23
37	103	-13	11	-24
37	104	-13	13	-24
37	105	-14	14	-24
37	106	-15	16	-25
37	107	-15	17	-25
37	108	-16	19	-25
37	109	-17	20	-25
37	110	-17	20	-25
37	111	-17	21	-24
37	112	-17	21	-23
37	113	-17	22	-22
37	114	-17	22	-21
37	115	-17	23	-20
37	116	-17	23	-20
37	117	-17	23	-20
37	118	-17	23	-20
37	119	-17	23	-20
37	120	-18	24	-20
37	121	-18	24	-20
37	122	-18	25	-18
37	123	-18	25	-16
37	124	-18	26	-14
37	125	-19	27	-13
37	126	-19	28	-11
37	127	-19	29	-9
37	128	-19	29	-10
37	129	-18	29	-10
37	130	-18	30	-10
37	131	-17	30	-10
37	132	-17	30	-11
37	133	-17	31	-11
37	134	-15	31	-11
37	135	-13	31	-11
37	136	-11	31	-10
37	137	-10	32	-10
37	138	-8	32	-10
37	139	-6	32	-10
37	140	-6	32	-10
37	141	-6	32	-10
37	142	-6	32	-10
37	143	-6	32	-11
37	144	-7	32	-11
37	145	-7	32	-11
37	146	-6	31	-13
37	147	-6	31	-14
37	148	-6	31	-16
37	149	-6	30	-17
37	150	-6	30	-19
37	151	-5	29	-20
37	152	-7	30	-20
37	153	-8	30	-20
37	154	-9	30	-19
37	155	-10	31	-19
37	156	-11	31	-19
37	157	-12	31	-19
37	158	-13	31	-19
37	159	-13	31	-19
37	160	-13	31	-19
37	161	-13	31	-19
37	162	-13	31	-19
37	163	-13	31	-19
37	164	-13	32	-18
37	165	-13	33	-17
37	166	-13	33	-16
37	167	-13	34	-16
37	168	-13	35	-15
37	169	-13	35	-14
37	170	-11	35	-14
37	171	-10	35	-14
37	172	-8	35	-14
37	173	-7	35	-15
37	174	-5	35	-15
37	175	-3	35	-15
37	176	-3	34	-14
37	177	-2	34	-14
37	178	-2	33	-14
37	179	-1	32	-14
37	180	0	31	-13
37	181	0	31	-13
37	182	1	32	-14
37	183	2	32	-15
37	184	2	33	-16
37	185	3	34	-17
37	186	4	35	-18
37	187	4	36	-19
37	188	5	36	-19
37	189	5	37	-19
37	190	5	37	-19
37	191	5	37	-19
37	192	5	38	-19
37	193	6	38	-18
37	194	6	38	-19
37	195	7	38	-19
37	196	7	37	-19
37	197	8	37	-20
37	198	8	37	-20
37	199	9	36	-20
37	200	8	35	-21
37	201	8	34	-21
37	202	7	33	-22
37	203	7	32	-22
37	204	6	31	-23
37	205	6	30	-23
37	206	5	29	-23
37	207	4	27	-24
37	208	3	25	-24
37	209	2	24	-24
37	210	1	22	-25
37	211	0	20	-25
37	212	1	21	-24
37	213	2	21	-22
37	214	3	21	-20
37	215	4	22	-19
37	216	4	22	-17
37	217	5	22	-16
37	218	5	22	-16
37	219	4	22	-17
37	220	4	22	-18
37	221	3	22	-18
37	222	3	23	-19
37	223	2	23	-20
37	224	2	23	-20
37	225	1	23	-20
37	226	0	23	-20
37	227	0	23	-20
37	228	-1	23	-21
37	229	-2	24	-21
37	230	-3	23	-20
37	231	-4	22	-19
37	232	-5	21	-18
37	233	-6	21	-17
37	234	-7	20	-16
37	235	-8	19	-15
37	236	-8	21	-15
37	237	-8	22	-15
37	238	-8	24	-14
37	239	-8	26	-14
37	240	-8	27	-14
37	241	-7	29	-14
37	242	-8	29	-14
37	243	-8	30	-15
37	244	-8	30	-15
37	245	-8	31	-16
37	246	-8	32	-16
37	247	-8	32	-17
