1	103	-10	29	-9
1	104	-9	30	-9
1	105	-9	31	-10
1	106	-9	32	-10
1	107	-8	34	-10
1	108	-8	35	-11
1	109	-8	36	-11
1	110	-9	37	-12
1	111	-9	37	-13
1	112	-10	38	-14
1	113	-11	38	-15
1	114	-11	39	-16
1	115	-12	39	-17
1	116	-12	40	-17
1	117	-12	40	-17
1	118	-12	41	-17
1	119	-12	41	-17
1	120	-12	42	-17
1	121	-12	42	-17
1	122	-12	42	-18
1	123	-13	43	-20
1	124	-13	43	-21
1	125	-13	43	-23
1	126	-14	43	-24
1	127	-14	43	-26
2	103	-6	28	-9
2	104	-6	29	-10
2	105	-6	31	-10
2	106	-6	32	-11
2	107	-5	33	-11
2	108	-5	34	-11
2	109	-5	35	-12
2	110	-6	36	-13
2	111	-6	36	-14
2	112	-7	37	-14
2	113	-8	37	-15
2	114	-9	37	-16
2	115	-9	38	-17
2	116	-9	38	-17
2	117	-10	39	-17
2	118	-10	39	-17
2	119	-10	40	-17
2	120	-10	40	-18
2	121	-10	41	-18
2	122	-10	41	-19
2	123	-11	41	-20
2	124	-11	41	-21
2	125	-11	41	-22
2	126	-12	42	-23
2	127	-12	42	-25
3	103	-3	28	-10
3	104	-3	29	-10
3	105	-2	30	-11
3	106	-2	31	-11
3	107	-2	32	-12
3	108	-2	33	-12
3	109	-2	35	-12
3	110	-3	35	-13
3	111	-4	35	-14
3	112	-4	35	-15
3	113	-5	36	-16
3	114	-6	36	-17
3	115	-7	36	-17
3	116	-7	37	-18
3	117	-7	37	-18
3	118	-7	38	-18
3	119	-7	38	-18
3	120	-8	39	-18
3	121	-8	39	-18
3	122	-8	39	-19
3	123	-9	40	-20
3	124	-9	40	-21
3	125	-9	40	-22
3	126	-10	41	-23
3	127	-10	41	-23
4	103	1	27	-10
4	104	1	28	-11
4	105	1	29	-11
4	106	1	31	-12
4	107	1	32	-12
4	108	1	33	-13
4	109	1	34	-13
4	110	0	34	-14
4	111	-1	34	-15
4	112	-2	34	-15
4	113	-3	35	-16
4	114	-3	35	-17
4	115	-4	35	-18
4	116	-4	35	-18
4	117	-5	36	-18
4	118	-5	36	-18
4	119	-5	37	-19
4	120	-5	37	-19
4	121	-5	38	-19
4	122	-6	38	-19
4	123	-6	38	-20
4	124	-7	39	-21
4	125	-8	39	-21
4	126	-8	39	-22
4	127	-9	40	-22
5	103	5	27	-11
5	104	4	28	-11
5	105	4	29	-12
5	106	4	30	-12
5	107	4	31	-13
5	108	4	32	-13
5	109	4	33	-14
5	110	3	33	-14
5	111	2	33	-15
5	112	1	33	-16
5	113	0	33	-17
5	114	-1	34	-18
5	115	-2	34	-18
5	116	-2	34	-19
5	117	-2	34	-19
5	118	-2	35	-19
5	119	-3	35	-19
5	120	-3	35	-19
5	121	-3	36	-20
5	122	-4	36	-20
5	123	-4	37	-20
5	124	-5	37	-20
5	125	-6	38	-21
5	126	-6	38	-21
5	127	-7	39	-21
6	103	8	26	-11
6	104	8	27	-12
6	105	8	28	-12
6	106	7	29	-13
6	107	7	30	-13
6	108	7	31	-14
6	109	6	32	-14
6	110	6	32	-15
6	111	5	32	-16
6	112	4	32	-17
6	113	3	32	-17
6	114	2	32	-18
6	115	1	32	-19
6	116	1	33	-19
6	117	0	33	-19
6	118	0	33	-19
6	119	0	34	-20
6	120	-1	34	-20
6	121	-1	34	-20
6	122	-2	35	-20
6	123	-2	35	-20
6	124	-3	36	-20
6	125	-4	37	-20
6	126	-4	37	-20
6	127	-5	38	-20
7	1	2	16	-18
7	2	3	17	-18
7	3	4	18	-18
7	4	4	18	-18
7	5	5	19	-18
7	6	6	19	-17
7	7	7	20	-17
7	8	7	20	-17
7	9	7	21	-17
7	10	7	21	-17
7	11	7	21	-17
7	12	8	22	-17
7	13	8	22	-17
7	14	9	23	-17
7	15	10	24	-18
7	16	11	25	-18
7	17	12	26	-18
7	18	13	27	-19
7	19	15	28	-19
7	20	15	28	-20
7	21	16	28	-20
7	22	17	28	-21
7	23	18	28	-22
7	24	19	28	-22
7	25	20	29	-23
7	26	20	26	-23
7	27	20	23	-23
7	28	20	21	-24
7	29	20	18	-24
7	30	20	16	-24
7	31	20	13	-24
7	32	20	13	-21
7	33	20	13	-19
7	34	20	12	-16
7	35	19	12	-14
7	36	19	12	-11
7	37	19	11	-8
7	38	19	14	-7
7	39	19	16	-5
7	40	18	18	-3
7	41	18	20	-2
7	42	18	22	0
7	43	18	25	1
7	44	18	27	1
7	45	17	29	1
7	46	17	30	0
7	47	17	32	0
7	48	16	34	-1
7	49	16	36	-1
7	50	16	36	-2
7	51	15	36	-3
7	52	15	36	-5
7	53	14	37	-6
7	54	14	37	-7
7	55	13	37	-8
7	56	13	36	-8
7	57	12	35	-8
7	58	12	35	-8
7	59	11	34	-9
7	60	10	34	-9
7	61	10	33	-9
7	62	9	33	-9
7	63	9	33	-8
7	64	8	33	-8
7	65	7	34	-8
7	66	6	34	-8
7	67	6	34	-7
7	68	6	34	-7
7	69	6	34	-6
7	70	6	34	-6
7	71	5	35	-6
7	72	5	35	-5
7	73	5	35	-5
7	74	5	35	-6
7	75	5	34	-6
7	76	5	33	-7
7	77	6	33	-8
7	78	6	32	-8
7	79	6	32	-9
7	80	6	31	-9
7	81	7	31	-10
7	82	7	31	-10
7	83	7	31	-10
7	84	8	31	-11
7	85	8	31	-11
7	86	9	29	-12
7	87	10	27	-13
7	88	11	25	-14
7	89	11	23	-15
7	90	12	21	-16
7	91	13	19	-17
7	92	13	19	-16
7	93	13	19	-15
7	94	14	20	-14
7	95	14	20	-13
7	96	14	20	-12
7	97	15	20	-11
7	98	14	21	-11
7	99	14	22	-11
7	100	13	23	-12
7	101	13	24	-12
7	102	12	25	-12
7	103	12	26	-12
7	104	11	27	-12
7	105	11	28	-13
7	106	11	29	-13
7	107	10	29	-14
7	108	10	30	-14
7	109	9	31	-15
7	110	8	31	-16
7	111	7	31	-16
7	112	7	31	-17
7	113	6	31	-18
7	114	5	31	-18
7	115	4	31	-19
7	116	3	31	-19
7	117	3	31	-20
7	118	2	32	-20
7	119	2	32	-20
7	120	2	32	-21
7	121	1	33	-21
7	122	0	33	-21
7	123	0	34	-20
7	124	-1	35	-20
7	125	-2	35	-20
7	126	-2	36	-20
7	127	-3	37	-19
8	1	2	19	-19
8	2	3	19	-19
8	3	4	20	-18
8	4	4	20	-18
8	5	5	21	-18
8	6	6	21	-18
8	7	7	22	-18
8	8	7	22	-18
8	9	7	23	-18
8	10	7	23	-19
8	11	8	23	-19
8	12	8	24	-19
8	13	8	24	-20
8	14	9	25	-20
8	15	10	25	-21
8	16	11	26	-21
8	17	12	27	-22
8	18	14	27	-22
8	19	15	28	-22
8	20	15	28	-23
8	21	16	28	-23
8	22	17	28	-24
8	23	18	28	-24
8	24	18	28	-25
8	25	19	27	-26
8	26	19	25	-25
8	27	19	23	-25
8	28	19	21	-25
8	29	19	18	-25
8	30	19	16	-25
8	31	19	14	-25
8	32	19	13	-22
8	33	19	13	-20
8	34	19	13	-17
8	35	19	12	-15
8	36	18	12	-12
8	37	18	12	-9
8	38	18	14	-8
8	39	18	16	-6
8	40	18	18	-5
8	41	17	20	-3
8	42	17	23	-1
8	43	17	25	0
8	44	17	27	0
8	45	17	29	-1
8	46	16	31	-1
8	47	16	32	-2
8	48	16	34	-2
8	49	16	36	-3
8	50	15	36	-4
8	51	15	36	-5
8	52	15	37	-6
8	53	14	37	-7
8	54	14	37	-8
8	55	14	37	-9
8	56	13	36	-10
8	57	12	35	-10
8	58	12	35	-10
8	59	11	34	-10
8	60	11	33	-10
8	61	10	33	-10
8	62	10	33	-10
8	63	9	33	-9
8	64	8	33	-9
8	65	8	33	-9
8	66	7	33	-8
8	67	6	33	-8
8	68	6	34	-7
8	69	6	35	-6
8	70	6	36	-5
8	71	6	36	-5
8	72	6	37	-4
8	73	6	38	-3
8	74	6	37	-4
8	75	6	36	-5
8	76	6	35	-6
8	77	6	34	-7
8	78	6	33	-8
8	79	6	32	-9
8	80	7	32	-10
8	81	7	31	-10
8	82	7	31	-11
8	83	8	31	-12
8	84	8	31	-13
8	85	9	31	-13
8	86	9	29	-14
8	87	10	27	-15
8	88	10	26	-16
8	89	11	24	-17
8	90	12	22	-17
8	91	12	21	-18
8	92	13	21	-18
8	93	13	21	-17
8	94	13	21	-16
8	95	13	21	-16
8	96	14	21	-15
8	97	14	21	-15
8	98	14	21	-15
8	99	13	22	-14
8	100	13	23	-14
8	101	12	24	-14
8	102	12	25	-14
8	103	11	25	-14
8	104	11	26	-14
8	105	11	27	-15
8	106	10	28	-15
8	107	10	29	-15
8	108	10	29	-16
8	109	9	30	-16
8	110	9	30	-17
8	111	8	30	-17
8	112	7	30	-18
8	113	6	30	-18
8	114	5	30	-19
8	115	4	30	-19
8	116	4	31	-19
8	117	3	31	-20
8	118	3	31	-20
8	119	2	31	-20
8	120	2	32	-20
8	121	2	32	-21
8	122	1	33	-20
8	123	0	33	-20
8	124	-1	34	-20
8	125	-2	35	-19
8	126	-2	35	-19
8	127	-3	36	-19
9	1	2	21	-19
9	2	3	22	-19
9	3	4	22	-19
9	4	4	23	-19
9	5	5	23	-19
9	6	6	24	-19
9	7	7	24	-19
9	8	7	24	-19
9	9	7	25	-20
9	10	8	25	-21
9	11	8	25	-21
9	12	9	26	-22
9	13	9	26	-23
9	14	10	26	-23
9	15	11	27	-24
9	16	12	27	-24
9	17	13	27	-25
9	18	14	28	-25
9	19	14	28	-26
9	20	15	28	-26
9	21	16	28	-27
9	22	16	27	-27
9	23	17	27	-27
9	24	18	27	-28
9	25	18	26	-28
9	26	18	24	-28
9	27	18	22	-27
9	28	18	20	-27
9	29	18	18	-27
9	30	18	16	-26
9	31	18	14	-26
9	32	18	14	-23
9	33	18	13	-21
9	34	18	13	-18
9	35	18	13	-16
9	36	18	12	-13
9	37	18	12	-10
9	38	17	14	-9
9	39	17	16	-7
9	40	17	18	-6
9	41	17	21	-4
9	42	17	23	-3
9	43	16	25	-1
9	44	16	27	-2
9	45	16	29	-2
9	46	16	31	-3
9	47	16	32	-3
9	48	16	34	-4
9	49	16	36	-4
9	50	15	36	-5
9	51	15	37	-6
9	52	15	37	-8
9	53	14	37	-9
9	54	14	37	-10
9	55	14	37	-11
9	56	13	36	-11
9	57	13	35	-11
9	58	12	35	-11
9	59	12	34	-11
9	60	11	33	-11
9	61	11	32	-11
9	62	10	32	-11
9	63	10	32	-10
9	64	9	32	-10
9	65	8	32	-9
9	66	7	32	-9
9	67	7	33	-9
9	68	7	34	-7
9	69	7	35	-6
9	70	7	37	-5
9	71	7	38	-3
9	72	7	40	-2
9	73	8	41	-1
9	74	8	39	-2
9	75	7	38	-4
9	76	7	37	-5
9	77	7	35	-6
9	78	7	34	-8
9	79	7	32	-9
9	80	7	32	-10
9	81	8	31	-11
9	82	8	31	-12
9	83	8	31	-13
9	84	8	31	-14
9	85	9	30	-15
9	86	9	29	-16
9	87	10	28	-17
9	88	10	26	-18
9	89	11	25	-18
9	90	11	24	-19
9	91	12	23	-20
9	92	12	22	-19
9	93	12	22	-19
9	94	12	22	-19
9	95	13	21	-19
9	96	13	21	-18
9	97	13	21	-18
9	98	13	21	-18
9	99	12	22	-17
9	100	12	23	-17
9	101	12	23	-17
9	102	11	24	-17
9	103	11	25	-16
9	104	11	26	-16
9	105	10	26	-17
9	106	10	27	-17
9	107	10	28	-17
9	108	10	28	-17
9	109	10	29	-17
9	110	9	29	-18
9	111	8	29	-18
9	112	7	29	-18
9	113	6	30	-19
9	114	5	30	-19
9	115	5	30	-19
9	116	4	30	-19
9	117	4	30	-20
9	118	3	31	-20
9	119	3	31	-20
9	120	3	31	-20
9	121	2	31	-20
9	122	1	32	-20
9	123	0	33	-20
9	124	0	33	-19
9	125	-1	34	-19
9	126	-2	35	-19
9	127	-3	35	-19
10	1	2	23	-19
10	2	3	24	-19
10	3	4	24	-19
10	4	4	25	-19
10	5	5	25	-19
10	6	6	26	-19
10	7	6	26	-19
10	8	7	27	-20
10	9	7	27	-21
10	10	8	27	-23
10	11	9	27	-24
10	12	9	27	-25
10	13	10	28	-26
10	14	10	28	-26
10	15	11	28	-27
10	16	12	28	-27
10	17	13	28	-28
10	18	14	28	-29
10	19	14	29	-29
10	20	15	28	-29
10	21	16	28	-30
10	22	16	27	-30
10	23	17	26	-30
10	24	17	26	-30
10	25	18	25	-31
10	26	18	24	-30
10	27	18	22	-29
10	28	17	20	-29
10	29	17	18	-28
10	30	17	16	-28
10	31	17	14	-27
10	32	17	14	-24
10	33	17	14	-22
10	34	17	13	-19
10	35	17	13	-17
10	36	17	13	-14
10	37	17	12	-11
10	38	17	14	-10
10	39	17	17	-8
10	40	16	19	-7
10	41	16	21	-5
10	42	16	23	-4
10	43	16	25	-3
10	44	16	27	-3
10	45	15	29	-4
10	46	15	31	-4
10	47	15	33	-5
10	48	15	34	-5
10	49	15	36	-6
10	50	15	36	-7
10	51	15	37	-8
10	52	15	37	-9
10	53	14	37	-10
10	54	14	37	-11
10	55	14	37	-12
10	56	13	36	-12
10	57	13	35	-12
10	58	13	34	-12
10	59	12	34	-12
10	60	12	33	-12
10	61	12	32	-12
10	62	11	32	-12
10	63	10	32	-11
10	64	9	32	-11
10	65	9	32	-10
10	66	8	32	-10
10	67	7	32	-9
10	68	7	34	-8
10	69	8	36	-6
10	70	8	38	-4
10	71	8	40	-2
10	72	9	42	0
10	73	9	44	1
10	74	9	42	0
10	75	8	40	-2
10	76	8	38	-4
10	77	8	36	-6
10	78	8	34	-8
10	79	8	32	-9
10	80	8	32	-11
10	81	8	32	-12
10	82	8	31	-13
10	83	9	31	-15
10	84	9	30	-16
10	85	9	30	-17
10	86	9	29	-18
10	87	10	28	-19
10	88	10	27	-19
10	89	10	26	-20
10	90	11	25	-21
10	91	11	24	-21
10	92	11	24	-21
10	93	12	23	-21
10	94	12	23	-21
10	95	12	22	-21
10	96	12	21	-21
10	97	12	21	-21
10	98	12	21	-21
10	99	12	22	-20
10	100	11	23	-20
10	101	11	23	-19
10	102	11	24	-19
10	103	11	25	-19
10	104	10	25	-18
10	105	10	26	-18
10	106	10	26	-18
10	107	10	27	-18
10	108	10	27	-18
10	109	10	28	-18
10	110	9	28	-18
10	111	8	28	-19
10	112	7	29	-19
10	113	7	29	-19
10	114	6	29	-19
10	115	5	29	-19
10	116	5	30	-19
10	117	4	30	-20
10	118	4	30	-20
10	119	3	30	-20
10	120	3	31	-20
10	121	3	31	-20
10	122	2	31	-20
10	123	1	32	-19
10	124	0	33	-19
10	125	-1	33	-19
10	126	-2	34	-19
10	127	-3	34	-18
11	1	2	26	-20
11	2	3	26	-20
11	3	4	27	-20
11	4	4	27	-20
11	5	5	28	-20
11	6	6	28	-20
11	7	6	29	-20
11	8	7	29	-21
11	9	8	29	-23
11	10	8	29	-24
11	11	9	29	-26
11	12	9	29	-27
11	13	10	29	-29
11	14	11	29	-29
11	15	12	29	-30
11	16	12	29	-31
11	17	13	29	-31
11	18	14	29	-32
11	19	14	29	-32
11	20	15	28	-33
11	21	15	27	-33
11	22	16	27	-33
11	23	16	26	-33
11	24	17	25	-33
11	25	17	24	-33
11	26	17	23	-32
11	27	17	21	-32
11	28	17	20	-31
11	29	17	18	-30
11	30	16	16	-29
11	31	16	15	-28
11	32	16	14	-25
11	33	16	14	-23
11	34	16	14	-20
11	35	16	13	-18
11	36	16	13	-15
11	37	16	13	-12
11	38	16	15	-11
11	39	16	17	-10
11	40	16	19	-8
11	41	15	21	-7
11	42	15	23	-5
11	43	15	25	-4
11	44	15	27	-4
11	45	15	29	-5
11	46	15	31	-6
11	47	15	33	-6
11	48	15	34	-7
11	49	15	36	-7
11	50	15	37	-8
11	51	15	37	-9
11	52	14	37	-10
11	53	14	37	-11
11	54	14	37	-12
11	55	14	37	-13
11	56	14	36	-13
11	57	13	35	-13
11	58	13	34	-14
11	59	13	33	-14
11	60	12	32	-14
11	61	12	31	-14
11	62	11	31	-13
11	63	11	31	-12
11	64	10	31	-12
11	65	9	31	-11
11	66	8	31	-11
11	67	8	31	-10
11	68	8	34	-8
11	69	8	36	-5
11	70	9	39	-3
11	71	9	42	-1
11	72	10	44	1
11	73	10	47	3
11	74	10	44	1
11	75	9	42	-1
11	76	9	40	-3
11	77	9	37	-5
11	78	9	35	-7
11	79	9	33	-9
11	80	9	32	-11
11	81	9	32	-13
11	82	9	31	-15
11	83	9	31	-16
11	84	9	30	-18
11	85	9	30	-20
11	86	9	29	-20
11	87	10	28	-21
11	88	10	28	-21
11	89	10	27	-22
11	90	10	27	-22
11	91	11	26	-23
11	92	11	25	-23
11	93	11	24	-23
11	94	11	23	-24
11	95	11	23	-24
11	96	11	22	-24
11	97	11	21	-25
11	98	11	21	-24
11	99	11	22	-23
11	100	11	22	-23
11	101	11	23	-22
11	102	10	24	-21
11	103	10	24	-21
11	104	10	24	-21
11	105	10	25	-20
11	106	10	25	-20
11	107	10	26	-20
11	108	10	26	-20
11	109	10	27	-19
11	110	9	27	-19
11	111	8	27	-19
11	112	8	28	-19
11	113	7	28	-19
11	114	6	29	-19
11	115	6	29	-19
11	116	5	29	-19
11	117	5	29	-19
11	118	4	30	-19
11	119	4	30	-19
11	120	4	30	-20
11	121	3	30	-20
11	122	2	31	-19
11	123	1	31	-19
11	124	0	32	-19
11	125	-1	32	-19
11	126	-2	33	-18
11	127	-3	33	-18
12	1	2	28	-20
12	2	3	28	-20
12	3	4	29	-20
12	4	4	29	-20
12	5	5	30	-20
12	6	6	30	-21
12	7	6	31	-21
12	8	7	31	-23
12	9	8	31	-24
12	10	9	31	-26
12	11	9	31	-28
12	12	10	31	-30
12	13	11	31	-32
12	14	11	31	-33
12	15	12	31	-33
12	16	13	30	-34
12	17	13	30	-34
12	18	14	30	-35
12	19	14	29	-36
12	20	15	28	-36
12	21	15	27	-36
12	22	15	26	-36
12	23	16	25	-36
12	24	16	24	-36
12	25	16	23	-36
12	26	16	22	-35
12	27	16	21	-34
12	28	16	19	-32
12	29	16	18	-31
12	30	15	16	-30
12	31	15	15	-29
12	32	15	15	-26
12	33	15	14	-24
12	34	15	14	-21
12	35	16	14	-19
12	36	16	13	-16
12	37	16	13	-13
12	38	15	15	-12
12	39	15	17	-11
12	40	15	19	-9
12	41	15	21	-8
12	42	14	23	-7
12	43	14	25	-5
12	44	14	27	-6
12	45	14	29	-6
12	46	14	31	-7
12	47	15	33	-8
12	48	15	34	-8
12	49	15	36	-9
12	50	15	37	-10
12	51	14	37	-11
12	52	14	37	-12
12	53	14	37	-13
12	54	14	37	-14
12	55	14	38	-15
12	56	14	36	-15
12	57	14	35	-15
12	58	13	34	-15
12	59	13	33	-15
12	60	13	32	-15
12	61	13	31	-15
12	62	12	31	-14
12	63	11	31	-13
12	64	10	31	-13
12	65	10	31	-12
12	66	9	31	-11
12	67	8	31	-11
12	68	9	34	-8
12	69	9	37	-5
12	70	10	40	-3
12	71	10	43	0
12	72	11	47	3
12	73	11	50	5
12	74	11	47	3
12	75	10	44	0
12	76	10	41	-2
12	77	10	38	-5
12	78	10	36	-7
12	79	9	33	-10
12	80	9	32	-12
12	81	9	32	-14
12	82	9	31	-16
12	83	9	30	-18
12	84	9	30	-20
12	85	9	29	-22
12	86	9	29	-22
12	87	9	29	-23
12	88	10	29	-23
12	89	10	28	-23
12	90	10	28	-24
12	91	10	28	-24
12	92	10	27	-25
12	93	10	26	-25
12	94	10	24	-26
12	95	10	23	-27
12	96	11	22	-27
12	97	11	21	-28
12	98	10	21	-27
12	99	10	22	-26
12	100	10	22	-26
12	101	10	23	-25
12	102	10	23	-24
12	103	10	24	-23
12	104	10	24	-23
12	105	10	24	-22
12	106	10	24	-22
12	107	10	25	-21
12	108	10	25	-21
12	109	10	25	-20
12	110	9	26	-20
12	111	9	26	-20
12	112	8	27	-20
12	113	7	27	-20
12	114	7	28	-20
12	115	6	29	-20
12	116	6	29	-19
12	117	5	29	-19
12	118	5	29	-19
12	119	4	29	-19
12	120	4	29	-19
12	121	4	30	-19
12	122	3	30	-19
12	123	1	31	-19
12	124	0	31	-19
12	125	-1	32	-18
12	126	-2	32	-18
12	127	-3	33	-18
13	1	2	30	-20
13	2	3	31	-20
13	3	4	31	-21
13	4	4	32	-21
13	5	5	32	-21
13	6	6	32	-21
13	7	6	33	-21
13	8	7	33	-24
13	9	8	33	-26
13	10	9	33	-28
13	11	10	33	-30
13	12	10	33	-33
13	13	11	33	-35
13	14	12	32	-36
13	15	12	32	-36
13	16	13	31	-37
13	17	13	31	-38
13	18	14	30	-38
13	19	14	30	-39
13	20	15	28	-39
13	21	15	27	-39
13	22	15	26	-39
13	23	15	25	-39
13	24	16	24	-39
13	25	16	22	-38
13	26	15	21	-37
13	27	15	20	-36
13	28	15	19	-34
13	29	15	18	-33
13	30	14	17	-31
13	31	14	15	-30
13	32	14	15	-27
13	33	14	15	-25
13	34	15	14	-22
13	35	15	14	-20
13	36	15	14	-17
13	37	15	13	-14
13	38	15	15	-13
13	39	15	17	-12
13	40	14	19	-10
13	41	14	21	-9
13	42	14	23	-8
13	43	13	25	-6
13	44	14	27	-7
13	45	14	29	-8
13	46	14	31	-8
13	47	14	33	-9
13	48	14	35	-10
13	49	14	36	-10
13	50	14	37	-11
13	51	14	37	-12
13	52	14	37	-13
13	53	14	37	-14
13	54	14	37	-15
13	55	14	38	-16
13	56	14	37	-16
13	57	14	35	-16
13	58	14	34	-16
13	59	14	33	-16
13	60	13	32	-16
13	61	13	31	-16
13	62	12	31	-15
13	63	12	30	-14
13	64	11	30	-14
13	65	10	30	-13
13	66	9	30	-12
13	67	9	30	-11
13	68	9	34	-8
13	69	10	38	-5
13	70	10	41	-2
13	71	11	45	1
13	72	12	49	4
13	73	12	53	8
13	74	12	49	5
13	75	11	46	2
13	76	11	43	-1
13	77	11	40	-4
13	78	10	36	-7
13	79	10	33	-10
13	80	10	32	-12
13	81	10	32	-14
13	82	10	31	-17
13	83	10	30	-19
13	84	9	30	-21
13	85	9	29	-24
13	86	9	29	-24
13	87	9	29	-24
13	88	9	29	-25
13	89	9	30	-25
13	90	10	30	-25
13	91	10	30	-26
13	92	10	28	-27
13	93	10	27	-28
13	94	10	25	-29
13	95	10	24	-29
13	96	10	22	-30
13	97	10	21	-31
13	98	10	21	-30
13	99	10	22	-29
13	100	10	22	-28
13	101	10	22	-27
13	102	10	23	-26
13	103	10	23	-25
13	104	10	23	-25
13	105	10	24	-24
13	106	10	24	-23
13	107	10	24	-23
13	108	10	24	-22
13	109	10	24	-22
13	110	9	25	-21
13	111	9	25	-21
13	112	8	26	-21
13	113	8	27	-20
13	114	7	27	-20
13	115	7	28	-20
13	116	6	28	-19
13	117	6	28	-19
13	118	5	29	-19
13	119	5	29	-19
13	120	5	29	-19
13	121	4	29	-19
13	122	3	29	-19
13	123	2	30	-18
13	124	1	30	-18
13	125	0	31	-18
13	126	-2	31	-18
13	127	-3	32	-18
14	1	1	30	-20
14	2	2	31	-20
14	3	3	31	-20
14	4	3	32	-20
14	5	4	32	-21
14	6	4	33	-21
14	7	5	34	-21
14	8	6	34	-23
14	9	6	34	-26
14	10	7	34	-28
14	11	8	34	-30
14	12	9	34	-32
14	13	10	34	-35
14	14	10	34	-35
14	15	10	33	-36
14	16	11	33	-37
14	17	11	32	-37
14	18	12	32	-38
14	19	12	31	-39
14	20	13	30	-39
14	21	13	29	-39
14	22	13	28	-39
14	23	13	27	-39
14	24	13	26	-39
14	25	13	25	-39
14	26	13	23	-38
14	27	13	22	-37
14	28	13	20	-36
14	29	13	19	-34
14	30	13	18	-33
14	31	13	16	-32
14	32	13	16	-29
14	33	14	15	-27
14	34	14	14	-24
14	35	14	14	-22
14	36	14	13	-19
14	37	14	12	-16
14	38	14	14	-15
14	39	14	16	-13
14	40	14	18	-12
14	41	13	20	-10
14	42	13	23	-8
14	43	13	25	-7
14	44	13	27	-8
14	45	13	28	-8
14	46	13	30	-9
14	47	13	32	-10
14	48	13	34	-10
14	49	13	36	-11
14	50	13	36	-12
14	51	13	37	-13
14	52	13	37	-14
14	53	13	37	-16
14	54	13	37	-17
14	55	13	37	-18
14	56	13	36	-18
14	57	12	35	-18
14	58	12	33	-18
14	59	12	32	-18
14	60	12	30	-18
14	61	11	29	-18
14	62	11	29	-17
14	63	10	29	-16
14	64	10	29	-15
14	65	9	29	-14
14	66	8	29	-13
14	67	8	29	-12
14	68	8	33	-9
14	69	9	36	-7
14	70	9	39	-4
14	71	10	43	-1
14	72	10	46	1
14	73	11	49	4
14	74	10	47	2
14	75	10	44	-1
14	76	10	42	-3
14	77	9	39	-6
14	78	9	36	-8
14	79	9	34	-11
14	80	9	33	-13
14	81	9	32	-15
14	82	8	32	-18
14	83	8	31	-20
14	84	8	30	-22
14	85	8	30	-25
14	86	8	30	-25
14	87	8	30	-26
14	88	8	29	-26
14	89	8	29	-26
14	90	8	29	-27
14	91	8	29	-27
14	92	8	27	-28
14	93	8	26	-29
14	94	8	25	-29
14	95	8	23	-30
14	96	8	22	-31
14	97	8	20	-32
14	98	8	21	-31
14	99	8	21	-30
14	100	8	22	-29
14	101	8	22	-28
14	102	8	23	-27
14	103	8	23	-26
14	104	8	23	-25
14	105	8	23	-25
14	106	8	23	-24
14	107	9	24	-24
14	108	9	24	-23
14	109	9	24	-23
14	110	8	24	-22
14	111	8	25	-22
14	112	7	26	-22
14	113	7	26	-21
14	114	6	27	-21
14	115	6	28	-21
14	116	5	28	-20
14	117	5	28	-20
14	118	5	28	-20
14	119	4	28	-20
14	120	4	28	-20
14	121	4	28	-20
14	122	3	29	-20
14	123	2	29	-20
14	124	1	30	-19
14	125	0	30	-19
14	126	-1	30	-19
14	127	-2	31	-19
15	1	1	30	-19
15	2	1	31	-20
15	3	2	32	-20
15	4	2	32	-20
15	5	2	33	-20
15	6	3	33	-21
15	7	3	34	-21
15	8	4	34	-23
15	9	5	34	-25
15	10	6	35	-28
15	11	6	35	-30
15	12	7	35	-32
15	13	8	35	-34
15	14	8	35	-35
15	15	9	35	-35
15	16	9	34	-36
15	17	10	34	-37
15	18	10	34	-37
15	19	10	33	-38
15	20	10	32	-38
15	21	11	31	-39
15	22	11	30	-39
15	23	11	29	-39
15	24	11	28	-40
15	25	11	27	-40
15	26	11	25	-39
15	27	11	24	-38
15	28	12	22	-37
15	29	12	20	-36
15	30	12	19	-35
15	31	12	17	-34
15	32	13	16	-32
15	33	13	15	-29
15	34	13	14	-26
15	35	13	13	-24
15	36	13	12	-21
15	37	13	11	-18
15	38	13	13	-17
15	39	13	15	-15
15	40	13	17	-13
15	41	13	20	-11
15	42	12	22	-9
15	43	12	24	-7
15	44	12	26	-8
15	45	12	28	-9
15	46	12	30	-9
15	47	12	32	-10
15	48	12	34	-11
15	49	12	36	-12
15	50	12	36	-13
15	51	12	36	-14
15	52	12	37	-16
15	53	12	37	-17
15	54	12	37	-18
15	55	11	37	-20
15	56	11	36	-20
15	57	11	34	-20
15	58	11	32	-20
15	59	10	31	-20
15	60	10	29	-20
15	61	10	28	-20
15	62	9	28	-19
15	63	9	28	-18
15	64	8	28	-16
15	65	8	28	-15
15	66	7	28	-14
15	67	6	28	-13
15	68	7	31	-11
15	69	7	34	-8
15	70	8	37	-6
15	71	8	40	-4
15	72	9	43	-1
15	73	9	46	1
15	74	9	44	-1
15	75	9	42	-3
15	76	8	40	-5
15	77	8	38	-7
15	78	8	36	-9
15	79	8	35	-11
15	80	8	34	-14
15	81	7	33	-16
15	82	7	33	-18
15	83	7	32	-21
15	84	7	31	-23
15	85	7	31	-26
15	86	7	30	-26
15	87	7	30	-27
15	88	7	29	-27
15	89	7	29	-28
15	90	7	28	-28
15	91	7	28	-29
15	92	7	27	-29
15	93	7	25	-30
15	94	7	24	-30
15	95	7	23	-31
15	96	7	21	-31
15	97	7	20	-32
15	98	7	21	-31
15	99	7	21	-30
15	100	7	22	-29
15	101	7	22	-28
15	102	7	23	-27
15	103	7	23	-26
15	104	7	23	-26
15	105	7	23	-25
15	106	7	23	-25
15	107	7	23	-25
15	108	7	23	-24
15	109	8	23	-24
15	110	7	24	-23
15	111	7	25	-23
15	112	6	25	-23
15	113	6	26	-22
15	114	5	27	-22
15	115	5	27	-21
15	116	4	27	-21
15	117	4	27	-21
15	118	4	27	-21
15	119	4	28	-21
15	120	4	28	-21
15	121	3	28	-21
15	122	2	28	-21
15	123	2	28	-21
15	124	1	29	-21
15	125	0	29	-20
15	126	-1	29	-20
15	127	-2	30	-20
16	1	0	30	-19
16	2	0	31	-19
16	3	0	32	-20
16	4	1	33	-20
16	5	1	33	-20
16	6	2	34	-21
16	7	2	35	-21
16	8	3	35	-23
16	9	3	35	-25
16	10	4	36	-27
16	11	5	36	-30
16	12	5	36	-32
16	13	6	36	-34
16	14	6	36	-34
16	15	7	36	-35
16	16	7	36	-36
16	17	8	36	-36
16	18	8	35	-37
16	19	8	35	-37
16	20	8	34	-38
16	21	8	33	-39
16	22	8	32	-39
16	23	8	31	-40
16	24	8	30	-40
16	25	8	29	-41
16	26	9	27	-40
16	27	9	25	-39
16	28	10	23	-39
16	29	10	22	-38
16	30	11	20	-37
16	31	12	18	-36
16	32	12	17	-34
16	33	12	15	-31
16	34	12	14	-28
16	35	12	13	-26
16	36	12	11	-23
16	37	13	10	-21
16	38	12	12	-18
16	39	12	14	-16
16	40	12	17	-14
16	41	12	19	-12
16	42	12	21	-10
16	43	12	23	-8
16	44	12	25	-8
16	45	12	27	-9
16	46	12	30	-10
16	47	12	32	-11
16	48	12	34	-12
16	49	12	36	-12
16	50	11	36	-14
16	51	11	36	-15
16	52	11	36	-17
16	53	10	37	-18
16	54	10	37	-20
16	55	10	37	-21
16	56	10	35	-21
16	57	9	33	-22
16	58	9	31	-22
16	59	9	30	-22
16	60	8	28	-22
16	61	8	26	-22
16	62	8	26	-21
16	63	7	26	-19
16	64	7	27	-18
16	65	6	27	-16
16	66	6	27	-15
16	67	5	27	-14
16	68	6	30	-12
16	69	6	33	-10
16	70	6	35	-8
16	71	7	38	-6
16	72	7	40	-4
16	73	7	43	-3
16	74	7	42	-4
16	75	7	40	-6
16	76	7	39	-7
16	77	7	38	-9
16	78	7	37	-10
16	79	6	35	-12
16	80	6	35	-14
16	81	6	34	-17
16	82	6	34	-19
16	83	6	33	-22
16	84	6	32	-24
16	85	6	32	-26
16	86	6	31	-27
16	87	5	30	-28
16	88	5	29	-28
16	89	5	28	-29
16	90	5	28	-30
16	91	5	27	-30
16	92	5	26	-31
16	93	5	24	-31
16	94	5	23	-31
16	95	5	22	-32
16	96	5	21	-32
16	97	5	20	-32
16	98	5	20	-31
16	99	5	21	-30
16	100	5	21	-29
16	101	5	22	-28
16	102	5	22	-27
16	103	5	23	-27
16	104	5	23	-26
16	105	6	23	-26
16	106	6	23	-26
16	107	6	23	-25
16	108	6	23	-25
16	109	6	23	-25
16	110	6	24	-24
16	111	6	24	-24
16	112	5	25	-24
16	113	5	25	-23
16	114	4	26	-23
16	115	4	27	-22
16	116	4	27	-22
16	117	3	27	-22
16	118	3	27	-22
16	119	3	27	-22
16	120	3	27	-22
16	121	3	27	-22
16	122	2	27	-22
16	123	1	28	-22
16	124	1	28	-22
16	125	0	28	-22
16	126	-1	28	-22
16	127	-1	29	-22
17	1	-1	31	-19
17	2	-1	31	-19
17	3	-1	32	-19
17	4	0	33	-20
17	5	0	34	-20
17	6	0	35	-20
17	7	1	35	-21
17	8	1	36	-23
17	9	2	36	-25
17	10	2	36	-27
17	11	3	37	-29
17	12	4	37	-31
17	13	4	37	-33
17	14	5	37	-34
17	15	5	37	-35
17	16	5	37	-35
17	17	6	37	-36
17	18	6	37	-36
17	19	7	37	-37
17	20	6	36	-38
17	21	6	35	-38
17	22	6	34	-39
17	23	6	33	-40
17	24	6	32	-41
17	25	6	31	-42
17	26	7	29	-41
17	27	7	27	-40
17	28	8	25	-40
17	29	9	23	-39
17	30	10	21	-39
17	31	11	19	-38
17	32	11	17	-36
17	33	11	15	-33
17	34	11	14	-31
17	35	11	12	-28
17	36	12	10	-25
17	37	12	9	-23
17	38	12	11	-20
17	39	12	13	-18
17	40	11	16	-15
17	41	11	18	-13
17	42	11	20	-10
17	43	11	23	-8
17	44	11	25	-9
17	45	11	27	-10
17	46	11	29	-11
17	47	11	31	-11
17	48	11	34	-12
17	49	11	36	-13
17	50	10	36	-15
17	51	10	36	-16
17	52	10	36	-18
17	53	9	36	-20
17	54	9	36	-21
17	55	8	36	-23
17	56	8	34	-23
17	57	8	32	-23
17	58	7	31	-24
17	59	7	29	-24
17	60	7	27	-24
17	61	6	25	-24
17	62	6	25	-22
17	63	6	25	-21
17	64	5	25	-19
17	65	5	26	-18
17	66	5	26	-16
17	67	4	26	-14
17	68	5	29	-13
17	69	5	31	-12
17	70	5	33	-10
17	71	5	35	-9
17	72	5	37	-7
17	73	6	40	-6
17	74	6	39	-7
17	75	6	38	-8
17	76	6	38	-9
17	77	5	37	-10
17	78	5	37	-12
17	79	5	36	-13
17	80	5	35	-15
17	81	5	35	-18
17	82	5	34	-20
17	83	5	34	-22
17	84	4	33	-25
17	85	4	33	-27
17	86	4	32	-28
17	87	4	30	-29
17	88	4	29	-30
17	89	4	28	-30
17	90	4	27	-31
17	91	4	26	-32
17	92	4	25	-32
17	93	4	24	-32
17	94	4	23	-32
17	95	4	22	-32
17	96	4	21	-32
17	97	4	19	-32
17	98	4	20	-31
17	99	4	21	-31
17	100	4	21	-30
17	101	4	22	-29
17	102	4	22	-28
17	103	4	23	-27
17	104	4	23	-27
17	105	4	23	-27
17	106	4	23	-26
17	107	5	23	-26
17	108	5	23	-26
17	109	5	23	-26
17	110	5	23	-26
17	111	4	24	-25
17	112	4	24	-25
17	113	4	25	-24
17	114	3	26	-24
17	115	3	26	-23
17	116	3	26	-23
17	117	3	26	-23
17	118	3	26	-23
17	119	3	26	-23
17	120	2	26	-23
17	121	2	26	-23
17	122	2	27	-23
17	123	1	27	-23
17	124	1	27	-23
17	125	0	27	-23
17	126	0	27	-23
17	127	-1	28	-23
18	1	-2	31	-18
18	2	-2	32	-19
18	3	-2	32	-19
18	4	-1	33	-19
18	5	-1	34	-20
18	6	-1	35	-20
18	7	-1	36	-21
18	8	0	36	-23
18	9	0	37	-25
18	10	1	37	-27
18	11	1	38	-29
18	12	2	38	-31
18	13	2	39	-33
18	14	3	39	-34
18	15	3	39	-34
18	16	4	39	-35
18	17	4	39	-35
18	18	4	39	-36
18	19	5	39	-36
18	20	4	38	-37
18	21	4	37	-38
18	22	4	36	-39
18	23	4	35	-40
18	24	3	34	-41
18	25	3	33	-42
18	26	4	31	-42
18	27	5	29	-42
18	28	6	27	-41
18	29	8	24	-41
18	30	9	22	-41
18	31	10	20	-41
18	32	10	18	-38
18	33	10	16	-35
18	34	10	14	-33
18	35	11	12	-30
18	36	11	10	-27
18	37	11	8	-25
18	38	11	10	-22
18	39	11	12	-19
18	40	11	15	-17
18	41	11	17	-14
18	42	10	19	-11
18	43	10	22	-8
18	44	10	24	-9
18	45	10	26	-10
18	46	10	29	-11
18	47	10	31	-12
18	48	10	33	-13
18	49	10	36	-14
18	50	9	36	-15
18	51	9	36	-17
18	52	8	36	-19
18	53	8	36	-21
18	54	7	36	-23
18	55	7	36	-25
18	56	7	34	-25
18	57	6	32	-25
18	58	6	30	-25
18	59	5	27	-26
18	60	5	25	-26
18	61	5	23	-26
18	62	4	23	-24
18	63	4	24	-22
18	64	4	24	-21
18	65	4	25	-19
18	66	4	25	-17
18	67	3	26	-15
18	68	3	27	-14
18	69	4	29	-13
18	70	4	31	-12
18	71	4	33	-11
18	72	4	35	-10
18	73	4	36	-9
18	74	4	36	-10
18	75	4	36	-11
18	76	4	37	-11
18	77	4	37	-12
18	78	4	37	-13
18	79	4	37	-14
18	80	4	36	-16
18	81	4	36	-18
18	82	4	35	-21
18	83	3	35	-23
18	84	3	34	-26
18	85	3	34	-28
18	86	3	32	-29
18	87	3	31	-30
18	88	3	29	-31
18	89	3	28	-32
18	90	3	26	-33
18	91	3	25	-34
18	92	3	24	-33
18	93	3	23	-33
18	94	3	22	-33
18	95	3	21	-33
18	96	3	20	-33
18	97	3	19	-33
18	98	3	20	-32
18	99	2	20	-31
18	100	2	21	-30
18	101	2	21	-29
18	102	2	22	-28
18	103	2	23	-27
18	104	2	23	-27
18	105	3	22	-27
18	106	3	22	-27
18	107	3	22	-27
18	108	4	22	-27
18	109	4	22	-27
18	110	4	23	-27
18	111	3	23	-26
18	112	3	24	-26
18	113	3	25	-25
18	114	2	25	-25
18	115	2	26	-24
18	116	2	26	-24
18	117	2	26	-24
18	118	2	26	-24
18	119	2	26	-24
18	120	2	26	-24
18	121	2	26	-24
18	122	2	26	-24
18	123	1	26	-24
18	124	1	26	-24
18	125	0	26	-24
18	126	0	26	-24
18	127	-1	27	-24
19	1	-3	31	-18
19	2	-3	32	-18
19	3	-3	33	-19
19	4	-2	34	-19
19	5	-2	35	-20
19	6	-2	36	-20
19	7	-2	37	-20
19	8	-2	37	-22
19	9	-1	38	-24
19	10	-1	38	-27
19	11	0	39	-29
19	12	0	39	-31
19	13	1	40	-33
19	14	1	40	-33
19	15	1	40	-34
19	16	2	40	-34
19	17	2	40	-35
19	18	2	41	-35
19	19	3	41	-36
19	20	2	40	-37
19	21	2	39	-38
19	22	2	38	-39
19	23	1	37	-41
19	24	1	36	-42
19	25	1	35	-43
19	26	2	33	-43
19	27	3	31	-43
19	28	5	28	-43
19	29	6	26	-43
19	30	8	23	-43
19	31	9	21	-43
19	32	9	18	-40
19	33	9	16	-37
19	34	10	13	-35
19	35	10	11	-32
19	36	10	9	-29
19	37	10	6	-27
19	38	10	9	-24
19	39	10	11	-21
19	40	10	14	-18
19	41	10	16	-15
19	42	10	19	-12
19	43	10	21	-9
19	44	10	24	-10
19	45	9	26	-11
19	46	9	28	-12
19	47	9	31	-12
19	48	9	33	-13
19	49	9	36	-14
19	50	8	36	-16
19	51	8	36	-18
19	52	7	36	-20
19	53	7	36	-22
19	54	6	36	-25
19	55	6	36	-27
19	56	5	33	-27
19	57	5	31	-27
19	58	4	29	-27
19	59	4	26	-27
19	60	3	24	-28
19	61	3	22	-28
19	62	3	22	-26
19	63	3	23	-24
19	64	3	23	-22
19	65	2	24	-20
19	66	2	24	-18
19	67	2	25	-16
19	68	2	26	-16
19	69	2	27	-15
19	70	2	29	-14
19	71	2	30	-14
19	72	2	32	-13
19	73	2	33	-13
19	74	3	34	-13
19	75	3	35	-13
19	76	3	35	-13
19	77	3	36	-14
19	78	3	37	-14
19	79	3	37	-14
19	80	3	37	-17
19	81	3	37	-19
19	82	2	36	-22
19	83	2	36	-24
19	84	2	35	-27
19	85	2	35	-29
19	86	2	33	-30
19	87	2	31	-31
19	88	1	29	-32
19	89	1	27	-33
19	90	1	26	-34
19	91	1	24	-35
19	92	1	23	-35
19	93	1	22	-34
19	94	1	21	-34
19	95	1	20	-34
19	96	1	20	-33
19	97	1	19	-33
19	98	1	19	-32
19	99	1	20	-31
19	100	1	21	-30
19	101	1	21	-29
19	102	1	22	-28
19	103	1	23	-28
19	104	1	22	-28
19	105	1	22	-28
19	106	2	22	-28
19	107	2	22	-28
19	108	2	22	-28
19	109	3	22	-28
19	110	3	22	-28
19	111	2	23	-27
19	112	2	24	-27
19	113	2	24	-26
19	114	1	25	-26
19	115	1	25	-25
19	116	1	25	-25
19	117	1	25	-25
19	118	1	25	-25
19	119	1	25	-25
19	120	1	25	-25
19	121	1	25	-25
19	122	1	25	-25
19	123	1	25	-25
19	124	1	25	-25
19	125	0	25	-25
19	126	0	25	-26
19	127	0	26	-26
