1	1	-16	29	-34
1	2	-16	28	-33
1	3	-15	28	-31
1	4	-15	27	-30
1	5	-15	26	-28
1	6	-15	25	-27
1	7	-15	24	-25
1	8	-13	24	-24
1	9	-10	23	-23
1	10	-8	23	-21
1	11	-6	22	-20
1	12	-4	22	-19
1	13	-2	21	-18
1	14	0	21	-18
1	15	2	22	-18
1	16	4	22	-18
1	17	6	22	-19
1	18	8	22	-19
1	19	10	22	-19
1	20	10	23	-20
1	21	11	24	-20
1	22	11	24	-21
1	23	11	25	-22
1	24	12	26	-23
1	25	12	27	-23
1	26	11	26	-24
1	27	10	26	-25
1	28	9	26	-26
1	29	8	25	-27
1	30	7	25	-28
1	31	6	25	-29
1	32	6	24	-29
1	33	7	24	-30
1	34	7	24	-30
1	35	7	24	-30
1	36	7	24	-30
1	37	7	23	-30
1	38	7	23	-30
1	39	6	23	-30
1	40	5	23	-30
1	41	5	23	-30
1	42	4	23	-30
1	43	3	22	-29
1	44	3	22	-29
1	45	3	22	-28
1	46	3	21	-27
1	47	3	21	-27
1	48	4	20	-26
1	49	4	20	-25
1	50	4	20	-25
1	51	5	20	-25
1	52	6	21	-25
1	53	7	21	-24
1	54	7	21	-24
1	55	8	21	-24
1	56	8	22	-23
1	57	8	23	-22
1	58	8	24	-21
1	59	9	24	-20
1	60	9	25	-19
1	61	9	26	-18
1	62	8	27	-19
1	63	7	28	-19
1	64	6	29	-20
1	65	5	30	-20
1	66	5	30	-20
1	67	4	31	-21
1	68	0	33	-21
1	69	-3	35	-22
1	70	-6	36	-23
1	71	-10	38	-23
1	72	-13	40	-24
1	73	-16	41	-25
1	74	-15	39	-25
1	75	-15	37	-25
1	76	-14	35	-26
1	77	-13	33	-26
1	78	-12	31	-27
1	79	-11	29	-27
1	80	-13	27	-26
1	81	-15	26	-25
1	82	-16	24	-24
1	83	-18	23	-22
1	84	-19	21	-21
1	85	-21	20	-20
1	86	-18	19	-21
1	87	-15	18	-21
1	88	-12	16	-22
1	89	-9	15	-22
1	90	-7	14	-23
1	91	-4	13	-23
1	92	-2	13	-24
1	93	-1	13	-24
1	94	1	13	-24
1	95	2	13	-24
1	96	4	13	-24
1	97	5	13	-25
1	98	5	14	-25
1	99	5	15	-26
1	100	5	16	-26
1	101	5	17	-26
1	102	5	18	-27
1	103	4	19	-27
1	104	5	20	-27
1	105	6	21	-26
1	106	6	22	-25
1	107	7	23	-25
1	108	7	23	-24
1	109	8	24	-24
1	110	8	24	-23
1	111	9	25	-22
1	112	10	25	-21
1	113	11	25	-20
1	114	11	25	-19
1	115	12	25	-19
1	116	12	26	-18
1	117	12	26	-18
1	118	12	26	-18
1	119	12	27	-17
1	120	12	27	-17
1	121	12	28	-17
1	122	12	28	-16
1	123	13	28	-16
1	124	13	28	-15
1	125	13	28	-15
1	126	14	28	-15
1	127	14	28	-14
1	128	13	28	-14
1	129	12	28	-14
1	130	11	29	-13
1	131	10	29	-13
1	132	10	30	-13
1	133	9	30	-12
1	134	7	29	-13
1	135	6	29	-14
1	136	4	28	-14
1	137	3	27	-15
1	138	1	27	-16
1	139	0	26	-16
1	140	-1	25	-16
1	141	-2	24	-16
1	142	-3	22	-15
1	143	-4	21	-15
1	144	-5	20	-15
1	145	-6	19	-14
1	146	-6	18	-13
1	147	-6	17	-12
1	148	-6	16	-10
1	149	-5	15	-9
1	150	-5	14	-7
1	151	-5	13	-6
1	152	-4	13	-4
1	153	-3	13	-3
1	154	-2	13	-1
1	155	-1	13	0
1	156	0	13	2
1	157	1	13	3
1	158	2	15	3
1	159	3	17	3
1	160	3	19	2
1	161	4	21	2
1	162	4	23	2
1	163	5	25	2
1	164	5	26	2
1	165	4	26	2
1	166	3	26	2
1	167	3	27	3
1	168	2	27	3
1	169	2	28	3
1	170	3	28	3
1	171	4	28	3
1	172	5	28	3
1	173	6	28	3
1	174	7	28	3
1	175	8	28	3
1	176	10	30	3
1	177	11	31	3
1	178	12	33	4
1	179	14	34	4
1	180	15	36	4
1	181	16	37	4
1	182	16	39	3
1	183	17	41	1
1	184	17	43	0
1	185	17	45	-2
1	186	17	47	-3
1	187	17	49	-4
1	188	17	50	-4
1	189	17	51	-4
1	190	17	52	-4
1	191	17	52	-4
1	192	17	53	-4
1	193	17	54	-4
2	1	-12	30	-33
2	2	-12	29	-32
2	3	-12	28	-31
2	4	-11	27	-29
2	5	-11	26	-28
2	6	-11	25	-27
2	7	-11	24	-25
2	8	-9	24	-24
2	9	-7	23	-23
2	10	-6	23	-22
2	11	-4	22	-21
2	12	-2	22	-20
2	13	0	21	-19
2	14	2	22	-19
2	15	3	22	-19
2	16	5	22	-19
2	17	7	22	-20
2	18	8	22	-20
2	19	10	22	-20
2	20	10	23	-20
2	21	11	24	-21
2	22	11	24	-22
2	23	11	25	-22
2	24	11	26	-23
2	25	12	26	-24
2	26	11	26	-24
2	27	10	26	-25
2	28	9	26	-26
2	29	8	25	-27
2	30	7	25	-28
2	31	7	25	-29
2	32	7	25	-29
2	33	7	24	-29
2	34	7	24	-29
2	35	7	24	-29
2	36	7	24	-30
2	37	8	23	-30
2	38	7	23	-30
2	39	6	23	-30
2	40	6	23	-30
2	41	5	23	-30
2	42	5	22	-29
2	43	4	22	-29
2	44	4	22	-29
2	45	4	21	-28
2	46	4	21	-28
2	47	4	21	-27
2	48	4	20	-26
2	49	4	20	-26
2	50	5	20	-26
2	51	5	20	-25
2	52	6	20	-25
2	53	6	21	-25
2	54	7	21	-25
2	55	7	21	-24
2	56	7	22	-24
2	57	7	22	-23
2	58	7	23	-22
2	59	8	24	-21
2	60	8	25	-21
2	61	8	25	-20
2	62	7	26	-20
2	63	6	27	-21
2	64	5	28	-21
2	65	4	29	-21
2	66	3	30	-22
2	67	2	30	-22
2	68	0	32	-22
2	69	-3	33	-23
2	70	-6	35	-23
2	71	-9	36	-24
2	72	-12	38	-24
2	73	-15	39	-25
2	74	-14	37	-25
2	75	-13	35	-25
2	76	-13	33	-26
2	77	-12	32	-26
2	78	-11	30	-26
2	79	-11	28	-27
2	80	-12	27	-26
2	81	-13	25	-25
2	82	-14	24	-24
2	83	-15	23	-23
2	84	-16	21	-22
2	85	-18	20	-21
2	86	-15	19	-21
2	87	-12	18	-22
2	88	-10	17	-22
2	89	-7	16	-23
2	90	-4	15	-23
2	91	-2	14	-24
2	92	0	14	-24
2	93	1	14	-24
2	94	2	14	-24
2	95	4	14	-24
2	96	5	14	-24
2	97	6	14	-25
2	98	6	15	-25
2	99	6	16	-25
2	100	6	17	-25
2	101	6	18	-26
2	102	6	19	-26
2	103	5	20	-26
2	104	6	21	-26
2	105	6	22	-25
2	106	7	22	-25
2	107	7	23	-25
2	108	8	24	-24
2	109	8	24	-24
2	110	9	24	-23
2	111	10	24	-23
2	112	10	24	-22
2	113	11	24	-21
2	114	12	24	-21
2	115	12	25	-20
2	116	12	25	-19
2	117	12	25	-19
2	118	12	26	-19
2	119	12	26	-18
2	120	12	27	-18
2	121	12	27	-17
2	122	12	27	-17
2	123	12	27	-17
2	124	13	27	-16
2	125	13	27	-16
2	126	13	27	-16
2	127	13	27	-16
2	128	12	27	-15
2	129	11	27	-15
2	130	11	28	-15
2	131	10	28	-14
2	132	9	29	-14
2	133	8	29	-14
2	134	7	28	-14
2	135	6	28	-15
2	136	4	27	-15
2	137	3	26	-16
2	138	2	26	-17
2	139	1	25	-17
2	140	0	24	-17
2	141	-1	22	-16
2	142	-2	21	-16
2	143	-2	20	-15
2	144	-3	18	-15
2	145	-4	17	-15
2	146	-4	16	-13
2	147	-3	15	-12
2	148	-3	15	-10
2	149	-3	14	-8
2	150	-3	13	-7
2	151	-2	12	-5
2	152	-2	12	-4
2	153	-1	13	-2
2	154	0	13	-1
2	155	1	13	1
2	156	2	14	2
2	157	3	14	4
2	158	3	16	3
2	159	4	18	3
2	160	4	20	3
2	161	5	22	2
2	162	5	24	2
2	163	6	25	2
2	164	5	26	2
2	165	5	26	2
2	166	4	27	2
2	167	4	27	2
2	168	4	28	2
2	169	3	28	2
2	170	4	28	2
2	171	5	28	2
2	172	6	29	1
2	173	7	29	1
2	174	7	29	1
2	175	8	29	1
2	176	9	30	1
2	177	11	32	1
2	178	12	33	1
2	179	13	35	1
2	180	14	36	1
2	181	15	38	1
2	182	15	40	0
2	183	15	41	-2
2	184	15	43	-3
2	185	15	44	-4
2	186	15	46	-6
2	187	15	48	-7
2	188	15	49	-7
2	189	15	49	-7
2	190	15	50	-7
2	191	15	51	-6
2	192	15	52	-6
2	193	15	53	-6
3	1	-8	31	-32
3	2	-8	30	-31
3	3	-8	29	-30
3	4	-8	28	-29
3	5	-7	27	-28
3	6	-7	26	-27
3	7	-7	24	-26
3	8	-6	24	-25
3	9	-4	24	-24
3	10	-3	23	-23
3	11	-1	23	-22
3	12	0	22	-21
3	13	2	22	-20
3	14	3	22	-20
3	15	5	22	-20
3	16	6	22	-20
3	17	7	22	-20
3	18	9	22	-21
3	19	10	22	-21
3	20	10	23	-21
3	21	10	24	-22
3	22	11	24	-22
3	23	11	25	-23
3	24	11	26	-23
3	25	11	26	-24
3	26	10	26	-24
3	27	10	26	-25
3	28	9	26	-26
3	29	8	25	-27
3	30	7	25	-28
3	31	7	25	-28
3	32	7	25	-28
3	33	7	24	-29
3	34	7	24	-29
3	35	8	24	-29
3	36	8	24	-29
3	37	8	23	-30
3	38	7	23	-29
3	39	7	23	-29
3	40	7	23	-29
3	41	6	22	-29
3	42	6	22	-29
3	43	5	22	-29
3	44	5	22	-29
3	45	5	21	-28
3	46	5	21	-28
3	47	5	21	-27
3	48	5	20	-27
3	49	5	20	-26
3	50	5	20	-26
3	51	5	20	-26
3	52	6	20	-26
3	53	6	21	-25
3	54	6	21	-25
3	55	7	21	-25
3	56	7	22	-24
3	57	7	22	-24
3	58	6	23	-23
3	59	6	23	-23
3	60	6	24	-22
3	61	6	25	-21
3	62	6	25	-22
3	63	5	26	-22
3	64	4	27	-22
3	65	3	28	-22
3	66	2	29	-23
3	67	1	30	-23
3	68	-1	31	-23
3	69	-4	32	-24
3	70	-6	33	-24
3	71	-8	34	-24
3	72	-11	35	-25
3	73	-13	36	-25
3	74	-13	35	-25
3	75	-12	33	-25
3	76	-12	32	-26
3	77	-11	30	-26
3	78	-10	29	-26
3	79	-10	27	-26
3	80	-10	26	-25
3	81	-11	25	-24
3	82	-12	24	-24
3	83	-13	23	-23
3	84	-14	22	-22
3	85	-14	21	-21
3	86	-12	20	-22
3	87	-10	19	-22
3	88	-7	18	-23
3	89	-5	17	-23
3	90	-2	16	-24
3	91	0	15	-24
3	92	1	15	-24
3	93	2	15	-24
3	94	4	15	-24
3	95	5	15	-24
3	96	6	15	-24
3	97	7	15	-24
3	98	7	16	-25
3	99	7	17	-25
3	100	7	18	-25
3	101	7	19	-25
3	102	6	20	-25
3	103	6	21	-25
3	104	7	22	-25
3	105	7	22	-25
3	106	8	23	-25
3	107	8	23	-25
3	108	9	24	-24
3	109	9	25	-24
3	110	10	25	-24
3	111	10	24	-23
3	112	11	24	-23
3	113	11	24	-22
3	114	12	24	-22
3	115	12	24	-21
3	116	12	24	-21
3	117	12	25	-20
3	118	12	25	-20
3	119	12	26	-19
3	120	12	26	-18
3	121	12	26	-18
3	122	12	26	-18
3	123	12	26	-18
3	124	12	26	-17
3	125	12	26	-17
3	126	12	26	-17
3	127	12	25	-17
3	128	11	26	-17
3	129	11	26	-16
3	130	10	27	-16
3	131	9	27	-16
3	132	8	27	-16
3	133	7	28	-15
3	134	6	27	-16
3	135	6	26	-16
3	136	5	26	-17
3	137	4	25	-17
3	138	3	24	-17
3	139	2	24	-18
3	140	1	22	-17
3	141	1	21	-17
3	142	0	20	-16
3	143	0	18	-16
3	144	-1	17	-15
3	145	-2	16	-15
3	146	-1	15	-13
3	147	-1	14	-11
3	148	-1	14	-10
3	149	0	13	-8
3	150	0	12	-6
3	151	0	12	-5
3	152	1	12	-3
3	153	1	13	-2
3	154	2	13	0
3	155	3	14	1
3	156	3	14	3
3	157	4	15	4
3	158	5	17	4
3	159	5	19	3
3	160	5	20	3
3	161	6	22	2
3	162	6	24	2
3	163	7	26	1
3	164	6	26	1
3	165	6	27	1
3	166	6	27	1
3	167	5	28	1
3	168	5	28	1
3	169	4	29	1
3	170	5	29	1
3	171	6	29	0
3	172	6	29	0
3	173	7	29	0
3	174	8	29	-1
3	175	8	30	-1
3	176	9	31	-1
3	177	10	33	-1
3	178	11	34	-1
3	179	12	35	-2
3	180	13	37	-2
3	181	14	38	-2
3	182	14	40	-3
3	183	14	41	-4
3	184	14	43	-6
3	185	14	44	-7
3	186	14	45	-8
3	187	14	47	-10
3	188	14	47	-9
3	189	14	48	-9
3	190	14	49	-9
3	191	14	50	-9
3	192	14	50	-9
3	193	14	51	-8
4	1	-4	32	-31
4	2	-4	31	-30
4	3	-4	30	-29
4	4	-4	28	-29
4	5	-4	27	-28
4	6	-4	26	-27
4	7	-4	25	-26
4	8	-2	24	-25
4	9	-1	24	-25
4	10	0	23	-24
4	11	1	23	-23
4	12	2	22	-23
4	13	4	22	-22
4	14	5	22	-22
4	15	6	22	-22
4	16	7	22	-22
4	17	8	22	-21
4	18	9	22	-21
4	19	10	23	-21
4	20	10	23	-22
4	21	10	24	-22
4	22	10	24	-23
4	23	10	25	-23
4	24	10	25	-23
4	25	10	26	-24
4	26	10	26	-24
4	27	9	26	-25
4	28	9	26	-26
4	29	8	25	-26
4	30	8	25	-27
4	31	7	25	-28
4	32	7	25	-28
4	33	7	25	-28
4	34	8	24	-28
4	35	8	24	-29
4	36	8	24	-29
4	37	8	23	-29
4	38	8	23	-29
4	39	7	23	-29
4	40	7	22	-29
4	41	7	22	-29
4	42	6	22	-29
4	43	6	22	-29
4	44	6	21	-29
4	45	6	21	-29
4	46	6	21	-28
4	47	5	20	-28
4	48	5	20	-27
4	49	5	20	-27
4	50	5	20	-27
4	51	5	20	-26
4	52	5	20	-26
4	53	6	21	-26
4	54	6	21	-26
4	55	6	21	-25
4	56	6	21	-25
4	57	6	22	-25
4	58	6	22	-24
4	59	5	23	-24
4	60	5	23	-23
4	61	5	24	-23
4	62	4	25	-23
4	63	3	26	-23
4	64	3	26	-24
4	65	2	27	-24
4	66	1	28	-24
4	67	0	29	-24
4	68	-2	30	-24
4	69	-4	31	-25
4	70	-6	31	-25
4	71	-8	32	-25
4	72	-10	33	-25
4	73	-12	34	-25
4	74	-11	33	-25
4	75	-11	31	-25
4	76	-10	30	-25
4	77	-10	29	-25
4	78	-9	28	-25
4	79	-9	27	-25
4	80	-9	26	-25
4	81	-10	25	-24
4	82	-10	24	-24
4	83	-10	23	-23
4	84	-11	22	-23
4	85	-11	21	-22
4	86	-9	20	-23
4	87	-7	19	-23
4	88	-4	19	-23
4	89	-2	18	-24
4	90	0	17	-24
4	91	2	17	-24
4	92	3	17	-24
4	93	4	16	-24
4	94	5	16	-24
4	95	6	16	-24
4	96	7	16	-24
4	97	8	16	-24
4	98	8	17	-24
4	99	8	18	-24
4	100	8	19	-24
4	101	7	20	-24
4	102	7	21	-24
4	103	7	22	-24
4	104	8	22	-24
4	105	8	23	-24
4	106	9	23	-24
4	107	9	24	-24
4	108	9	24	-24
4	109	10	25	-24
4	110	10	25	-24
4	111	11	24	-24
4	112	11	24	-24
4	113	12	24	-23
4	114	12	23	-23
4	115	12	23	-23
4	116	12	24	-22
4	117	12	24	-21
4	118	12	24	-21
4	119	12	25	-20
4	120	12	25	-19
4	121	12	26	-19
4	122	12	25	-18
4	123	12	25	-18
4	124	11	25	-18
4	125	11	25	-18
4	126	11	24	-18
4	127	11	24	-18
4	128	10	25	-18
4	129	10	25	-18
4	130	9	25	-18
4	131	8	26	-17
4	132	8	26	-17
4	133	7	27	-17
4	134	6	26	-17
4	135	5	25	-17
4	136	5	24	-18
4	137	4	24	-18
4	138	3	23	-18
4	139	3	22	-19
4	140	2	21	-18
4	141	2	20	-17
4	142	2	18	-17
4	143	1	17	-16
4	144	1	16	-16
4	145	1	14	-15
4	146	1	14	-13
4	147	1	13	-11
4	148	2	13	-9
4	149	2	12	-8
4	150	2	12	-6
4	151	3	11	-4
4	152	3	12	-2
4	153	4	13	-1
4	154	4	14	0
4	155	5	14	2
4	156	5	15	3
4	157	6	16	5
4	158	6	18	4
4	159	6	19	4
4	160	7	21	3
4	161	7	23	2
4	162	7	25	2
4	163	7	26	1
4	164	7	27	1
4	165	7	27	1
4	166	7	28	0
4	167	6	28	0
4	168	6	28	0
4	169	6	29	0
4	170	6	29	-1
4	171	7	29	-1
4	172	7	30	-2
4	173	8	30	-2
4	174	8	30	-3
4	175	8	30	-3
4	176	9	32	-3
4	177	10	33	-4
4	178	10	35	-4
4	179	11	36	-4
4	180	12	37	-5
4	181	12	39	-5
4	182	12	40	-6
4	183	12	41	-7
4	184	12	42	-9
4	185	12	43	-10
4	186	12	44	-11
4	187	12	46	-12
4	188	12	46	-12
4	189	12	47	-12
4	190	12	48	-12
4	191	12	48	-11
4	192	12	49	-11
4	193	12	49	-11
5	1	0	34	-30
5	2	0	32	-30
5	3	0	31	-29
5	4	0	29	-28
5	5	0	28	-28
5	6	0	26	-27
5	7	0	25	-26
5	8	1	24	-26
5	9	2	24	-25
5	10	3	23	-25
5	11	4	23	-24
5	12	5	23	-24
5	13	6	22	-23
5	14	6	22	-23
5	15	7	22	-23
5	16	8	22	-23
5	17	9	22	-22
5	18	10	23	-22
5	19	10	23	-22
5	20	10	23	-22
5	21	10	24	-23
5	22	10	24	-23
5	23	10	25	-23
5	24	10	25	-24
5	25	10	26	-24
5	26	9	26	-24
5	27	9	26	-25
5	28	8	25	-26
5	29	8	25	-26
5	30	8	25	-27
5	31	7	25	-27
5	32	7	25	-28
5	33	8	25	-28
5	34	8	24	-28
5	35	8	24	-28
5	36	8	23	-29
5	37	9	23	-29
5	38	8	23	-29
5	39	8	23	-29
5	40	8	22	-29
5	41	7	22	-29
5	42	7	22	-29
5	43	7	22	-29
5	44	7	21	-29
5	45	6	21	-29
5	46	6	21	-28
5	47	6	20	-28
5	48	6	20	-28
5	49	6	20	-27
5	50	5	20	-27
5	51	5	20	-27
5	52	5	20	-27
5	53	5	21	-26
5	54	5	21	-26
5	55	5	21	-26
5	56	5	21	-26
5	57	5	22	-25
5	58	5	22	-25
5	59	4	22	-25
5	60	4	23	-25
5	61	4	23	-24
5	62	3	24	-25
5	63	2	25	-25
5	64	1	26	-25
5	65	1	26	-25
5	66	0	27	-25
5	67	-1	28	-25
5	68	-3	29	-25
5	69	-4	29	-25
5	70	-6	30	-25
5	71	-7	30	-26
5	72	-9	31	-26
5	73	-11	32	-26
5	74	-10	31	-26
5	75	-10	30	-25
5	76	-9	29	-25
5	77	-9	28	-25
5	78	-8	27	-25
5	79	-8	26	-25
5	80	-8	25	-24
5	81	-8	24	-24
5	82	-8	24	-24
5	83	-8	23	-23
5	84	-8	22	-23
5	85	-8	21	-23
5	86	-6	21	-23
5	87	-4	20	-24
5	88	-2	20	-24
5	89	0	19	-24
5	90	2	18	-25
5	91	4	18	-25
5	92	5	18	-25
5	93	6	18	-25
5	94	6	18	-24
5	95	7	18	-24
5	96	8	17	-24
5	97	9	17	-24
5	98	9	18	-24
5	99	9	19	-24
5	100	8	20	-24
5	101	8	21	-24
5	102	8	22	-24
5	103	8	23	-24
5	104	9	23	-24
5	105	9	24	-24
5	106	9	24	-24
5	107	10	24	-24
5	108	10	25	-25
5	109	11	25	-25
5	110	11	25	-25
5	111	11	24	-25
5	112	12	24	-24
5	113	12	23	-24
5	114	12	23	-24
5	115	12	22	-24
5	116	12	23	-23
5	117	12	23	-22
5	118	12	24	-22
5	119	12	24	-21
5	120	12	25	-20
5	121	12	25	-19
5	122	11	25	-19
5	123	11	24	-19
5	124	11	24	-19
5	125	11	24	-19
5	126	10	23	-20
5	127	10	23	-20
5	128	9	23	-19
5	129	9	24	-19
5	130	8	24	-19
5	131	8	25	-19
5	132	7	25	-18
5	133	6	26	-18
5	134	6	25	-18
5	135	5	24	-19
5	136	5	23	-19
5	137	5	23	-19
5	138	4	22	-19
5	139	4	21	-20
5	140	4	20	-19
5	141	3	18	-18
5	142	3	17	-17
5	143	3	16	-17
5	144	3	14	-16
5	145	3	13	-15
5	146	3	13	-13
5	147	4	12	-11
5	148	4	12	-9
5	149	4	11	-7
5	150	5	11	-5
5	151	5	11	-3
5	152	5	12	-2
5	153	6	13	0
5	154	6	14	1
5	155	6	15	2
5	156	7	16	4
5	157	7	17	5
5	158	7	18	5
5	159	7	20	4
5	160	8	22	3
5	161	8	23	2
5	162	8	25	2
5	163	8	27	1
5	164	8	27	1
5	165	8	28	0
5	166	8	28	0
5	167	7	28	-1
5	168	7	29	-1
5	169	7	29	-2
5	170	7	30	-2
5	171	8	30	-3
5	172	8	30	-3
5	173	8	30	-4
5	174	8	31	-5
5	175	9	31	-5
5	176	9	32	-6
5	177	9	34	-6
5	178	10	35	-7
5	179	10	37	-7
5	180	11	38	-7
5	181	11	39	-8
5	182	11	40	-9
5	183	11	41	-10
5	184	11	42	-11
5	185	11	43	-13
5	186	11	44	-14
5	187	11	44	-15
5	188	11	45	-15
5	189	11	46	-14
5	190	10	46	-14
5	191	10	47	-14
5	192	10	47	-13
5	193	10	48	-13
6	1	4	35	-29
6	2	4	33	-29
6	3	4	31	-28
6	4	4	30	-28
6	5	4	28	-27
6	6	4	26	-27
6	7	4	25	-27
6	8	4	24	-26
6	9	5	24	-26
6	10	6	24	-26
6	11	6	23	-25
6	12	7	23	-25
6	13	7	22	-25
6	14	8	22	-24
6	15	8	23	-24
6	16	9	23	-24
6	17	9	23	-23
6	18	10	23	-23
6	19	10	23	-23
6	20	10	23	-23
6	21	10	24	-23
6	22	10	24	-23
6	23	10	24	-24
6	24	9	25	-24
6	25	9	25	-24
6	26	9	25	-24
6	27	9	25	-25
6	28	8	25	-25
6	29	8	26	-26
6	30	8	26	-26
6	31	7	26	-27
6	32	8	25	-27
6	33	8	25	-27
6	34	8	24	-28
6	35	8	24	-28
6	36	9	23	-28
6	37	9	23	-28
6	38	9	23	-29
6	39	9	22	-29
6	40	8	22	-29
6	41	8	22	-29
6	42	8	22	-29
6	43	8	21	-29
6	44	8	21	-29
6	45	7	21	-29
6	46	7	20	-29
6	47	7	20	-28
6	48	6	20	-28
6	49	6	19	-28
6	50	6	20	-28
6	51	6	20	-27
6	52	5	20	-27
6	53	5	21	-27
6	54	5	21	-27
6	55	5	21	-26
6	56	4	21	-26
6	57	4	22	-26
6	58	4	22	-26
6	59	3	22	-26
6	60	3	22	-26
6	61	2	23	-26
6	62	2	23	-26
6	63	1	24	-26
6	64	0	25	-26
6	65	-1	26	-26
6	66	-1	26	-26
6	67	-2	27	-26
6	68	-3	27	-26
6	69	-4	28	-26
6	70	-6	28	-26
6	71	-7	28	-26
6	72	-8	29	-26
6	73	-9	29	-26
6	74	-9	28	-26
6	75	-9	28	-25
6	76	-8	27	-25
6	77	-8	26	-25
6	78	-8	26	-24
6	79	-7	25	-24
6	80	-7	25	-24
6	81	-6	24	-24
6	82	-6	23	-24
6	83	-5	23	-24
6	84	-5	22	-24
6	85	-5	22	-24
6	86	-3	21	-24
6	87	-1	21	-24
6	88	1	20	-24
6	89	3	20	-25
6	90	4	19	-25
6	91	6	19	-25
6	92	7	19	-25
6	93	7	19	-25
6	94	8	19	-25
6	95	8	19	-24
6	96	9	19	-24
6	97	10	19	-24
6	98	10	19	-24
6	99	9	20	-23
6	100	9	21	-23
6	101	9	22	-23
6	102	9	23	-23
6	103	9	24	-23
6	104	9	24	-23
6	105	10	24	-23
6	106	10	25	-24
6	107	11	25	-24
6	108	11	25	-25
6	109	11	25	-25
6	110	12	25	-25
6	111	12	24	-25
6	112	12	23	-25
6	113	12	23	-25
6	114	12	22	-25
6	115	13	22	-26
6	116	12	22	-25
6	117	12	23	-24
6	118	12	23	-23
6	119	12	23	-22
6	120	12	24	-21
6	121	11	24	-20
6	122	11	24	-20
6	123	11	24	-20
6	124	10	23	-20
6	125	10	23	-21
6	126	10	22	-21
6	127	9	22	-21
6	128	9	22	-21
6	129	8	23	-21
6	130	7	23	-20
6	131	7	24	-20
6	132	6	24	-20
6	133	6	24	-20
6	134	5	24	-20
6	135	5	23	-20
6	136	5	22	-20
6	137	5	21	-20
6	138	5	21	-20
6	139	5	20	-21
6	140	5	18	-20
6	141	5	17	-19
6	142	5	16	-18
6	143	5	14	-17
6	144	5	13	-16
6	145	5	12	-15
6	146	6	11	-13
6	147	6	11	-11
6	148	6	11	-9
6	149	7	11	-7
6	150	7	10	-5
6	151	8	10	-3
6	152	8	11	-1
6	153	8	13	0
6	154	8	14	2
6	155	8	15	3
6	156	8	16	5
6	157	9	18	6
6	158	9	19	5
6	159	9	21	4
6	160	9	22	3
6	161	9	24	2
6	162	9	26	2
6	163	9	27	1
6	164	9	28	0
6	165	9	28	0
6	166	9	28	-1
6	167	8	29	-2
6	168	8	29	-2
6	169	8	30	-3
6	170	8	30	-3
6	171	8	30	-4
6	172	8	31	-5
6	173	9	31	-6
6	174	9	31	-6
6	175	9	32	-7
6	176	9	33	-8
6	177	9	34	-8
6	178	9	36	-9
6	179	9	37	-10
6	180	10	38	-10
6	181	10	40	-11
6	182	10	40	-12
6	183	10	41	-13
6	184	10	42	-14
6	185	10	42	-15
6	186	10	43	-16
6	187	9	43	-17
6	188	9	44	-17
6	189	9	44	-17
6	190	9	45	-16
6	191	9	45	-16
6	192	8	46	-16
6	193	8	46	-16
7	1	8	36	-28
7	2	8	34	-28
7	3	8	32	-28
7	4	8	30	-28
7	5	8	28	-27
7	6	8	27	-27
7	7	8	25	-27
7	8	8	24	-27
7	9	8	24	-27
7	10	8	24	-26
7	11	9	23	-26
7	12	9	23	-26
7	13	9	23	-26
7	14	10	23	-26
7	15	10	23	-25
7	16	10	23	-25
7	17	10	23	-24
7	18	10	23	-24
7	19	11	23	-24
7	20	10	23	-24
7	21	10	24	-24
7	22	9	24	-24
7	23	9	24	-24
7	24	9	25	-24
7	25	8	25	-24
7	26	8	25	-24
7	27	8	25	-25
7	28	8	25	-25
7	29	8	26	-26
7	30	8	26	-26
7	31	8	26	-27
7	32	8	25	-27
7	33	8	25	-27
7	34	8	24	-27
7	35	9	24	-28
7	36	9	23	-28
7	37	9	23	-28
7	38	9	23	-28
7	39	9	22	-29
7	40	9	22	-29
7	41	9	22	-29
7	42	9	21	-29
7	43	9	21	-29
7	44	8	21	-29
7	45	8	21	-29
7	46	8	20	-29
7	47	7	20	-29
7	48	7	20	-29
7	49	6	19	-28
7	50	6	20	-28
7	51	6	20	-28
7	52	5	20	-28
7	53	5	20	-27
7	54	4	21	-27
7	55	4	21	-27
7	56	3	21	-27
7	57	3	21	-27
7	58	3	21	-27
7	59	2	22	-27
7	60	2	22	-27
7	61	1	22	-28
7	62	0	23	-28
7	63	0	23	-28
7	64	-1	24	-27
7	65	-2	25	-27
7	66	-2	26	-27
7	67	-3	26	-27
7	68	-4	26	-27
7	69	-5	26	-27
7	70	-5	26	-27
7	71	-6	26	-27
7	72	-7	27	-27
7	73	-8	27	-26
7	74	-8	26	-26
7	75	-7	26	-25
7	76	-7	25	-25
7	77	-7	25	-24
7	78	-7	25	-24
7	79	-6	24	-23
7	80	-6	24	-23
7	81	-5	24	-24
7	82	-4	23	-24
7	83	-3	23	-24
7	84	-2	22	-24
7	85	-1	22	-24
7	86	0	22	-24
7	87	2	21	-25
7	88	3	21	-25
7	89	5	21	-25
7	90	6	20	-25
7	91	8	20	-26
7	92	8	20	-25
7	93	9	20	-25
7	94	9	20	-25
7	95	10	20	-24
7	96	10	20	-24
7	97	11	20	-24
7	98	10	21	-23
7	99	10	21	-23
7	100	10	22	-23
7	101	10	23	-22
7	102	10	24	-22
7	103	10	25	-22
7	104	10	25	-22
7	105	11	25	-23
7	106	11	25	-23
7	107	11	25	-24
7	108	12	25	-25
7	109	12	26	-25
7	110	12	25	-26
7	111	12	24	-26
7	112	12	23	-26
7	113	12	22	-26
7	114	13	22	-27
7	115	13	21	-27
7	116	12	21	-26
7	117	12	22	-25
7	118	12	22	-24
7	119	12	23	-23
7	120	12	23	-22
7	121	11	24	-20
7	122	11	23	-21
7	123	10	23	-21
7	124	10	22	-21
7	125	9	22	-22
7	126	9	21	-22
7	127	8	21	-22
7	128	8	21	-22
7	129	7	22	-22
7	130	7	22	-22
7	131	6	22	-22
7	132	6	23	-21
7	133	5	23	-21
7	134	5	22	-21
7	135	5	22	-21
7	136	5	21	-21
7	137	5	20	-21
7	138	5	19	-21
7	139	6	18	-21
7	140	6	17	-20
7	141	6	16	-19
7	142	7	14	-18
7	143	7	13	-17
7	144	7	12	-16
7	145	7	10	-15
7	146	8	10	-13
7	147	8	10	-11
7	148	9	10	-9
7	149	9	10	-6
7	150	10	10	-4
7	151	10	10	-2
7	152	10	11	-1
7	153	10	13	1
7	154	10	14	2
7	155	10	16	4
7	156	10	17	5
7	157	10	19	6
7	158	10	20	5
7	159	10	22	4
7	160	10	23	4
7	161	10	25	3
7	162	10	26	2
7	163	10	27	1
7	164	10	28	0
7	165	10	28	-1
7	166	10	29	-2
7	167	10	29	-2
7	168	10	30	-3
7	169	10	30	-4
7	170	9	31	-5
7	171	9	31	-6
7	172	9	31	-7
7	173	9	32	-7
7	174	9	32	-8
7	175	9	32	-9
7	176	9	34	-10
7	177	9	35	-11
7	178	9	36	-12
7	179	8	38	-12
7	180	8	39	-13
7	181	8	40	-14
7	182	8	41	-15
7	183	8	41	-16
7	184	8	41	-17
7	185	8	42	-18
7	186	8	42	-19
7	187	8	42	-20
7	188	8	43	-20
7	189	7	43	-19
7	190	7	43	-19
7	191	7	44	-19
7	192	7	44	-18
7	193	6	45	-18
8	1	8	35	-29
8	2	8	33	-29
8	3	8	32	-28
8	4	8	30	-28
8	5	8	28	-28
8	6	8	27	-28
8	7	8	25	-28
8	8	8	25	-27
8	9	8	24	-27
8	10	8	24	-27
8	11	9	24	-27
8	12	9	23	-27
8	13	9	23	-26
8	14	9	23	-26
8	15	10	23	-26
8	16	10	23	-25
8	17	10	23	-25
8	18	10	23	-25
8	19	11	23	-24
8	20	10	23	-24
8	21	10	23	-24
8	22	10	24	-24
8	23	9	24	-24
8	24	9	24	-24
8	25	8	25	-24
8	26	8	25	-25
8	27	8	25	-25
8	28	8	25	-25
8	29	8	25	-26
8	30	8	25	-26
8	31	8	25	-26
8	32	8	25	-27
8	33	8	25	-27
8	34	8	24	-27
8	35	8	24	-27
8	36	8	24	-28
8	37	9	23	-28
8	38	9	23	-28
8	39	9	22	-28
8	40	9	22	-29
8	41	9	22	-29
8	42	9	21	-29
8	43	8	21	-29
8	44	8	21	-29
8	45	8	21	-29
8	46	7	20	-29
8	47	7	20	-29
8	48	6	20	-29
8	49	6	20	-28
8	50	6	20	-28
8	51	5	20	-28
8	52	5	21	-27
8	53	5	21	-27
8	54	4	21	-27
8	55	4	21	-27
8	56	4	21	-27
8	57	3	21	-27
8	58	3	22	-27
8	59	3	22	-27
8	60	2	22	-27
8	61	2	22	-27
8	62	1	23	-27
8	63	0	23	-27
8	64	0	24	-27
8	65	-1	24	-27
8	66	-2	25	-27
8	67	-3	26	-27
8	68	-3	26	-27
8	69	-4	26	-27
8	70	-5	26	-27
8	71	-6	26	-27
8	72	-6	26	-27
8	73	-7	26	-27
8	74	-7	26	-26
8	75	-7	26	-26
8	76	-6	25	-25
8	77	-6	25	-25
8	78	-6	25	-24
8	79	-6	25	-24
8	80	-5	24	-24
8	81	-4	24	-24
8	82	-4	24	-24
8	83	-3	23	-24
8	84	-2	23	-24
8	85	-2	23	-24
8	86	0	22	-25
8	87	1	22	-25
8	88	2	22	-25
8	89	4	21	-25
8	90	5	21	-25
8	91	6	21	-25
8	92	7	21	-25
8	93	7	21	-25
8	94	8	21	-25
8	95	8	21	-25
8	96	9	21	-24
8	97	9	21	-24
8	98	9	21	-24
8	99	9	22	-24
8	100	9	23	-23
8	101	9	23	-23
8	102	9	24	-23
8	103	9	25	-22
8	104	9	25	-23
8	105	10	25	-23
8	106	10	25	-24
8	107	10	25	-24
8	108	11	25	-25
8	109	11	25	-25
8	110	11	25	-25
8	111	11	24	-26
8	112	11	24	-26
8	113	11	23	-26
8	114	11	22	-26
8	115	11	22	-27
8	116	11	22	-26
8	117	11	22	-25
8	118	11	23	-24
8	119	10	23	-23
8	120	10	23	-23
8	121	10	24	-22
8	122	10	23	-22
8	123	10	23	-22
8	124	9	22	-22
8	125	9	22	-22
8	126	9	21	-23
8	127	9	21	-23
8	128	8	21	-22
8	129	8	22	-22
8	130	7	22	-22
8	131	6	23	-22
8	132	6	23	-21
8	133	5	24	-21
8	134	5	23	-21
8	135	5	22	-21
8	136	5	21	-21
8	137	5	20	-21
8	138	5	20	-21
8	139	5	19	-21
8	140	5	18	-21
8	141	6	16	-20
8	142	6	15	-19
8	143	6	14	-18
8	144	6	13	-17
8	145	7	11	-16
8	146	7	11	-14
8	147	7	11	-12
8	148	8	11	-10
8	149	8	11	-8
8	150	9	10	-6
8	151	9	10	-4
8	152	9	11	-3
8	153	9	13	-1
8	154	9	14	0
8	155	9	15	1
8	156	9	17	3
8	157	10	18	4
8	158	10	19	3
8	159	10	21	3
8	160	9	22	2
8	161	9	24	1
8	162	9	25	0
8	163	9	26	-1
8	164	9	27	-1
8	165	9	27	-2
8	166	9	28	-2
8	167	9	28	-3
8	168	9	29	-4
8	169	9	29	-4
8	170	9	30	-5
8	171	9	30	-6
8	172	9	30	-7
8	173	9	31	-7
8	174	8	31	-8
8	175	8	32	-9
8	176	8	33	-10
8	177	8	34	-10
8	178	8	35	-11
8	179	8	37	-12
8	180	8	38	-12
8	181	7	39	-13
8	182	7	40	-14
8	183	7	40	-15
8	184	7	41	-16
8	185	7	41	-17
8	186	7	42	-18
8	187	7	42	-19
8	188	7	43	-19
8	189	6	43	-19
8	190	6	43	-18
8	191	6	44	-18
8	192	6	44	-17
8	193	5	45	-17
9	1	8	34	-29
9	2	8	33	-29
9	3	8	31	-29
9	4	8	30	-29
9	5	8	28	-29
9	6	8	27	-29
9	7	8	25	-28
9	8	8	25	-28
9	9	8	25	-28
9	10	8	24	-28
9	11	9	24	-27
9	12	9	23	-27
9	13	9	23	-27
9	14	9	23	-27
9	15	10	23	-26
9	16	10	23	-26
9	17	10	23	-26
9	18	10	23	-25
9	19	11	22	-25
9	20	10	23	-25
9	21	10	23	-25
9	22	10	23	-25
9	23	9	24	-25
9	24	9	24	-24
9	25	8	24	-24
9	26	8	25	-25
9	27	8	25	-25
9	28	8	25	-25
9	29	8	25	-26
9	30	8	25	-26
9	31	8	25	-26
9	32	8	25	-27
9	33	8	25	-27
9	34	8	24	-27
9	35	8	24	-27
9	36	8	24	-27
9	37	8	23	-28
9	38	8	23	-28
9	39	8	23	-28
9	40	8	22	-28
9	41	8	22	-29
9	42	8	22	-29
9	43	8	21	-29
9	44	8	21	-29
9	45	7	21	-29
9	46	7	21	-29
9	47	6	21	-29
9	48	6	20	-28
9	49	6	20	-28
9	50	5	21	-28
9	51	5	21	-28
9	52	5	21	-27
9	53	5	21	-27
9	54	4	21	-27
9	55	4	21	-27
9	56	4	22	-26
9	57	4	22	-26
9	58	4	22	-26
9	59	3	22	-26
9	60	3	22	-26
9	61	3	22	-26
9	62	2	23	-26
9	63	1	23	-26
9	64	0	24	-26
9	65	-1	24	-26
9	66	-1	25	-26
9	67	-2	25	-27
9	68	-3	25	-27
9	69	-4	25	-27
9	70	-4	25	-27
9	71	-5	25	-27
9	72	-6	26	-27
9	73	-6	26	-27
9	74	-6	26	-27
9	75	-6	25	-26
9	76	-6	25	-26
9	77	-6	25	-25
9	78	-6	25	-25
9	79	-5	25	-25
9	80	-5	25	-25
9	81	-4	24	-25
9	82	-4	24	-25
9	83	-3	24	-25
9	84	-3	23	-25
9	85	-2	23	-25
9	86	-1	23	-25
9	87	0	23	-25
9	88	1	22	-25
9	89	3	22	-25
9	90	4	22	-25
9	91	5	22	-25
9	92	5	22	-25
9	93	6	22	-25
9	94	6	21	-25
9	95	7	21	-25
9	96	7	21	-25
9	97	8	21	-25
9	98	8	22	-24
9	99	8	22	-24
9	100	8	23	-24
9	101	8	23	-23
9	102	8	24	-23
9	103	8	25	-23
9	104	8	25	-23
9	105	9	25	-24
9	106	9	25	-24
9	107	9	25	-24
9	108	10	25	-25
9	109	10	25	-25
9	110	10	25	-25
9	111	10	24	-26
9	112	10	24	-26
9	113	10	24	-26
9	114	10	23	-26
9	115	10	23	-26
9	116	10	23	-26
9	117	10	23	-25
9	118	9	23	-25
9	119	9	23	-24
9	120	9	23	-24
9	121	9	24	-23
9	122	9	23	-23
9	123	9	23	-23
9	124	9	22	-23
9	125	9	22	-23
9	126	9	21	-23
9	127	9	21	-23
9	128	9	21	-23
9	129	8	22	-22
9	130	7	22	-22
9	131	7	23	-22
9	132	6	23	-21
9	133	5	24	-21
9	134	5	23	-21
9	135	5	22	-21
9	136	5	22	-21
9	137	5	21	-21
9	138	5	20	-21
9	139	5	19	-22
9	140	5	18	-21
9	141	5	17	-20
9	142	5	16	-19
9	143	5	15	-19
9	144	5	14	-18
9	145	6	13	-17
9	146	6	12	-15
9	147	6	12	-14
9	148	7	12	-12
9	149	7	11	-10
9	150	8	11	-8
9	151	8	11	-6
9	152	8	12	-5
9	153	8	13	-4
9	154	9	14	-2
9	155	9	15	-1
9	156	9	16	1
9	157	9	17	2
9	158	9	19	1
9	159	9	20	1
9	160	9	21	0
9	161	9	23	0
9	162	9	24	-1
9	163	9	25	-2
9	164	9	26	-2
9	165	9	26	-3
9	166	9	27	-3
9	167	9	27	-4
9	168	9	28	-4
9	169	8	28	-5
9	170	8	29	-6
9	171	8	29	-6
9	172	8	30	-7
9	173	8	30	-7
9	174	8	30	-8
9	175	8	31	-9
9	176	8	32	-9
9	177	7	33	-10
9	178	7	35	-10
9	179	7	36	-11
9	180	7	37	-12
9	181	6	38	-12
9	182	6	39	-13
9	183	6	40	-14
9	184	6	40	-15
9	185	6	41	-16
9	186	6	41	-17
9	187	6	42	-18
9	188	5	43	-18
9	189	5	43	-18
9	190	5	43	-17
9	191	5	44	-17
9	192	5	44	-17
9	193	4	45	-16
10	1	9	33	-30
10	2	8	32	-30
10	3	8	31	-30
10	4	8	29	-30
10	5	8	28	-29
10	6	8	27	-29
10	7	8	26	-29
10	8	8	25	-29
10	9	8	25	-29
10	10	8	25	-28
10	11	9	24	-28
10	12	9	24	-28
10	13	9	23	-27
10	14	9	23	-27
10	15	9	23	-27
10	16	10	23	-26
10	17	10	23	-26
10	18	10	22	-26
10	19	11	22	-25
10	20	10	23	-25
10	21	10	23	-25
10	22	10	23	-25
10	23	9	23	-25
10	24	9	24	-25
10	25	8	24	-24
10	26	8	24	-25
10	27	8	24	-25
10	28	8	24	-25
10	29	8	25	-26
10	30	8	25	-26
10	31	8	25	-26
10	32	8	25	-26
10	33	8	24	-27
10	34	8	24	-27
10	35	8	24	-27
10	36	8	24	-27
10	37	8	24	-27
10	38	8	23	-28
10	39	8	23	-28
10	40	8	22	-28
10	41	8	22	-29
10	42	8	22	-29
10	43	8	21	-29
10	44	7	21	-29
10	45	7	21	-29
10	46	6	21	-29
10	47	6	21	-28
10	48	6	21	-28
10	49	5	21	-28
10	50	5	21	-28
10	51	5	21	-28
10	52	5	21	-27
10	53	5	21	-27
10	54	5	22	-27
10	55	4	22	-26
10	56	4	22	-26
10	57	4	22	-26
10	58	4	22	-26
10	59	4	22	-26
10	60	4	22	-26
10	61	4	22	-26
10	62	3	23	-26
10	63	2	23	-26
10	64	1	23	-26
10	65	0	24	-26
10	66	-1	24	-26
10	67	-2	25	-26
10	68	-3	25	-26
10	69	-3	25	-27
10	70	-4	25	-27
10	71	-5	25	-27
10	72	-5	25	-28
10	73	-6	25	-28
10	74	-6	25	-27
10	75	-5	25	-27
10	76	-5	25	-27
10	77	-5	25	-26
10	78	-5	25	-26
10	79	-5	25	-25
10	80	-4	25	-25
10	81	-4	25	-25
10	82	-4	24	-25
10	83	-3	24	-25
10	84	-3	24	-25
10	85	-3	23	-25
10	86	-2	23	-25
10	87	-1	23	-25
10	88	0	23	-25
10	89	1	23	-25
10	90	2	23	-25
10	91	3	23	-25
10	92	4	22	-25
10	93	4	22	-25
10	94	5	22	-25
10	95	6	22	-25
10	96	6	22	-25
10	97	7	22	-25
10	98	7	22	-25
10	99	7	23	-25
10	100	7	23	-24
10	101	7	24	-24
10	102	7	24	-24
10	103	7	24	-23
10	104	7	25	-24
10	105	7	25	-24
10	106	8	25	-24
10	107	8	25	-24
10	108	8	25	-25
10	109	9	25	-25
10	110	9	25	-25
10	111	9	25	-25
10	112	9	24	-26
10	113	9	24	-26
10	114	9	24	-26
10	115	9	24	-26
10	116	9	24	-26
10	117	8	24	-26
10	118	8	24	-25
10	119	8	23	-25
10	120	8	23	-25
10	121	7	23	-24
10	122	8	23	-24
10	123	8	23	-24
10	124	9	22	-24
10	125	9	22	-24
10	126	10	22	-23
10	127	10	21	-23
10	128	9	22	-23
10	129	8	22	-22
10	130	8	23	-22
10	131	7	23	-22
10	132	6	24	-21
10	133	5	24	-21
10	134	5	23	-21
10	135	5	23	-21
10	136	5	22	-21
10	137	5	21	-21
10	138	4	20	-21
10	139	4	20	-22
10	140	4	19	-21
10	141	4	18	-20
10	142	4	17	-20
10	143	5	16	-19
10	144	5	15	-19
10	145	5	14	-18
10	146	5	13	-16
10	147	5	13	-15
10	148	6	12	-13
10	149	6	12	-12
10	150	7	11	-10
10	151	7	11	-9
10	152	7	12	-7
10	153	7	13	-6
10	154	8	14	-5
10	155	8	15	-3
10	156	8	16	-2
10	157	9	17	0
10	158	9	18	-1
10	159	9	19	-1
10	160	9	20	-1
10	161	9	22	-2
10	162	9	23	-2
10	163	9	24	-3
10	164	9	24	-3
10	165	8	25	-4
10	166	8	26	-4
10	167	8	26	-5
10	168	8	27	-5
10	169	8	27	-6
10	170	8	28	-6
10	171	8	28	-6
10	172	8	29	-7
10	173	8	29	-7
10	174	7	30	-8
10	175	7	30	-8
10	176	7	31	-9
10	177	7	33	-9
10	178	6	34	-10
10	179	6	35	-10
10	180	6	36	-11
10	181	5	37	-11
10	182	5	38	-12
10	183	5	39	-13
10	184	5	40	-14
10	185	5	40	-16
10	186	4	41	-17
10	187	4	42	-18
10	188	4	42	-17
10	189	4	43	-17
10	190	4	43	-17
10	191	4	44	-16
10	192	4	45	-16
10	193	3	45	-16
11	1	9	32	-30
11	2	9	31	-30
11	3	9	30	-30
11	4	9	29	-30
11	5	8	28	-30
11	6	8	27	-30
11	7	8	26	-30
11	8	8	26	-30
11	9	8	25	-29
11	10	8	25	-29
11	11	9	24	-29
11	12	9	24	-28
11	13	9	24	-28
11	14	9	23	-28
11	15	9	23	-27
11	16	10	23	-27
11	17	10	23	-27
11	18	10	22	-26
11	19	11	22	-26
11	20	10	22	-26
11	21	10	23	-26
11	22	10	23	-25
11	23	9	23	-25
11	24	9	23	-25
11	25	8	24	-25
11	26	8	24	-25
11	27	8	24	-25
11	28	8	24	-25
11	29	8	24	-26
11	30	8	24	-26
11	31	8	24	-26
11	32	7	24	-26
11	33	7	24	-27
11	34	7	24	-27
11	35	7	24	-27
11	36	7	24	-27
11	37	7	24	-27
11	38	7	23	-28
11	39	7	23	-28
11	40	7	23	-28
11	41	7	22	-29
11	42	7	22	-29
11	43	7	21	-29
11	44	7	21	-29
11	45	6	21	-29
11	46	6	21	-29
11	47	6	21	-28
11	48	5	21	-28
11	49	5	21	-28
11	50	5	21	-28
11	51	5	22	-27
11	52	5	22	-27
11	53	5	22	-27
11	54	5	22	-27
11	55	5	22	-26
11	56	5	22	-26
11	57	5	22	-26
11	58	5	22	-26
11	59	5	22	-26
11	60	5	22	-25
11	61	5	22	-25
11	62	4	23	-25
11	63	3	23	-25
11	64	2	23	-25
11	65	1	23	-25
11	66	0	24	-26
11	67	-1	24	-26
11	68	-2	24	-26
11	69	-3	24	-27
11	70	-3	24	-27
11	71	-4	24	-27
11	72	-5	25	-28
11	73	-5	25	-28
11	74	-5	25	-28
11	75	-5	25	-28
11	76	-5	25	-27
11	77	-5	25	-27
11	78	-4	26	-26
11	79	-4	26	-26
11	80	-4	25	-26
11	81	-4	25	-26
11	82	-4	25	-25
11	83	-4	24	-25
11	84	-3	24	-25
11	85	-3	24	-25
11	86	-2	24	-25
11	87	-2	24	-25
11	88	-1	24	-25
11	89	0	24	-25
11	90	1	23	-25
11	91	2	23	-24
11	92	2	23	-25
11	93	3	23	-25
11	94	4	23	-25
11	95	4	23	-25
11	96	5	23	-25
11	97	5	23	-25
11	98	5	23	-25
11	99	5	23	-25
11	100	6	24	-25
11	101	6	24	-25
11	102	6	24	-24
11	103	6	24	-24
11	104	6	24	-24
11	105	6	25	-24
11	106	7	25	-24
11	107	7	25	-25
11	108	7	25	-25
11	109	8	25	-25
11	110	8	25	-25
11	111	8	25	-25
11	112	8	25	-25
11	113	8	25	-26
11	114	8	25	-26
11	115	8	25	-26
11	116	7	24	-26
11	117	7	24	-26
11	118	7	24	-26
11	119	6	24	-26
11	120	6	23	-26
11	121	6	23	-26
11	122	7	23	-25
11	123	7	23	-25
11	124	8	22	-25
11	125	9	22	-24
11	126	10	22	-24
11	127	11	21	-23
11	128	10	22	-23
11	129	9	22	-23
11	130	8	23	-22
11	131	7	23	-22
11	132	6	24	-21
11	133	5	24	-21
11	134	5	24	-21
11	135	5	23	-21
11	136	4	22	-21
11	137	4	22	-21
11	138	4	21	-21
11	139	4	20	-22
11	140	4	19	-21
11	141	4	18	-21
11	142	4	18	-20
11	143	4	17	-20
11	144	4	16	-19
11	145	4	15	-19
11	146	4	14	-18
11	147	4	14	-16
11	148	5	13	-15
11	149	5	13	-14
11	150	6	12	-12
11	151	6	11	-11
11	152	6	12	-10
11	153	7	13	-8
11	154	7	14	-7
11	155	7	15	-5
11	156	8	15	-4
11	157	8	16	-3
11	158	8	17	-3
11	159	8	18	-3
11	160	8	19	-3
11	161	8	21	-3
11	162	8	22	-3
11	163	8	23	-4
11	164	8	23	-4
11	165	8	24	-4
11	166	8	25	-5
11	167	8	25	-5
11	168	8	26	-6
11	169	7	26	-6
11	170	7	27	-6
11	171	7	27	-7
11	172	7	28	-7
11	173	7	28	-7
11	174	7	29	-8
11	175	7	29	-8
11	176	6	31	-9
11	177	6	32	-9
11	178	6	33	-9
11	179	5	34	-10
11	180	5	35	-10
11	181	4	36	-10
11	182	4	37	-12
11	183	4	38	-13
11	184	4	39	-14
11	185	3	40	-15
11	186	3	41	-16
11	187	3	42	-17
11	188	3	42	-17
11	189	3	43	-16
11	190	3	43	-16
11	191	3	44	-16
11	192	3	45	-15
11	193	2	45	-15
12	1	9	31	-31
12	2	9	31	-31
12	3	9	30	-31
12	4	9	29	-31
12	5	9	28	-31
12	6	8	27	-31
12	7	8	26	-31
12	8	8	26	-30
12	9	8	26	-30
12	10	8	25	-30
12	11	8	25	-29
12	12	9	24	-29
12	13	9	24	-29
12	14	9	24	-28
12	15	9	23	-28
12	16	10	23	-28
12	17	10	22	-27
12	18	10	22	-27
12	19	11	22	-27
12	20	10	22	-26
12	21	10	22	-26
12	22	10	23	-26
12	23	9	23	-25
12	24	9	23	-25
12	25	8	23	-25
12	26	8	24	-25
12	27	8	24	-25
12	28	8	24	-25
12	29	8	24	-26
12	30	8	24	-26
12	31	8	24	-26
12	32	7	24	-26
12	33	7	24	-26
12	34	7	24	-27
12	35	7	24	-27
12	36	7	24	-27
12	37	7	24	-27
12	38	7	24	-27
12	39	7	23	-28
12	40	7	23	-28
12	41	7	22	-28
12	42	7	22	-29
12	43	7	21	-29
12	44	7	21	-29
12	45	6	21	-29
12	46	6	22	-29
12	47	5	22	-28
12	48	5	22	-28
12	49	4	22	-28
12	50	4	22	-28
12	51	4	22	-27
12	52	5	22	-27
12	53	5	22	-27
12	54	5	22	-27
12	55	5	22	-26
12	56	5	22	-26
12	57	5	22	-26
12	58	5	22	-25
12	59	5	22	-25
12	60	5	22	-25
12	61	6	23	-24
12	62	5	23	-25
12	63	3	23	-25
12	64	2	23	-25
12	65	1	23	-25
12	66	0	23	-25
12	67	-1	23	-25
12	68	-2	23	-26
12	69	-2	24	-26
12	70	-3	24	-27
12	71	-3	24	-28
12	72	-4	24	-28
12	73	-5	24	-29
12	74	-4	25	-29
12	75	-4	25	-28
12	76	-4	25	-28
12	77	-4	25	-27
12	78	-4	26	-27
12	79	-4	26	-27
12	80	-4	26	-26
12	81	-4	25	-26
12	82	-4	25	-26
12	83	-4	25	-25
12	84	-4	25	-25
12	85	-4	24	-25
12	86	-3	24	-25
12	87	-2	24	-25
12	88	-2	24	-25
12	89	-1	24	-24
12	90	0	24	-24
12	91	0	24	-24
12	92	1	24	-24
12	93	1	24	-25
12	94	2	24	-25
12	95	3	24	-25
12	96	3	24	-26
12	97	4	23	-26
12	98	4	24	-26
12	99	4	24	-25
12	100	4	24	-25
12	101	5	24	-25
12	102	5	24	-25
12	103	5	24	-25
12	104	5	24	-25
12	105	5	24	-25
12	106	6	24	-25
12	107	6	25	-25
12	108	6	25	-25
12	109	6	25	-25
12	110	6	25	-25
12	111	6	25	-25
12	112	6	25	-25
12	113	6	25	-25
12	114	6	25	-25
12	115	6	25	-26
12	116	6	25	-26
12	117	6	25	-26
12	118	5	24	-26
12	119	5	24	-27
12	120	5	24	-27
12	121	5	23	-27
12	122	6	23	-27
12	123	7	23	-26
12	124	8	22	-25
12	125	9	22	-25
12	126	10	22	-24
12	127	11	21	-24
12	128	10	22	-23
12	129	9	22	-23
12	130	8	23	-22
12	131	7	24	-22
12	132	6	24	-21
12	133	5	25	-20
12	134	5	24	-21
12	135	5	23	-21
12	136	4	23	-21
12	137	4	22	-21
12	138	4	21	-21
12	139	3	21	-22
12	140	3	20	-21
12	141	3	19	-21
12	142	3	18	-21
12	143	3	18	-20
12	144	3	17	-20
12	145	3	16	-20
12	146	3	15	-19
12	147	3	15	-18
12	148	4	14	-17
12	149	4	13	-16
12	150	5	12	-14
12	151	5	12	-13
12	152	5	12	-12
12	153	6	13	-11
12	154	6	14	-9
12	155	7	14	-8
12	156	7	15	-6
12	157	8	16	-5
12	158	8	17	-5
12	159	8	18	-5
12	160	8	19	-5
12	161	8	20	-5
12	162	8	20	-5
12	163	8	21	-5
12	164	8	22	-5
12	165	8	23	-5
12	166	7	23	-6
12	167	7	24	-6
12	168	7	25	-6
12	169	7	25	-7
12	170	7	26	-7
12	171	7	27	-7
12	172	7	27	-7
12	173	7	28	-7
12	174	6	28	-8
12	175	6	29	-8
12	176	6	30	-8
12	177	5	31	-8
12	178	5	32	-9
12	179	4	33	-9
12	180	4	34	-9
12	181	3	36	-10
12	182	3	37	-11
12	183	3	38	-12
12	184	3	39	-13
12	185	2	40	-14
12	186	2	41	-15
12	187	2	42	-16
12	188	2	42	-16
12	189	2	43	-15
12	190	2	44	-15
12	191	2	44	-15
12	192	1	45	-14
12	193	1	45	-14
13	1	9	31	-31
13	2	9	30	-31
13	3	9	29	-31
13	4	9	29	-31
13	5	9	28	-31
13	6	9	27	-31
13	7	9	27	-31
13	8	8	26	-31
13	9	8	26	-31
13	10	8	25	-30
13	11	8	25	-30
13	12	8	25	-29
13	13	8	24	-29
13	14	9	24	-29
13	15	9	23	-28
13	16	10	23	-28
13	17	10	22	-28
13	18	10	22	-27
13	19	11	22	-27
13	20	10	22	-27
13	21	10	22	-26
13	22	10	22	-26
13	23	9	23	-26
13	24	9	23	-25
13	25	8	23	-25
13	26	8	23	-25
13	27	8	23	-25
13	28	8	23	-25
13	29	8	24	-26
13	30	8	24	-26
13	31	7	24	-26
13	32	7	24	-26
13	33	7	24	-26
13	34	7	24	-26
13	35	7	24	-27
13	36	7	24	-27
13	37	7	24	-27
13	38	7	24	-27
13	39	7	23	-28
13	40	7	23	-28
13	41	7	22	-28
13	42	7	22	-29
13	43	7	21	-29
13	44	6	22	-29
13	45	6	22	-29
13	46	5	22	-28
13	47	5	22	-28
13	48	4	22	-28
13	49	4	22	-28
13	50	4	22	-27
13	51	4	22	-27
13	52	4	22	-27
13	53	5	22	-27
13	54	5	22	-26
13	55	5	22	-26
13	56	5	22	-26
13	57	5	22	-25
13	58	6	23	-25
13	59	6	23	-25
13	60	6	23	-24
13	61	7	23	-24
13	62	5	23	-24
13	63	4	23	-24
13	64	3	23	-24
13	65	2	23	-24
13	66	1	23	-25
13	67	-1	23	-25
13	68	-1	23	-25
13	69	-2	23	-26
13	70	-2	23	-27
13	71	-3	23	-28
13	72	-3	24	-29
13	73	-4	24	-29
13	74	-4	24	-29
13	75	-4	25	-29
13	76	-4	25	-28
13	77	-3	26	-28
13	78	-3	26	-28
13	79	-3	26	-27
13	80	-3	26	-27
13	81	-3	26	-27
13	82	-4	26	-26
13	83	-4	25	-26
13	84	-4	25	-25
13	85	-4	25	-25
13	86	-4	25	-25
13	87	-3	25	-25
13	88	-3	25	-24
13	89	-2	25	-24
13	90	-2	25	-24
13	91	-1	25	-24
13	92	-1	25	-24
13	93	0	25	-25
13	94	1	25	-25
13	95	1	25	-26
13	96	2	24	-26
13	97	3	24	-26
13	98	3	24	-26
13	99	3	24	-26
13	100	3	24	-26
13	101	3	24	-26
13	102	4	24	-25
13	103	4	24	-25
13	104	4	24	-25
13	105	4	24	-25
13	106	5	24	-25
13	107	5	24	-25
13	108	5	24	-25
13	109	5	24	-25
13	110	5	25	-25
13	111	5	25	-25
13	112	5	25	-25
13	113	5	26	-25
13	114	5	26	-25
13	115	5	26	-25
13	116	5	26	-26
13	117	5	25	-26
13	118	4	25	-27
13	119	4	24	-27
13	120	4	24	-28
13	121	3	23	-28
13	122	5	23	-28
13	123	6	23	-27
13	124	8	22	-26
13	125	9	22	-25
13	126	10	22	-25
13	127	12	22	-24
13	128	11	22	-23
13	129	10	23	-23
13	130	9	23	-22
13	131	7	24	-22
13	132	6	24	-21
13	133	5	25	-20
13	134	5	24	-21
13	135	4	24	-21
13	136	4	23	-21
13	137	4	22	-21
13	138	3	22	-21
13	139	3	21	-22
13	140	3	20	-22
13	141	3	20	-21
13	142	2	19	-21
13	143	2	18	-21
13	144	2	18	-21
13	145	2	17	-21
13	146	2	16	-20
13	147	3	15	-19
13	148	3	15	-18
13	149	3	14	-17
13	150	3	13	-16
13	151	4	12	-16
13	152	4	13	-14
13	153	5	13	-13
13	154	5	14	-11
13	155	6	14	-10
13	156	7	14	-9
13	157	7	15	-7
13	158	7	16	-7
13	159	7	17	-7
13	160	7	18	-6
13	161	8	19	-6
13	162	8	19	-6
13	163	8	20	-6
13	164	8	21	-6
13	165	7	22	-6
13	166	7	22	-6
13	167	7	23	-7
13	168	6	24	-7
13	169	6	25	-7
13	170	6	25	-7
13	171	6	26	-7
13	172	6	26	-7
13	173	6	27	-7
13	174	6	27	-8
13	175	6	28	-8
13	176	5	29	-8
13	177	5	30	-8
13	178	4	31	-8
13	179	3	32	-8
13	180	3	33	-9
13	181	2	35	-9
13	182	2	36	-10
13	183	2	37	-11
13	184	1	38	-12
13	185	1	39	-13
13	186	1	40	-14
13	187	1	42	-15
13	188	1	42	-15
13	189	1	43	-15
13	190	1	44	-14
13	191	0	44	-14
13	192	0	45	-14
13	193	0	45	-13
14	1	10	31	-32
14	2	10	30	-32
14	3	10	30	-32
14	4	10	29	-32
14	5	10	28	-32
14	6	10	27	-32
14	7	10	27	-32
14	8	10	26	-32
14	9	10	26	-32
14	10	10	25	-31
14	11	10	25	-31
14	12	10	24	-30
14	13	10	24	-30
14	14	10	23	-30
14	15	10	23	-29
14	16	11	22	-29
14	17	11	22	-28
14	18	11	21	-28
14	19	12	21	-28
14	20	11	21	-27
14	21	11	21	-27
14	22	10	22	-27
14	23	10	22	-26
14	24	10	22	-26
14	25	9	22	-25
14	26	9	23	-25
14	27	9	23	-26
14	28	9	23	-26
14	29	8	23	-26
14	30	8	23	-26
14	31	8	23	-26
14	32	8	23	-26
14	33	8	24	-27
14	34	8	24	-27
14	35	8	24	-27
14	36	8	24	-27
14	37	8	24	-27
14	38	7	24	-27
14	39	7	23	-28
14	40	7	23	-28
14	41	7	22	-29
14	42	7	22	-29
14	43	7	21	-30
14	44	6	21	-29
14	45	6	21	-29
14	46	5	22	-29
14	47	5	22	-29
14	48	5	22	-29
14	49	4	22	-29
14	50	4	22	-28
14	51	4	22	-28
14	52	5	21	-28
14	53	5	21	-28
14	54	5	21	-27
14	55	5	21	-27
14	56	5	21	-27
14	57	5	21	-26
14	58	6	21	-26
14	59	6	21	-26
14	60	6	21	-25
14	61	6	21	-25
14	62	5	22	-25
14	63	4	22	-25
14	64	3	22	-25
14	65	2	22	-25
14	66	1	22	-25
14	67	0	22	-26
14	68	0	22	-26
14	69	-1	22	-27
14	70	-1	23	-28
14	71	-2	23	-28
14	72	-2	23	-29
14	73	-3	23	-30
14	74	-3	24	-30
14	75	-3	24	-29
14	76	-3	24	-29
14	77	-2	25	-29
14	78	-2	25	-29
14	79	-2	25	-29
14	80	-2	25	-28
14	81	-3	25	-28
14	82	-3	25	-28
14	83	-3	24	-27
14	84	-3	24	-27
14	85	-4	24	-27
14	86	-3	24	-26
14	87	-3	24	-26
14	88	-2	24	-26
14	89	-2	24	-26
14	90	-1	25	-26
14	91	-1	25	-26
14	92	0	24	-26
14	93	0	24	-27
14	94	1	24	-27
14	95	1	24	-28
14	96	2	24	-28
14	97	3	24	-29
14	98	3	24	-28
14	99	3	24	-28
14	100	3	23	-28
14	101	3	23	-28
14	102	3	23	-27
14	103	3	23	-27
14	104	4	23	-27
14	105	4	24	-27
14	106	5	24	-27
14	107	5	24	-27
14	108	6	24	-27
14	109	6	24	-26
14	110	6	24	-27
14	111	6	24	-27
14	112	6	25	-27
14	113	6	25	-27
14	114	6	25	-27
14	115	6	26	-27
14	116	6	25	-28
14	117	6	24	-28
14	118	5	24	-28
14	119	5	23	-29
14	120	5	23	-29
14	121	5	22	-30
14	122	6	22	-29
14	123	7	22	-28
14	124	8	21	-28
14	125	9	21	-27
14	126	10	21	-27
14	127	11	21	-26
14	128	10	21	-25
14	129	9	22	-25
14	130	8	22	-24
14	131	8	22	-24
14	132	7	23	-23
14	133	6	23	-22
14	134	6	23	-23
14	135	5	22	-23
14	136	5	22	-23
14	137	5	21	-23
14	138	4	21	-23
14	139	4	20	-24
14	140	4	20	-24
14	141	4	19	-24
14	142	4	18	-23
14	143	4	17	-23
14	144	3	17	-23
14	145	3	16	-23
14	146	4	15	-22
14	147	4	14	-21
14	148	4	13	-21
14	149	4	12	-20
14	150	5	12	-19
14	151	5	11	-18
14	152	5	11	-16
14	153	6	12	-15
14	154	6	12	-13
14	155	7	13	-12
14	156	8	13	-10
14	157	8	13	-9
14	158	8	14	-9
14	159	8	15	-8
14	160	9	16	-8
14	161	9	17	-7
14	162	9	18	-7
14	163	9	19	-7
14	164	9	20	-7
14	165	8	21	-7
14	166	8	21	-7
14	167	8	22	-7
14	168	7	23	-8
14	169	7	24	-8
14	170	7	24	-8
14	171	7	25	-8
14	172	6	25	-8
14	173	6	26	-8
14	174	6	26	-8
14	175	6	27	-8
14	176	5	28	-8
14	177	5	29	-9
14	178	4	30	-9
14	179	3	31	-9
14	180	3	32	-9
14	181	2	33	-9
14	182	2	35	-10
14	183	1	36	-11
14	184	1	37	-12
14	185	1	38	-14
14	186	0	39	-15
14	187	0	41	-16
14	188	0	41	-15
14	189	0	42	-15
14	190	0	42	-15
14	191	-1	43	-15
14	192	-1	44	-14
14	193	-1	44	-14
15	1	11	31	-33
15	2	11	31	-33
15	3	11	30	-33
15	4	11	29	-33
15	5	12	28	-33
15	6	12	27	-33
15	7	12	27	-33
15	8	12	26	-33
15	9	12	26	-32
15	10	12	25	-32
15	11	12	25	-32
15	12	12	24	-31
15	13	11	24	-31
15	14	12	23	-30
15	15	12	22	-30
15	16	12	22	-30
15	17	12	21	-29
15	18	12	21	-29
15	19	12	20	-28
15	20	12	20	-28
15	21	12	21	-28
15	22	11	21	-27
15	23	11	21	-27
15	24	11	22	-26
15	25	10	22	-26
15	26	10	22	-26
15	27	10	22	-26
15	28	9	22	-26
15	29	9	22	-26
15	30	8	23	-26
15	31	8	23	-27
15	32	8	23	-27
15	33	8	23	-27
15	34	8	23	-27
15	35	8	23	-27
15	36	9	24	-27
15	37	9	24	-27
15	38	8	23	-28
15	39	8	23	-28
15	40	8	22	-29
15	41	7	22	-29
15	42	7	22	-30
15	43	7	21	-30
15	44	7	21	-30
15	45	6	21	-30
15	46	6	21	-30
15	47	5	21	-30
15	48	5	21	-30
15	49	5	22	-30
15	50	5	21	-29
15	51	5	21	-29
15	52	5	21	-29
15	53	5	20	-29
15	54	5	20	-28
15	55	5	20	-28
15	56	5	20	-28
15	57	5	20	-27
15	58	6	20	-27
15	59	6	20	-27
15	60	6	20	-26
15	61	6	20	-26
15	62	5	20	-26
15	63	5	21	-26
15	64	4	21	-26
15	65	3	21	-26
15	66	2	21	-26
15	67	1	21	-26
15	68	1	21	-27
15	69	0	22	-28
15	70	0	22	-28
15	71	-1	22	-29
15	72	-1	22	-29
15	73	-2	23	-30
15	74	-2	23	-30
15	75	-2	23	-30
15	76	-2	23	-30
15	77	-2	24	-30
15	78	-2	24	-30
15	79	-2	24	-30
15	80	-2	24	-30
15	81	-2	24	-29
15	82	-2	24	-29
15	83	-2	23	-29
15	84	-3	23	-28
15	85	-3	23	-28
15	86	-2	23	-28
15	87	-2	23	-28
15	88	-2	24	-28
15	89	-1	24	-28
15	90	-1	24	-27
15	91	-1	24	-27
15	92	0	24	-28
15	93	0	24	-28
15	94	1	24	-29
15	95	2	23	-30
15	96	2	23	-30
15	97	3	23	-31
15	98	3	23	-30
15	99	3	23	-30
15	100	3	23	-30
15	101	3	23	-30
15	102	3	23	-29
15	103	3	22	-29
15	104	4	23	-29
15	105	4	23	-29
15	106	5	23	-29
15	107	5	23	-28
15	108	6	23	-28
15	109	7	23	-28
15	110	7	24	-28
15	111	7	24	-28
15	112	7	24	-29
15	113	7	24	-29
15	114	7	25	-29
15	115	7	25	-29
15	116	7	24	-29
15	117	7	24	-30
15	118	7	23	-30
15	119	6	22	-30
15	120	6	22	-31
15	121	6	21	-31
15	122	7	21	-31
15	123	8	20	-30
15	124	8	20	-29
15	125	9	20	-29
15	126	9	20	-28
15	127	10	20	-28
15	128	9	20	-27
15	129	9	20	-27
15	130	8	21	-26
15	131	8	21	-26
15	132	7	22	-25
15	133	7	22	-25
15	134	7	22	-25
15	135	6	21	-25
15	136	6	21	-25
15	137	6	20	-25
15	138	5	20	-25
15	139	5	19	-26
15	140	5	19	-26
15	141	5	18	-26
15	142	5	17	-26
15	143	5	16	-26
15	144	5	15	-26
15	145	5	15	-26
15	146	5	14	-25
15	147	5	13	-24
15	148	5	12	-23
15	149	5	11	-22
15	150	6	10	-21
15	151	6	9	-20
15	152	6	10	-19
15	153	7	10	-17
15	154	7	11	-15
15	155	8	11	-14
15	156	9	12	-12
15	157	9	12	-11
15	158	9	13	-10
15	159	9	14	-10
15	160	10	15	-9
15	161	10	16	-9
15	162	10	17	-8
15	163	10	18	-8
15	164	10	19	-8
15	165	9	20	-8
15	166	9	20	-8
15	167	8	21	-8
15	168	8	22	-8
15	169	8	23	-8
15	170	7	23	-9
15	171	7	24	-9
15	172	7	24	-9
15	173	7	25	-9
15	174	6	26	-9
15	175	6	26	-9
15	176	5	27	-9
15	177	5	28	-9
15	178	4	29	-9
15	179	3	30	-9
15	180	2	31	-10
15	181	2	32	-10
15	182	1	33	-11
15	183	1	35	-12
15	184	0	36	-13
15	185	0	37	-14
15	186	-1	38	-15
15	187	-1	40	-16
15	188	-1	40	-16
15	189	-1	41	-16
15	190	-1	41	-15
15	191	-2	42	-15
15	192	-2	42	-15
15	193	-2	43	-15
16	1	12	32	-34
16	2	12	31	-34
16	3	12	30	-34
16	4	13	29	-34
16	5	13	28	-34
16	6	13	27	-34
16	7	14	26	-34
16	8	13	26	-34
16	9	13	25	-33
16	10	13	25	-33
16	11	13	24	-32
16	12	13	24	-32
16	13	13	23	-32
16	14	13	23	-31
16	15	13	22	-31
16	16	13	21	-30
16	17	13	21	-30
16	18	13	20	-30
16	19	13	19	-29
16	20	13	20	-29
16	21	13	20	-28
16	22	12	20	-28
16	23	12	21	-27
16	24	12	21	-27
16	25	11	21	-26
16	26	11	21	-26
16	27	10	22	-26
16	28	10	22	-26
16	29	9	22	-27
16	30	9	22	-27
16	31	8	22	-27
16	32	9	23	-27
16	33	9	23	-27
16	34	9	23	-27
16	35	9	23	-27
16	36	10	23	-27
16	37	10	24	-27
16	38	9	23	-28
16	39	9	23	-28
16	40	8	22	-29
16	41	8	22	-29
16	42	8	21	-30
16	43	7	21	-31
16	44	7	21	-31
16	45	6	21	-31
16	46	6	21	-31
16	47	6	21	-31
16	48	5	21	-31
16	49	5	21	-31
16	50	5	21	-31
16	51	5	20	-30
16	52	5	20	-30
16	53	5	19	-30
16	54	5	19	-29
16	55	5	19	-29
16	56	5	19	-29
16	57	5	19	-28
16	58	5	19	-28
16	59	6	19	-27
16	60	6	19	-27
16	61	6	19	-27
16	62	6	19	-27
16	63	5	19	-27
16	64	4	20	-27
16	65	3	20	-27
16	66	3	20	-27
16	67	2	20	-27
16	68	2	21	-28
16	69	1	21	-28
16	70	1	21	-29
16	71	0	21	-29
16	72	0	22	-30
16	73	-1	22	-30
16	74	-1	22	-31
16	75	-1	22	-31
16	76	-1	22	-31
16	77	-1	23	-31
16	78	-1	23	-31
16	79	-1	23	-31
16	80	-1	23	-31
16	81	-1	23	-31
16	82	-1	23	-30
16	83	-2	22	-30
16	84	-2	22	-30
16	85	-2	22	-29
16	86	-2	22	-29
16	87	-1	23	-29
16	88	-1	23	-29
16	89	-1	23	-29
16	90	-1	23	-29
16	91	0	24	-29
16	92	0	24	-30
16	93	1	23	-30
16	94	1	23	-31
16	95	2	23	-32
16	96	2	23	-32
16	97	3	23	-33
16	98	3	22	-33
16	99	3	22	-32
16	100	3	22	-32
16	101	3	22	-32
16	102	3	22	-31
16	103	3	21	-31
16	104	3	22	-31
16	105	4	22	-31
16	106	5	22	-30
16	107	6	22	-30
16	108	6	23	-30
16	109	7	23	-30
16	110	7	23	-30
16	111	7	23	-30
16	112	7	23	-30
16	113	7	24	-31
16	114	7	24	-31
16	115	8	24	-31
16	116	8	23	-31
16	117	8	23	-31
16	118	8	22	-32
16	119	8	21	-32
16	120	8	21	-32
16	121	8	20	-32
16	122	8	20	-32
16	123	8	19	-31
16	124	9	19	-31
16	125	9	19	-30
16	126	9	19	-30
16	127	9	19	-30
16	128	9	19	-29
16	129	9	19	-29
16	130	8	20	-28
16	131	8	20	-28
16	132	8	20	-27
16	133	8	21	-27
16	134	7	20	-27
16	135	7	20	-27
16	136	7	20	-27
16	137	7	19	-27
16	138	6	19	-27
16	139	6	19	-28
16	140	6	18	-28
16	141	6	17	-28
16	142	6	16	-28
16	143	6	15	-28
16	144	6	14	-28
16	145	6	13	-28
16	146	6	12	-27
16	147	6	12	-26
16	148	6	11	-25
16	149	7	10	-24
16	150	7	9	-23
16	151	7	8	-23
16	152	7	8	-21
16	153	8	9	-19
16	154	9	9	-17
16	155	9	10	-16
16	156	10	10	-14
16	157	10	11	-12
16	158	10	12	-12
16	159	11	13	-11
16	160	11	14	-10
16	161	11	15	-10
16	162	11	16	-9
16	163	11	17	-8
16	164	11	18	-9
16	165	10	19	-9
16	166	10	19	-9
16	167	9	20	-9
16	168	9	21	-9
16	169	8	22	-9
16	170	8	22	-9
16	171	8	23	-9
16	172	7	24	-9
16	173	7	24	-9
16	174	6	25	-9
16	175	6	25	-9
16	176	5	26	-9
16	177	4	27	-9
16	178	4	28	-10
16	179	3	29	-10
16	180	2	30	-10
16	181	1	31	-10
16	182	1	32	-11
16	183	0	34	-12
16	184	0	35	-13
16	185	-1	36	-14
16	186	-1	37	-15
16	187	-2	39	-16
16	188	-2	39	-16
16	189	-2	40	-16
16	190	-2	40	-16
16	191	-3	41	-16
16	192	-3	41	-16
16	193	-3	42	-16
17	1	13	32	-35
17	2	13	31	-35
17	3	13	30	-35
17	4	14	29	-35
17	5	14	28	-35
17	6	15	27	-35
17	7	15	26	-35
17	8	15	26	-35
17	9	15	25	-34
17	10	15	25	-34
17	11	15	24	-33
17	12	15	24	-33
17	13	15	23	-32
17	14	14	22	-32
17	15	14	22	-32
17	16	14	21	-31
17	17	14	20	-31
17	18	14	20	-30
17	19	14	19	-30
17	20	14	19	-29
17	21	13	19	-29
17	22	13	20	-28
17	23	13	20	-28
17	24	12	20	-27
17	25	12	21	-26
17	26	12	21	-27
17	27	11	21	-27
17	28	10	21	-27
17	29	10	21	-27
17	30	9	22	-27
17	31	9	22	-27
17	32	9	22	-27
17	33	9	22	-27
17	34	10	23	-27
17	35	10	23	-27
17	36	10	23	-27
17	37	11	23	-27
17	38	10	23	-28
17	39	10	22	-29
17	40	9	22	-29
17	41	8	22	-30
17	42	8	21	-31
17	43	7	21	-31
17	44	7	21	-31
17	45	7	21	-31
17	46	6	21	-31
17	47	6	21	-32
17	48	5	21	-32
17	49	5	21	-32
17	50	5	20	-32
17	51	5	20	-31
17	52	5	19	-31
17	53	5	18	-31
17	54	5	18	-31
17	55	5	17	-30
17	56	5	17	-30
17	57	5	18	-29
17	58	5	18	-29
17	59	6	18	-28
17	60	6	18	-28
17	61	6	18	-27
17	62	6	18	-28
17	63	5	18	-28
17	64	5	19	-28
17	65	4	19	-28
17	66	3	19	-28
17	67	3	19	-28
17	68	3	20	-28
17	69	2	20	-29
17	70	2	20	-29
17	71	1	21	-30
17	72	1	21	-30
17	73	0	21	-31
17	74	0	21	-31
17	75	0	21	-31
17	76	0	22	-32
17	77	0	22	-32
17	78	0	22	-32
17	79	0	22	-33
17	80	0	22	-32
17	81	0	22	-32
17	82	-1	22	-32
17	83	-1	21	-31
17	84	-1	21	-31
17	85	-1	21	-31
17	86	-1	22	-31
17	87	-1	22	-31
17	88	-1	22	-31
17	89	0	23	-31
17	90	0	23	-31
17	91	0	23	-31
17	92	1	23	-31
17	93	1	23	-32
17	94	1	23	-33
17	95	2	22	-34
17	96	2	22	-34
17	97	3	22	-35
17	98	3	22	-35
17	99	3	22	-34
17	100	3	21	-34
17	101	2	21	-34
17	102	2	21	-33
17	103	2	21	-33
17	104	3	21	-33
17	105	4	21	-32
17	106	5	21	-32
17	107	6	22	-32
17	108	7	22	-32
17	109	8	22	-31
17	110	8	22	-32
17	111	8	23	-32
17	112	8	23	-32
17	113	8	23	-32
17	114	8	23	-33
17	115	8	23	-33
17	116	8	22	-33
17	117	9	22	-33
17	118	9	21	-33
17	119	9	20	-33
17	120	9	20	-34
17	121	10	19	-34
17	122	9	19	-33
17	123	9	18	-33
17	124	9	18	-33
17	125	9	18	-32
17	126	8	18	-32
17	127	8	18	-31
17	128	8	18	-31
17	129	8	18	-31
17	130	8	18	-30
17	131	8	19	-30
17	132	8	19	-29
17	133	8	19	-29
17	134	8	19	-29
17	135	8	19	-29
17	136	8	19	-29
17	137	8	18	-29
17	138	8	18	-29
17	139	7	18	-30
17	140	7	17	-30
17	141	7	16	-30
17	142	8	15	-30
17	143	8	14	-30
17	144	8	13	-30
17	145	8	12	-30
17	146	8	11	-29
17	147	8	10	-28
17	148	8	9	-28
17	149	8	8	-27
17	150	8	7	-26
17	151	8	6	-25
17	152	8	7	-23
17	153	9	7	-21
17	154	10	8	-20
17	155	10	8	-18
17	156	11	9	-16
17	157	11	9	-14
17	158	11	10	-13
17	159	12	11	-13
17	160	12	13	-12
17	161	12	14	-11
17	162	12	15	-10
17	163	12	16	-9
17	164	12	17	-9
17	165	11	18	-10
17	166	11	18	-10
17	167	10	19	-10
17	168	10	20	-10
17	169	9	21	-10
17	170	9	22	-10
17	171	8	22	-10
17	172	8	23	-10
17	173	7	23	-10
17	174	6	24	-10
17	175	6	24	-9
17	176	5	25	-10
17	177	4	26	-10
17	178	4	27	-10
17	179	3	28	-10
17	180	2	29	-11
17	181	1	30	-11
17	182	0	31	-12
17	183	0	32	-13
17	184	-1	34	-14
17	185	-1	35	-15
17	186	-2	36	-16
17	187	-3	38	-17
17	188	-3	38	-17
17	189	-3	39	-17
17	190	-3	39	-17
17	191	-4	39	-16
17	192	-4	40	-16
17	193	-4	40	-16
18	1	13	33	-36
18	2	14	32	-36
18	3	15	31	-36
18	4	15	29	-36
18	5	16	28	-36
18	6	16	27	-36
18	7	17	26	-36
18	8	17	26	-36
18	9	17	25	-35
18	10	17	25	-35
18	11	16	24	-34
18	12	16	23	-34
18	13	16	23	-33
18	14	16	22	-33
18	15	16	21	-32
18	16	15	20	-32
18	17	15	20	-31
18	18	15	19	-31
18	19	15	18	-30
18	20	15	18	-30
18	21	14	19	-29
18	22	14	19	-29
18	23	14	19	-28
18	24	13	20	-27
18	25	13	20	-27
18	26	12	20	-27
18	27	12	20	-27
18	28	11	21	-27
18	29	10	21	-27
18	30	10	21	-27
18	31	9	21	-28
18	32	10	22	-28
18	33	10	22	-28
18	34	10	22	-28
18	35	11	22	-27
18	36	11	23	-27
18	37	12	23	-27
18	38	11	23	-28
18	39	10	22	-29
18	40	10	22	-30
18	41	9	21	-30
18	42	8	21	-31
18	43	7	21	-32
18	44	7	21	-32
18	45	7	21	-32
18	46	6	20	-32
18	47	6	20	-32
18	48	6	20	-33
18	49	5	20	-33
18	50	5	20	-33
18	51	5	19	-32
18	52	5	18	-32
18	53	5	18	-32
18	54	5	17	-32
18	55	5	16	-31
18	56	5	16	-31
18	57	5	16	-30
18	58	5	16	-30
18	59	6	16	-29
18	60	6	17	-29
18	61	6	17	-28
18	62	6	17	-28
18	63	5	17	-29
18	64	5	18	-29
18	65	5	18	-29
18	66	4	18	-29
18	67	4	19	-29
18	68	3	19	-29
18	69	3	19	-30
18	70	3	20	-30
18	71	2	20	-30
18	72	2	20	-31
18	73	2	21	-31
18	74	1	21	-32
18	75	1	21	-32
18	76	1	21	-32
18	77	1	21	-33
18	78	1	21	-33
18	79	1	21	-34
18	80	1	21	-34
18	81	0	21	-33
18	82	0	20	-33
18	83	0	20	-33
18	84	0	20	-33
18	85	-1	20	-32
18	86	0	21	-32
18	87	0	21	-32
18	88	0	22	-32
18	89	0	22	-32
18	90	0	22	-32
18	91	0	23	-33
18	92	1	23	-33
18	93	1	22	-34
18	94	2	22	-35
18	95	2	22	-36
18	96	2	22	-36
18	97	3	22	-37
18	98	3	21	-37
18	99	2	21	-36
18	100	2	21	-36
18	101	2	20	-36
18	102	2	20	-35
18	103	2	20	-35
18	104	3	20	-34
18	105	4	20	-34
18	106	5	21	-34
18	107	6	21	-34
18	108	7	21	-33
18	109	8	22	-33
18	110	9	22	-33
18	111	9	22	-34
18	112	9	22	-34
18	113	9	22	-34
18	114	9	22	-34
18	115	9	22	-35
18	116	9	22	-35
18	117	10	21	-35
18	118	10	20	-35
18	119	10	19	-35
18	120	11	19	-35
18	121	11	18	-35
18	122	10	18	-35
18	123	10	17	-34
18	124	9	17	-34
18	125	9	17	-34
18	126	8	17	-34
18	127	7	17	-33
18	128	8	17	-33
18	129	8	17	-32
18	130	8	17	-32
18	131	9	17	-32
18	132	9	18	-31
18	133	9	18	-31
18	134	9	18	-31
18	135	9	18	-31
18	136	9	17	-31
18	137	9	17	-31
18	138	9	17	-31
18	139	8	17	-32
18	140	9	16	-32
18	141	9	15	-32
18	142	9	14	-32
18	143	9	13	-32
18	144	9	12	-32
18	145	9	11	-33
18	146	9	10	-32
18	147	9	9	-31
18	148	9	8	-30
18	149	9	7	-29
18	150	9	6	-28
18	151	9	5	-27
18	152	9	5	-25
18	153	10	6	-23
18	154	11	6	-22
18	155	11	7	-20
18	156	12	7	-18
18	157	12	8	-16
18	158	13	9	-15
18	159	13	10	-14
18	160	13	11	-13
18	161	13	12	-12
18	162	13	14	-11
18	163	13	15	-10
18	164	13	16	-10
18	165	12	17	-10
18	166	12	18	-10
18	167	11	18	-11
18	168	11	19	-11
18	169	10	20	-11
18	170	9	21	-11
18	171	9	21	-10
18	172	8	22	-10
18	173	7	22	-10
18	174	7	23	-10
18	175	6	24	-10
18	176	5	24	-10
18	177	4	25	-10
18	178	3	26	-11
18	179	2	27	-11
18	180	2	28	-11
18	181	1	29	-11
18	182	0	30	-12
18	183	-1	31	-13
18	184	-1	33	-14
18	185	-2	34	-15
18	186	-3	35	-16
18	187	-3	37	-17
18	188	-4	37	-17
18	189	-4	38	-17
18	190	-4	38	-17
18	191	-5	38	-17
18	192	-5	39	-17
18	193	-6	39	-17
19	1	14	33	-37
19	2	15	32	-37
19	3	16	31	-37
19	4	16	30	-37
19	5	17	28	-37
19	6	18	27	-37
19	7	19	26	-37
19	8	19	26	-37
19	9	18	25	-36
19	10	18	24	-36
19	11	18	24	-35
19	12	18	23	-35
19	13	18	23	-34
19	14	17	22	-34
19	15	17	21	-33
19	16	17	20	-33
19	17	16	19	-32
19	18	16	18	-32
19	19	16	17	-31
19	20	15	18	-31
19	21	15	18	-30
19	22	15	18	-29
19	23	15	19	-29
19	24	14	19	-28
19	25	14	19	-27
19	26	13	20	-27
19	27	13	20	-27
19	28	12	20	-28
19	29	11	20	-28
19	30	10	21	-28
19	31	9	21	-28
19	32	10	21	-28
19	33	11	21	-28
19	34	11	22	-28
19	35	12	22	-28
19	36	12	22	-28
19	37	13	23	-28
19	38	12	22	-28
19	39	11	22	-29
19	40	10	22	-30
19	41	9	21	-31
19	42	8	21	-31
19	43	8	20	-32
19	44	7	20	-32
19	45	7	20	-33
19	46	7	20	-33
19	47	6	20	-33
19	48	6	20	-34
19	49	6	20	-34
19	50	5	19	-34
19	51	5	18	-33
19	52	5	17	-33
19	53	5	17	-33
19	54	5	16	-33
19	55	5	15	-32
19	56	5	15	-32
19	57	5	15	-31
19	58	5	15	-31
19	59	5	15	-30
19	60	6	15	-30
19	61	6	15	-29
19	62	6	16	-29
19	63	5	16	-29
19	64	5	17	-29
19	65	5	17	-29
19	66	5	17	-30
19	67	5	18	-30
19	68	4	18	-30
19	69	4	19	-30
19	70	4	19	-30
19	71	3	19	-31
19	72	3	20	-31
19	73	3	20	-31
19	74	2	20	-32
19	75	2	20	-33
19	76	2	20	-33
19	77	2	20	-34
19	78	2	20	-35
19	79	2	19	-35
19	80	1	19	-35
19	81	1	19	-35
19	82	1	19	-34
19	83	1	19	-34
19	84	0	20	-34
19	85	0	20	-34
19	86	0	20	-34
19	87	0	20	-34
19	88	0	21	-34
19	89	1	21	-34
19	90	1	22	-34
19	91	1	22	-34
19	92	1	22	-35
19	93	1	22	-36
19	94	2	22	-37
19	95	2	21	-38
19	96	2	21	-39
19	97	3	21	-39
19	98	3	21	-39
19	99	2	20	-38
19	100	2	20	-38
19	101	2	19	-38
19	102	2	19	-37
19	103	2	19	-37
19	104	3	19	-36
19	105	4	19	-36
19	106	5	20	-36
19	107	7	20	-35
19	108	8	21	-35
19	109	9	21	-35
19	110	9	21	-35
19	111	9	21	-35
19	112	9	21	-36
19	113	10	21	-36
19	114	10	22	-36
19	115	10	22	-37
19	116	10	21	-37
19	117	11	20	-37
19	118	11	19	-37
19	119	12	18	-36
19	120	12	18	-36
19	121	13	17	-36
19	122	12	17	-36
19	123	11	16	-36
19	124	10	16	-36
19	125	8	16	-35
19	126	7	16	-35
19	127	6	16	-35
19	128	7	16	-35
19	129	8	16	-34
19	130	8	16	-34
19	131	9	16	-34
19	132	9	16	-33
19	133	10	17	-33
19	134	10	16	-33
19	135	10	16	-33
19	136	10	16	-33
19	137	10	16	-33
19	138	10	16	-33
19	139	10	16	-33
19	140	10	15	-34
19	141	10	14	-34
19	142	10	13	-34
19	143	10	12	-34
19	144	10	11	-35
19	145	11	10	-35
19	146	10	9	-34
19	147	10	8	-33
19	148	10	7	-32
19	149	10	6	-31
19	150	10	4	-30
19	151	10	3	-29
19	152	10	4	-28
19	153	11	4	-26
19	154	12	5	-24
19	155	12	5	-22
19	156	13	6	-20
19	157	13	6	-18
19	158	14	8	-17
19	159	14	9	-16
19	160	14	10	-14
19	161	14	11	-13
19	162	14	13	-12
19	163	14	14	-11
19	164	14	15	-11
19	165	13	16	-11
19	166	13	17	-11
19	167	12	17	-11
19	168	11	18	-11
19	169	11	19	-11
19	170	10	20	-11
19	171	9	20	-11
19	172	8	21	-11
19	173	8	22	-11
19	174	7	22	-11
19	175	6	23	-10
19	176	5	24	-11
19	177	4	24	-11
19	178	3	25	-11
19	179	2	26	-11
19	180	1	27	-12
19	181	0	27	-12
19	182	0	29	-13
19	183	-1	30	-14
19	184	-2	32	-15
19	185	-3	33	-16
19	186	-3	34	-17
19	187	-4	36	-17
19	188	-5	36	-18
19	189	-5	36	-18
19	190	-5	37	-18
19	191	-6	37	-18
19	192	-6	37	-18
19	193	-7	38	-18
20	1	14	33	-37
20	2	15	32	-37
20	3	15	30	-37
20	4	15	29	-37
20	5	16	28	-37
20	6	16	27	-37
20	7	17	26	-38
20	8	17	25	-37
20	9	17	25	-36
20	10	17	24	-36
20	11	17	24	-35
20	12	17	23	-35
20	13	17	23	-34
20	14	16	22	-33
20	15	16	21	-33
20	16	16	20	-32
20	17	15	19	-32
20	18	15	19	-31
20	19	15	18	-31
20	20	15	18	-30
20	21	14	18	-30
20	22	14	19	-29
20	23	14	19	-28
20	24	14	19	-28
20	25	13	19	-27
20	26	12	20	-27
20	27	12	20	-27
20	28	11	20	-27
20	29	10	20	-28
20	30	9	21	-28
20	31	9	21	-28
20	32	9	21	-28
20	33	9	21	-28
20	34	10	22	-28
20	35	10	22	-28
20	36	11	22	-28
20	37	11	23	-28
20	38	11	22	-28
20	39	10	22	-29
20	40	9	22	-30
20	41	9	21	-30
20	42	8	21	-31
20	43	7	21	-32
20	44	7	20	-32
20	45	7	20	-32
20	46	7	20	-32
20	47	6	20	-33
20	48	6	20	-33
20	49	6	20	-33
20	50	6	19	-33
20	51	5	18	-33
20	52	5	18	-33
20	53	5	17	-32
20	54	5	16	-32
20	55	4	15	-32
20	56	5	15	-31
20	57	5	16	-31
20	58	5	16	-30
20	59	5	16	-30
20	60	5	16	-29
20	61	6	16	-29
20	62	5	17	-29
20	63	5	17	-29
20	64	5	17	-29
20	65	5	18	-29
20	66	4	18	-29
20	67	4	18	-29
20	68	4	19	-30
20	69	4	19	-30
20	70	3	19	-30
20	71	3	20	-30
20	72	3	20	-31
20	73	2	20	-31
20	74	2	20	-32
20	75	2	20	-32
20	76	1	20	-33
20	77	1	20	-33
20	78	0	20	-34
20	79	0	20	-34
20	80	0	20	-34
20	81	0	20	-34
20	82	0	20	-34
20	83	-1	20	-34
20	84	-1	20	-34
20	85	-1	20	-33
20	86	-1	20	-33
20	87	-1	21	-34
20	88	-1	21	-34
20	89	-1	22	-34
20	90	-1	22	-34
20	91	-1	22	-34
20	92	0	22	-34
20	93	0	22	-35
20	94	0	22	-36
20	95	0	22	-37
20	96	1	22	-37
20	97	1	22	-38
20	98	1	21	-38
20	99	1	21	-37
20	100	1	21	-37
20	101	1	20	-37
20	102	2	20	-36
20	103	2	20	-36
20	104	3	20	-36
20	105	4	20	-35
20	106	5	21	-35
20	107	6	21	-35
20	108	7	22	-35
20	109	8	22	-34
20	110	8	22	-35
20	111	8	22	-35
20	112	9	22	-35
20	113	9	22	-36
20	114	9	22	-36
20	115	9	22	-36
20	116	9	21	-36
20	117	10	20	-36
20	118	10	20	-36
20	119	11	19	-36
20	120	11	18	-36
20	121	12	17	-36
20	122	11	17	-36
20	123	10	17	-36
20	124	9	17	-36
20	125	8	17	-35
20	126	7	17	-35
20	127	6	17	-35
20	128	7	17	-35
20	129	7	17	-34
20	130	8	17	-34
20	131	8	17	-34
20	132	9	17	-33
20	133	9	18	-33
20	134	9	17	-33
20	135	9	17	-33
20	136	9	17	-33
20	137	9	16	-33
20	138	9	16	-33
20	139	8	16	-34
20	140	9	15	-34
20	141	9	14	-34
20	142	9	13	-34
20	143	9	12	-34
20	144	9	11	-34
20	145	10	10	-34
20	146	9	9	-34
20	147	9	8	-33
20	148	9	7	-32
20	149	8	6	-31
20	150	8	5	-30
20	151	8	5	-29
20	152	8	5	-28
20	153	9	5	-26
20	154	10	6	-24
20	155	10	6	-22
20	156	11	7	-20
20	157	12	7	-18
20	158	12	8	-17
20	159	12	9	-16
20	160	13	11	-15
20	161	13	12	-14
20	162	13	13	-13
20	163	13	14	-12
20	164	13	15	-12
20	165	12	16	-12
20	166	12	17	-12
20	167	12	17	-12
20	168	11	18	-12
20	169	11	19	-12
20	170	10	20	-11
20	171	9	20	-11
20	172	8	21	-11
20	173	7	21	-11
20	174	7	22	-10
20	175	6	23	-10
20	176	5	23	-10
20	177	4	24	-11
20	178	3	25	-11
20	179	2	26	-11
20	180	1	27	-11
20	181	0	28	-11
20	182	-1	29	-12
20	183	-1	30	-13
20	184	-2	32	-14
20	185	-3	33	-14
20	186	-4	35	-15
20	187	-5	36	-16
20	188	-5	37	-16
20	189	-5	37	-17
20	190	-6	37	-17
20	191	-6	38	-17
20	192	-7	38	-18
20	193	-7	38	-18
21	1	14	32	-37
21	2	14	31	-37
21	3	14	30	-37
21	4	15	29	-37
21	5	15	28	-38
21	6	15	26	-38
21	7	15	25	-38
21	8	15	25	-37
21	9	15	25	-36
21	10	15	24	-36
21	11	16	24	-35
21	12	16	23	-34
21	13	16	23	-34
21	14	15	22	-33
21	15	15	21	-33
21	16	15	20	-32
21	17	15	20	-31
21	18	14	19	-31
21	19	14	18	-30
21	20	14	18	-30
21	21	14	18	-29
21	22	13	19	-29
21	23	13	19	-28
21	24	13	19	-27
21	25	12	19	-27
21	26	12	20	-27
21	27	11	20	-27
21	28	10	20	-27
21	29	9	20	-28
21	30	8	20	-28
21	31	8	21	-28
21	32	8	21	-28
21	33	8	21	-28
21	34	9	22	-28
21	35	9	22	-28
21	36	10	22	-28
21	37	10	22	-28
21	38	9	22	-28
21	39	9	22	-29
21	40	8	22	-29
21	41	8	21	-30
21	42	7	21	-31
21	43	7	21	-31
21	44	7	21	-31
21	45	7	20	-32
21	46	6	20	-32
21	47	6	20	-32
21	48	6	20	-32
21	49	6	20	-32
21	50	6	19	-32
21	51	6	18	-32
21	52	5	18	-32
21	53	5	17	-32
21	54	5	16	-32
21	55	4	16	-32
21	56	4	16	-31
21	57	5	16	-31
21	58	5	16	-30
21	59	5	17	-29
21	60	5	17	-29
21	61	5	17	-28
21	62	5	18	-28
21	63	5	18	-28
21	64	5	18	-29
21	65	4	18	-29
21	66	4	18	-29
21	67	4	19	-29
21	68	4	19	-29
21	69	3	19	-30
21	70	3	20	-30
21	71	3	20	-30
21	72	2	20	-30
21	73	2	21	-31
21	74	1	21	-31
21	75	1	21	-32
21	76	0	20	-32
21	77	0	20	-33
21	78	-1	20	-33
21	79	-2	20	-33
21	80	-2	20	-33
21	81	-2	20	-33
21	82	-2	20	-33
21	83	-2	20	-33
21	84	-2	20	-33
21	85	-2	20	-33
21	86	-2	21	-33
21	87	-2	21	-33
21	88	-2	21	-33
21	89	-2	22	-33
21	90	-2	22	-33
21	91	-2	23	-33
21	92	-2	23	-34
21	93	-2	23	-34
21	94	-1	23	-35
21	95	-1	22	-35
21	96	-1	22	-36
21	97	-1	22	-37
21	98	0	22	-36
21	99	0	22	-36
21	100	0	21	-36
21	101	1	21	-36
21	102	1	21	-36
21	103	2	21	-35
21	104	3	21	-35
21	105	4	21	-35
21	106	4	22	-35
21	107	5	22	-34
21	108	6	22	-34
21	109	7	23	-34
21	110	7	23	-34
21	111	7	23	-35
21	112	8	22	-35
21	113	8	22	-35
21	114	8	22	-36
21	115	8	22	-36
21	116	9	22	-36
21	117	9	21	-36
21	118	9	20	-36
21	119	10	19	-36
21	120	10	19	-36
21	121	11	18	-36
21	122	10	18	-36
21	123	9	18	-36
21	124	8	18	-36
21	125	8	18	-35
21	126	7	17	-35
21	127	6	17	-35
21	128	7	18	-35
21	129	7	18	-34
21	130	7	18	-34
21	131	7	18	-33
21	132	8	18	-33
21	133	8	19	-32
21	134	8	18	-33
21	135	8	17	-33
21	136	8	17	-33
21	137	8	16	-33
21	138	7	16	-34
21	139	7	15	-34
21	140	8	14	-34
21	141	8	13	-34
21	142	8	12	-34
21	143	8	12	-34
21	144	8	11	-34
21	145	9	10	-34
21	146	8	9	-33
21	147	8	9	-32
21	148	7	8	-32
21	149	7	7	-31
21	150	6	6	-30
21	151	6	6	-29
21	152	7	6	-28
21	153	7	6	-26
21	154	8	7	-24
21	155	9	7	-23
21	156	9	8	-21
21	157	10	8	-19
21	158	10	9	-18
21	159	11	10	-17
21	160	11	11	-16
21	161	12	12	-15
21	162	12	13	-14
21	163	12	14	-13
21	164	12	15	-13
21	165	12	16	-12
21	166	11	17	-12
21	167	11	17	-12
21	168	11	18	-12
21	169	10	19	-12
21	170	10	19	-12
21	171	9	20	-11
21	172	8	21	-11
21	173	7	21	-11
21	174	7	22	-10
21	175	6	22	-10
21	176	5	23	-10
21	177	4	24	-10
21	178	3	25	-10
21	179	2	26	-11
21	180	1	27	-11
21	181	0	28	-11
21	182	-1	29	-11
21	183	-2	31	-12
21	184	-3	32	-13
21	185	-4	34	-13
21	186	-5	35	-14
21	187	-5	37	-14
21	188	-6	37	-15
21	189	-6	37	-16
21	190	-6	38	-16
21	191	-7	38	-17
21	192	-7	38	-17
21	193	-7	39	-18
22	1	14	32	-37
22	2	14	31	-37
22	3	14	29	-37
22	4	14	28	-38
22	5	14	27	-38
22	6	14	26	-38
22	7	13	25	-38
22	8	14	25	-38
22	9	14	24	-37
22	10	14	24	-36
22	11	14	24	-35
22	12	15	24	-34
22	13	15	23	-33
22	14	15	22	-33
22	15	14	22	-32
22	16	14	21	-32
22	17	14	20	-31
22	18	13	19	-31
22	19	13	18	-30
22	20	13	18	-29
22	21	13	18	-29
22	22	12	19	-28
22	23	12	19	-28
22	24	12	19	-27
22	25	12	19	-27
22	26	11	19	-27
22	27	10	20	-27
22	28	9	20	-27
22	29	8	20	-27
22	30	7	20	-28
22	31	7	21	-28
22	32	7	21	-28
22	33	7	21	-28
22	34	8	21	-28
22	35	8	22	-28
22	36	8	22	-28
22	37	8	22	-28
22	38	8	22	-28
22	39	8	22	-29
22	40	7	22	-29
22	41	7	21	-30
22	42	7	21	-30
22	43	6	21	-31
22	44	6	21	-31
22	45	6	20	-31
22	46	6	20	-31
22	47	6	20	-31
22	48	6	20	-31
22	49	6	20	-32
22	50	6	19	-32
22	51	6	19	-32
22	52	5	18	-32
22	53	5	17	-31
22	54	4	17	-31
22	55	4	16	-31
22	56	4	16	-31
22	57	4	17	-30
22	58	5	17	-30
22	59	5	18	-29
22	60	5	18	-28
22	61	5	18	-28
22	62	5	19	-28
22	63	5	19	-28
22	64	4	19	-28
22	65	4	19	-28
22	66	4	19	-28
22	67	3	19	-29
22	68	3	19	-29
22	69	3	20	-29
22	70	3	20	-29
22	71	2	20	-30
22	72	2	21	-30
22	73	2	21	-30
22	74	1	21	-31
22	75	0	21	-31
22	76	-1	21	-31
22	77	-1	21	-32
22	78	-2	21	-32
22	79	-3	21	-33
22	80	-3	21	-33
22	81	-3	21	-33
22	82	-3	21	-33
22	83	-3	21	-33
22	84	-3	21	-33
22	85	-3	20	-33
22	86	-3	21	-33
22	87	-3	21	-33
22	88	-3	22	-33
22	89	-3	22	-33
22	90	-3	22	-33
22	91	-3	23	-33
22	92	-3	23	-33
22	93	-3	23	-33
22	94	-3	23	-34
22	95	-3	23	-34
22	96	-3	23	-35
22	97	-3	23	-35
22	98	-2	23	-35
22	99	-1	23	-35
22	100	0	22	-35
22	101	0	22	-35
22	102	1	22	-35
22	103	2	21	-35
22	104	3	22	-35
22	105	3	22	-34
22	106	4	22	-34
22	107	4	23	-34
22	108	5	23	-34
22	109	6	23	-33
22	110	6	23	-34
22	111	6	23	-34
22	112	7	23	-34
22	113	7	23	-35
22	114	7	23	-35
22	115	8	23	-36
22	116	8	22	-36
22	117	8	21	-36
22	118	9	21	-36
22	119	9	20	-36
22	120	9	19	-36
22	121	10	19	-36
22	122	9	18	-36
22	123	8	18	-36
22	124	8	18	-35
22	125	7	18	-35
22	126	7	18	-35
22	127	6	18	-35
22	128	6	18	-35
22	129	6	19	-34
22	130	7	19	-34
22	131	7	19	-33
22	132	7	19	-33
22	133	7	20	-32
22	134	7	19	-32
22	135	7	18	-33
22	136	7	17	-33
22	137	6	16	-33
22	138	6	15	-34
22	139	6	14	-34
22	140	6	14	-34
22	141	7	13	-34
22	142	7	12	-34
22	143	7	12	-34
22	144	7	11	-33
22	145	7	10	-33
22	146	7	10	-33
22	147	6	9	-32
22	148	6	8	-31
22	149	5	8	-31
22	150	5	7	-30
22	151	4	7	-29
22	152	5	7	-28
22	153	6	7	-26
22	154	6	8	-25
22	155	7	8	-23
22	156	8	8	-21
22	157	8	9	-20
22	158	9	10	-19
22	159	9	11	-18
22	160	10	12	-17
22	161	10	13	-16
22	162	11	14	-15
22	163	11	15	-14
22	164	11	15	-13
22	165	11	16	-13
22	166	11	17	-13
22	167	11	17	-13
22	168	10	18	-12
22	169	10	19	-12
22	170	10	19	-12
22	171	9	20	-11
22	172	8	20	-11
22	173	7	21	-11
22	174	6	22	-10
22	175	6	22	-10
22	176	5	23	-10
22	177	4	24	-10
22	178	3	25	-10
22	179	2	26	-10
22	180	1	27	-10
22	181	0	28	-10
22	182	-1	29	-11
22	183	-2	31	-11
22	184	-3	32	-11
22	185	-4	34	-12
22	186	-5	35	-12
22	187	-6	37	-13
22	188	-6	37	-14
22	189	-6	38	-15
22	190	-7	38	-16
22	191	-7	39	-16
22	192	-7	39	-17
22	193	-7	39	-18
23	1	14	31	-37
23	2	13	30	-37
23	3	13	29	-37
23	4	13	28	-38
23	5	12	27	-38
23	6	12	26	-38
23	7	12	24	-39
23	8	12	24	-38
23	9	12	24	-37
23	10	13	24	-36
23	11	13	24	-35
23	12	14	24	-34
23	13	14	24	-33
23	14	14	23	-32
23	15	13	22	-32
23	16	13	21	-31
23	17	13	20	-31
23	18	13	19	-30
23	19	12	18	-30
23	20	12	18	-29
23	21	12	19	-29
23	22	12	19	-28
23	23	11	19	-28
23	24	11	19	-27
23	25	11	19	-26
23	26	10	19	-27
23	27	9	20	-27
23	28	8	20	-27
23	29	7	20	-27
23	30	7	20	-28
23	31	6	21	-28
23	32	6	21	-28
23	33	6	21	-28
23	34	6	21	-28
23	35	7	22	-28
23	36	7	22	-28
23	37	7	22	-28
23	38	7	22	-28
23	39	7	22	-29
23	40	6	21	-29
23	41	6	21	-29
23	42	6	21	-30
23	43	6	21	-30
23	44	6	21	-30
23	45	6	21	-30
23	46	6	20	-30
23	47	6	20	-31
23	48	6	20	-31
23	49	7	20	-31
23	50	6	19	-31
23	51	6	19	-31
23	52	5	18	-31
23	53	5	17	-31
23	54	4	17	-31
23	55	4	16	-31
23	56	4	17	-31
23	57	4	17	-30
23	58	4	18	-29
23	59	5	18	-29
23	60	5	19	-28
23	61	5	19	-27
23	62	5	19	-27
23	63	4	19	-28
23	64	4	19	-28
23	65	4	19	-28
23	66	3	19	-28
23	67	3	19	-28
23	68	3	20	-29
23	69	2	20	-29
23	70	2	20	-29
23	71	2	21	-29
23	72	2	21	-30
23	73	1	21	-30
23	74	0	21	-30
23	75	-1	21	-30
23	76	-2	21	-31
23	77	-3	21	-31
23	78	-4	21	-31
23	79	-5	21	-32
23	80	-4	21	-32
23	81	-4	21	-32
23	82	-4	21	-32
23	83	-4	21	-32
23	84	-4	21	-32
23	85	-4	21	-33
23	86	-4	21	-32
23	87	-4	22	-32
23	88	-4	22	-32
23	89	-4	22	-32
23	90	-4	23	-32
23	91	-5	23	-32
23	92	-5	23	-32
23	93	-5	23	-33
23	94	-5	23	-33
23	95	-5	24	-33
23	96	-5	24	-34
23	97	-5	24	-34
23	98	-4	24	-34
23	99	-2	23	-34
23	100	-1	23	-34
23	101	0	23	-34
23	102	1	23	-34
23	103	2	22	-34
23	104	3	23	-34
23	105	3	23	-34
23	106	3	23	-34
23	107	4	24	-33
23	108	4	24	-33
23	109	5	24	-33
23	110	5	24	-33
23	111	5	24	-34
23	112	6	24	-34
23	113	6	23	-34
23	114	6	23	-35
23	115	7	23	-35
23	116	7	22	-35
23	117	7	22	-35
23	118	8	21	-35
23	119	8	20	-36
23	120	8	20	-36
23	121	8	19	-36
23	122	8	19	-36
23	123	8	19	-35
23	124	7	19	-35
23	125	7	19	-35
23	126	6	19	-35
23	127	6	19	-35
23	128	6	19	-34
23	129	6	20	-34
23	130	6	20	-33
23	131	6	20	-33
23	132	6	20	-32
23	133	6	21	-32
23	134	6	19	-32
23	135	6	18	-33
23	136	6	17	-33
23	137	5	16	-33
23	138	5	15	-34
23	139	5	14	-34
23	140	5	13	-34
23	141	6	13	-34
23	142	6	12	-34
23	143	6	11	-33
23	144	6	11	-33
23	145	6	10	-33
23	146	6	10	-32
23	147	5	9	-32
23	148	4	9	-31
23	149	4	9	-30
23	150	3	8	-30
23	151	2	8	-29
23	152	3	8	-28
23	153	4	8	-26
23	154	4	9	-25
23	155	5	9	-23
23	156	6	9	-22
23	157	6	10	-21
23	158	7	11	-20
23	159	8	11	-19
23	160	8	12	-18
23	161	9	13	-17
23	162	10	14	-16
23	163	10	15	-14
23	164	10	16	-14
23	165	10	16	-14
23	166	10	17	-13
23	167	10	17	-13
23	168	10	18	-13
23	169	10	18	-12
23	170	9	19	-12
23	171	9	20	-11
23	172	8	20	-11
23	173	7	21	-11
23	174	6	21	-10
23	175	6	22	-10
23	176	5	23	-10
23	177	4	24	-10
23	178	3	25	-10
23	179	1	26	-10
23	180	0	27	-9
23	181	-1	28	-9
23	182	-2	30	-10
23	183	-3	31	-10
23	184	-4	33	-10
23	185	-5	34	-11
23	186	-6	36	-11
23	187	-7	37	-11
23	188	-7	38	-12
23	189	-7	38	-14
23	190	-7	39	-15
23	191	-7	39	-16
23	192	-7	39	-17
23	193	-8	40	-18
24	1	13	31	-37
24	2	13	30	-37
24	3	12	29	-38
24	4	12	27	-38
24	5	11	26	-38
24	6	11	25	-39
24	7	10	24	-39
24	8	11	24	-38
24	9	11	24	-37
24	10	12	24	-36
24	11	12	24	-35
24	12	13	24	-34
24	13	13	24	-33
24	14	13	23	-32
24	15	13	22	-32
24	16	12	21	-31
24	17	12	20	-30
24	18	12	19	-30
24	19	11	18	-29
24	20	11	19	-29
24	21	11	19	-28
24	22	11	19	-28
24	23	11	19	-27
24	24	10	19	-27
24	25	10	19	-26
24	26	9	19	-27
24	27	8	20	-27
24	28	7	20	-27
24	29	7	20	-27
24	30	6	20	-27
24	31	5	21	-28
24	32	5	21	-28
24	33	5	21	-28
24	34	5	21	-28
24	35	5	21	-28
24	36	5	22	-28
24	37	5	22	-28
24	38	5	22	-28
24	39	5	22	-29
24	40	5	21	-29
24	41	5	21	-29
24	42	5	21	-29
24	43	5	21	-30
24	44	6	21	-30
24	45	6	21	-30
24	46	6	20	-30
24	47	6	20	-30
24	48	7	20	-30
24	49	7	20	-30
24	50	6	19	-30
24	51	6	19	-30
24	52	5	18	-30
24	53	5	18	-31
24	54	4	17	-31
24	55	4	17	-31
24	56	4	17	-30
24	57	4	18	-30
24	58	4	19	-29
24	59	4	19	-28
24	60	5	20	-27
24	61	5	21	-27
24	62	4	20	-27
24	63	4	20	-27
24	64	4	20	-27
24	65	3	20	-28
24	66	3	20	-28
24	67	3	20	-28
24	68	2	20	-28
24	69	2	20	-28
24	70	2	21	-29
24	71	2	21	-29
24	72	1	21	-29
24	73	1	21	-29
24	74	0	21	-30
24	75	-1	21	-30
24	76	-3	22	-30
24	77	-4	22	-30
24	78	-5	22	-31
24	79	-6	22	-31
24	80	-6	22	-31
24	81	-6	22	-31
24	82	-5	21	-32
24	83	-5	21	-32
24	84	-5	21	-32
24	85	-5	21	-32
24	86	-5	21	-32
24	87	-5	22	-32
24	88	-5	22	-32
24	89	-5	22	-32
24	90	-6	23	-32
24	91	-6	23	-31
24	92	-6	23	-32
24	93	-6	24	-32
24	94	-6	24	-32
24	95	-6	24	-32
24	96	-6	24	-32
24	97	-6	25	-33
24	98	-5	24	-33
24	99	-4	24	-33
24	100	-2	24	-33
24	101	-1	24	-33
24	102	1	24	-33
24	103	2	23	-34
24	104	2	24	-33
24	105	3	24	-33
24	106	3	24	-33
24	107	3	24	-33
24	108	3	25	-33
24	109	3	25	-32
24	110	4	25	-33
24	111	4	24	-33
24	112	5	24	-34
24	113	5	24	-34
24	114	6	24	-35
24	115	6	23	-35
24	116	6	23	-35
24	117	7	22	-35
24	118	7	21	-35
24	119	7	21	-35
24	120	7	20	-35
24	121	7	20	-35
24	122	7	20	-35
24	123	7	20	-35
24	124	7	20	-35
24	125	6	20	-35
24	126	6	20	-35
24	127	6	20	-35
24	128	6	20	-34
24	129	6	20	-34
24	130	5	21	-33
24	131	5	21	-33
24	132	5	21	-32
24	133	5	22	-31
24	134	5	20	-32
24	135	5	19	-32
24	136	4	17	-33
24	137	4	16	-33
24	138	4	14	-34
24	139	4	13	-34
24	140	4	13	-34
24	141	4	12	-34
24	142	5	12	-33
24	143	5	11	-33
24	144	5	11	-33
24	145	5	11	-32
24	146	5	10	-32
24	147	4	10	-31
24	148	3	10	-31
24	149	2	9	-30
24	150	1	9	-29
24	151	1	9	-29
24	152	1	9	-28
24	153	2	9	-26
24	154	3	10	-25
24	155	3	10	-24
24	156	4	10	-23
24	157	5	11	-21
24	158	5	11	-20
24	159	6	12	-19
24	160	7	13	-18
24	161	8	14	-17
24	162	8	14	-16
24	163	9	15	-15
24	164	9	16	-15
24	165	9	16	-14
24	166	10	17	-14
24	167	10	17	-13
24	168	10	18	-13
24	169	10	18	-12
24	170	9	19	-12
24	171	9	19	-12
24	172	8	20	-11
24	173	7	21	-11
24	174	6	21	-10
24	175	6	22	-10
24	176	5	23	-9
24	177	3	24	-9
24	178	2	25	-9
24	179	1	26	-9
24	180	0	27	-9
24	181	-1	28	-9
24	182	-2	30	-9
24	183	-3	31	-9
24	184	-4	33	-9
24	185	-5	34	-9
24	186	-6	36	-9
24	187	-7	38	-10
24	188	-7	38	-11
24	189	-7	39	-13
24	190	-8	39	-14
24	191	-8	39	-16
24	192	-8	40	-17
24	193	-8	40	-19
25	1	13	30	-37
25	2	12	29	-37
25	3	12	28	-38
25	4	11	27	-38
25	5	10	26	-39
25	6	9	25	-39
25	7	8	24	-40
25	8	9	24	-38
25	9	10	24	-37
25	10	10	24	-36
25	11	11	24	-35
25	12	11	24	-34
25	13	12	24	-32
25	14	12	23	-32
25	15	12	22	-31
25	16	11	21	-31
25	17	11	20	-30
25	18	11	20	-29
25	19	11	19	-29
25	20	10	19	-28
25	21	10	19	-28
25	22	10	19	-27
25	23	10	19	-27
25	24	9	19	-27
25	25	9	19	-26
25	26	8	19	-26
25	27	7	20	-27
25	28	7	20	-27
25	29	6	20	-27
25	30	5	20	-27
25	31	4	20	-28
25	32	4	21	-28
25	33	4	21	-28
25	34	4	21	-28
25	35	4	21	-28
25	36	4	22	-28
25	37	4	22	-28
25	38	4	22	-28
25	39	4	22	-29
25	40	4	21	-29
25	41	5	21	-29
25	42	5	21	-29
25	43	5	21	-29
25	44	5	21	-29
25	45	6	21	-29
25	46	6	20	-29
25	47	6	20	-29
25	48	7	20	-29
25	49	7	20	-29
25	50	7	19	-29
25	51	6	19	-30
25	52	5	18	-30
25	53	5	18	-30
25	54	4	17	-30
25	55	4	17	-31
25	56	4	18	-30
25	57	4	18	-29
25	58	4	19	-28
25	59	4	20	-28
25	60	4	21	-27
25	61	4	22	-26
25	62	4	21	-26
25	63	4	21	-27
25	64	3	21	-27
25	65	3	21	-27
25	66	3	20	-27
25	67	2	20	-28
25	68	2	20	-28
25	69	2	21	-28
25	70	1	21	-28
25	71	1	21	-29
25	72	1	21	-29
25	73	1	22	-29
25	74	-1	22	-29
25	75	-2	22	-29
25	76	-3	22	-30
25	77	-5	22	-30
25	78	-6	22	-30
25	79	-8	22	-30
25	80	-7	22	-30
25	81	-7	22	-31
25	82	-7	22	-31
25	83	-6	22	-31
25	84	-6	22	-32
25	85	-6	21	-32
25	86	-6	22	-32
25	87	-6	22	-32
25	88	-6	22	-31
25	89	-7	23	-31
25	90	-7	23	-31
25	91	-7	23	-31
25	92	-7	24	-31
25	93	-8	24	-31
25	94	-8	24	-31
25	95	-8	25	-31
25	96	-8	25	-31
25	97	-8	25	-31
25	98	-7	25	-32
25	99	-5	25	-32
25	100	-3	25	-32
25	101	-1	25	-32
25	102	1	24	-33
25	103	2	24	-33
25	104	2	24	-33
25	105	2	25	-33
25	106	2	25	-32
25	107	2	25	-32
25	108	2	26	-32
25	109	2	26	-32
25	110	3	25	-32
25	111	3	25	-33
25	112	4	25	-33
25	113	4	24	-34
25	114	5	24	-34
25	115	5	24	-35
25	116	5	23	-35
25	117	6	23	-35
25	118	6	22	-35
25	119	6	21	-35
25	120	6	21	-35
25	121	6	20	-35
25	122	6	20	-35
25	123	6	20	-35
25	124	6	20	-35
25	125	6	20	-35
25	126	6	21	-35
25	127	6	21	-35
25	128	6	21	-34
25	129	5	21	-34
25	130	5	22	-33
25	131	5	22	-32
25	132	4	22	-32
25	133	4	23	-31
25	134	4	21	-32
25	135	4	19	-32
25	136	3	18	-33
25	137	3	16	-33
25	138	3	14	-34
25	139	3	12	-34
25	140	3	12	-34
25	141	3	12	-34
25	142	4	12	-33
25	143	4	11	-33
25	144	4	11	-32
25	145	4	11	-32
25	146	3	11	-31
25	147	2	10	-31
25	148	2	10	-30
25	149	1	10	-30
25	150	0	10	-29
25	151	-1	10	-29
25	152	-1	10	-28
25	153	0	10	-27
25	154	1	11	-25
25	155	2	11	-24
25	156	2	11	-23
25	157	3	11	-22
25	158	4	12	-21
25	159	5	13	-20
25	160	6	13	-19
25	161	6	14	-18
25	162	7	15	-17
25	163	8	16	-16
25	164	8	16	-16
25	165	9	16	-15
25	166	9	17	-14
25	167	9	17	-14
25	168	9	18	-13
25	169	10	18	-13
25	170	9	19	-12
25	171	8	19	-12
25	172	8	20	-11
25	173	7	20	-11
25	174	6	21	-10
25	175	6	22	-10
25	176	4	23	-9
25	177	3	24	-9
25	178	2	25	-9
25	179	1	26	-9
25	180	0	27	-8
25	181	-1	28	-8
25	182	-2	30	-8
25	183	-4	31	-8
25	184	-5	33	-8
25	185	-6	35	-8
25	186	-7	36	-8
25	187	-8	38	-8
25	188	-8	39	-10
25	189	-8	39	-12
25	190	-8	40	-13
25	191	-8	40	-15
25	192	-8	40	-17
25	193	-8	41	-19
26	1	16	30	-39
26	2	15	29	-39
26	3	14	28	-39
26	4	13	27	-39
26	5	12	26	-39
26	6	11	25	-38
26	7	10	24	-38
26	8	10	24	-37
26	9	10	24	-36
26	10	11	24	-35
26	11	11	24	-34
26	12	11	24	-32
26	13	12	24	-31
26	14	11	23	-31
26	15	11	22	-30
26	16	11	21	-29
26	17	10	21	-29
26	18	10	20	-28
26	19	9	19	-27
26	20	9	19	-27
26	21	9	19	-27
26	22	8	19	-27
26	23	8	19	-27
26	24	8	19	-27
26	25	8	19	-27
26	26	7	19	-27
26	27	7	19	-27
26	28	6	19	-27
26	29	6	19	-27
26	30	5	20	-28
26	31	5	20	-28
26	32	5	20	-28
26	33	5	20	-28
26	34	5	21	-28
26	35	4	21	-28
26	36	4	21	-28
26	37	4	22	-28
26	38	4	22	-28
26	39	4	22	-28
26	40	4	22	-28
26	41	5	21	-28
26	42	5	21	-28
26	43	5	21	-28
26	44	5	21	-28
26	45	5	21	-28
26	46	5	20	-28
26	47	5	20	-28
26	48	5	20	-28
26	49	5	20	-28
26	50	5	19	-29
26	51	5	19	-29
26	52	4	18	-29
26	53	4	18	-30
26	54	3	18	-30
26	55	3	17	-30
26	56	3	18	-30
26	57	3	18	-29
26	58	3	19	-29
26	59	4	20	-28
26	60	4	20	-28
26	61	4	21	-27
26	62	4	21	-27
26	63	4	20	-28
26	64	3	20	-28
26	65	3	20	-28
26	66	3	19	-28
26	67	3	19	-28
26	68	2	19	-28
26	69	2	20	-29
26	70	1	20	-29
26	71	1	20	-29
26	72	0	20	-29
26	73	0	20	-29
26	74	-1	20	-29
26	75	-3	20	-30
26	76	-4	20	-30
26	77	-5	20	-30
26	78	-7	20	-30
26	79	-8	21	-30
26	80	-8	21	-30
26	81	-8	21	-31
26	82	-8	21	-31
26	83	-8	21	-31
26	84	-7	22	-32
26	85	-7	22	-32
26	86	-8	22	-32
26	87	-8	22	-32
26	88	-8	23	-31
26	89	-8	23	-31
26	90	-8	23	-31
26	91	-9	23	-31
26	92	-9	24	-31
26	93	-9	24	-31
26	94	-9	24	-32
26	95	-9	25	-32
26	96	-9	25	-32
26	97	-9	26	-32
26	98	-8	25	-33
26	99	-6	25	-33
26	100	-4	25	-33
26	101	-2	25	-33
26	102	-1	25	-34
26	103	1	25	-34
26	104	2	25	-34
26	105	2	25	-34
26	106	3	26	-34
26	107	3	26	-33
26	108	3	26	-33
26	109	4	26	-33
26	110	4	26	-34
26	111	4	25	-34
26	112	5	25	-34
26	113	5	24	-35
26	114	5	23	-35
26	115	6	23	-36
26	116	6	22	-36
26	117	6	21	-36
26	118	6	21	-36
26	119	6	20	-36
26	120	6	20	-36
26	121	6	19	-36
26	122	6	19	-36
26	123	6	19	-36
26	124	5	19	-36
26	125	5	19	-36
26	126	5	19	-36
26	127	4	19	-36
26	128	4	20	-35
26	129	4	20	-35
26	130	4	20	-34
26	131	4	21	-34
26	132	4	21	-34
26	133	3	22	-33
26	134	4	20	-34
26	135	4	18	-34
26	136	4	16	-35
26	137	4	15	-35
26	138	4	13	-36
26	139	4	11	-36
26	140	4	11	-36
26	141	4	10	-35
26	142	4	10	-35
26	143	3	9	-35
26	144	3	9	-34
26	145	3	8	-34
26	146	2	8	-33
26	147	1	9	-33
26	148	0	9	-32
26	149	-1	9	-32
26	150	-2	9	-31
26	151	-3	9	-31
26	152	-2	9	-30
26	153	-1	10	-29
26	154	0	10	-27
26	155	1	11	-26
26	156	2	11	-25
26	157	4	11	-24
26	158	4	12	-23
26	159	5	12	-22
26	160	6	13	-21
26	161	7	13	-19
26	162	8	14	-18
26	163	9	14	-17
26	164	9	15	-16
26	165	9	15	-16
26	166	10	16	-15
26	167	10	16	-14
26	168	10	17	-14
26	169	10	17	-13
26	170	10	18	-12
26	171	9	18	-12
26	172	9	19	-11
26	173	8	19	-10
26	174	8	20	-10
26	175	7	20	-9
26	176	5	21	-9
26	177	4	22	-8
26	178	2	23	-8
26	179	0	24	-7
26	180	-1	25	-7
26	181	-3	26	-6
26	182	-4	28	-6
26	183	-6	30	-7
26	184	-7	32	-7
26	185	-8	34	-7
26	186	-10	36	-8
26	187	-11	38	-8
26	188	-11	39	-9
26	189	-11	40	-11
26	190	-11	40	-12
26	191	-10	41	-14
26	192	-10	42	-15
26	193	-10	42	-17
27	1	19	29	-41
27	2	17	28	-40
27	3	16	28	-40
27	4	15	27	-39
27	5	14	26	-38
27	6	12	25	-38
27	7	11	24	-37
27	8	11	24	-36
27	9	11	24	-35
27	10	11	24	-34
27	11	11	24	-32
27	12	11	24	-31
27	13	11	24	-30
27	14	11	23	-29
27	15	10	22	-29
27	16	10	21	-28
27	17	9	21	-27
27	18	8	20	-27
27	19	8	19	-26
27	20	8	19	-26
27	21	7	19	-27
27	22	7	19	-27
27	23	7	19	-27
27	24	6	19	-28
27	25	6	19	-28
27	26	6	19	-28
27	27	6	19	-28
27	28	6	19	-28
27	29	6	19	-28
27	30	6	19	-28
27	31	6	19	-28
27	32	6	20	-28
27	33	5	20	-27
27	34	5	20	-27
27	35	5	21	-27
27	36	5	21	-27
27	37	4	22	-27
27	38	4	22	-27
27	39	4	22	-27
27	40	5	22	-27
27	41	5	22	-27
27	42	5	22	-27
27	43	5	22	-27
27	44	5	21	-27
27	45	4	21	-27
27	46	4	20	-27
27	47	4	20	-27
27	48	4	20	-27
27	49	4	19	-27
27	50	3	19	-28
27	51	3	19	-28
27	52	3	19	-29
27	53	3	18	-29
27	54	2	18	-30
27	55	2	18	-30
27	56	2	18	-30
27	57	2	19	-29
27	58	3	19	-29
27	59	3	19	-29
27	60	3	20	-28
27	61	3	20	-28
27	62	3	20	-28
27	63	3	19	-28
27	64	3	19	-28
27	65	3	19	-28
27	66	3	18	-29
27	67	3	18	-29
27	68	3	18	-29
27	69	2	18	-29
27	70	1	19	-29
27	71	1	19	-29
27	72	0	19	-29
27	73	-1	19	-29
27	74	-2	19	-30
27	75	-3	19	-30
27	76	-5	19	-30
27	77	-6	19	-30
27	78	-7	19	-30
27	79	-8	19	-30
27	80	-8	19	-30
27	81	-9	20	-31
27	82	-9	21	-31
27	83	-9	21	-31
27	84	-9	22	-31
27	85	-9	22	-32
27	86	-9	23	-32
27	87	-9	23	-32
27	88	-10	23	-32
27	89	-10	23	-31
27	90	-10	23	-31
27	91	-10	23	-31
27	92	-10	23	-32
27	93	-10	24	-32
27	94	-10	24	-32
27	95	-10	25	-33
27	96	-10	25	-33
27	97	-10	26	-33
27	98	-9	26	-33
27	99	-7	26	-34
27	100	-5	26	-34
27	101	-3	26	-34
27	102	-2	26	-35
27	103	0	26	-35
27	104	1	26	-35
27	105	2	26	-35
27	106	3	26	-35
27	107	4	27	-35
27	108	5	27	-34
27	109	6	27	-34
27	110	6	26	-35
27	111	6	25	-35
27	112	6	24	-35
27	113	6	24	-36
27	114	6	23	-36
27	115	6	22	-36
27	116	6	21	-36
27	117	6	20	-36
27	118	6	20	-37
27	119	6	19	-37
27	120	6	18	-37
27	121	6	17	-37
27	122	5	18	-37
27	123	5	18	-37
27	124	4	18	-36
27	125	4	18	-36
27	126	3	18	-36
27	127	3	18	-36
27	128	3	18	-36
27	129	3	19	-36
27	130	3	19	-36
27	131	3	20	-36
27	132	3	20	-35
27	133	3	21	-35
27	134	3	19	-36
27	135	4	17	-36
27	136	4	15	-36
27	137	5	13	-37
27	138	5	11	-37
27	139	6	10	-38
27	140	5	9	-37
27	141	4	8	-37
27	142	4	8	-37
27	143	3	7	-37
27	144	2	7	-36
27	145	1	6	-36
27	146	0	6	-36
27	147	-1	7	-35
27	148	-2	7	-35
27	149	-3	7	-34
27	150	-4	8	-34
27	151	-5	8	-33
27	152	-4	8	-32
27	153	-2	9	-31
27	154	-1	10	-30
27	155	1	10	-28
27	156	3	11	-27
27	157	4	11	-26
27	158	5	12	-25
27	159	6	12	-23
27	160	7	12	-22
27	161	8	12	-20
27	162	9	13	-19
27	163	9	13	-18
27	164	10	14	-17
27	165	10	14	-16
27	166	10	15	-15
27	167	10	16	-15
27	168	11	16	-14
27	169	11	17	-13
27	170	11	17	-13
27	171	10	17	-12
27	172	10	18	-11
27	173	9	18	-10
27	174	9	18	-9
27	175	8	18	-9
27	176	6	19	-8
27	177	4	20	-7
27	178	2	21	-6
27	179	0	22	-6
27	180	-2	23	-5
27	181	-4	23	-4
27	182	-6	26	-5
27	183	-8	28	-5
27	184	-9	31	-6
27	185	-11	34	-7
27	186	-13	36	-7
27	187	-14	39	-8
27	188	-14	39	-9
27	189	-14	40	-10
27	190	-13	41	-11
27	191	-13	42	-12
27	192	-13	43	-13
27	193	-12	44	-15
28	1	21	28	-43
28	2	20	28	-42
28	3	18	27	-40
28	4	17	27	-39
28	5	15	26	-38
28	6	14	25	-37
28	7	12	25	-36
28	8	12	25	-35
28	9	12	24	-34
28	10	12	24	-32
28	11	11	24	-31
28	12	11	24	-30
28	13	11	24	-29
28	14	10	23	-28
28	15	10	22	-27
28	16	9	22	-27
28	17	8	21	-26
28	18	7	20	-25
28	19	6	19	-25
28	20	6	19	-25
28	21	6	19	-26
28	22	6	19	-27
28	23	5	19	-28
28	24	5	18	-28
28	25	5	18	-29
28	26	5	18	-29
28	27	6	18	-29
28	28	6	18	-28
28	29	6	18	-28
28	30	7	18	-28
28	31	7	19	-28
28	32	7	19	-27
28	33	6	20	-27
28	34	6	20	-27
28	35	5	21	-27
28	36	5	21	-27
28	37	4	22	-26
28	38	4	22	-26
28	39	4	22	-26
28	40	5	22	-26
28	41	5	22	-26
28	42	5	22	-26
28	43	5	22	-26
28	44	4	21	-26
28	45	4	21	-26
28	46	3	21	-26
28	47	3	20	-26
28	48	2	20	-26
28	49	2	19	-26
28	50	2	19	-27
28	51	2	19	-28
28	52	2	19	-28
28	53	1	18	-29
28	54	1	18	-29
28	55	1	18	-30
28	56	1	18	-30
28	57	2	19	-30
28	58	2	19	-29
28	59	2	19	-29
28	60	3	19	-29
28	61	3	19	-29
28	62	3	19	-29
28	63	3	18	-29
28	64	3	18	-29
28	65	4	18	-29
28	66	4	17	-29
28	67	4	17	-29
28	68	3	17	-29
28	69	2	17	-29
28	70	1	17	-29
28	71	0	18	-29
28	72	-1	18	-30
28	73	-2	18	-30
28	74	-3	18	-30
28	75	-4	17	-30
28	76	-5	17	-30
28	77	-6	17	-30
28	78	-8	17	-30
28	79	-9	17	-30
28	80	-9	18	-30
28	81	-9	19	-31
28	82	-10	20	-31
28	83	-10	21	-31
28	84	-10	22	-31
28	85	-10	23	-32
28	86	-11	23	-32
28	87	-11	23	-32
28	88	-11	23	-32
28	89	-11	23	-32
28	90	-11	23	-32
28	91	-12	23	-32
28	92	-12	23	-32
28	93	-11	24	-32
28	94	-11	24	-33
28	95	-11	25	-33
28	96	-11	26	-34
28	97	-11	26	-34
28	98	-10	26	-34
28	99	-8	26	-35
28	100	-6	26	-35
28	101	-5	26	-36
28	102	-3	27	-36
28	103	-1	27	-36
28	104	0	27	-36
28	105	2	27	-36
28	106	3	27	-36
28	107	4	27	-36
28	108	6	27	-36
28	109	7	27	-36
28	110	7	26	-36
28	111	7	25	-36
28	112	7	24	-36
28	113	6	23	-37
28	114	6	22	-37
28	115	6	21	-37
28	116	6	20	-37
28	117	6	19	-37
28	118	6	19	-37
28	119	6	18	-37
28	120	6	17	-37
28	121	6	16	-37
28	122	5	16	-37
28	123	4	16	-37
28	124	3	16	-37
28	125	2	16	-37
28	126	2	17	-37
28	127	1	17	-37
28	128	1	17	-37
28	129	1	18	-37
28	130	2	18	-37
28	131	2	19	-37
28	132	2	19	-37
28	133	2	20	-37
28	134	3	18	-37
28	135	4	16	-38
28	136	5	14	-38
28	137	6	12	-39
28	138	7	10	-39
28	139	7	8	-39
28	140	6	7	-39
28	141	5	7	-39
28	142	4	6	-39
28	143	2	5	-39
28	144	1	4	-38
28	145	0	4	-38
28	146	-1	4	-38
28	147	-3	5	-37
28	148	-4	5	-37
28	149	-5	6	-36
28	150	-6	6	-36
28	151	-7	7	-35
28	152	-5	8	-34
28	153	-3	8	-33
28	154	-1	9	-32
28	155	1	10	-30
28	156	3	11	-29
28	157	5	11	-28
28	158	6	11	-26
28	159	6	12	-25
28	160	7	12	-23
28	161	8	12	-22
28	162	9	12	-20
28	163	10	12	-18
28	164	10	12	-18
28	165	11	13	-17
28	166	11	14	-16
28	167	11	15	-15
28	168	11	16	-14
28	169	12	16	-14
28	170	11	16	-13
28	171	11	16	-12
28	172	11	16	-11
28	173	10	16	-10
28	174	10	16	-9
28	175	10	16	-8
28	176	7	17	-7
28	177	4	18	-6
28	178	2	19	-5
28	179	-1	20	-4
28	180	-3	20	-3
28	181	-6	21	-2
28	182	-8	24	-3
28	183	-10	27	-4
28	184	-12	30	-5
28	185	-14	33	-6
28	186	-16	36	-7
28	187	-18	39	-8
28	188	-17	40	-8
28	189	-17	41	-9
28	190	-16	42	-10
28	191	-16	43	-11
28	192	-15	44	-12
28	193	-15	45	-12
29	1	24	28	-45
29	2	22	27	-43
29	3	21	27	-41
29	4	19	27	-40
29	5	17	26	-38
29	6	15	26	-36
29	7	14	25	-35
29	8	13	25	-33
29	9	13	25	-32
29	10	12	24	-31
29	11	12	24	-30
29	12	11	24	-29
29	13	11	24	-27
29	14	10	23	-27
29	15	9	22	-26
29	16	8	22	-25
29	17	7	21	-25
29	18	6	20	-24
29	19	5	19	-23
29	20	5	19	-24
29	21	4	19	-26
29	22	4	19	-27
29	23	4	19	-28
29	24	3	18	-29
29	25	3	18	-30
29	26	4	18	-30
29	27	5	18	-29
29	28	6	18	-29
29	29	7	18	-28
29	30	7	18	-28
29	31	8	18	-28
29	32	8	18	-27
29	33	7	19	-27
29	34	6	20	-27
29	35	6	20	-26
29	36	5	21	-26
29	37	4	21	-26
29	38	5	22	-26
29	39	5	22	-26
29	40	5	22	-25
29	41	5	22	-25
29	42	5	22	-25
29	43	5	22	-25
29	44	4	22	-25
29	45	3	21	-25
29	46	3	21	-25
29	47	2	20	-25
29	48	1	19	-25
29	49	0	19	-25
29	50	0	19	-26
29	51	0	19	-27
29	52	0	19	-27
29	53	0	19	-28
29	54	0	19	-29
29	55	0	19	-30
29	56	1	19	-30
29	57	1	19	-30
29	58	1	19	-30
29	59	2	18	-30
29	60	2	18	-30
29	61	2	18	-30
29	62	3	18	-30
29	63	3	18	-30
29	64	3	17	-30
29	65	4	17	-30
29	66	4	16	-30
29	67	4	16	-29
29	68	3	16	-30
29	69	2	16	-30
29	70	1	16	-30
29	71	0	16	-30
29	72	-1	16	-30
29	73	-2	16	-30
29	74	-4	16	-30
29	75	-5	16	-30
29	76	-6	16	-30
29	77	-7	16	-30
29	78	-8	15	-30
29	79	-9	15	-30
29	80	-10	17	-30
29	81	-10	18	-31
29	82	-11	19	-31
29	83	-11	21	-31
29	84	-12	22	-31
29	85	-12	24	-31
29	86	-12	23	-32
29	87	-12	23	-32
29	88	-13	23	-32
29	89	-13	23	-32
29	90	-13	23	-32
29	91	-13	23	-32
29	92	-13	23	-32
29	93	-13	24	-33
29	94	-13	25	-33
29	95	-13	25	-34
29	96	-12	26	-34
29	97	-12	26	-35
29	98	-11	27	-35
29	99	-9	27	-36
29	100	-7	27	-36
29	101	-6	27	-37
29	102	-4	27	-37
29	103	-3	27	-37
29	104	-1	27	-37
29	105	1	28	-37
29	106	3	28	-37
29	107	5	28	-37
29	108	7	28	-37
29	109	9	28	-37
29	110	9	27	-37
29	111	8	25	-37
29	112	8	24	-37
29	113	7	23	-38
29	114	7	22	-38
29	115	6	20	-38
29	116	6	19	-38
29	117	6	18	-38
29	118	6	17	-38
29	119	6	16	-38
29	120	6	16	-38
29	121	5	15	-38
29	122	4	15	-38
29	123	3	15	-38
29	124	2	15	-38
29	125	1	15	-38
29	126	0	15	-38
29	127	-1	15	-38
29	128	0	16	-38
29	129	0	16	-38
29	130	1	17	-38
29	131	1	17	-39
29	132	2	18	-39
29	133	2	19	-39
29	134	3	17	-39
29	135	4	15	-40
29	136	5	13	-40
29	137	7	11	-40
29	138	8	9	-41
29	139	9	7	-41
29	140	7	6	-41
29	141	5	5	-41
29	142	4	4	-41
29	143	2	3	-40
29	144	0	2	-40
29	145	-2	1	-40
29	146	-3	2	-40
29	147	-4	3	-39
29	148	-5	4	-39
29	149	-7	4	-38
29	150	-8	5	-38
29	151	-9	6	-37
29	152	-7	7	-36
29	153	-4	8	-35
29	154	-2	9	-34
29	155	0	10	-32
29	156	3	11	-31
29	157	5	11	-30
29	158	6	11	-28
29	159	7	11	-26
29	160	8	11	-24
29	161	9	11	-23
29	162	10	11	-21
29	163	11	10	-19
29	164	11	11	-18
29	165	11	12	-17
29	166	12	13	-16
29	167	12	14	-16
29	168	12	15	-15
29	169	12	16	-14
29	170	12	16	-13
29	171	12	15	-12
29	172	12	15	-11
29	173	11	15	-10
29	174	11	15	-9
29	175	11	15	-8
29	176	8	15	-7
29	177	5	16	-5
29	178	2	17	-4
29	179	-1	17	-3
29	180	-4	18	-2
29	181	-7	19	0
29	182	-10	22	-1
29	183	-12	25	-3
29	184	-14	29	-4
29	185	-16	32	-5
29	186	-19	36	-6
29	187	-21	39	-7
29	188	-20	40	-8
29	189	-19	42	-8
29	190	-19	43	-9
29	191	-18	44	-9
29	192	-17	45	-10
29	193	-17	47	-10
30	1	27	27	-47
30	2	25	27	-44
30	3	23	27	-42
30	4	21	26	-40
30	5	19	26	-38
30	6	17	26	-36
30	7	15	26	-33
30	8	14	25	-32
30	9	13	25	-31
30	10	13	25	-30
30	11	12	24	-29
30	12	11	24	-27
30	13	10	24	-26
30	14	9	23	-26
30	15	8	22	-25
30	16	7	22	-24
30	17	6	21	-23
30	18	5	20	-23
30	19	4	20	-22
30	20	3	19	-24
30	21	3	19	-25
30	22	3	19	-26
30	23	2	18	-28
30	24	2	18	-29
30	25	2	18	-31
30	26	3	18	-30
30	27	4	18	-30
30	28	5	18	-29
30	29	7	17	-29
30	30	8	17	-28
30	31	9	17	-28
30	32	9	18	-27
30	33	8	19	-27
30	34	7	19	-26
30	35	6	20	-26
30	36	5	21	-26
30	37	5	21	-25
30	38	5	21	-25
30	39	5	22	-25
30	40	5	22	-25
30	41	5	22	-24
30	42	5	22	-24
30	43	5	22	-24
30	44	4	22	-24
30	45	3	21	-24
30	46	2	21	-24
30	47	1	20	-24
30	48	0	19	-24
30	49	-1	19	-24
30	50	-1	19	-25
30	51	-1	19	-26
30	52	-1	19	-27
30	53	-1	19	-28
30	54	-1	19	-28
30	55	-1	19	-29
30	56	0	19	-30
30	57	0	19	-30
30	58	1	18	-30
30	59	1	18	-30
30	60	1	18	-31
30	61	2	18	-31
30	62	2	17	-31
30	63	3	17	-31
30	64	3	16	-30
30	65	4	16	-30
30	66	4	15	-30
30	67	5	15	-30
30	68	4	15	-30
30	69	2	15	-30
30	70	1	15	-30
30	71	-1	15	-30
30	72	-2	15	-30
30	73	-3	15	-30
30	74	-4	15	-30
30	75	-5	15	-30
30	76	-6	14	-30
30	77	-7	14	-30
30	78	-8	14	-30
30	79	-9	13	-30
30	80	-10	15	-30
30	81	-11	17	-30
30	82	-12	19	-31
30	83	-12	21	-31
30	84	-13	22	-31
30	85	-14	24	-31
30	86	-14	24	-31
30	87	-14	23	-32
30	88	-14	23	-32
30	89	-14	23	-32
30	90	-14	23	-32
30	91	-15	22	-32
30	92	-14	23	-33
30	93	-14	24	-33
30	94	-14	25	-34
30	95	-14	25	-35
30	96	-14	26	-35
30	97	-13	27	-36
30	98	-12	27	-36
30	99	-10	27	-37
30	100	-9	27	-37
30	101	-7	28	-38
30	102	-5	28	-38
30	103	-4	28	-38
30	104	-1	28	-38
30	105	1	28	-38
30	106	3	28	-38
30	107	6	28	-38
30	108	8	28	-38
30	109	11	29	-38
30	110	10	27	-38
30	111	9	25	-38
30	112	9	24	-39
30	113	8	22	-39
30	114	7	21	-39
30	115	7	19	-39
30	116	6	18	-39
30	117	6	17	-39
30	118	6	16	-39
30	119	6	15	-39
30	120	5	14	-39
30	121	5	13	-39
30	122	4	13	-39
30	123	3	13	-39
30	124	1	14	-38
30	125	0	14	-38
30	126	-1	14	-38
30	127	-3	14	-38
30	128	-2	15	-39
30	129	-1	15	-39
30	130	0	16	-40
30	131	0	16	-40
30	132	1	17	-41
30	133	2	17	-41
30	134	3	15	-41
30	135	5	13	-42
30	136	6	11	-42
30	137	8	9	-42
30	138	9	7	-42
30	139	11	5	-43
30	140	8	4	-43
30	141	6	3	-43
30	142	4	2	-42
30	143	1	1	-42
30	144	-1	0	-42
30	145	-3	-1	-42
30	146	-5	0	-42
30	147	-6	1	-41
30	148	-7	2	-41
30	149	-8	3	-40
30	150	-10	4	-40
30	151	-11	5	-39
30	152	-8	6	-38
30	153	-5	7	-37
30	154	-3	8	-36
30	155	0	9	-34
30	156	3	10	-33
30	157	6	11	-32
30	158	7	11	-30
30	159	8	11	-28
30	160	9	10	-26
30	161	10	10	-24
30	162	11	10	-22
30	163	12	9	-20
30	164	12	10	-19
30	165	12	11	-18
30	166	12	12	-17
30	167	12	13	-16
30	168	13	14	-15
30	169	13	15	-14
30	170	13	15	-13
30	171	13	14	-12
30	172	13	14	-11
30	173	13	14	-10
30	174	13	13	-9
30	175	12	13	-7
30	176	9	13	-6
30	177	5	14	-4
30	178	2	15	-3
30	179	-2	15	-1
30	180	-5	16	0
30	181	-9	16	2
30	182	-12	20	0
30	183	-14	24	-1
30	184	-16	28	-3
30	185	-19	32	-4
30	186	-21	35	-6
30	187	-24	39	-7
30	188	-23	41	-7
30	189	-22	42	-8
30	190	-21	44	-8
30	191	-21	45	-8
30	192	-20	47	-8
30	193	-19	48	-8
31	1	30	27	-49
31	2	27	27	-46
31	3	25	26	-43
31	4	23	26	-40
31	5	21	26	-38
31	6	18	26	-35
31	7	16	26	-32
31	8	15	26	-31
31	9	14	25	-30
31	10	13	25	-29
31	11	12	24	-27
31	12	11	24	-26
31	13	10	24	-25
31	14	9	23	-24
31	15	7	22	-24
31	16	6	22	-23
31	17	5	21	-22
31	18	4	20	-21
31	19	2	20	-21
31	20	2	19	-23
31	21	2	19	-24
31	22	1	19	-26
31	23	1	18	-28
31	24	0	18	-30
31	25	0	18	-32
31	26	2	17	-31
31	27	4	17	-30
31	28	5	17	-30
31	29	7	17	-29
31	30	9	17	-28
31	31	10	17	-28
31	32	9	17	-27
31	33	9	18	-27
31	34	8	19	-26
31	35	7	20	-26
31	36	6	20	-25
31	37	5	21	-25
31	38	5	21	-24
31	39	5	22	-24
31	40	5	22	-24
31	41	5	22	-24
31	42	5	22	-23
31	43	5	23	-23
31	44	3	22	-23
31	45	2	21	-23
31	46	1	21	-23
31	47	-1	20	-23
31	48	-2	19	-23
31	49	-3	18	-23
31	50	-3	19	-24
31	51	-3	19	-25
31	52	-2	19	-26
31	53	-2	19	-27
31	54	-2	19	-28
31	55	-2	19	-29
31	56	-1	19	-30
31	57	-1	19	-30
31	58	0	18	-31
31	59	0	18	-31
31	60	1	17	-32
31	61	1	17	-32
31	62	2	16	-32
31	63	3	16	-31
31	64	3	15	-31
31	65	4	15	-31
31	66	5	14	-31
31	67	6	14	-30
31	68	4	14	-30
31	69	2	14	-30
31	70	1	14	-30
31	71	-1	14	-30
31	72	-2	14	-30
31	73	-4	14	-30
31	74	-5	14	-30
31	75	-6	13	-30
31	76	-7	13	-30
31	77	-8	12	-30
31	78	-9	12	-30
31	79	-10	12	-30
31	80	-11	14	-30
31	81	-12	16	-30
31	82	-12	18	-31
31	83	-13	20	-31
31	84	-14	22	-31
31	85	-15	25	-31
31	86	-15	24	-31
31	87	-15	24	-32
31	88	-16	23	-32
31	89	-16	23	-32
31	90	-16	23	-32
31	91	-16	22	-33
31	92	-16	23	-33
31	93	-15	24	-34
31	94	-15	25	-35
31	95	-15	25	-35
31	96	-15	26	-36
31	97	-14	27	-37
31	98	-13	27	-37
31	99	-11	28	-38
31	100	-10	28	-38
31	101	-8	28	-39
31	102	-7	29	-39
31	103	-5	29	-39
31	104	-2	29	-39
31	105	1	29	-39
31	106	4	29	-39
31	107	7	29	-39
31	108	9	29	-39
31	109	12	29	-39
31	110	11	27	-39
31	111	10	26	-39
31	112	10	24	-40
31	113	9	22	-40
31	114	8	20	-40
31	115	7	19	-40
31	116	7	17	-40
31	117	6	16	-40
31	118	6	15	-40
31	119	6	14	-39
31	120	5	13	-39
31	121	5	12	-39
31	122	3	12	-39
31	123	2	12	-39
31	124	0	12	-39
31	125	-1	12	-39
31	126	-3	13	-39
31	127	-4	13	-39
31	128	-3	13	-40
31	129	-2	14	-40
31	130	-2	15	-41
31	131	-1	15	-42
31	132	0	16	-42
31	133	1	16	-43
31	134	3	14	-43
31	135	5	12	-43
31	136	7	10	-44
31	137	8	8	-44
31	138	10	6	-44
31	139	12	4	-44
31	140	9	2	-44
31	141	6	1	-44
31	142	3	0	-44
31	143	1	-1	-44
31	144	-2	-2	-44
31	145	-5	-3	-44
31	146	-6	-2	-44
31	147	-8	-1	-43
31	148	-9	0	-43
31	149	-10	2	-43
31	150	-11	3	-42
31	151	-13	4	-42
31	152	-10	5	-40
31	153	-6	7	-39
31	154	-3	8	-38
31	155	0	9	-36
31	156	3	10	-35
31	157	6	11	-34
31	158	7	11	-32
31	159	8	10	-29
31	160	9	10	-27
31	161	10	9	-25
31	162	11	8	-23
31	163	12	8	-20
31	164	12	9	-19
31	165	13	10	-18
31	166	13	11	-17
31	167	13	12	-16
31	168	13	14	-16
31	169	13	15	-15
31	170	14	14	-13
31	171	14	14	-12
31	172	14	13	-11
31	173	14	12	-10
31	174	14	12	-8
31	175	14	11	-7
31	176	10	12	-5
31	177	6	12	-3
31	178	2	13	-2
31	179	-2	13	0
31	180	-7	13	2
31	181	-11	14	4
31	182	-13	18	2
31	183	-16	22	0
31	184	-19	27	-2
31	185	-22	31	-3
31	186	-24	35	-5
31	187	-27	40	-7
31	188	-26	41	-7
31	189	-25	43	-7
31	190	-24	45	-6
31	191	-23	46	-6
31	192	-22	48	-6
31	193	-21	50	-6
