5	-8.030638151589006	-0.44007882277593297	-19.986194610595703	58.0
24	-8.030638151589006	-0.44007882277593297	-19.986194610595703	57.0
43	-8.493287263967794	-1.9893885604761847	-19.266773223876953	57.0
62	-8.2708499869025	-1.56555665483222	-19.162349700927734	57.0
81	-8.111961703057167	-0.03233155171889943	-19.614397048950195	57.0
102	-8.053653458051384	-0.15770537911452467	-19.58642578125	57.0
120	-8.344094555284551	-0.7078495797301512	-19.452587127685547	57.0
140	-8.402696836568603	-1.651061578080233	-19.02794647216797	57.0
160	-8.905686347659255	-1.374286918769334	-18.98210906982422	57.0
179	-9.308322357116797	-0.45544918486433883	-18.857675552368164	57.0
198	-8.756446733124523	0.08167440271086689	-19.29861831665039	57.0
217	-8.413782149604883	0.402657338527084	-19.528156280517578	57.0
237	-8.203360547181967	-0.028456979820257383	-19.26997947692871	57.0
257	-8.647314656063228	-1.168890513733285	-19.123634338378906	58.0
276	-8.985579626906743	-1.5594938609871667	-18.86199951171875	58.0
295	-9.202435199187452	-0.8730382722632379	-18.545228958129883	58.0
314	-9.332583167480838	-0.32817266741290574	-18.390625	58.0
336	-9.206263733206526	0.11249501047890013	-18.133329391479492	58.0
355	-8.712030566438395	0.13739450046669638	-18.46078872680664	58.0
373	-8.235154342029121	-0.24963189152423707	-18.62874412536621	58.0
393	-8.368668264662508	-0.27463499117410983	-18.43990707397461	58.0
413	-8.90122881068057	0.05166685581142313	-18.058185577392578	58.0
431	-9.150370547511534	0.27431846390273157	-17.624319076538086	58.0
451	-9.109984306536406	-0.03425751806030099	-17.6405029296875	58.0
470	-9.107138626013306	0.05131296967458332	-17.534433364868164	58.0
491	-9.14560361741985	0.06787198686248623	-17.63043212890625	58.0
510	-8.620240403617183	0.06860112165884368	-17.79668617248535	60.0
529	-9.262051091130335	0.24583777473902058	-17.50312042236328	60.0
548	-9.699959711749038	0.3676180607461766	-17.448062896728516	60.0
569	-9.884581387283228	0.5344987770997054	-17.43878173828125	60.0
588	-9.990339177166854	0.6784251889320442	-17.586307525634766	60.0
609	-9.643629785614944	1.2170785653163259	-17.698734283447266	60.0
627	-10.026743214608839	1.1497524600499769	-17.580432891845703	60.0
646	-10.219264125167477	-0.032028137033977694	-17.27375030517578	60.0
666	-10.241116792530697	0.7934019612580099	-17.191490173339844	60.0
686	-9.055745687785318	1.7371792872321927	-17.66683006286621	60.0
706	-9.108475027906556	2.3523119233363374	-17.29070472717285	60.0
----------------출발----------------
725	-9.108475027906556	2.3523119233363374	-17.29070472717285	60.0
743	-9.902216787765747	0.36567619618007813	-16.98427963256836	57.0
763	-9.626649418017553	0.7772429089397541	-17.09918975830078	57.0
782	-9.914786850461772	2.098020211299263	-16.87717056274414	57.0
802	-10.073851047803885	1.8781183098544068	-16.71170425415039	57.0
822	-10.370090039035517	1.385207956488893	-16.657516479492188	57.0
841	-10.758106582046384	1.273876435161734	-16.703927993774414	57.0
861	-11.157594418676092	1.678147534170569	-16.629636764526367	57.0
880	-11.105768710564016	2.051769431253448	-16.648967742919922	57.0
899	-10.719631040353754	2.4869137329730684	-16.683595657348633	57.0
919	-10.59514000063082	2.8790227253527725	-16.850318908691406	57.0
937	-10.83293656219025	2.7985512755568505	-16.737836837768555	57.0
957	-10.911818924557192	2.7790976580294036	-16.599328994750977	57.0
976	-11.18125412347207	2.9695357111063934	-16.50476837158203	57.0
995	-11.358834174973532	2.810546538773715	-16.035079956054688	57.0
1016	-11.432502556643879	3.071702308626383	-15.788947105407715	57.0
1034	-11.48109304086576	3.534777106286647	-15.790203094482422	57.0
1055	-11.781521047564096	3.8454251657292566	-15.49114990234375	57.0
1074	-11.98997687366363	4.720547422699262	-14.94459342956543	57.0
1093	-11.657298191887532	4.851417549107169	-15.046937942504883	57.0
1112	-10.892863264902891	4.47202948661867	-15.856302261352539	57.0
1131	-10.584351474147958	5.025630231383621	-15.698490142822266	57.0
1152	-10.522824698289455	5.4909970164574	-15.744343757629395	57.0
1172	-10.52959966078552	5.393406830895741	-16.04058837890625	57.0
1190	-10.56473922460124	5.197548918606831	-16.135055541992188	57.0
1209	-10.946905729624337	4.82384347769318	-16.436779022216797	57.0
1229	-10.812449715310697	4.78009585804041	-16.763675689697266	58.0
1248	-11.343733450428811	5.359259522262771	-16.853506088256836	58.0
1270	-11.956479038896198	6.188718076290784	-16.444454193115234	58.0
1290	-11.702773934605924	6.370426645181894	-16.786163330078125	58.0
1307	-10.989187038245223	6.381447402304076	-17.363853454589844	58.0
1326	-12.310013910285345	7.193380335596154	-15.981163024902344	58.0
1346	-12.575258322612695	7.718322188629172	-15.87162971496582	58.0
1366	-11.927743336557421	7.314144371395085	-16.558622360229492	58.0
1387	-11.811451330331714	7.191688872112223	-16.760107040405273	58.0
1406	-11.350683911127257	6.753479154621431	-17.019752502441406	58.0
1424	-11.350683911127257	6.753479154621431	-17.019752502441406	58.0
1444	-11.652782369590957	7.719043917199161	-16.58383560180664	58.0
1462	-11.823463509198843	8.040742621070633	-16.478260040283203	61.0
1483	-12.038169598047064	7.990243573957972	-16.8293399810791	61.0
1502	-12.28001379246921	8.340585729791053	-16.908348083496094	61.0
1524	-12.419358918792788	8.969467830934926	-16.721900939941406	61.0
1541	-12.529267234482266	9.014536839517485	-16.714393615722656	61.0
1561	-12.795783754630683	9.079096086390821	-16.837779998779297	61.0
1581	-13.218955758356252	8.955969186152767	-17.18297576904297	61.0
1599	-13.40702278866508	9.402410067418856	-17.264976501464844	61.0
1621	-13.570032178323624	9.61741104813688	-17.707019805908203	61.0
1640	-13.493021497123141	10.099499421867275	-17.75307273864746	61.0
1657	-13.10861135104242	10.329568214231047	-17.887104034423828	61.0
1678	-13.080918670524312	10.669850318497364	-17.89134407043457	61.0
1697	-13.09291889221861	11.110969422723985	-18.122207641601562	66.0
1717	-12.980386603495011	11.655448496439112	-18.196353912353516	66.0
1739	-12.911941103388719	11.645340411422946	-18.589969635009766	66.0
1756	-12.982453614491341	11.32534291221475	-18.844820022583008	66.0
1775	-13.11201394990255	11.364346387936306	-19.049436569213867	66.0
1794	-13.40914868218261	11.417043688466006	-19.204193115234375	66.0
1814	-13.866127066253503	11.649178147651329	-19.308639526367188	66.0
1833	-13.930457829415857	11.918379563775817	-19.303287506103516	66.0
1855	-14.278056694006636	12.343319080552504	-19.196529388427734	66.0
1872	-14.522956162400671	12.364015579706434	-19.380413055419922	66.0
1891	-14.61751993328726	12.003168004127776	-19.742916107177734	66.0
1911	-14.735474245506039	12.393430325401008	-19.82272720336914	66.0
1930	-14.885308144560417	12.516688214182675	-19.772602081298828	66.0
1949	-14.566240614137426	13.068995599479848	-19.749988555908203	68.0
1972	-14.49484627815555	13.507286168691472	-19.78445816040039	68.0
1988	-14.518534003359148	13.624406872741858	-19.876171112060547	68.0
2008	-14.454818407367727	13.734839696963881	-19.813129425048828	68.0
2026	-14.636326228453724	14.160226204160821	-20.011978149414062	68.0
2046	-14.61965093845124	14.293090760725569	-20.106781005859375	68.0
2067	-14.964082227296299	14.19149149345804	-20.327421188354492	68.0
2088	-15.202740785682616	14.129961102563174	-20.579769134521484	68.0
2106	-15.202740785682616	14.129961102563174	-20.579769134521484	68.0
2125	-15.93703454565862	13.82560468145616	-20.862131118774414	68.0
2144	-16.324648642423693	13.823310991590866	-21.032516479492188	68.0
2164	-16.547849816174224	14.160972350065121	-21.423765182495117	68.0
2183	-16.784527163280867	14.265810300675904	-21.52614974975586	65.0
2207	-16.931900602345728	14.07963412044849	-21.5417423248291	65.0
2222	-17.39281250133358	13.76650664623393	-22.018470764160156	65.0
2240	-17.491590605384598	13.57607605444317	-22.193286895751953	65.0
2259	-17.791165623349052	13.740084698382635	-22.388317108154297	65.0
2279	-18.016277280565436	13.716849556153907	-22.36310577392578	65.0
2298	-18.363790298999227	13.482832564376544	-22.729175567626953	65.0
2318	-18.692288678425804	13.895871685268538	-22.70107650756836	65.0
2338	-19.231775974912143	14.260348446214843	-22.547361373901367	65.0
2357	-19.50392905666235	14.124335401824421	-22.92159080505371	65.0
2376	-19.650431383678367	13.760408075284289	-23.175649642944336	65.0
2395	-19.930733865142717	13.410013026186272	-23.1959228515625	65.0
2415	-20.16729141610247	13.17867254266695	-23.378345489501953	66.0
2437	-20.502686632617138	13.003691855308634	-23.432479858398438	66.0
2455	-20.660549806775723	12.924811655968577	-23.491554260253906	66.0
2474	-20.926703335993235	12.693726909737086	-23.55605697631836	66.0
2493	-21.342955969733616	12.798936438615927	-23.749465942382812	66.0
2512	-21.73600816534813	12.961568318720683	-23.593868255615234	66.0
2532	-22.125709098140057	13.00699344797292	-23.6778507232666	66.0
2552	-22.71207863985956	13.060406074744403	-23.723316192626953	66.0
2571	-23.20260744012839	12.614802244213253	-23.81325912475586	66.0
2590	-23.387994456959603	11.946824616600598	-24.546985626220703	66.0
2610	-23.72743322692769	11.574807586562413	-24.477922439575195	66.0
2629	-23.911538898786667	11.113937727153788	-24.855541229248047	66.0
2650	-23.944299636622272	10.528557867930127	-25.294431686401367	66.0
2668	-24.08673955001374	10.374165413636666	-25.31130599975586	70.0
2687	-24.569959042183665	10.117061356032456	-25.016319274902344	70.0
2707	-24.800266605411572	10.077457247853085	-25.142475128173828	70.0
2726	-24.94281941221797	9.927094242661715	-25.148359298706055	70.0
2746	-24.866683850758815	9.467765352309188	-25.093589782714844	70.0
2767	-25.211380397699486	8.819695004912367	-25.53329086303711	70.0
2786	-25.580588855294298	8.826789498024887	-25.112293243408203	70.0
2806	-26.204761963629423	8.733299287370823	-24.612350463867188	70.0
2823	-26.204761963629423	8.733299287370823	-24.612350463867188	70.0
2843	-26.63113738600003	8.370339352115032	-24.646209716796875	70.0
2863	-26.456276788961762	8.00202450531875	-25.281997680664062	70.0
2882	-26.363866235019355	7.853539686077124	-25.27405548095703	70.0
2902	-26.56018852959783	7.826950195982874	-25.238651275634766	71.0
2921	-26.78748115209249	8.237578678507068	-25.13982391357422	71.0
2940	-26.60761324150133	8.164545406743668	-25.333881378173828	71.0
2960	-26.52317454362934	8.135150158630871	-25.70785903930664	71.0
2979	-26.48303550145086	7.8591768647578215	-25.675334930419922	71.0
2999	-26.66204838415281	7.706718871301051	-25.4805850982666	71.0
3018	-27.368612365843422	7.303945842723229	-24.96263313293457	71.0
3037	-27.579322287855188	6.276952892074703	-25.362009048461914	71.0
3057	-27.4152980605767	5.345632239046159	-25.76156234741211	71.0
3076	-27.380988506834406	4.57682238720594	-26.05950164794922	71.0
3096	-26.97135378040555	5.085145999688928	-26.371715545654297	71.0
3116	-26.74466562987885	6.412479929022148	-26.407470703125	71.0
3135	-26.42650375977138	7.766025265324484	-26.476110458374023	69.0
3154	-26.108259566393308	8.65767875799692	-26.645397186279297	69.0
3174	-25.692230178496427	8.981413884659048	-26.77156639099121	69.0
3193	-25.251773997195002	8.689142343168376	-27.335674285888672	69.0
3213	-24.877457166476617	8.114522074416378	-27.721153259277344	69.0
3232	-24.799322922060483	7.591977487469848	-27.983304977416992	69.0
3251	-24.65892375540204	6.313368034042359	-28.542217254638672	69.0
3271	-25.378362153305453	6.746313430113076	-27.388010025024414	69.0
3290	-26.239004149496164	8.46990038770825	-26.414661407470703	69.0
3309	-24.915086806703282	7.356853397971547	-27.881362915039062	69.0
3330	-24.9967978494577	5.116828935202473	-28.526668548583984	69.0
3349	-26.574745468626446	7.151059384839214	-26.313886642456055	69.0
3368	-26.502465022707387	8.788722085076449	-25.901172637939453	69.0
3387	-25.129741149746543	8.763327445168978	-26.889083862304688	69.0
3407	-23.412974569108115	8.014644878054533	-28.29766082763672	69.0
3427	-22.205724339724025	7.993465561612075	-29.44220733642578	69.0
3447	-21.39298084272348	7.914373428973462	-29.402385711669922	69.0
3466	-21.152167181239413	8.36306938797648	-29.134483337402344	69.0
3487	-20.9647960185232	8.190863741335308	-28.966014862060547	69.0
3505	-20.9647960185232	8.190863741335308	-28.966014862060547	69.0
3525	-20.671737096953017	8.086229849974869	-28.82117462158203	69.0
3543	-20.671737096953017	8.086229849974869	-28.82117462158203	69.0
3564	-20.881120223039602	8.801264643869223	-28.351058959960938	69.0
3582	-20.574260091377525	8.914231930374612	-28.530864715576172	69.0
3602	-20.05246272771206	9.562969311870383	-28.458980560302734	69.0
3620	-19.223514174329555	10.166075754942371	-28.73760986328125	71.0
3640	-18.445651930575423	10.30406534594253	-29.16457748413086	71.0
3660	-17.872068053438632	9.441027716113169	-29.524307250976562	71.0
3681	-17.537717251459664	8.742023329276144	-29.674339294433594	71.0
3698	-16.988591738052	8.89444109213556	-29.715206146240234	71.0
3718	-16.220138269818335	8.682543132669766	-30.065156936645508	71.0
3737	-16.14967425480544	8.726488492355271	-29.885082244873047	71.0
3757	-15.681807435930466	8.586861658317762	-29.556766510009766	71.0
3777	-15.177825441960234	8.565852021868363	-29.53484344482422	71.0
3796	-14.877536740179023	8.19286071490533	-29.016101837158203	71.0
3815	-14.888716164808812	8.275181146229599	-28.57120132446289	71.0
3835	-14.812658575307275	8.614466809795243	-28.205368041992188	71.0
3854	-14.738413231221697	9.0022290013819	-27.890056610107422	71.0
3874	-14.220099849463951	9.016744694059632	-27.849456787109375	77.0
3893	-13.895444059765492	9.028528903837609	-27.330732345581055	77.0
3913	-14.025460317369777	9.306268885627711	-27.174558639526367	77.0
3932	-13.58131558945548	9.186681473070578	-27.21819496154785	77.0
3952	-13.446479811908196	9.227245221120715	-27.471288681030273	77.0
3971	-12.7934493078172	9.059282473956957	-27.568208694458008	77.0
3990	-12.248213622720908	8.974864111469522	-27.6309757232666	77.0
4010	-11.591307991156429	8.484320636992257	-27.837711334228516	77.0
4029	-11.277314848295433	8.28290336440182	-27.904563903808594	77.0
4049	-11.27148427916279	7.662896986587802	-28.087677001953125	77.0
4068	-10.97923606105372	7.3921988809906605	-27.943069458007812	77.0
4087	-10.660475269033572	7.816312456579718	-27.832521438598633	77.0
4107	-9.865746993709118	8.093293788431096	-27.583843231201172	80.0
4126	-9.542517678053839	8.16218425152404	-27.628490447998047	80.0
4146	-9.255847246797485	8.260187575296177	-27.350337982177734	80.0
4166	-8.913259402678865	8.42968763082578	-27.192134857177734	80.0
4186	-8.877854033717908	8.385081809767726	-26.95172119140625	80.0
4206	-8.478002344583437	8.564888121879058	-26.657756805419922	80.0
4225	-8.186739128750155	8.557872509981765	-26.590177536010742	80.0
4243	-8.186739128750155	8.557872509981765	-26.590177536010742	80.0
4263	-8.085058362283824	8.52910478086364	-26.47655487060547	80.0
4282	-8.08976889281423	8.468430830341479	-26.699745178222656	80.0
4302	-7.9448086956822115	8.436237361711095	-26.6661376953125	80.0
4321	-7.635494996687569	8.778688786263443	-26.7642822265625	80.0
4341	-7.23690351445074	9.097682340641585	-26.583166122436523	76.0
4362	-6.851875356975224	9.226441399834572	-26.49300765991211	76.0
4379	-7.021412639056754	8.935564403986216	-26.478801727294922	76.0
4398	-6.416947408120041	9.13709340289371	-26.450868606567383	76.0
4418	-6.280090332358339	8.964037733094408	-26.482383728027344	76.0
4437	-5.880515738692368	9.06615434343469	-26.08258056640625	76.0
4457	-5.565794090239545	9.108604228667604	-26.014728546142578	76.0
4479	-5.473040135724725	8.990664309617625	-25.6800537109375	76.0
4496	-5.636956103519736	8.99416616846738	-25.58177375793457	76.0
4515	-5.371075337792993	8.536047993852693	-25.55527114868164	76.0
4535	-4.931584153299711	8.547596620881071	-25.5159854888916	76.0
4554	-5.021768056106918	8.458169104688652	-25.449352264404297	76.0
4575	-4.771108485347294	8.602365379867592	-25.189695358276367	74.0
4594	-4.747816490935921	8.857167177301188	-24.97979736328125	74.0
4613	-4.7067563619931345	8.585924098976632	-24.86526870727539	74.0
4633	-4.3975928874887105	8.477296724245274	-24.898483276367188	74.0
4651	-4.4209155065898225	8.589528259249626	-24.542343139648438	74.0
4670	-4.620429500667418	8.40447355220875	-24.34827423095703	74.0
4691	-4.907315346111801	8.149355583286534	-24.263092041015625	74.0
4711	-4.34995918008859	8.06002016709283	-24.303009033203125	74.0
4730	-3.9326208258823683	7.934360057598566	-24.3068790435791	74.0
4749	-3.493748826660539	7.9636463435351725	-24.246183395385742	74.0
4769	-3.5078927534934965	8.190508904681165	-24.211023330688477	74.0
4787	-3.5403867363152846	8.25861768231733	-24.07379150390625	74.0
4807	-2.7830814510992083	8.497302015803182	-23.912445068359375	74.0
4827	-2.8670966633618926	8.828450353677445	-23.7368106842041	74.0
----------------도착----------------
4846	-2.6064710041678856	8.776222853295085	-23.926712036132812	74.0
4866	-2.5000911202314064	9.025639310706817	-23.566917419433594	74.0
4886	-2.7430947349043433	8.723246832472086	-23.817392349243164	74.0
4906	-2.7392613327350106	8.533596611582647	-24.20146942138672	74.0
4927	-2.427981455277489	8.662474270277459	-23.890792846679688	74.0
4945	-2.427981455277489	8.662474270277459	-23.890792846679688	74.0
4971	-2.4564722820174842	8.293965196872506	-24.11679458618164	74.0
4983	-2.3932899582664033	8.949826914138756	-23.878700256347656	74.0
5002	-1.9882790804353032	8.892448758424521	-23.981060028076172	74.0
5021	-1.6554815191192196	9.137092658403079	-23.6968994140625	74.0
5041	-1.8240016039490123	9.156587914541634	-23.795032501220703	74.0
5060	-2.1717163017826135	8.86747554810549	-23.6728515625	74.0
5079	-2.4000099172133647	8.711643844659774	-23.464696884155273	74.0
5098	-2.0860630826953397	8.708490220232017	-23.593599319458008	74.0
5118	-1.6675840236317963	8.51375273526637	-23.62812042236328	74.0
5137	-1.7792350477678913	8.583427355934251	-23.747652053833008	74.0
5157	-1.7328964495228671	8.776625824125869	-23.54465103149414	74.0
5177	-1.587897711544684	8.781035859367135	-23.34316635131836	74.0
5196	-1.447720679395251	8.92283637594099	-23.160602569580078	74.0
5215	-1.1908854248654448	9.275864383010996	-22.816612243652344	74.0
5235	-0.8892116594091278	9.265155399280728	-22.597570419311523	74.0
5254	-0.8871899298836916	8.90167548523761	-22.82127571105957	74.0
5275	-1.028120564718897	8.77253299763146	-22.530717849731445	74.0
5294	-0.7171277824440613	8.74419766578964	-22.463520050048828	74.0
5313	-0.6066605069039274	9.005633559602632	-22.26580238342285	72.0
5332	-0.7881487062945883	9.11559765600533	-22.28707504272461	72.0
5352	-0.7591501905100869	9.02532037475337	-22.235820770263672	72.0
5371	-0.8836354591129848	8.79455707701159	-22.352745056152344	72.0
5391	-0.7565582563227572	8.55719274824605	-22.414085388183594	72.0
5410	-0.7924464356715228	8.897370055627793	-22.186065673828125	72.0
5429	-0.6228170101494943	9.09219326110351	-21.859905242919922	72.0
5448	-0.5618417128431824	9.344912116335712	-21.72275161743164	72.0
5469	-0.7581659675321173	8.881573582164632	-21.96982192993164	72.0
5488	-0.8471664308230296	8.692508385959837	-22.08911895751953	72.0
5508	-0.9504123350659974	8.75475665865222	-22.147052764892578	72.0
5529	-0.9575246095047427	8.75387150954248	-21.970951080322266	72.0
5546	-1.1024548403790235	8.840147529555306	-21.98981475830078	71.0
5566	-1.2555713045635284	8.322125501022697	-22.1630859375	71.0
5585	-1.0507009185939462	7.969396311264314	-22.471900939941406	71.0
5607	-1.0168358347570463	8.246022052450574	-22.51227569580078	71.0
5626	-0.9219054051417807	8.433849452048305	-22.67378807067871	71.0
5643	-0.9219054051417807	8.433849452048305	-22.67378807067871	71.0
5662	-0.8763049838098707	8.738141155572494	-22.523456573486328	71.0
5682	-0.8267825894458298	8.741440774787941	-22.69513702392578	71.0
5702	-0.5845556806434007	8.895004494921952	-22.81659698486328	71.0
5721	-0.5482225159329679	8.875369654945608	-22.83062744140625	71.0
5741	-0.6115676543972933	8.743435229129505	-22.668128967285156	71.0
5760	-0.9705955297990304	8.85344226181684	-22.497634887695312	71.0
5779	-1.030285377526949	8.639883983534991	-22.533100128173828	72.0
5798	-0.9166907960067313	8.60076117375999	-22.342098236083984	72.0
5818	-0.803140254711435	8.435665837517547	-22.407264709472656	72.0
5838	-0.7769693287471767	8.560623380203973	-22.066829681396484	72.0
5857	-0.7356663578754792	8.646990671896669	-22.055789947509766	72.0
5876	-0.9576710864629179	8.332427270082873	-22.515256881713867	72.0
5896	-0.9344334918370832	8.317013623214748	-22.603260040283203	72.0
5915	-0.9871942554754242	8.25956005893683	-22.86756134033203	72.0
5935	-0.950214049891857	8.218020176806128	-22.784883499145508	72.0
5954	-1.0375396395159049	8.50135271726527	-22.452241897583008	72.0
5974	-0.8173238668387917	8.291459939367178	-22.111913681030273	72.0
5993	-0.8661492628903021	8.241881293523578	-22.185821533203125	72.0
6013	-1.1671918465750124	8.130291655988975	-22.29210090637207	72.0
6032	-1.0584217591801168	8.331862661575054	-22.04395866394043	74.0
6051	-0.9650006634431966	8.499779042892218	-21.825836181640625	74.0
6072	-0.7535884099922855	8.551615950158448	-21.90587615966797	74.0
6091	-0.566395198024824	8.625820215770787	-21.865598678588867	74.0
6110	-0.2893447197199463	8.840262840634793	-21.953344345092773	74.0
6129	-0.33477944536914717	9.066440430208123	-22.034923553466797	74.0
6149	-0.5106664952019708	9.146719984911174	-21.941186904907227	74.0
6168	-0.20103223167946627	9.095256280431949	-21.78857421875	74.0
6188	-0.15813508264165652	9.164652674776445	-21.563825607299805	74.0
6208	-0.11503553294632342	8.939464461045814	-21.867984771728516	74.0
6227	-0.1300347511839065	8.667721512503926	-21.847183227539062	74.0
6246	0.15114665481044912	8.733447487023119	-21.807544708251953	74.0
6266	-0.10936415633715904	8.783054819776327	-21.900432586669922	73.0
6287	0.06182913740868325	9.323094488677134	-21.91847801208496	73.0
6307	0.19417737634195115	9.161312514877809	-21.91405487060547	73.0
6326	0.17125565610449087	9.070773622709362	-22.09976577758789	73.0
6343	0.17125565610449087	9.070773622709362	-22.09976577758789	73.0
6363	-0.32947618279566265	8.670169160761207	-22.232086181640625	73.0
6382	-0.27497352951107734	8.473268640187145	-22.208293914794922	73.0
6402	-0.11974497452256277	8.563576697141748	-22.14202308654785	73.0
6421	-0.06600483390602566	8.661105274491844	-22.23940658569336	73.0
6441	0.19684429708027962	8.71867169385241	-22.315515518188477	73.0
6460	0.10127061454495553	8.50253008409677	-22.25715446472168	73.0
6479	-0.07765918351865578	8.488765397862766	-22.37091636657715	73.0
6499	-0.2611444154206983	8.625033379297104	-22.321971893310547	76.0
6519	-0.3311386488894294	8.718849956431802	-22.312564849853516	76.0
6538	-0.4140818390854459	8.778794227514151	-22.07926368713379	76.0
6558	-0.5394573727365065	9.005750781214088	-22.025463104248047	76.0
6577	-0.5432575526752604	8.872358473653208	-21.927043914794922	76.0
6597	-0.7700194514188449	8.939163764562064	-21.710838317871094	76.0
6617	-1.0130994727982199	8.975735438672626	-21.963241577148438	76.0
6639	-0.9581894105187911	9.333187355498909	-22.06704330444336	76.0
6658	-0.6943710091282905	9.413980517278478	-21.836429595947266	76.0
6675	-0.4990190833757695	9.273461827604038	-22.004566192626953	76.0
6694	-0.7899872500614289	9.224056763521881	-22.280454635620117	76.0
6713	-0.5600843026312896	9.054307772897484	-22.338607788085938	76.0
6734	-0.4909446323479971	8.999600401216552	-22.23101806640625	76.0
6756	-0.28838092845306884	9.037848925201825	-22.175025939941406	76.0
6772	-0.2971047776131581	9.017418619358033	-22.039709091186523	76.0
6790	-0.45093513498723126	8.90996868417933	-21.943309783935547	76.0
6815	-0.7201713111362343	8.695716901872562	-22.070669174194336	76.0
6829	-0.8345034966502457	8.453889032705117	-22.05507469177246	76.0
6849	-0.6954686452514858	8.48445565446136	-21.72578239440918	76.0
6869	-0.5288584421591059	8.81218277315173	-21.730323791503906	76.0
6889	-0.5534672105085496	9.170921138572025	-21.810203552246094	76.0
6907	-0.17808941509959894	9.237661870435733	-21.661191940307617	76.0
6927	-0.11903160015981447	9.036271049620696	-21.544387817382812	76.0
6946	-0.2366845517437562	8.971668956749456	-21.490205764770508	76.0
6966	-0.4924757828509068	8.773078424306435	-21.531883239746094	76.0
6986	-0.5428726065751687	8.842471601703071	-21.754135131835938	74.0
7006	-0.4798117984123262	8.852930576460285	-21.98516082763672	74.0
7026	-0.7389095419546934	8.679956510892424	-21.922136306762695	74.0
7044	-0.7389095419546934	8.679956510892424	-21.922136306762695	74.0
7063	-0.4235861780300725	8.493430538706555	-21.971393585205078	74.0
7083	-0.5158617144475978	8.67307380555744	-21.889450073242188	74.0
7103	-0.5520030009787277	8.82700998470005	-22.090255737304688	74.0
7121	-0.4648871418226892	8.5745505166657	-22.122587203979492	74.0
7141	-0.21879033977755763	8.579208303777886	-22.35205841064453	74.0
7160	-0.3395025151855917	8.583802621533714	-22.079809188842773	74.0
7179	-0.15366092421508565	8.56061152314959	-22.267087936401367	74.0
7199	0.15113461337499445	8.34901703430301	-22.476543426513672	74.0
7221	-0.259467021017889	8.357764504938288	-22.52041244506836	75.0
7238	-0.2577303398914601	8.495184138568774	-22.632320404052734	75.0
7257	-0.15632448307366714	8.68071890283356	-22.39077377319336	75.0
7277	0.017439342866964316	8.522358973719738	-22.517013549804688	75.0
7296	-0.3160713077834311	8.514453895976644	-22.405380249023438	75.0
7316	-0.25343751247438817	8.587223354735736	-22.402978897094727	75.0
7339	-0.5938338172284583	8.714463999349057	-22.23251724243164	75.0
7354	-0.7054277824191878	8.7703245469697	-22.070327758789062	75.0
7374	-0.7731840599506228	8.800790904458967	-21.887760162353516	75.0
7393	-0.8306334953359098	9.076137726859375	-21.654193878173828	75.0
7413	-1.0589679880090273	8.94428069177432	-21.629880905151367	75.0
7433	-1.4131993848739959	8.831376063950808	-21.707820892333984	75.0
7453	-1.472563089735987	8.705127372627677	-21.769834518432617	75.0
7471	-1.635895233556557	9.091414112144172	-21.837535858154297	76.0
7491	-1.5489913312500412	9.045327171804512	-21.69207763671875	76.0
7510	-1.405972421833095	8.895246085313024	-21.80933380126953	76.0
7529	-1.0099371068457608	8.922012733272224	-21.867664337158203	76.0
7549	-1.0470253910790104	8.829246421787674	-21.966346740722656	76.0
7569	-0.5561448764671382	8.891989868787828	-22.332393646240234	76.0
7588	-0.3445691257661032	8.951072328796823	-22.302459716796875	76.0
7608	-0.5529344414876647	9.142990882609759	-22.11600685119629	76.0
7627	-0.7610188791272031	8.989190028318335	-21.69011116027832	76.0
7647	-0.5401051153327334	9.154038102621163	-21.721649169921875	76.0
7666	-0.7228740064519223	8.967970740996428	-21.876314163208008	76.0
7686	-0.7228740064519223	8.967970740996428	-21.876314163208008	76.0
7706	-0.4891212435043678	8.727295105775713	-22.050445556640625	76.0
7726	-0.7714604529661676	8.604554912084085	-21.703716278076172	76.0
7744	-0.7714604529661676	8.604554912084085	-21.703716278076172	76.0
7763	-0.4846684529579961	8.904202047035383	-21.64699935913086	76.0
7784	-0.11587307447769417	9.006668677043379	-21.53008270263672	76.0
7803	0.1148545924895435	8.740706739493422	-21.687042236328125	76.0
7821	0.05117421663837418	8.60373273192198	-21.69393539428711	76.0
7840	0.1968371091990933	8.537745036957498	-21.600940704345703	76.0
7860	-0.19120131262574053	8.6669115076599	-21.650978088378906	76.0
7879	0.08105049453280587	8.776495565896827	-21.696819305419922	76.0
7900	0.21393907427769182	8.817278711168408	-21.828128814697266	76.0
7919	0.09754873600668229	8.730692460230552	-21.881332397460938	76.0
7938	-0.007039257167700817	8.72940131732936	-22.234943389892578	74.0
7957	0.06636773135385945	8.757982280193726	-22.511749267578125	74.0
7977	-0.09424129287459469	8.858985713236908	-22.81948471069336	74.0
7996	-0.009788252024044389	8.805531178566595	-22.82864761352539	74.0
8016	0.03871000088532687	8.618059279625019	-22.78375244140625	74.0
8036	-0.028417726843921923	8.44077287039734	-22.756210327148438	74.0
8055	-0.16661174644489693	8.34467831903317	-22.71365737915039	74.0
8074	-0.1979630294867173	8.449188075294716	-22.472328186035156	74.0
8093	-0.5338911178667141	8.215859672483433	-22.231121063232422	74.0
8113	-0.5756528228937374	8.473416396181854	-22.178951263427734	74.0
8133	-0.3927005050705813	8.496371412243494	-21.906417846679688	74.0
8153	-0.4408842474156542	8.76042437616717	-21.859790802001953	74.0
8171	-0.4361857139223452	8.839252031728115	-21.864042282104492	74.0
8190	-0.31331077724489254	8.761754075298247	-21.98230743408203	74.0
8210	-0.19180340057066478	8.891403561627795	-22.039546966552734	74.0
8229	-0.32611981814046054	8.82109692203597	-22.189254760742188	74.0
8250	-0.005546579066693515	8.913061889141304	-22.476016998291016	74.0
8270	-0.005279092245939943	8.99081259899694	-22.66016387939453	74.0
8288	-0.10857233848654779	8.935402704164945	-22.59792137145996	74.0
8307	0.11662569489204816	8.9578940127213	-22.59372901916504	74.0
8328	-0.12182030148317151	8.700702699024246	-22.80304527282715	74.0
8346	0.09681730464011265	8.900956070337052	-22.661022186279297	74.0
8366	0.12276980623306583	8.957753068798201	-22.702133178710938	74.0
8386	0.07527355981278241	9.007248708394034	-22.66184425354004	74.0
8406	0.19708198731919163	9.112812677164458	-22.490259170532227	74.0
8425	0.2903474108921729	8.997949550372518	-22.29707145690918	75.0
8446	0.39142717370983177	8.764942583360053	-22.300552368164062	75.0
8464	0.39142717370983177	8.764942583360053	-22.300552368164062	75.0
8483	-0.018860463377693364	8.696936741845866	-22.421241760253906	75.0
8502	0.30172138665276566	8.990429320801582	-22.07823944091797	75.0
8521	0.17311901655595674	8.589782170302225	-22.265745162963867	75.0
8541	-0.1944798950222062	8.031060123125709	-22.139659881591797	75.0
8560	-0.012188472311031682	7.936518850001294	-22.190692901611328	75.0
8580	-0.16530598447092043	8.07258565786921	-22.110166549682617	75.0
8600	-0.21021283096549953	8.552467875602144	-21.84528350830078	75.0
8619	-0.147212548043789	9.207026220258284	-21.716197967529297	75.0
8638	-0.05026676963375346	9.194043647731753	-21.427499771118164	75.0
8657	-0.1436088222897642	9.058274781673838	-21.518482208251953	78.0
8677	-0.5722457827393441	8.861725967123265	-21.68919563293457	78.0
8697	-0.6713503013868146	8.605447337275233	-21.912826538085938	78.0
8717	-0.9261288198684926	7.950347716076504	-22.044160842895508	78.0
8736	-0.8467062543646035	8.071978897803334	-22.113109588623047	78.0
8754	-0.6415691947998423	8.075276380243844	-22.001243591308594	78.0
8774	-0.38672673353921094	8.60312749628179	-21.969852447509766	78.0
8793	-0.43100791123620585	9.075669011975396	-22.199962615966797	78.0
8814	-0.6943472775462505	8.829083113689736	-22.34000015258789	78.0
8833	-0.3239227609619182	8.6552713875726	-22.513025283813477	78.0
8852	-0.5572321772116936	8.522705623333131	-22.516082763671875	78.0
8871	-0.7564442891492161	8.63478750818519	-22.576688766479492	78.0
8891	-0.35815465983187766	8.766717012892357	-22.408802032470703	78.0
8910	-0.06178353794086116	9.307178517258098	-22.283973693847656	75.0
8930	0.2965879187460391	9.418445154276277	-22.027774810791016	75.0
8950	0.6347068731939836	9.601523627592988	-21.72004508972168	75.0
8969	0.6406340477509332	9.363256368580986	-21.726417541503906	75.0
8988	0.39293451202009383	9.192034671307292	-21.573299407958984	75.0
9007	0.2552874900774835	9.402780220947534	-21.63555908203125	75.0
9027	0.10292343207990302	9.526208744846919	-21.906110763549805	75.0
9048	0.023508161541411936	9.118576438965123	-22.009014129638672	75.0
9066	0.04306063419257217	8.991082963892843	-21.98111343383789	75.0
9086	-0.41752862667619506	9.104302999747414	-22.09560775756836	75.0
9106	-0.42922539183118213	9.209773814209	-22.076454162597656	75.0
9126	-0.5269806106920074	9.14877305140088	-22.169414520263672	75.0
9146	-0.41687800092145566	9.122340140763576	-22.215709686279297	72.0
9163	-0.41687800092145566	9.122340140763576	-22.215709686279297	72.0
9182	-0.489269067048619	8.479463863317399	-22.422325134277344	72.0
9202	-0.3561944539024567	8.188902020918372	-22.202091217041016	72.0
9221	-0.470106753903001	8.446218832342804	-22.41783905029297	72.0
9241	-0.724599127419699	8.259174826929534	-22.4320068359375	72.0
9260	-0.44200161075235994	8.188303826908674	-22.444833755493164	72.0
9279	-0.4106376821117332	8.196378551253037	-22.343093872070312	72.0
9299	-0.37454422698361906	8.553384731118168	-22.13778305053711	72.0
9319	-0.5549617976887393	8.970266773100631	-21.994075775146484	72.0
9338	-0.3545319964305239	9.400482214603816	-22.110286712646484	72.0
9357	-0.25930304184312847	9.32146960552797	-22.18895721435547	72.0
9378	-1.0848722822768904	8.357967077912923	-22.243900299072266	73.0
9397	-0.14537262162982104	9.612081153167466	-21.874122619628906	73.0
9416	-0.023623985282941903	10.972334365494063	-21.196514129638672	73.0
13	-7.007038306501636	-3.596942667060747	-21.005285263061523	89.0
32	-7.945301045164201	-3.548589052944481	-20.525856018066406	89.0
53	-7.016022692641047	-2.4484895467572088	-20.797739028930664	89.0
73	-6.160089905818919	-2.073372361738141	-20.917041778564453	89.0
93	-6.160089905818919	-2.073372361738141	-20.917041778564453	89.0
110	-6.730770779340385	-2.4462429704342474	-20.88079071044922	86.0
130	-6.976439207673052	-1.914900636271681	-20.80133056640625	86.0
149	-6.802549584232686	-1.6129369503062725	-20.865713119506836	86.0
168	-6.770542204778151	-1.488040041139553	-20.96181869506836	86.0
189	-6.894215142743917	-1.5804401361565708	-21.03221893310547	86.0
208	-6.912377228142736	-1.5849647398449414	-20.983959197998047	86.0
227	-6.995470478771068	-1.7244648945565313	-21.141054153442383	86.0
247	-6.872846756196735	-1.7821394707614102	-21.152923583984375	86.0
266	-6.968051360433102	-1.9587151632833866	-21.071643829345703	86.0
285	-7.217652292912945	-2.1063639244219075	-21.156824111938477	86.0
306	-7.255017465799821	-1.916888586254362	-21.115930557250977	86.0
324	-7.144082641352453	-1.8962933269977522	-21.204137802124023	86.0
343	-7.121053086345614	-1.5353685470486675	-21.12352752685547	85.0
363	-7.026227188843944	-1.594593784299839	-21.17880630493164	85.0
382	-6.712572293246162	-1.6826282345221721	-21.461618423461914	85.0
402	-7.132047516869849	-1.7311830617607702	-21.212568283081055	85.0
422	-7.248566318344717	-1.5412011427143677	-21.257246017456055	85.0
441	-7.423818139214973	-1.564890276723483	-21.193086624145508	85.0
461	-7.467999115868088	-1.9754362381552208	-21.10850715637207	85.0
480	-7.729273502571585	-2.330708128848821	-21.204814910888672	85.0
499	-7.70537371076923	-2.216003956304838	-21.36525535583496	85.0
519	-7.237115146845524	-2.200069439678857	-21.505857467651367	85.0
538	-7.724132832651595	-2.1358959411683442	-21.312108993530273	85.0
558	-7.681831764696923	-2.103800048335267	-21.493688583374023	85.0
577	-7.8830959659034265	-2.3390724266521383	-21.45492172241211	90.0
596	-7.595018807810953	-2.4381192474805173	-21.36037254333496	90.0
616	-7.458200949245979	-2.2478285718978817	-21.692903518676758	90.0
635	-7.316032062842733	-2.096394281458118	-21.443157196044922	90.0
655	-7.087951507898422	-2.249876863445607	-21.51746368408203	90.0
676	-7.158501009281718	-2.2027658917972897	-21.47557258605957	90.0
694	-6.843153165452452	-2.246255496651933	-21.338911056518555	90.0
713	-6.957785965002815	-2.314303967676204	-21.083816528320312	90.0
732	-6.954366476038035	-2.3552843327273445	-20.90819549560547	90.0
754	-6.998043590617655	-2.2746412099772804	-21.099117279052734	90.0
774	-7.248658772221829	-2.1488320173001916	-20.86507225036621	90.0
793	-7.600154583083935	-2.2684638130368984	-20.808156967163086	90.0
812	-7.600154583083935	-2.2684638130368984	-20.808156967163086	90.0
830	-7.794636404730748	-2.3291414470270397	-20.786588668823242	92.0
850	-7.859359156224031	-2.285159707806764	-21.04120635986328	92.0
869	-8.065162873034886	-2.428021531144323	-21.105995178222656	92.0
888	-8.282554587772845	-2.732296144089256	-21.13787269592285	92.0
908	-8.06552560882141	-2.6970598042687506	-21.198915481567383	92.0
927	-7.907764328057448	-2.6233153272525707	-21.035581588745117	92.0
946	-7.827771281279538	-2.4283561700326985	-20.852985382080078	92.0
966	-7.3831469370800376	-2.340170560750868	-21.34998321533203	92.0
985	-7.387592109628247	-1.9360963991437736	-21.178205490112305	92.0
1005	-7.351829283640101	-1.9103542438471475	-20.9749813079834	92.0
1024	-7.160994111374263	-1.9726432973764494	-21.156064987182617	92.0
1043	-7.408388941541944	-1.8382798549524761	-21.17407989501953	92.0
1064	-7.480250982245524	-2.069046247015134	-21.254186630249023	91.0
1083	-7.8151149426393625	-2.5044264215260297	-21.365020751953125	91.0
1102	-7.962754245242113	-2.699544308370579	-21.3675537109375	91.0
1122	-7.923897918145968	-2.6331167153477777	-21.1264705657959	91.0
1141	-8.004285072016293	-2.477767075555709	-21.206296920776367	91.0
1160	-7.907154090460053	-2.3846819134159984	-21.24143409729004	91.0
1180	-7.99730711458996	-2.5257099955009137	-21.16423797607422	91.0
1199	-7.882436664685108	-2.86694961033584	-21.089433670043945	91.0
1218	-8.064908360601194	-2.676458002668196	-20.976638793945312	91.0
1238	-7.812301059020944	-2.6058731678237796	-20.924793243408203	91.0
1258	-8.00824447011748	-2.8132918670647555	-21.097328186035156	91.0
1277	-8.161165837853233	-2.779139063610963	-21.06645393371582	91.0
1297	-7.974197848646969	-2.783454231423447	-21.100910186767578	92.0
1317	-8.02385396510966	-2.5373473145505083	-21.163232803344727	92.0
1336	-7.640194046560639	-2.2176030921075864	-21.143842697143555	92.0
1355	-7.580364289602007	-2.1064376707055867	-21.048633575439453	92.0
1375	-7.406983691588005	-2.378550022931212	-21.139972686767578	92.0
1394	-7.168563182847912	-2.3923612178649996	-21.12487030029297	92.0
1413	-7.009401079903212	-2.3270565609737717	-20.802553176879883	92.0
1433	-6.856405182237684	-1.9571843338510646	-20.74819564819336	92.0
1453	-6.649471053797196	-1.8704649718385216	-20.823570251464844	92.0
1474	-6.569054453557057	-2.0498694206627337	-20.828584671020508	92.0
1493	-6.759863964030201	-2.422122625877648	-20.711795806884766	92.0
1513	-6.826004671483974	-2.5268879727578297	-20.84119415283203	92.0
1531	-6.826004671483974	-2.5268879727578297	-20.84119415283203	92.0
1549	-6.728365255288575	-2.609536120563526	-21.122928619384766	90.0
1569	-6.894594386947477	-2.794476302419344	-21.090938568115234	90.0
1590	-7.141216734016179	-2.4347248883371355	-21.130006790161133	90.0
1609	-7.2428991566009655	-2.2771251824557655	-21.214094161987305	90.0
1628	-7.175662375841701	-1.855491942806806	-21.327177047729492	90.0
1647	-7.037544077692808	-2.0115567290612666	-21.485376358032227	90.0
1666	-6.986810065247669	-1.7763422153613333	-21.56651496887207	90.0
1685	-6.950870926974913	-1.7232398403750933	-21.559280395507812	90.0
1705	-6.872162926368772	-2.06955208088033	-21.29082679748535	90.0
1725	-6.883548203815391	-1.8738407545360145	-21.29132080078125	90.0
1744	-6.746322688387414	-2.192570084901714	-21.342910766601562	90.0
1764	-6.761180980844806	-2.1512806988919615	-21.343952178955078	90.0
1783	-6.871775554592322	-2.5866907131875867	-21.20619773864746	92.0
1803	-7.096055742786531	-2.568426000836309	-21.084278106689453	92.0
1823	-6.990710317471681	-3.0912707903307792	-21.294889450073242	92.0
1842	-7.100082563588347	-2.903044040428283	-21.339859008789062	92.0
1861	-7.294125685473974	-2.3809504756517685	-21.19974708557129	92.0
1880	-7.793109855749179	-2.66788811841113	-21.117910385131836	92.0
1901	-8.06988187350778	-2.450865618706663	-21.086021423339844	92.0
1920	-8.335791312846572	-2.6094389000057356	-21.01554298400879	92.0
1938	-8.412212610393533	-2.311970806164559	-20.986249923706055	92.0
1957	-8.313504636351263	-2.1845957309926924	-20.85066795349121	92.0
1977	-8.420970729325118	-2.12870758834936	-20.547744750976562	92.0
1997	-8.315309948656106	-2.349491306143499	-20.626995086669922	92.0
2016	-7.951709369827096	-2.3304300484045215	-20.71003532409668	92.0
2035	-7.772995712607116	-2.0582715052804	-20.825288772583008	92.0
2058	-7.629144729202668	-2.1239702673869254	-20.906204223632812	92.0
2076	-7.3247772002424085	-2.093536380151074	-21.170637130737305	92.0
2096	-7.667403107366951	-2.375871313083049	-21.271448135375977	92.0
2115	-7.711032547746666	-2.455712359945424	-21.360231399536133	92.0
2133	-7.750847213547376	-2.4412478046521513	-21.536725997924805	92.0
2158	-7.503132283721279	-2.1314064329987197	-21.493450164794922	92.0
2175	-7.561805546984495	-2.0192403960549257	-21.602176666259766	92.0
2195	-7.626000776656317	-1.808055799062658	-21.42351722717285	92.0
2215	-7.4777885117343645	-1.7860931588062168	-21.291847229003906	92.0
2232	-7.4777885117343645	-1.7860931588062168	-21.291847229003906	92.0
2251	-7.275567168167938	-1.812516632782346	-21.236310958862305	92.0
2271	-7.317126259326458	-2.0562553663033873	-21.006006240844727	92.0
2290	-7.288029182287942	-2.0190225079878243	-21.068103790283203	92.0
2309	-7.051522756621039	-1.9840969951421563	-21.076004028320312	92.0
2328	-6.7020317742729025	-2.1904753943362287	-21.48983383178711	92.0
2347	-6.339495936828969	-2.102201451430209	-21.528892517089844	92.0
2367	-6.688421915166143	-2.3948571659603783	-21.64923667907715	92.0
2386	-6.983517935581124	-2.757546807046495	-21.849178314208984	92.0
2405	-7.109654167485996	-2.8540192606335757	-21.624727249145508	92.0
2424	-7.579677943995235	-2.8583504409645935	-21.72311782836914	92.0
2444	-7.723455114031631	-3.111882135136566	-21.579002380371094	92.0
2464	-7.771790158402018	-3.0352245007320273	-21.66175079345703	92.0
2483	-7.790878708806138	-2.7903832053921405	-21.456375122070312	92.0
2503	-7.628311168338791	-2.5142384293514377	-21.51564598083496	91.0
2522	-7.464687598029192	-2.1168653447767665	-21.598812103271484	91.0
2541	-7.225014301740748	-2.1113373665338395	-21.5650577545166	91.0
2560	-7.320011924037674	-2.398256802697389	-21.712663650512695	91.0
2580	-6.568313610806322	-2.5056836818527706	-21.733993530273438	91.0
2599	-7.369427597728767	-2.698465008148791	-21.51238250732422	91.0
2620	-7.430099401853616	-3.254715024366968	-21.368921279907227	91.0
2638	-6.178476415325105	-2.1701795335737257	-22.197023391723633	91.0
2657	-5.863572326837605	-1.8514832702154056	-22.554794311523438	91.0
2677	-6.347196854294463	-1.7987106288008359	-22.469152450561523	91.0
----------------출발----------------
2697	-6.89700860125828	-2.9662623589404777	-22.539709091186523	91.0
2716	-7.982926714466722	-3.1760976429798804	-22.18960189819336	91.0
2736	-7.895457071949276	-2.5197989705843455	-22.343109130859375	93.0
2755	-7.396043439827205	-2.69536347058976	-22.62289047241211	93.0
2775	-7.850886243520496	-2.52279573745472	-22.337697982788086	93.0
2793	-7.879298763325195	-2.219900675655838	-22.08890151977539	93.0
2813	-7.778501090506684	-1.8946063911648927	-22.1595458984375	93.0
2832	-7.835629313576592	-1.5244663564966157	-22.29180145263672	93.0
2852	-7.455055634426974	-1.382317534624773	-22.370500564575195	93.0
2872	-6.9379547539089685	-1.329707994884259	-22.48651885986328	93.0
2894	-6.848478576165225	-1.4057061609603254	-22.686954498291016	93.0
2913	-7.0376867908352105	-1.3533218958091242	-22.72519302368164	93.0
2930	-7.0376867908352105	-1.3533218958091242	-22.72519302368164	93.0
2950	-6.782241729347677	-1.6441534013820511	-23.068870544433594	93.0
2970	-6.823598642584233	-1.6700178233928844	-23.017635345458984	93.0
2988	-6.438884341810739	-1.742366606695707	-22.841489791870117	97.0
3008	-6.545353713974091	-1.9289009558239714	-22.79430389404297	97.0
3028	-6.4435187697376755	-1.900014100299942	-22.784238815307617	97.0
3048	-6.283052253142161	-1.7117367999932895	-22.90328025817871	97.0
3066	-6.356775230133057	-1.6048376575867527	-23.18950080871582	97.0
3086	-6.5580454643740635	-1.3610626915151378	-23.24612045288086	97.0
3105	-6.976228651312316	-1.502379205157198	-23.331676483154297	97.0
3124	-6.767295216102201	-1.6386323178596818	-23.84922981262207	97.0
3144	-6.912427508308584	-1.7963431405863837	-23.980716705322266	97.0
3163	-6.97649334541209	-1.554363869068367	-24.03516960144043	97.0
3186	-7.1259778159011	-1.4617821344653326	-24.095962524414062	97.0
3202	-7.3185491925604	-1.6467043018071674	-24.114608764648438	97.0
3222	-7.078500955025164	-1.6927609529434626	-24.025432586669922	97.0
3241	-6.7901331528755495	-1.7113121213861593	-24.14774513244629	97.0
3260	-6.690358605875577	-1.2869251759163536	-23.86859703063965	97.0
3280	-6.831211883314363	-1.4122977220967263	-23.72857093811035	97.0
3299	-6.912711234465617	-1.3410576504356333	-23.884014129638672	97.0
3319	-6.960498345015818	-1.2209698067151784	-23.9593563079834	97.0
3339	-6.886162027590276	-0.982692416269953	-23.86777114868164	97.0
3358	-6.565777546394596	-0.7417244736140153	-24.097183227539062	97.0
3377	-6.775984927170172	-0.9278208444512218	-23.84037208557129	97.0
3398	-6.950692954427071	-0.6858533021459252	-23.52406120300293	97.0
3416	-6.9797926995225446	-0.7435756425886834	-23.68506622314453	97.0
3436	-6.912142856616548	-0.44786796415761543	-23.56001853942871	97.0
3456	-6.912489207198281	-0.5660567523650245	-23.431461334228516	97.0
3475	-6.869159613756241	-0.8383971031026917	-23.318592071533203	92.0
3494	-7.18974742947594	-0.8085679715095236	-23.2459716796875	92.0
3514	-7.368677761134889	-0.9567405702389509	-23.205080032348633	92.0
3533	-7.28629485860704	-0.6273192621254587	-23.295032501220703	92.0
3553	-7.086775383789018	-0.4331083562786577	-23.5076904296875	92.0
3573	-7.176987914725488	-0.316310487790209	-23.570842742919922	92.0
3592	-7.176987914725488	-0.316310487790209	-23.570842742919922	92.0
3612	-7.1779727133821	-0.08018755520537586	-23.67184066772461	92.0
3630	-7.1779727133821	-0.08018755520537586	-23.67184066772461	92.0
3650	-7.057426184118758	0.26204341912388585	-23.90074920654297	92.0
3669	-7.181003121805504	0.23624594811111102	-23.971773147583008	92.0
3689	-7.292515440010048	0.05679519508539469	-23.961135864257812	92.0
3708	-7.345616948098684	0.22561988880383158	-23.898569107055664	92.0
3727	-7.461934190719423	0.24251376644110592	-23.96833038330078	92.0
3747	-7.630894284455224	0.4003124935530867	-23.83962631225586	92.0
3767	-7.6572902435131205	0.3143680380935157	-23.887996673583984	92.0
3786	-7.660618243352271	0.5040777868505787	-23.84596824645996	92.0
3805	-7.872778769831291	0.6063516613715599	-23.726394653320312	92.0
3824	-7.711299498211844	0.5133824265482362	-23.599868774414062	92.0
3844	-7.656425031302343	0.896457444510285	-23.6549015045166	92.0
3864	-7.829808378926015	1.0592612676057984	-23.897367477416992	92.0
3883	-8.002229251736008	0.9910212119196529	-23.812475204467773	92.0
3902	-8.153182185912843	1.1456186674203093	-23.71267318725586	92.0
3922	-8.168327852455022	1.61652970802615	-23.55801773071289	92.0
3942	-8.295295462819258	1.45691390257506	-23.30655860900879	93.0
3961	-7.926155372239599	1.2385536081121482	-23.34268569946289	93.0
3981	-8.224219927804208	1.5858397715443713	-23.17048454284668	93.0
4000	-8.409493072575001	1.4309170143415408	-22.79157257080078	93.0
4019	-8.619185593835734	1.4053324345027232	-22.305477142333984	93.0
4038	-8.583918817285399	1.691417879580263	-21.96170425415039	93.0
4058	-8.384635398739112	1.6188943876168471	-21.963293075561523	93.0
4077	-8.506068670875482	1.601301052100375	-21.908994674682617	93.0
4098	-8.724584700892944	1.7120952549811326	-22.055139541625977	93.0
4117	-9.048844964609682	1.857771535436395	-21.707141876220703	93.0
4137	-8.919205712968981	1.6461992850453804	-21.860898971557617	93.0
4155	-9.118998599035745	1.6596081666174098	-21.737092971801758	93.0
4176	-9.31382357979114	1.4248477116194405	-21.635025024414062	93.0
4195	-9.677652383849626	1.412384535476148	-21.4713134765625	96.0
4215	-10.000437032059999	1.6054524021926506	-21.208765029907227	96.0
4234	-10.269537977465612	1.5985468207958937	-20.982044219970703	96.0
4254	-10.448502505904672	2.3239641823546964	-20.594810485839844	96.0
4273	-11.042290044017625	2.0129802370109	-20.498870849609375	96.0
4293	-11.34716199885559	2.316640460390548	-20.160226821899414	96.0
4313	-11.667823272412283	2.0922153770157106	-19.65094566345215	96.0
4331	-11.667823272412283	2.0922153770157106	-19.65094566345215	96.0
4350	-11.469702400204218	1.924090492481896	-19.56897735595703	96.0
4370	-11.826260402249154	1.8764124935715518	-19.461261749267578	96.0
4389	-12.052860656037632	1.764231530460773	-19.32793426513672	96.0
4408	-12.105363236810499	1.627141137292765	-19.086162567138672	96.0
4427	-12.166689878728326	1.0112803983494338	-18.898277282714844	95.0
4448	-12.15985787852907	0.9323920955265631	-18.47867202758789	95.0
4467	-12.35931173450961	0.7648690419696835	-18.136919021606445	95.0
4486	-12.485780267616297	0.7922635420930542	-17.943288803100586	95.0
4505	-12.905872958079426	0.8041693490087511	-17.62000846862793	95.0
4525	-12.878528773295647	0.5111892434743861	-17.086551666259766	95.0
4544	-12.966267374333984	0.3368003460822208	-16.620832443237305	95.0
4564	-13.086026087495085	0.32832119922833175	-16.730886459350586	95.0
4583	-13.156760638775857	0.40227783095673136	-16.406620025634766	95.0
4603	-13.128597145493492	0.38048920866381125	-16.350189208984375	95.0
4622	-13.246502724096212	0.38512496241587113	-15.973832130432129	95.0
4641	-13.475990728380719	0.36125609094166244	-15.927618026733398	95.0
4661	-13.682767470942602	0.1302166610429846	-15.776833534240723	92.0
4681	-13.977706073527855	0.08546691518851904	-15.609725952148438	92.0
4700	-14.129603348958035	-0.09493666080242809	-15.640495300292969	92.0
4719	-14.177903880375062	-0.04658146696645718	-15.284041404724121	92.0
4739	-14.217802091478179	-0.31530631228203343	-15.26445198059082	92.0
4758	-14.343488627892974	-0.48567632453381443	-15.018265724182129	92.0
4778	-14.70116737055594	-0.5717540912009587	-14.987509727478027	92.0
4797	-15.021370191864582	-0.6540947732702299	-14.545217514038086	92.0
4817	-15.229624954443969	-0.8546179833537427	-14.21158504486084	92.0
4836	-15.54424636100478	-0.9471091455567955	-13.995397567749023	92.0
4856	-15.68047726229973	-0.9244285382733011	-13.721245765686035	92.0
4875	-15.723567127320345	-1.1944169528448254	-13.489336967468262	92.0
4895	-15.881695253801048	-1.1696662677960235	-13.154932022094727	92.0
4914	-16.15418527787715	-1.372584366569974	-12.91038703918457	92.0
4933	-16.327854627738375	-1.3320714811332552	-12.845709800720215	92.0
4952	-16.476758640398458	-1.6128801000042907	-12.816427230834961	92.0
4973	-16.506882319680987	-1.8357056426872456	-12.596912384033203	92.0
4993	-16.965362402282373	-1.916551860851605	-12.406649589538574	92.0
5013	-17.08592304237738	-1.7206123923214196	-12.218860626220703	92.0
5030	-17.08592304237738	-1.7206123923214196	-12.218860626220703	92.0
5050	-17.255361283211812	-1.6673854644725483	-12.012969970703125	92.0
5069	-17.5793902814143	-1.4500494639689032	-12.251723289489746	92.0
5090	-17.723254164248004	-1.1854524252859564	-12.10769271850586	92.0
5108	-17.577401495760814	-1.2168824530770648	-11.9232759475708	92.0
5128	-17.626314045581882	-1.3568090530787473	-11.88693618774414	92.0
5148	-17.94266234805731	-1.399651088088742	-11.534523010253906	94.0
5167	-18.066398823779398	-1.7328762742551456	-11.34540843963623	94.0
5186	-18.328727712549483	-2.160290179196078	-11.334098815917969	94.0
5205	-18.54138935213758	-2.155928572305436	-11.626633644104004	94.0
5225	-18.603006919269674	-2.530620290857572	-11.586421966552734	94.0
5244	-18.830048277481193	-2.8869162310785947	-11.829063415527344	94.0
5264	-18.956065364791236	-3.202044573109116	-11.827367782592773	94.0
5283	-19.017800428143563	-3.315191889593058	-11.811890602111816	94.0
5302	-19.389050805014623	-3.433158489945709	-11.810620307922363	94.0
5322	-19.756138484510217	-3.4015384667393422	-11.603413581848145	94.0
5341	-19.69497135367445	-3.326149117234992	-11.718727111816406	94.0
5361	-19.903759843730025	-3.4195843388685643	-11.648752212524414	94.0
5381	-19.800767083990685	-3.686575662360383	-11.461530685424805	98.0
5400	-19.79369275283491	-3.8581634246563437	-11.239426612854004	98.0
5419	-20.021279497800137	-3.554745587401146	-10.965078353881836	98.0
5439	-20.17845688580549	-3.913667919821251	-10.68837833404541	98.0
5458	-19.946352334069854	-3.9565358329559905	-10.658591270446777	98.0
5478	-19.802717065952795	-4.345387358162911	-10.64749526977539	98.0
5497	-20.005102954315312	-4.5476570248426125	-10.452284812927246	98.0
5516	-19.988655093214486	-4.774351910797217	-10.406187057495117	98.0
5536	-20.178107360839157	-4.715179040210208	-10.709322929382324	98.0
5555	-20.239543183073234	-4.847049785930307	-10.615140914916992	98.0
5575	-20.329927681146007	-5.009833797081588	-10.804624557495117	98.0
5594	-20.7899029846066	-4.983123717612427	-10.826924324035645	98.0
5614	-21.048021453268294	-5.079510049004885	-10.899394989013672	98.0
5633	-21.177420245407447	-4.994752425626352	-10.852458953857422	98.0
5653	-21.176627660150874	-5.176723710637419	-10.914392471313477	98.0
5673	-21.15449489230065	-5.275745955328174	-11.099960327148438	98.0
5696	-21.19146481255973	-5.364369723300031	-10.873048782348633	98.0
5715	-21.455024183348332	-4.9771564227407605	-10.687389373779297	98.0
5732	-21.455024183348332	-4.9771564227407605	-10.687389373779297	98.0
5751	-21.651345682805893	-5.183278610762475	-10.314617156982422	98.0
5771	-21.64124340901376	-5.568287685676	-10.416647911071777	98.0
5790	-21.849971934695272	-5.773885547145961	-10.162697792053223	98.0
5811	-21.848436515971535	-6.141539864502396	-10.190164566040039	98.0
5827	-22.133519262857494	-6.082374057620641	-10.057893753051758	98.0
5848	-22.26826808840636	-6.423437976750631	-9.966252326965332	98.0
5867	-22.393300986153175	-6.529463962372247	-10.378046989440918	96.0
5886	-22.44609185434342	-6.918275029486725	-10.685836791992188	96.0
5905	-22.449811574149944	-7.239225070763457	-10.992057800292969	96.0
5925	-22.70566859734402	-7.36416134945585	-11.314617156982422	96.0
5944	-22.736803072897654	-7.652621192676486	-11.460432052612305	96.0
5964	-23.030185281211086	-7.7781437648392036	-11.636933326721191	96.0
5984	-23.058501427877065	-7.8473301606346615	-11.928642272949219	96.0
6002	-23.033052142354045	-7.936067299983425	-12.331969261169434	96.0
6022	-23.21135925234523	-8.222093868451985	-12.499869346618652	96.0
6041	-23.351332780497035	-8.184342285487942	-12.268451690673828	96.0
6061	-23.54472649208816	-8.31246792091509	-12.243241310119629	96.0
6081	-23.536657102243225	-8.417429773781194	-12.031357765197754	96.0
6100	-23.539454727022633	-8.382960319978293	-12.223835945129395	96.0
6119	-23.59757932855718	-7.97571879411453	-12.049111366271973	96.0
6139	-23.69877852135773	-7.927714570654605	-12.156438827514648	96.0
6158	-23.705979853369374	-7.661302963550766	-12.402166366577148	96.0
6178	-23.67892635493817	-7.242483692889055	-12.227259635925293	96.0
6197	-23.694188465110543	-7.388857572882763	-12.257014274597168	96.0
6217	-23.848222159696704	-7.325878606212235	-12.217887878417969	96.0
6236	-23.785513138739173	-7.239859747915647	-12.37051773071289	96.0
6256	-23.950493190209	-7.481357955011289	-12.407087326049805	96.0
6275	-24.08675252693877	-7.641244693037562	-12.647064208984375	96.0
6295	-24.12196390939052	-7.759515941734844	-12.732540130615234	96.0
6314	-24.496827253970757	-7.863254831807345	-13.007166862487793	96.0
6333	-24.318930435763153	-8.104756679063055	-13.552580833435059	96.0
6352	-24.657135671384175	-8.056050944324948	-14.064943313598633	97.0
6374	-24.599831380403614	-8.395862634143835	-14.302912712097168	97.0
6394	-24.74284891692884	-8.307818231655995	-14.487120628356934	97.0
6413	-24.74284891692884	-8.307818231655995	-14.487120628356934	97.0
6432	-24.64890895767681	-8.02545243144528	-14.455194473266602	97.0
6450	-24.624860347280446	-8.149745794191475	-14.366832733154297	97.0
6469	-24.463274429296842	-8.060092431031462	-14.52609634399414	97.0
6489	-24.059979900559792	-7.872530262135689	-14.323590278625488	97.0
6509	-24.09688836575713	-7.760128955874379	-14.389947891235352	97.0
6528	-23.76986960302593	-7.7688156050104284	-14.159778594970703	97.0
6547	-23.851444476690027	-7.361657305595771	-14.013982772827148	97.0
6567	-23.714408117183176	-7.487332169690758	-13.860373497009277	97.0
6587	-23.788569497787037	-7.596872636934584	-14.072061538696289	101.0
6606	-23.934322931645408	-7.3709043350881425	-13.997594833374023	101.0
6625	-24.149442779320747	-7.091108833251708	-14.30016803741455	101.0
6644	-24.163663101375253	-6.911695043569879	-14.657462120056152	101.0
6664	-24.201237582778866	-6.891215214247707	-14.853787422180176	101.0
6683	-24.167201999515186	-6.828298497326423	-14.934049606323242	101.0
6703	-24.400008241747077	-7.014529451415021	-14.870993614196777	101.0
6723	-24.279096828357552	-6.8301087195029	-15.04814624786377	101.0
6742	-24.18352819708032	-6.790009104254378	-15.166715621948242	101.0
6761	-24.167809008516375	-6.359067662410169	-15.283867835998535	101.0
6780	-24.116524287457768	-6.151000582656519	-15.34994125366211	101.0
6800	-24.105285136481	-6.018897888481541	-15.384378433227539	101.0
6819	-23.959223336418084	-5.884490120765205	-15.435129165649414	100.0
6839	-23.932630148408517	-5.863390279277621	-15.330078125	100.0
6859	-23.398409707085538	-5.358558998081525	-15.553743362426758	100.0
6878	-23.11942895714574	-5.576711177208997	-15.816329956054688	100.0
6898	-23.100052603678332	-5.650561846470244	-15.803595542907715	100.0
6917	-22.90235131150199	-5.7022025442883955	-15.645954132080078	100.0
6936	-22.468566481157893	-5.946271111237089	-15.515335083007812	100.0
6956	-22.33782450479324	-5.954748721874383	-15.417226791381836	100.0
6975	-22.08675921645962	-5.732971939145655	-15.471752166748047	100.0
6994	-21.81031081339001	-5.436210566093719	-15.698410987854004	100.0
7014	-21.804570245325138	-5.583392434091877	-15.64346694946289	100.0
7033	-21.759727038269457	-5.247142911879127	-15.566789627075195	100.0
7053	-21.55949409031909	-4.877153243491845	-15.355632781982422	100.0
7073	-21.55949409031909	-4.877153243491845	-15.355632781982422	96.0
7093	-21.735177878841952	-4.602161575267424	-15.297775268554688	96.0
7114	-21.247575499649592	-4.298462733951549	-15.498591423034668	96.0
7132	-21.247575499649592	-4.298462733951549	-15.498591423034668	96.0
7150	-20.859189303630977	-4.07052812821701	-15.77639389038086	96.0
7170	-20.701458189351914	-3.9580118757505627	-15.821666717529297	96.0
7189	-20.46062704894001	-3.9075450630151973	-15.967682838439941	96.0
7209	-20.56082452253859	-3.8621330814302213	-15.902570724487305	96.0
7228	-20.518774396374774	-3.914686263206915	-15.837650299072266	96.0
7248	-20.714715642901943	-3.8242293588026715	-15.529439926147461	96.0
7266	-20.504327923370667	-3.798301984798678	-15.60318374633789	96.0
7286	-20.616026047896757	-3.6454495395195816	-15.837325096130371	96.0
7306	-20.58482325109888	-3.4363980697441674	-16.061397552490234	97.0
7325	-20.629272230715582	-3.231398988169657	-16.0106258392334	97.0
7345	-20.691121270996614	-3.3876654812764677	-15.911888122558594	97.0
7364	-20.628322661958677	-3.20321321339553	-15.846144676208496	97.0
7383	-20.48734721905202	-3.148533877720189	-15.916725158691406	97.0
7404	-20.143678918963875	-3.1408279620529513	-16.025636672973633	97.0
7423	-20.1121482333503	-3.339008038066405	-15.994410514831543	97.0
7442	-20.06282222968751	-3.2636608385367634	-15.955179214477539	97.0
7461	-20.233271919576488	-3.122273541428688	-15.931123733520508	97.0
7481	-20.18310918874737	-2.968783499298589	-16.065996170043945	97.0
7500	-20.15936861352013	-2.4740884415248554	-15.929075241088867	97.0
7520	-20.1165034728319	-2.6049876945627535	-15.889616012573242	97.0
7540	-20.05621561442869	-2.678733982679313	-15.953437805175781	99.0
7558	-20.2082895902656	-2.6451007058665597	-15.783413887023926	99.0
7578	-20.257631885982477	-2.582810897255079	-15.701228141784668	99.0
7597	-20.325283256207108	-2.547283809135177	-15.507550239562988	99.0
7617	-20.187217593843435	-2.539933119500091	-15.36064624786377	99.0
7637	-20.08997601181057	-2.7761227257684333	-15.458048820495605	99.0
7657	-20.08484239546415	-2.5683411331096164	-15.755799293518066	99.0
7675	-19.79531103632186	-2.263537792983932	-16.032691955566406	99.0
7694	-19.353556157907068	-2.141587155076971	-16.23287582397461	99.0
7714	-19.250931667464112	-2.21680786466895	-16.23123550415039	99.0
7733	-19.23352090970444	-2.4549714681666983	-16.151561737060547	99.0
7753	-19.124074535336796	-2.892267937454821	-15.865596771240234	99.0
7773	-19.124074535336796	-2.892267937454821	-15.865596771240234	99.0
7793	-18.76590402073275	-2.3682025957300405	-15.824691772460938	103.0
7813	-18.41684818020693	-2.5381111653114474	-15.873607635498047	103.0
7832	-18.177805239800296	-2.2420385515423207	-15.813275337219238	103.0
7850	-18.177805239800296	-2.2420385515423207	-15.813275337219238	103.0
7870	-18.108365157495925	-2.4368553068217578	-15.997838020324707	103.0
7889	-18.602831083073173	-2.753012078525081	-15.309041976928711	103.0
7908	-18.059836506792507	-2.8284298256869027	-15.709019660949707	103.0
7929	-18.154430805850453	-2.315684865269045	-16.01447105407715	103.0
7948	-18.184738052850427	-2.4230943375440566	-16.286144256591797	103.0
7968	-17.95918898410568	-2.339417589519585	-16.284687042236328	103.0
----------------도착----------------
7986	-18.11644963923922	-2.3352316667323287	-15.891501426696777	103.0
8006	-18.262761082472174	-2.8700103590229524	-15.889663696289062	103.0
8025	-18.870075870663175	-3.4729470984197803	-15.412923812866211	102.0
8045	-18.741108143486056	-3.30916934814963	-15.386486053466797	102.0
8065	-19.080933654485214	-3.253787677065855	-15.400344848632812	102.0
8084	-18.81905692517872	-3.2658341445502703	-15.696514129638672	102.0
8103	-18.714520038589466	-2.6700049570003217	-15.440178871154785	102.0
8122	-18.717272362433743	-2.759205708077621	-15.798615455627441	102.0
8142	-18.815532046747528	-2.31366645676975	-15.762947082519531	102.0
8161	-18.763785185700936	-2.2425614688543307	-15.74952220916748	102.0
8182	-18.80725930989786	-2.1379683149421984	-15.766669273376465	102.0
8201	-18.957364850390828	-2.3144311934324286	-15.63723373413086	102.0
8220	-18.787538026416197	-2.349851455568987	-15.569599151611328	102.0
8239	-18.448278897901403	-2.111389432794102	-15.385802268981934	102.0
8258	-18.361687207623365	-2.2605709874736117	-15.67988395690918	98.0
8279	-18.058648852459775	-2.251273997774394	-15.44515609741211	98.0
8298	-18.36833490160864	-2.521690210349755	-15.578644752502441	98.0
8317	-18.252971321153204	-2.5344415370804443	-15.46773910522461	98.0
8336	-17.945609161493003	-2.6695413883424557	-15.18464469909668	98.0
8356	-18.04526637196727	-2.5526734586435382	-15.389470100402832	98.0
8375	-17.960108414961386	-2.4513562340378043	-15.34177303314209	98.0
8395	-18.319389756722664	-2.9328261216211806	-15.600678443908691	98.0
8415	-18.359034948053324	-2.859452416020615	-15.507588386535645	98.0
8433	-18.322011402028583	-2.5949866147573912	-16.020994186401367	98.0
8453	-18.069999464510033	-2.573865645422834	-16.112781524658203	98.0
8473	-18.29553483059986	-2.492735940147704	-16.291561126708984	98.0
8495	-18.322356509741414	-2.3094356609500477	-16.407058715820312	98.0
8513	-18.322356509741414	-2.3094356609500477	-16.407058715820312	98.0
8534	-18.574087725676065	-2.7113364317192614	-16.281517028808594	98.0
8551	-18.574087725676065	-2.7113364317192614	-16.281517028808594	98.0
8570	-18.63913684024913	-2.4104015425770613	-16.078813552856445	98.0
8590	-18.623145226298607	-2.2696369079246916	-16.210912704467773	98.0
8608	-18.673445906369462	-2.3637056013736704	-16.04401969909668	98.0
8628	-18.452095897390212	-2.249364933515545	-15.956783294677734	98.0
8649	-18.449263203652897	-2.3755871784875087	-15.785261154174805	98.0
8667	-18.792797682348176	-2.5030125577382107	-15.73952865600586	98.0
8687	-18.66078256304048	-2.489281945204721	-15.690032958984375	98.0
8706	-18.3819320260755	-2.1881344319463016	-15.882715225219727	98.0
8725	-18.168680836477257	-1.9227080406453754	-16.008480072021484	98.0
8744	-18.42012413942751	-1.994062630090499	-15.649072647094727	99.0
8765	-18.190797167565485	-2.1547866654871313	-15.7724609375	99.0
8784	-18.286988925334217	-2.1399841149361967	-15.676581382751465	99.0
8803	-18.031559447747547	-2.2283167126201104	-15.70882797241211	99.0
8823	-17.754478536739377	-2.2399373181503575	-15.795164108276367	99.0
8842	-17.694122666913692	-2.344169084862978	-15.859199523925781	99.0
8862	-17.67789101272172	-2.477236650555231	-15.808101654052734	99.0
8882	-17.823903118391968	-2.6277886169674955	-15.520648956298828	99.0
8900	-18.02961241589976	-2.4126745385385	-15.449406623840332	99.0
8920	-18.097995115340108	-2.0701882535906453	-15.57010555267334	99.0
8939	-18.09398465798503	-2.2138460873722368	-15.645030975341797	99.0
8959	-18.208618192415116	-2.272182143681017	-15.643586158752441	99.0
8978	-18.1445834484104	-2.439642892305596	-15.64198112487793	103.0
8999	-18.181911484590998	-2.2216540581148743	-15.3905029296875	103.0
9018	-18.083624120464513	-2.114494279006638	-15.397224426269531	103.0
9036	-18.241970460371828	-2.0435014769173105	-15.439754486083984	103.0
9056	-17.93842138009283	-1.97447696952618	-15.588859558105469	103.0
9075	-17.89343189212945	-2.0058261511226902	-15.741528511047363	103.0
9095	-17.958028711807135	-2.1214704919200926	-15.454608917236328	103.0
9117	-17.82508691548075	-2.110108752856142	-15.536558151245117	103.0
9135	-17.635957844334985	-1.8256916435373969	-15.381136894226074	103.0
9153	-17.680233610457975	-1.9780234627926785	-15.48220157623291	103.0
9173	-17.98001351613635	-2.100242780952614	-15.31411075592041	103.0
9193	-18.031475143177314	-2.085164366513801	-15.477460861206055	103.0
9213	-18.09584962194035	-2.0869500217061505	-15.540882110595703	103.0
9234	-18.135260250463144	-1.9986597984919598	-15.454936027526855	100.0
9251	-18.135260250463144	-1.9986597984919598	-15.454936027526855	100.0
9270	-18.09334880414192	-1.7715940776002248	-15.560230255126953	100.0
9289	-18.31198593612545	-1.7964345010318983	-15.657377243041992	100.0
9309	-18.48361119821275	-1.890749184986974	-15.606954574584961	100.0
9328	-18.23465106787332	-2.2998123940331445	-15.762592315673828	100.0
9348	-18.040130117347033	-2.270001550788816	-15.922262191772461	100.0
9368	-18.154503479061177	-2.1796242014158236	-15.563392639160156	100.0
9387	-17.964347335445403	-2.1668058212555334	-15.587909698486328	100.0
9406	-18.062261243297048	-2.0938533252310214	-15.528396606445312	100.0
9426	-18.13994828490005	-2.1615346918342824	-15.827153205871582	100.0
9447	-18.10546462341086	-2.287548427759257	-15.753438949584961	100.0
9464	-18.25194732082286	-2.46805267715838	-15.641778945922852	97.0
9483	-18.200386617090285	-2.4738088876045725	-15.593611717224121	97.0
9503	-17.949299040756344	-2.2574822902050986	-15.757528305053711	97.0
9523	-17.608817222491822	-2.4832228237736187	-15.871726989746094	97.0
9542	-17.700411476689837	-2.355472661632086	-15.99868392944336	97.0
9561	-17.51515507336814	-2.1995970386902406	-15.877715110778809	97.0
9581	-17.437757041860344	-2.1562346534423136	-15.727157592773438	97.0
9600	-17.43327198615058	-1.9782906757096592	-15.857539176940918	97.0
9620	-17.382157004253553	-2.013561975603737	-15.907670021057129	97.0
9639	-17.46261434727243	-1.9356972155603016	-15.9586820602417	97.0
9659	-17.59165704014782	-1.7305651027488804	-15.613814353942871	97.0
9678	-17.515830811930396	-1.639707878945915	-15.842288970947266	97.0
9698	-17.30678130139292	-1.747763708557135	-15.790114402770996	98.0
9717	-17.51444706219731	-1.7721517284712616	-15.963056564331055	98.0
9736	-17.219331251496463	-1.8646236523728819	-15.983817100524902	98.0
9756	-17.14499827241174	-2.149808881880394	-15.832849502563477	98.0
9776	-17.165367867534698	-2.0852521260586308	-15.783365249633789	98.0
9795	-17.120207736038765	-2.0044240660412136	-15.446527481079102	98.0
9815	-17.040183642960788	-2.3340412029166004	-15.792523384094238	98.0
9834	-17.133613803929286	-2.1113964397065708	-15.556741714477539	98.0
9853	-17.370975211561007	-1.9376159883618889	-15.537819862365723	98.0
9873	-17.138779020819605	-1.8185617102984384	-15.725442886352539	98.0
9893	-17.468764721874315	-1.8547134598576154	-15.698399543762207	98.0
9915	-17.231872554928646	-1.6842994718762727	-15.627185821533203	98.0
9934	-17.04827402469468	-1.7034378538480728	-15.55698299407959	98.0
9951	-17.04827402469468	-1.7034378538480728	-15.55698299407959	99.0
9970	-17.24052729006432	-1.734201957610898	-15.788444519042969	99.0
9989	-17.13614507015392	-1.7929228431035074	-15.66788387298584	99.0
10009	-16.94548425480746	-1.9608098376491039	-15.770803451538086	99.0
10029	-16.780037442440147	-1.9021422220633593	-15.89877700805664	99.0
10048	-16.74066389345264	-1.740827960182743	-15.576319694519043	99.0
10067	-16.603738038352486	-1.4019938692845852	-15.645263671875	99.0
10087	-16.721397787009252	-1.7414046972166914	-15.569310188293457	99.0
10106	-16.797635280158698	-1.6846861716319124	-15.832176208496094	99.0
10126	-16.94004957976044	-1.520895280064316	-15.8663969039917	99.0
10145	-17.055509600921084	-1.4414801457598152	-15.83936882019043	99.0
10165	-17.09981694104429	-1.4781141868378382	-15.762489318847656	99.0
10184	-17.137462844236367	-1.4125643624303617	-15.690179824829102	102.0
10203	-17.154558937500543	-1.6600013324308713	-15.816679000854492	102.0
10223	-17.162561089639404	-1.9228945804731084	-15.838939666748047	102.0
10242	-16.904544605493054	-1.7735366971702118	-15.836750984191895	102.0
10262	-16.93068070939479	-1.2021605751700755	-15.801970481872559	102.0
10281	-16.690397944409717	-1.2592269366597926	-15.691349983215332	102.0
10300	-16.55520055379847	-1.2005285733050761	-15.750661849975586	102.0
10320	-16.664742303481805	-1.3959233693480864	-15.828336715698242	102.0
10339	-16.5614321829805	-1.7914909387061848	-15.960037231445312	102.0
10359	-16.66314111637155	-1.6040822538469774	-15.664826393127441	102.0
10378	-16.72499626394444	-1.3851876240706684	-15.44508171081543	102.0
10398	-16.88496918841319	-1.4904163283231633	-15.298211097717285	102.0
10417	-16.476870361736793	-1.682070749230663	-15.25629997253418	98.0
10436	-16.421843217060633	-1.5002056199710598	-15.244132995605469	98.0
10456	-16.179026641183004	-1.54779768013653	-15.455465316772461	98.0
10476	-16.016292763780257	-1.4819444408159317	-15.452885627746582	98.0
10499	-15.988478071167131	-0.9763474588997685	-15.430055618286133	98.0
10514	-15.911242858935932	-0.9538495075357105	-16.046144485473633	98.0
10534	-15.958274890184544	-1.3435122724164517	-16.03340721130371	98.0
10553	-15.599005239879288	-1.2964947722328357	-16.4267578125	98.0
10572	-15.909336041645936	-1.3658649843663935	-16.53348159790039	98.0
10593	-15.84831799015066	-1.7202753182652892	-16.538631439208984	98.0
10613	-15.905020536066438	-1.766865078871884	-16.47197914123535	98.0
10633	-15.735923571114087	-1.3973020210685523	-16.669055938720703	98.0
10652	-15.802361652701995	-1.4899308627121581	-16.56157112121582	98.0
10670	-15.802361652701995	-1.4899308627121581	-16.56157112121582	98.0
10689	-15.80397487750374	-1.3417986760728784	-16.027942657470703	98.0
10709	-15.64180277613235	-1.0017065927783653	-16.12386703491211	98.0
10728	-15.727364495115294	-1.2755153804162054	-15.813376426696777	98.0
10748	-15.449305601484147	-1.3955911164071888	-16.055038452148438	98.0
10767	-15.519007855676215	-1.3083738160044847	-16.181663513183594	98.0
10786	-15.10419009313441	-1.3946701529503067	-16.278602600097656	98.0
10806	-15.162613799387383	-1.4556830381744168	-16.350496292114258	98.0
10827	-15.032778817182464	-1.5309453421956214	-16.3377742767334	98.0
10845	-14.88533542324705	-1.5894265081929542	-16.402603149414062	98.0
10864	-14.786790736233549	-1.900329664146436	-16.374738693237305	98.0
10884	-14.838291444811883	-1.944122848792645	-16.472055435180664	98.0
10903	-15.209749553893033	-2.1259304683491025	-16.164072036743164	99.0
10923	-15.102644215503382	-2.044322531067862	-16.201187133789062	99.0
10942	-15.236955426491212	-1.8049928914368827	-16.466856002807617	99.0
10962	-15.185273102267992	-1.972918337402675	-16.330106735229492	99.0
10981	-15.054653874246114	-1.8978503645876053	-16.335420608520508	99.0
11000	-15.145474678414978	-1.9372483074261024	-16.24269676208496	99.0
11020	-15.023525020731448	-1.9675545949809807	-16.452014923095703	99.0
11039	-14.830338390459108	-1.9281418638271568	-16.560253143310547	99.0
11059	-14.848506835991333	-1.865287549853341	-16.437952041625977	99.0
11078	-14.777487705260896	-1.9450069370315288	-16.382654190063477	99.0
11098	-14.69289905482045	-2.129878796989931	-16.407400131225586	99.0
11117	-14.63873840594854	-2.3231863229170777	-16.370559692382812	99.0
11136	-14.678410959718054	-2.366680472968065	-16.609376907348633	103.0
11156	-14.52330179136502	-2.2510407209034127	-16.729841232299805	103.0
11177	-14.440752930202901	-1.9670639820590206	-16.81422233581543	103.0
11195	-14.498315830158303	-1.7585778659126234	-17.016489028930664	103.0
11215	-14.481183263275007	-1.6107646233391373	-17.37860679626465	103.0
11234	-14.08958337764372	-1.6085972617897817	-17.563627243041992	103.0
11253	-14.08634197541799	-1.4737737272803808	-17.51657485961914	103.0
11273	-14.02216134819016	-1.4610002468681322	-17.606998443603516	103.0
11293	-14.185001381875237	-1.5688157664597804	-17.335412979125977	103.0
11313	-14.433306343601567	-1.6734452600078344	-17.114477157592773	103.0
11333	-14.433306343601567	-1.6734452600078344	-17.114477157592773	103.0
11352	-14.658069353963157	-1.8422984411986407	-17.051715850830078	103.0
11370	-14.691255431157007	-1.799135459806195	-16.966753005981445	103.0
11390	-14.275657101928203	-1.596711210188224	-16.75588607788086	103.0
11410	-14.426196636537712	-1.7323911064877981	-16.897737503051758	103.0
11428	-14.457128772555066	-1.713851703637775	-16.86492347717285	103.0
11452	-14.72181887215027	-1.626370564280407	-16.827144622802734	103.0
11467	-14.608256919058162	-1.4911351298730389	-17.05369758605957	103.0
11487	-14.89298693787555	-1.5440522952263434	-17.013431549072266	103.0
11508	-14.993674374672489	-1.3155430570641335	-16.934083938598633	103.0
11526	-14.840721651120205	-1.6455310239969763	-17.18645668029785	103.0
11545	-14.870746004448291	-1.6383678807291155	-17.385042190551758	103.0
11565	-14.742206571471165	-1.8008041552513463	-17.224090576171875	103.0
11584	-14.625937894936907	-1.7623126117012873	-17.06432342529297	103.0
11603	-14.23165566365749	-1.7028182934894924	-17.33013916015625	103.0
11624	-14.273225071336924	-1.6977447212860683	-17.2120418548584	100.0
11643	-13.861670994356503	-1.8485859426013422	-17.583606719970703	100.0
11662	-13.510403105088338	-2.1658586076073085	-17.85609245300293	100.0
11681	-13.398513824147145	-1.7078863635650559	-17.85913848876953	100.0
11700	-13.342072180746298	-1.5547320590709335	-17.819963455200195	100.0
11720	-13.547900788395644	-1.1867876730381257	-18.086875915527344	100.0
11740	-13.793232324827802	-1.2666667135675738	-18.3836612701416	100.0
11759	-14.245674105104621	-1.3403022265866693	-18.23914337158203	100.0
11778	-14.403568632297977	-1.6683847872036135	-18.192102432250977	100.0
11798	-14.457782785961523	-1.3399201678224713	-18.21630859375	100.0
11817	-14.490490190465973	-1.3083885068484715	-18.162273406982422	100.0
11837	-14.403003551868279	-1.5412367388172181	-18.51242446899414	100.0
11856	-14.322460819599268	-1.5441961348030588	-18.701875686645508	99.0
11876	-14.359329162993163	-1.6816019812857002	-18.85584259033203	99.0
11895	-14.205177492920098	-1.6068318224324658	-18.847631454467773	99.0
11914	-13.893449037844633	-1.977196103150014	-19.004484176635742	99.0
11934	-14.06502288332643	-1.8462265533860172	-18.95620346069336	99.0
11953	-14.33574027232363	-1.9652247747000309	-18.604887008666992	99.0
11974	-14.408266349981007	-1.9220143334537274	-18.776792526245117	99.0
11993	-14.669273069942374	-1.7248811767040195	-18.430871963500977	99.0
12013	-15.054404285741908	-1.7592238449537059	-18.597694396972656	99.0
12035	-14.972488090676459	-1.6788672985815145	-18.489795684814453	99.0
12053	-15.165406606992642	-1.6349505085535438	-18.543230056762695	99.0
12070	-15.165406606992642	-1.6349505085535438	-18.543230056762695	99.0
12090	-15.08467295072603	-1.3188169148459872	-18.469541549682617	99.0
12109	-14.985442536041218	-1.2900494047497226	-18.384267807006836	103.0
12128	-14.907300008519563	-1.2956299613603248	-18.57765769958496	103.0
12148	-14.980856293749484	-1.2432367543129634	-18.621469497680664	103.0
12167	-14.785521159484	-1.3986170637209294	-18.89422607421875	103.0
12187	-14.696772549586145	-1.5176461138352824	-18.60422134399414	103.0
12207	-14.778777907707891	-1.3356013661648227	-18.649215698242188	103.0
12226	-14.8578948843655	-1.4174045209869932	-18.720550537109375	103.0
12245	-14.805684370142366	-1.4853030716873854	-18.762296676635742	103.0
12265	-14.753818222192137	-1.5857628387828644	-18.940261840820312	103.0
12284	-14.640887507314254	-1.6076594030274294	-19.136795043945312	103.0
12304	-14.586186447330453	-1.915934096563699	-18.992748260498047	103.0
12324	-14.885809649115714	-1.7278529124177695	-18.778528213500977	103.0
12342	-14.43776637736017	-1.6231410258238919	-19.099821090698242	104.0
12362	-14.677250444908113	-1.7928050273160772	-18.529626846313477	104.0
12381	-14.475678364892097	-1.8055899173497327	-18.47479248046875	104.0
12401	-14.354520586476882	-1.8538073984813372	-18.739439010620117	104.0
12422	-13.917945653847953	-1.63675614995885	-19.071348190307617	104.0
12440	-13.948490192074592	-1.4299931038897462	-19.066612243652344	104.0
