9	3.731205370820782	-1.9582164617101039	-19.13663101196289	76.0
29	3.4805421479317853	-1.8632399169531006	-19.262887954711914	76.0
50	3.6486224788442234	-1.5739727111793829	-19.416534423828125	76.0
68	4.189301841560823	-1.851638750061405	-19.213544845581055	76.0
88	4.130829188187882	-1.4588868371176715	-19.235666275024414	76.0
107	4.130829188187882	-1.4588868371176715	-19.235666275024414	76.0
127	3.3274848378267308	-2.0984832449285156	-19.347475051879883	76.0
156	3.7887255382909446	-3.440994491039847	-18.975074768066406	76.0
178	3.783967396431114	-5.3896629759673	-18.68507194519043	76.0
192	3.783967396431114	-5.3896629759673	-18.68507194519043	76.0
205	2.562279290814195	-4.5551420996226675	-18.799091339111328	76.0
224	2.287538022195857	-4.172133813028261	-18.983356475830078	76.0
243	2.307423943341516	-4.703359001472689	-18.980022430419922	76.0
272	2.0564941742055254	-4.696771247901148	-18.954423904418945	76.0
283	1.76484547362366	-4.690636739349762	-19.051429748535156	76.0
306	1.371213403065405	-4.809898087838487	-19.041576385498047	76.0
322	1.3536406789720514	-5.070029184426075	-18.950716018676758	76.0
341	0.8630921796711051	-5.789735609580114	-18.841337203979492	76.0
360	0.6352307732953167	-6.070631666219062	-19.08385467529297	76.0
382	0.33880317496387685	-6.568134463831294	-19.034936904907227	75.0
399	0.0635191503380005	-6.805542778371796	-18.952159881591797	75.0
418	-0.11668214495744222	-7.109198144862666	-19.182764053344727	75.0
438	0.24683410006671092	-7.0359590766098945	-19.257585525512695	75.0
457	0.24860314767675398	-7.2714097900312495	-19.534015655517578	75.0
477	0.31670512074131696	-7.989898981047902	-19.47918128967285	75.0
498	0.025093707431116493	-7.98825211830365	-19.547945022583008	75.0
516	-0.2704481555350286	-8.167230879438387	-19.467857360839844	75.0
535	-0.307539719010482	-8.608382543044597	-19.297954559326172	75.0
555	-0.4441644681104554	-8.812214244444945	-19.517120361328125	75.0
574	-0.3745705892471257	-8.997246967538606	-19.49806022644043	75.0
593	-0.6626136921108965	-9.18542590722083	-19.53862953186035	75.0
613	-0.4937894271208143	-9.203177992434764	-19.57370948791504	77.0
633	-0.2195583326775771	-9.404916535937458	-19.541032791137695	77.0
652	-0.32782108070016547	-9.719336434354389	-19.625808715820312	77.0
676	-0.4535352707040155	-10.013147127949356	-19.760784149169922	77.0
691	-0.4909367386539133	-10.098689072084225	-19.78847312927246	77.0
714	-0.5046285734573643	-10.228299146368306	-19.95596694946289	77.0
732	-0.846741000276952	-10.307142793103424	-20.03722381591797	77.0
750	-0.9762063179539658	-10.325217154948518	-19.916744232177734	77.0
770	-1.18212683690526	-10.664888784133554	-20.085447311401367	77.0
790	-1.404564315061235	-10.83255587939844	-20.245792388916016	77.0
807	-1.404564315061235	-10.83255587939844	-20.245792388916016	77.0
827	-1.3455964727438603	-10.898277356977077	-19.95234489440918	77.0
847	-1.5036362640175809	-11.331413737690424	-19.684720993041992	77.0
866	-1.8360565196483463	-11.622515030617588	-19.717525482177734	77.0
885	-1.8540419202857221	-11.793263219873236	-19.67169189453125	77.0
904	-1.507033823703049	-11.648059229715944	-19.777790069580078	77.0
924	-1.2195185372668034	-11.657102195206384	-20.083526611328125	77.0
947	-0.7187659997980428	-11.737315741269304	-20.014610290527344	77.0
963	-0.6862055943166847	-11.766790326043688	-19.98903465270996	77.0
981	-0.6255002406519677	-12.224669996597537	-20.220613479614258	77.0
1001	-0.274430713041791	-11.955319548748692	-20.569011688232422	77.0
1020	-0.11378103431989198	-11.70880716665956	-20.634347915649414	77.0
1039	-0.0025957180247783177	-11.719130585484058	-20.731155395507812	77.0
1061	-0.37602992898198045	-11.804089465056997	-20.691131591796875	77.0
1079	-0.31605838174574324	-12.130014540651295	-20.527246475219727	77.0
1098	-0.64778637952589	-12.395084342783068	-20.435274124145508	82.0
1117	-0.7518537125217736	-12.834689683530742	-20.146636962890625	82.0
1136	-0.3786796066256422	-12.773208684905415	-19.77264976501465	82.0
1156	-0.5161997955335375	-12.981559571373003	-19.743988037109375	82.0
1176	-0.565826374446623	-12.9065848265132	-19.994243621826172	82.0
1196	-0.5611833523014046	-12.86647415523565	-20.127044677734375	82.0
1216	-0.600585188996825	-12.59901727169853	-20.31013298034668	82.0
1235	-0.5973721291947274	-12.699020215370151	-20.22926139831543	82.0
1254	-0.7870696038811762	-13.054936369215232	-19.85747718811035	82.0
1273	-0.6968939880949867	-13.284492010403211	-19.89076042175293	82.0
1295	-0.905326695407015	-13.281224391247898	-20.279176712036133	82.0
1313	-0.48788307814524634	-13.060589315712326	-20.108102798461914	82.0
1333	-0.3975445462424995	-12.961613111500498	-20.03366470336914	83.0
1350	-0.37714159973481043	-12.5360920250314	-20.091094970703125	83.0
1370	-0.4274044000677318	-12.74467183364941	-20.056697845458984	83.0
1390	-0.29050969670316823	-12.690665362793425	-20.177392959594727	83.0
1410	-0.22082513521562747	-12.594461131380026	-20.208850860595703	83.0
1428	0.04399732136059938	-12.218996383991572	-20.51528549194336	83.0
1449	0.3165434620374184	-12.028838248817788	-20.365970611572266	83.0
1471	0.4291649820984619	-12.25472809097877	-20.607975006103516	83.0
1489	0.38115853337996736	-12.621409381508444	-20.29298210144043	83.0
1507	0.38115853337996736	-12.621409381508444	-20.29298210144043	83.0
1528	0.3215502333154298	-13.006130006970944	-20.18059730529785	83.0
1545	0.457279968066961	-12.847668180146737	-20.33997344970703	83.0
1564	0.3711361779269274	-12.667106021302596	-20.1495361328125	83.0
1584	0.19221185428432322	-12.67029411246818	-20.09502601623535	81.0
1605	0.020084011873475374	-12.493242686641706	-20.07448959350586	81.0
1624	-0.08648923041261612	-12.826550244953314	-20.288330078125	81.0
1644	-0.24468432353018593	-12.76838887229088	-20.015316009521484	81.0
1662	-0.18250905086996794	-12.941547376861422	-20.202455520629883	81.0
1681	-0.3492385713732163	-13.001513322630196	-20.301254272460938	81.0
1701	-0.04566424441607728	-12.950023948754438	-20.240501403808594	81.0
1721	0.16503290853269237	-13.170114708822803	-20.513071060180664	81.0
1741	-0.0014724204035114917	-12.725363410888566	-20.945716857910156	81.0
1760	0.006346420102325968	-12.442064469230722	-21.00332260131836	81.0
1779	-0.015084731756822088	-12.00224777512284	-20.835250854492188	81.0
1798	-0.180730406296535	-12.006567059580718	-21.021484375	81.0
1818	-0.29157265116757464	-12.065198259708191	-20.930252075195312	82.0
1837	-0.016107834555275865	-11.922557836409862	-21.1481876373291	82.0
1856	-0.4037394287143567	-11.78660198071814	-21.21346092224121	82.0
1876	-0.13630471923520707	-11.579597643478142	-21.247554779052734	82.0
1896	0.11446356005844041	-12.048534419371	-20.760854721069336	82.0
1915	0.10534285874631474	-12.022660066636533	-21.131885528564453	82.0
1934	-0.10209520580763799	-12.300577061267754	-21.06191062927246	82.0
1953	-0.3243756338457477	-12.332735814758763	-20.88948631286621	82.0
1973	-0.2602313660771033	-12.48292358105829	-20.618099212646484	82.0
1993	-0.6624229263276431	-12.222343698222232	-20.4383487701416	82.0
2014	-0.7634674112581049	-12.449130949847829	-20.471717834472656	82.0
2031	-0.7047503767577525	-13.228692049883257	-19.985252380371094	82.0
2050	-0.9973071855428262	-12.66173155730349	-20.683385848999023	83.0
----------------출발----------------
2070	-0.17991252173319858	-12.253305086492357	-20.87523651123047	83.0
2090	-0.003926463800437192	-12.336471052977775	-20.96925163269043	83.0
2109	-0.16704472096680018	-12.584769777019728	-20.953481674194336	83.0
2129	-0.1727835834428054	-13.036910592017495	-20.820669174194336	83.0
2150	-0.3252720443718958	-12.622085252900762	-21.105701446533203	83.0
2176	-0.36072733769802495	-12.409379043538378	-21.096435546875	83.0
2190	-0.42547867188904254	-12.517002933512092	-20.94129753112793	83.0
2208	-0.42547867188904254	-12.517002933512092	-20.94129753112793	83.0
2226	-0.3736055046075354	-12.803991760466062	-20.50873374938965	83.0
2245	-0.3795019768378623	-12.857558087326822	-20.303245544433594	83.0
2264	-0.11057248073201506	-12.723618362633681	-20.062700271606445	83.0
2286	0.2231551844907751	-12.480693464984181	-20.149585723876953	83.0
2304	0.3773296753774928	-12.137480804034766	-20.30367660522461	83.0
2325	0.22188565046170108	-11.823229039699935	-20.551786422729492	83.0
2342	0.1361897703489064	-11.96930826468999	-20.428457260131836	83.0
2362	-0.1293255150586952	-12.029400927927625	-20.613679885864258	83.0
2381	-0.10845657241984645	-12.245510700741495	-20.71523666381836	83.0
2401	-0.22629901672141634	-12.635443113356926	-20.671926498413086	83.0
2420	-0.45923147562349603	-12.715624450980682	-20.772802352905273	83.0
2440	-0.7033011390376992	-12.504934656276083	-20.826032638549805	83.0
2459	-0.9283095513083202	-12.472365209693747	-20.96515464782715	83.0
2478	-0.706210893127758	-12.695888751804237	-20.756752014160156	83.0
2498	-0.6697552966579132	-12.637899858789046	-20.70577621459961	83.0
2518	-0.42387237837016606	-12.750952204482521	-20.84384536743164	83.0
2538	-0.4248572130231676	-12.542385113168189	-21.109821319580078	83.0
2557	-0.09701408420889973	-12.403110085315209	-21.2553653717041	83.0
2576	-0.14547509683820029	-12.382792137333015	-21.23650360107422	81.0
2595	-0.029588101938632077	-12.392807674847331	-21.291786193847656	81.0
2614	-0.06304044515556674	-12.478741919386987	-21.190658569335938	81.0
2633	-0.01655361585204628	-12.773112705441992	-21.242374420166016	81.0
2653	-0.04686257014485276	-13.559475934652633	-21.008991241455078	81.0
2675	-0.0950351570312819	-13.27748247929402	-20.847000122070312	81.0
2693	-0.04486914677314602	-13.238997995385146	-20.798555374145508	81.0
2712	-0.060541371119284454	-13.021776278886142	-20.905729293823242	81.0
2731	-0.19944335751743278	-12.65337501976559	-21.385639190673828	81.0
2751	-0.3792725660351025	-12.48057865168487	-21.55497169494629	81.0
2770	-0.39494197148276233	-12.701459182901054	-21.35686492919922	81.0
2790	-0.22416606057805932	-13.021990756471721	-21.041555404663086	81.0
2809	-0.11742600328774952	-13.067180031153638	-21.07108497619629	81.0
2828	-0.19715762182968033	-12.708299419704474	-21.152198791503906	83.0
2849	0.07696746297588496	-12.60022310613503	-21.041053771972656	83.0
2869	0.20347164440705773	-12.418079407512137	-20.963964462280273	83.0
2889	0.20347164440705773	-12.418079407512137	-20.963964462280273	83.0
2907	0.24868753412036038	-12.190948719576554	-21.249746322631836	83.0
2927	-0.19567460759389793	-12.447154242035714	-21.12822151184082	83.0
2945	-0.06786472027942271	-12.124594408367138	-21.06813621520996	83.0
2964	-0.0737916910569084	-12.095349926278487	-21.009613037109375	83.0
2984	-0.1910154276987591	-12.003262547306898	-20.990442276000977	83.0
3005	-0.07695716692752161	-12.068274192370827	-21.091466903686523	83.0
3024	-0.05646391783649168	-12.18668528056453	-21.108482360839844	83.0
3042	0.18972967930066673	-12.585144922294056	-21.328855514526367	83.0
3062	0.17388809824615	-12.477701731346611	-21.327043533325195	89.0
3082	0.44252326666514763	-12.13356223658725	-21.51436996459961	89.0
3101	0.550958554158447	-12.380109950444327	-21.63849639892578	89.0
3122	0.21442683962798742	-12.40670899253691	-21.861248016357422	89.0
3140	0.10109365991869551	-12.400167193867407	-21.92452049255371	89.0
3159	-0.242577410642481	-12.770445891983103	-21.85491371154785	89.0
3181	-0.3892306118801303	-12.91942414740359	-21.706504821777344	89.0
3198	-0.16277003808549578	-12.643227197229168	-21.23517608642578	89.0
3217	-0.0415983816207099	-12.386095883514818	-21.219646453857422	89.0
3238	-0.32375055222013704	-12.689720390339849	-21.19399642944336	89.0
3257	-0.46350075477199265	-12.912926805327027	-21.119001388549805	89.0
3276	-0.26721393462178006	-13.262792049820227	-20.860061645507812	89.0
3295	-0.4694431502687434	-13.350407168902052	-20.586196899414062	89.0
3315	-0.20543466527795695	-13.541982981512765	-20.619272232055664	89.0
3334	-0.0506698675318897	-13.07322642889744	-20.88680076599121	86.0
3354	0.017309210305869786	-12.745102202831054	-21.747644424438477	86.0
3373	-0.21916759058361313	-12.502896324389464	-21.93766212463379	86.0
3392	0.022331970378372947	-12.517197225629626	-21.938947677612305	86.0
3412	-0.4927605961424655	-12.810983682847075	-22.172740936279297	86.0
3432	-0.6572293488162662	-12.974333479928193	-22.0760498046875	86.0
3452	-0.5812194105673709	-13.737845549549279	-21.88799476623535	86.0
3471	-0.6611418475694834	-13.665347641612478	-21.641281127929688	86.0
3489	-0.5520857016448623	-13.766975752813908	-21.800113677978516	86.0
3509	-0.7390215610220227	-13.685767172043919	-21.416200637817383	86.0
3528	-0.43128640606884455	-13.772838610984515	-21.542003631591797	86.0
3549	-0.6330594726428788	-13.425443425210243	-21.497440338134766	86.0
3571	-0.5583180889341844	-13.671232640285151	-20.9915714263916	86.0
3589	0.0773323742031495	-13.270987849891249	-21.09133529663086	84.0
3608	0.3244434521020436	-12.60180458957725	-21.337587356567383	84.0
3626	0.3244434521020436	-12.60180458957725	-21.337587356567383	84.0
3645	0.21760663721677195	-12.256191551179086	-21.57589340209961	84.0
3672	-0.04076618930718579	-12.330412947929966	-21.28561782836914	84.0
3685	0.21607371968649589	-12.460710680432165	-21.2722225189209	84.0
3704	0.1017956026948724	-12.90518050432345	-20.795902252197266	84.0
3723	0.2736603483892619	-13.482388392294787	-20.54389762878418	84.0
3742	0.35425112588146046	-13.229340941917545	-20.6605224609375	84.0
3762	0.3020862492710609	-12.786736434056628	-21.047649383544922	84.0
3781	0.6278225094437246	-12.60823976182538	-21.015178680419922	84.0
3801	0.6136641668412216	-12.477615290856184	-20.923933029174805	84.0
3821	0.5614133004460152	-12.18718248962934	-21.091829299926758	88.0
3840	0.3809196669625627	-12.347655499755035	-20.950693130493164	88.0
3859	0.6027092243940501	-12.61776116582853	-20.897157669067383	88.0
3878	0.6433499454834641	-12.809498130557067	-20.69829750061035	88.0
3898	0.9601139567930406	-12.974098798908377	-20.534191131591797	88.0
3918	1.409715325846183	-12.940647106310868	-20.597579956054688	88.0
3937	1.1080027894599664	-12.884645844225165	-20.58685302734375	88.0
3957	1.218721331120417	-12.667327026855444	-20.96555519104004	88.0
3976	1.1600048055868264	-12.651947347307196	-20.969806671142578	88.0
3995	1.2176862293244748	-12.313100867597486	-21.246143341064453	88.0
4014	0.9108398455841457	-12.223830069408386	-21.032875061035156	88.0
4034	0.8018436814556614	-12.274024184946978	-21.170833587646484	88.0
4054	0.6278717310154495	-12.561827056393602	-21.07931137084961	92.0
4073	0.42042566416815175	-12.622244520780733	-21.012413024902344	92.0
4092	0.6118281523134844	-12.875645863711197	-20.98883056640625	92.0
4112	0.4870157432431098	-12.964764979505464	-20.92823028564453	92.0
4131	0.41533366225220425	-13.015974436956252	-20.942106246948242	92.0
4152	0.21229283806404486	-12.764273015927724	-20.72659683227539	92.0
4175	0.30346367842264454	-12.689368621616646	-20.826099395751953	92.0
4189	0.17097508404324807	-12.637430570028947	-20.95592498779297	92.0
4209	0.20731948448392842	-12.52116655067319	-21.03262710571289	92.0
4228	0.18587150190391624	-12.736972991260576	-20.74424934387207	92.0
4249	0.09585650008796323	-12.85364085089635	-20.86630630493164	92.0
4270	0.036347975679162835	-12.857636826809966	-20.823184967041016	92.0
4289	0.16578709457984303	-12.834424490298568	-21.07198715209961	92.0
4307	0.16578709457984303	-12.834424490298568	-21.07198715209961	92.0
4326	0.13218200590249904	-12.91599143110946	-21.486249923706055	92.0
4345	-0.1052292881257163	-13.34542541609163	-21.566762924194336	91.0
4365	0.4115500332781754	-13.491627743723958	-21.466352462768555	91.0
4384	0.45974243555168065	-13.525658314648949	-21.374797821044922	91.0
4404	0.3837503240033483	-13.261428235856812	-21.671070098876953	91.0
4423	0.49823781598606803	-13.272136351362818	-21.613401412963867	91.0
4443	0.7921698529221639	-13.446777247062807	-21.579885482788086	91.0
4462	0.9157267024080695	-13.211260952951946	-21.587055206298828	91.0
4482	1.0733817305272306	-13.204036890840491	-21.493295669555664	91.0
4501	1.2542856418869857	-13.112958297071968	-21.425582885742188	91.0
4520	1.0126343511727671	-13.344771497984825	-21.363239288330078	91.0
4540	1.253441154505082	-13.649653519950016	-21.29072380065918	91.0
4559	1.3759968124658686	-13.720598939357375	-21.257665634155273	91.0
4578	1.5626524139167501	-13.412162855371658	-21.363683700561523	89.0
4598	1.7619716026097583	-13.399107364085381	-21.43903350830078	89.0
4617	1.4672337140494234	-13.573257375299947	-21.482595443725586	89.0
4638	1.1954732661922844	-13.7321833130749	-21.51795768737793	89.0
4656	1.4236169550290059	-14.191919737459118	-21.57430076599121	89.0
4676	1.1556894885067635	-14.238502367244028	-21.520090103149414	89.0
4695	1.3247614587097898	-14.217945338809255	-21.689014434814453	89.0
4715	1.1500303046941134	-14.18052356599867	-22.169015884399414	89.0
4736	1.0765985936700369	-14.40370070738768	-22.42955207824707	89.0
4754	1.0614955111685043	-14.597121553361772	-22.642093658447266	89.0
4774	1.1145930467745258	-14.672009488457542	-22.71765899658203	89.0
4793	1.1933712615390215	-14.801823787857483	-22.878448486328125	89.0
4812	1.397079904035012	-14.702014934351617	-22.867212295532227	92.0
4832	1.538670419396386	-14.88173443368061	-22.811962127685547	92.0
4851	1.6643123356651108	-15.008788261688045	-23.004806518554688	92.0
4870	1.734933354290121	-15.195776480779012	-22.921039581298828	92.0
4890	1.83160543999176	-15.10651248606811	-23.045223236083984	92.0
4909	1.5725517377761467	-14.735741839668838	-23.044919967651367	92.0
4929	1.495038458297406	-14.528858998436515	-23.35778045654297	92.0
4949	1.6935779815906173	-15.122527702346009	-23.445932388305664	92.0
4969	1.5656659700342317	-15.49024546598031	-23.237836837768555	92.0
4989	1.150923365338784	-15.415802455561032	-23.537525177001953	92.0
5006	1.150923365338784	-15.415802455561032	-23.537525177001953	92.0
5026	1.2621816723409272	-15.94031714629444	-23.13967514038086	92.0
5045	1.160685710768516	-16.083486179682403	-23.229801177978516	92.0
5066	1.2016658869492776	-16.135401954717697	-23.364429473876953	96.0
5085	1.2214538515478783	-16.32268751504253	-23.87682342529297	96.0
5103	1.4269068940275513	-16.02003700208318	-24.26565933227539	96.0
5123	1.418444407262152	-15.923898722386108	-24.439781188964844	96.0
5142	1.244022898790195	-16.26173253382006	-24.61656379699707	96.0
5171	1.283394080524109	-16.945897934077177	-24.615631103515625	96.0
5184	1.2249703628733213	-17.082356724195158	-24.775529861450195	96.0
5201	1.4114083740350536	-17.581774900731133	-24.540653228759766	96.0
5220	1.1745049604714508	-17.789191868064737	-24.541128158569336	96.0
5240	1.0632330891604835	-17.619057820152307	-24.81458282470703	96.0
5259	1.1675590873695167	-17.840002472307923	-24.946144104003906	96.0
5279	1.3449653255889285	-17.911878174298028	-24.840312957763672	96.0
5299	1.5477714441308361	-18.148159944475353	-24.792016983032227	95.0
5318	1.6883061595537936	-18.090575748117278	-24.631378173828125	95.0
5337	1.5985550084541351	-18.419534434638532	-24.710376739501953	95.0
5356	1.4554429410046243	-18.34785948590348	-25.293317794799805	95.0
5376	1.3860676839444095	-18.39436883317489	-25.575258255004883	95.0
5395	1.288871765009364	-18.738910762383085	-25.590795516967773	95.0
5415	1.2461106104829676	-18.72343874189495	-25.660276412963867	95.0
5435	1.30441603028213	-19.13245836505061	-25.484333038330078	95.0
5454	1.3512913499241785	-19.571598582380428	-25.545368194580078	95.0
5473	1.3323867958816082	-19.877577152726367	-25.804780960083008	95.0
5493	1.2235512309889176	-19.816703944332428	-26.084339141845703	95.0
5512	1.5561275908604628	-19.824819974026727	-26.22124671936035	95.0
5532	1.510345949008235	-19.61550138948691	-26.598676681518555	90.0
5551	1.567446153864108	-19.25331303572995	-26.824050903320312	90.0
5570	1.572033268355013	-19.455297054702335	-27.20594024658203	90.0
5590	1.4408699960541327	-19.454405423761852	-27.51194953918457	90.0
5611	1.5955810306245364	-19.52692520314972	-27.65054702758789	90.0
5630	1.6157291517114376	-19.874163381875107	-27.770328521728516	90.0
5650	1.9347637002142242	-19.910530281086352	-27.67698860168457	90.0
5674	1.9531231063094474	-19.85175248143327	-28.07171630859375	90.0
5689	2.005101604333638	-20.363480059396508	-28.27260971069336	90.0
5707	2.005101604333638	-20.363480059396508	-28.27260971069336	90.0
5726	1.8630861377866201	-20.775332733092874	-28.706693649291992	90.0
5747	1.8030937882154725	-20.948512583163314	-29.00252914428711	90.0
5765	1.925517392571528	-21.399527796940628	-29.04825210571289	90.0
5784	2.1136031445577967	-21.750216739978516	-29.006532669067383	90.0
5804	2.0110187468891874	-21.908951909213	-29.400705337524414	90.0
5823	1.912217550173118	-21.778087796979325	-30.050277709960938	90.0
5842	1.5430698256355448	-22.16376074404869	-29.926376342773438	90.0
5863	1.5874512459848098	-22.284248217700846	-30.344947814941406	90.0
5882	1.7589163918378226	-22.712182209411758	-30.18657875061035	90.0
5901	1.6744365146542706	-23.275105348933685	-29.875709533691406	90.0
5920	1.3862009945752782	-23.52746720274052	-30.16265106201172	90.0
5940	1.107620616123002	-23.890555228488346	-30.58210563659668	90.0
5959	0.7977936974540932	-24.043733800837497	-30.599170684814453	90.0
5980	0.8060777471372695	-25.091696164785173	-30.93378448486328	90.0
5999	1.0686443847733855	-25.4496296001433	-31.358356475830078	90.0
6017	0.3261668423089693	-26.008730486165593	-31.235307693481445	91.0
6037	-0.2060854804349867	-26.364261910642384	-31.472766876220703	91.0
6056	-0.631731647591873	-26.478766373771087	-31.80733299255371	91.0
6075	-0.9079499910056484	-26.98503893189098	-31.671558380126953	91.0
6096	-1.3131910139404395	-27.76694421013212	-31.197776794433594	91.0
6115	-1.139453798417881	-28.31181792663883	-31.312915802001953	91.0
6134	-1.331920240651906	-28.70100620628482	-30.652057647705078	91.0
6153	-1.841794380036956	-29.019177159654298	-30.232254028320312	91.0
6176	-2.0797446262833366	-29.28203284440223	-29.833295822143555	91.0
6193	-2.789924559300025	-29.518111356048728	-29.515430450439453	91.0
6213	-2.678780362470729	-30.272706655887784	-28.907855987548828	91.0
6232	-3.0931309704098657	-30.864477750120884	-28.65822982788086	91.0
6251	-3.0659968489805474	-31.3419914188229	-28.010860443115234	91.0
6270	-3.5557625942743782	-31.633818326823356	-26.960201263427734	91.0
6290	-3.843788005422577	-31.50985882525689	-26.58808135986328	91.0
6309	-4.030830711444714	-31.87019988969653	-25.924787521362305	91.0
6329	-4.150987540017181	-32.020459714604186	-25.14537239074707	91.0
6349	-4.053777981803735	-32.07879016424381	-24.33878517150879	91.0
6369	-4.462583420790492	-32.19895259022998	-23.276042938232422	91.0
6389	-4.200154826058796	-32.09219581081026	-21.764286041259766	91.0
6406	-4.200154826058796	-32.09219581081026	-21.764286041259766	91.0
6426	-4.144312849319153	-31.30873392484058	-21.952098846435547	91.0
6446	-4.2686990911979885	-31.04002550098142	-21.49334716796875	91.0
6465	-4.129580306797726	-31.113902623488325	-20.70013427734375	91.0
6484	-3.6071604126362917	-31.029208500005424	-19.768531799316406	91.0
6504	-3.7115380847394652	-30.824154117473036	-19.112375259399414	89.0
6523	-3.787185887163634	-30.740030105115732	-17.93531036376953	89.0
6543	-3.636019272805883	-30.248347788862773	-17.023983001708984	89.0
6562	-3.341524785670626	-30.317230163764766	-16.414710998535156	89.0
6582	-3.180236230775724	-29.94285345089638	-15.823599815368652	89.0
6601	-2.692796140583607	-29.537849451152564	-15.43292236328125	89.0
6620	-2.4184278906788315	-28.624180222054203	-15.134267807006836	89.0
6639	-2.278136815912418	-28.191504896555436	-14.544822692871094	89.0
6659	-1.8870884643378103	-27.8068655060313	-13.687841415405273	89.0
6679	-1.7414018933128257	-27.312846036679144	-13.192339897155762	89.0
6698	-1.89314201638588	-26.824851067647465	-12.783587455749512	89.0
6717	-1.6245935433092706	-26.271921115972027	-12.215738296508789	89.0
6736	-1.4178302901925215	-25.94092370232124	-11.90688419342041	90.0
6756	-1.2755599215795856	-25.406777828193917	-11.883057594299316	90.0
6776	-1.2716546643974171	-25.000499251399663	-11.603363037109375	90.0
6796	-1.1468721971779263	-24.164805248850726	-11.291645050048828	90.0
6815	-1.0297454332652485	-23.683234340055822	-11.298871994018555	90.0
6834	-0.9999202590658824	-23.340839728570163	-11.126347541809082	90.0
6853	-0.979015642471814	-23.361821833253753	-10.754508972167969	90.0
6873	-1.199229010085886	-23.1287960545346	-10.486831665039062	90.0
6894	-0.964815463662472	-22.75491642125954	-10.577642440795898	90.0
6912	-1.003394790759944	-22.466188139349217	-10.391596794128418	90.0
6931	-1.1555392135336244	-22.26408809836405	-10.162040710449219	90.0
6951	-1.314920426599127	-22.562590993449298	-10.070483207702637	90.0
6970	-1.4431568618473682	-22.47601628199163	-9.764959335327148	92.0
6990	-1.2989955975100498	-22.372561620691943	-9.57237434387207	92.0
7010	-1.0870234216766077	-22.052132389813526	-9.506001472473145	92.0
7029	-0.9171611663002481	-21.80117184265883	-9.887619972229004	92.0
7049	-1.198428602402223	-21.47351977851905	-9.750492095947266	92.0
7069	-1.1194625697986977	-21.115920623426966	-9.556788444519043	92.0
7089	-1.1194625697986977	-21.115920623426966	-9.556788444519043	92.0
7108	-0.8456809491967128	-20.818057392399144	-9.40152645111084	92.0
7126	-0.8456809491967128	-20.818057392399144	-9.40152645111084	92.0
7145	-0.6915365682802557	-20.516813002160543	-9.240715026855469	92.0
7175	-1.0297144089536296	-20.001418575694448	-9.542000770568848	92.0
7184	-1.1225374107701842	-19.94601601014356	-9.616266250610352	92.0
7204	-1.142835730543898	-19.764289942919692	-9.181028366088867	92.0
7223	-0.9766531635732376	-19.429767409543924	-9.108602523803711	98.0
7243	-1.0645007295761593	-19.178672592473372	-9.252911567687988	98.0
7262	-1.1524238329250538	-18.7577595329725	-8.981400489807129	98.0
7282	-1.296371681464649	-18.32549741551748	-8.702232360839844	98.0
7301	-1.3792870974300975	-18.15565215671798	-8.974184036254883	98.0
7321	-1.1775774113499828	-17.701360300216304	-8.58872127532959	98.0
7339	-1.0964028071730094	-17.38656096859698	-8.351003646850586	98.0
7359	-0.9151209116121168	-16.87316285832625	-8.394881248474121	98.0
7379	-0.859417765093747	-16.419537721472498	-8.26480484008789	98.0
7398	-0.9156289400697482	-16.19421342836931	-8.192989349365234	98.0
7417	-0.7501206534424187	-15.924736201872888	-8.491459846496582	98.0
7437	-0.7039712834088914	-15.670958343576336	-8.267724990844727	98.0
7456	-0.6042011263784431	-15.216773250856344	-8.065202713012695	98.0
7476	-0.701651084264444	-15.131537829776834	-8.239616394042969	98.0
7496	-0.5970747461189387	-14.559076569946853	-8.485123634338379	98.0
7514	-0.8544575719174309	-14.096775573669516	-8.50721263885498	98.0
7534	-0.997903231589984	-13.7293082632498	-8.72614860534668	98.0
7554	-1.01162855439686	-12.984436251806526	-8.760932922363281	98.0
7573	-0.8344512433464871	-12.510730394227572	-8.828374862670898	98.0
7593	-0.7542004705701242	-12.195190251779186	-9.14613151550293	98.0
7612	-0.8221315030288265	-11.803735692720815	-9.143989562988281	98.0
7631	-0.636748325212033	-11.28160968156796	-9.129669189453125	98.0
7651	-0.629922804317511	-11.155813582153474	-8.958185195922852	98.0
7675	-0.4556011652616419	-11.32628609433127	-8.904962539672852	98.0
7690	-0.6294178737757817	-11.04562660994756	-8.851813316345215	98.0
7711	-0.44166024951532457	-11.044008667159336	-9.042884826660156	97.0
7729	-0.6074749395726602	-10.867033174052578	-9.091954231262207	97.0
7749	-0.7954177937783282	-10.526045003979425	-8.882824897766113	97.0
7769	-0.7356925421329485	-10.528379712005384	-9.30801010131836	97.0
7789	-0.8378694967093125	-10.209088821005473	-9.470968246459961	97.0
7809	-0.8127348634688846	-9.87525395968078	-9.582775115966797	97.0
7828	-0.8127348634688846	-9.87525395968078	-9.582775115966797	97.0
7845	-0.9746292764728876	-9.224229540498698	-9.775074005126953	97.0
7865	-1.0308745806445136	-9.137636471622166	-9.952018737792969	97.0
7885	-1.1619362834011546	-9.085515001217832	-10.066596984863281	97.0
7903	-1.0614495574965777	-8.924268843336769	-10.245847702026367	97.0
7924	-1.001998818520665	-8.783935106145655	-10.530089378356934	97.0
7944	-0.9512397224973868	-8.300988956306819	-10.4404296875	92.0
7962	-1.0118159947908631	-8.40051908650247	-10.635766983032227	92.0
7982	-1.0823008131403236	-8.350564009030107	-10.571352005004883	92.0
8001	-1.047227360161868	-8.177464406399755	-10.5225248336792	92.0
8020	-1.0888360852081744	-7.959124395808291	-10.23091983795166	92.0
8040	-1.1674039698991892	-7.703435401704646	-9.879718780517578	92.0
8060	-1.1922209665825072	-7.195509621670554	-9.40863037109375	92.0
8078	-1.308756147523254	-6.805844645307493	-9.251936912536621	92.0
8098	-1.3082303629227745	-6.599675157978625	-9.132155418395996	92.0
8117	-1.2166659176511458	-6.345036447648041	-9.065418243408203	92.0
8137	-0.8457356338342524	-6.000333459901544	-9.172719955444336	92.0
8157	-0.7599399805514486	-5.810199434306535	-9.084765434265137	92.0
8176	-0.6874642277813015	-5.376702618884942	-8.92147159576416	92.0
8195	-0.5698361376450235	-4.914931967042313	-8.84827995300293	94.0
8215	-0.34721849160531293	-4.5219002748720305	-9.112733840942383	94.0
8234	-0.05381389893143892	-4.121084166274101	-9.263062477111816	94.0
8254	-0.012144923373893867	-3.8958079874740426	-9.190590858459473	94.0
8274	-0.05720497060379026	-3.4128750473428937	-9.174201011657715	94.0
8294	-0.2436429400540508	-3.141294035286064	-9.098657608032227	94.0
8312	-0.36633678384128504	-2.9280486692302565	-9.173379898071289	94.0
8331	0.07864127607497286	-2.544133036512634	-9.651597023010254	94.0
8351	0.14896067664861834	-2.4470187944478448	-9.796542167663574	94.0
8371	0.3440168721742394	-2.6470646503921067	-9.767606735229492	94.0
8391	0.2230096638423129	-2.604952913352458	-9.917488098144531	94.0
8411	0.1660425576199105	-2.373705279627151	-10.17402458190918	98.0
8428	0.33551319309101546	-2.3092626813855732	-10.194143295288086	98.0
8449	0.5392500774517411	-2.1632858911423147	-10.334879875183105	98.0
8468	0.659920929576233	-2.0955310735858332	-10.387899398803711	98.0
8490	0.659920929576233	-2.0955310735858332	-10.387899398803711	98.0
8509	0.23217355740537826	-2.337276743076061	-10.175514221191406	98.0
8526	0.30778620147250807	-2.283925880354371	-10.357437133789062	98.0
8545	0.24293395751826552	-2.3037980450482385	-10.578628540039062	98.0
8564	0.4291784038466678	-2.4178749744110153	-10.490757942199707	98.0
8585	0.5069133455786985	-2.622064770024756	-10.431842803955078	98.0
8605	0.6753988095667878	-2.815648996304018	-10.547855377197266	98.0
8623	0.8274367530612198	-3.147792079844493	-10.820034980773926	98.0
8643	1.1769281492134562	-3.2016283653525366	-10.883228302001953	98.0
8663	1.4969503051476134	-3.335525412955919	-11.10643482208252	97.0
8682	1.5089657497382614	-3.28398171219344	-11.18468952178955	97.0
8701	1.475065759164215	-3.4218917224148506	-11.13899040222168	97.0
8720	1.3775902139741616	-3.376621619042906	-11.478689193725586	97.0
8740	1.2663784578276263	-3.3056270328509836	-11.897870063781738	97.0
8759	1.4029977925466337	-3.3106091124390624	-12.085746765136719	97.0
8778	1.0332386510309608	-2.853193297925031	-11.957159042358398	97.0
8798	0.9026998170088727	-2.748769659040045	-12.131282806396484	97.0
8818	0.9542138961220576	-2.7734077190301436	-12.164535522460938	97.0
8839	0.9087680448128351	-2.870965099900941	-12.177539825439453	97.0
8857	0.7520071981736648	-2.800867636062733	-12.32398796081543	97.0
8876	0.7255344590906201	-2.7727452082233355	-12.360379219055176	97.0
8895	0.9439222427590318	-2.7401489272320845	-12.236690521240234	92.0
8914	0.7323793714705662	-2.5981628517282407	-12.428790092468262	92.0
8934	0.6907984189891387	-2.685209309324944	-12.281839370727539	92.0
8953	0.7536875107115069	-2.565458836813258	-12.239777565002441	92.0
8973	0.8658912717129762	-2.243019452091628	-12.502152442932129	92.0
8992	0.877914570671519	-2.3001141436644628	-12.691688537597656	92.0
9012	0.9001412598820054	-2.4488383606697064	-12.756254196166992	92.0
9031	1.064673082123827	-2.2921242991140525	-12.681329727172852	92.0
9051	1.338972063569215	-2.4375649162562345	-12.612318992614746	92.0
9070	1.408280671434779	-2.7604555603379786	-12.557753562927246	92.0
9090	1.3935786702823174	-2.8198540875319824	-12.855913162231445	92.0
9109	1.353614997145941	-2.8559265014592174	-13.161872863769531	92.0
9129	1.4081559522428686	-2.7278862371505106	-13.128083229064941	92.0
9149	1.4439206519751229	-2.647016769315249	-13.301846504211426	90.0
9176	1.5032121031064538	-2.539495916168054	-13.537015914916992	90.0
9189	1.360919598367829	-2.903587212801627	-13.435992240905762	90.0
9209	1.360919598367829	-2.903587212801627	-13.435992240905762	90.0
9226	1.2349221522578318	-3.032448136676719	-13.570525169372559	90.0
9245	1.1594296814204954	-2.872797009469731	-13.632826805114746	90.0
9265	1.3236544636294219	-2.749980117564556	-13.706334114074707	90.0
9284	1.2415226705359277	-2.9886795639815604	-13.59695053100586	90.0
9304	0.8809231685830533	-3.2227141696928294	-13.645564079284668	90.0
9324	0.8523426835129925	-3.289724813104844	-13.804218292236328	90.0
9343	0.904293581709645	-3.2988437238739166	-13.526350021362305	90.0
9362	0.9266201172165917	-3.09660500091947	-13.876045227050781	90.0
9381	0.8663462436484731	-3.324413652229868	-13.966246604919434	92.0
9401	0.7656365241703332	-3.4975794173305403	-13.94981575012207	92.0
9421	0.5656585336166408	-3.518610199642341	-14.150672912597656	92.0
9440	0.7250872935114278	-3.6159782823622675	-14.349014282226562	92.0
9459	0.8845370630585812	-3.6419792181696757	-14.396126747131348	92.0
9479	1.0448582001515245	-3.8451011585082555	-14.232893943786621	92.0
9498	1.0090211830034908	-3.8990350571316683	-14.311808586120605	92.0
9517	1.0782078937052877	-4.136313872087157	-14.24172592163086	92.0
9537	0.8267153824562652	-4.1675062106021095	-14.036767959594727	92.0
9556	0.6138517478610932	-4.295118084732202	-14.16005802154541	92.0
9576	0.37813975414044404	-4.1142768214843475	-14.169575691223145	92.0
9595	0.3026885075625561	-4.143155786499049	-14.320022583007812	92.0
9614	0.08182958008117378	-4.350069728635121	-14.418143272399902	96.0
9635	0.10059673619982289	-4.248609745626607	-14.563055038452148	96.0
9654	-0.16575863976933505	-4.3549843356880995	-14.86857795715332	96.0
9679	-0.24984671817790796	-4.020206183195414	-15.216967582702637	96.0
9692	-0.19884063630429616	-4.116593543657055	-15.62014102935791	96.0
9712	0.004156691297731815	-3.6606744328061636	-16.03233528137207	96.0
----------------도착----------------
9731	0.14336501560876638	-4.024053627427604	-16.027494430541992	96.0
9752	-0.1772644441540078	-3.8550556294588207	-16.039703369140625	96.0
9770	0.310331200233556	-4.247860192722904	-15.996079444885254	96.0
9790	0.19866382938284569	-3.7849821957848353	-16.142868041992188	96.0
9809	0.5353704685218423	-3.847752680731154	-16.082332611083984	96.0
9828	0.29498847717312715	-3.8261448117163153	-16.086063385009766	96.0
9850	0.5147820614992237	-3.945145989478647	-15.880816459655762	96.0
9869	0.3708123759478774	-4.061701173711635	-15.4712495803833	95.0
9889	0.3708123759478774	-4.061701173711635	-15.4712495803833	95.0
9908	0.017559884280663865	-4.215826864365812	-15.511126518249512	95.0
9926	0.22919282846871847	-3.891754307630283	-15.480533599853516	95.0
9945	0.2704184244952441	-3.5105659675138257	-15.467259407043457	90.0
9965	0.40974458930474084	-3.737312079977648	-15.5478515625	90.0
9984	0.10051687296312871	-3.726152309504178	-15.746187210083008	90.0
10004	0.38048980864618587	-3.882556212942053	-15.746477127075195	90.0
10024	0.33185857602914004	-4.187891174522619	-15.812663078308105	90.0
10043	0.20386906350923067	-4.372029305976202	-15.79008674621582	90.0
10061	0.18631372129589427	-4.184974522267808	-15.884655952453613	90.0
10110	-0.22917479697365226	-4.06109792292628	-16.24482536315918	90.0
10111	-0.11139421826309324	-4.0569611723489585	-16.33363151550293	90.0
10120	-0.14343525894916642	-4.107982717289362	-16.345914840698242	90.0
10140	0.17923012154787643	-4.1444169072397585	-16.340730667114258	90.0
10159	0.18973764134376514	-4.07118130385184	-16.302005767822266	90.0
10178	0.2896250240984142	-4.334205530348341	-16.295612335205078	90.0
10198	0.30250275478378585	-4.314065004021383	-16.375261306762695	90.0
10218	0.016533652543547283	-4.43810959479243	-16.268590927124023	90.0
10236	0.1981337359136099	-4.341138233238964	-16.242137908935547	90.0
10256	-0.0870198187038426	-4.463372627390202	-16.343528747558594	90.0
10275	0.14420718501618324	-4.352550973722985	-16.422643661499023	90.0
10295	-0.16716011683255497	-4.436992810533471	-16.376720428466797	90.0
10314	-0.32461343373687956	-4.462278269447742	-16.262163162231445	90.0
10334	-0.43022106894652484	-4.374548112561572	-16.083459854125977	90.0
10353	-0.6691694141284046	-4.39612861364317	-16.333702087402344	90.0
10373	-0.36610841981428366	-4.48823687000307	-16.507535934448242	90.0
10392	-0.6046402904729584	-4.732059188154254	-16.515378952026367	90.0
10411	-0.43382738311744823	-4.630098255798297	-16.517154693603516	90.0
10431	-0.5117143881063559	-5.217059987578318	-16.45632553100586	90.0
10451	-0.23578683028747696	-5.129676269889622	-16.597049713134766	90.0
10470	0.027100981222587292	-5.316009359819573	-16.69936752319336	90.0
10489	0.35881074374066885	-5.37529961970432	-16.75092887878418	90.0
10509	0.6997331599123936	-5.486450084517687	-16.5267333984375	90.0
10528	0.32699158423410585	-5.5362174082420195	-16.352628707885742	90.0
10549	0.32699158423410585	-5.5362174082420195	-16.352628707885742	90.0
10569	0.24215382719486192	-5.323428147248544	-16.40270233154297	90.0
10588	0.24215382719486192	-5.323428147248544	-16.40270233154297	90.0
10608	0.38629695696402677	-4.749948888875293	-16.436813354492188	90.0
10625	0.38629695696402677	-4.749948888875293	-16.436813354492188	90.0
10645	0.43235127622965086	-4.901475000224806	-16.433795928955078	90.0
10665	0.15546588629082972	-5.123061697628291	-16.283323287963867	95.0
10684	-0.10426230905210339	-5.058685189224706	-16.248777389526367	95.0
10704	-0.06926045556768476	-4.7794529298386506	-16.188444137573242	95.0
10723	0.37388623568367596	-4.722823659354532	-16.106216430664062	95.0
10742	0.42405295966476964	-4.291115848369823	-16.319812774658203	95.0
10762	0.6067798222849796	-4.521858559051745	-16.249467849731445	95.0
10781	1.2295245097699956	-4.490533306369343	-15.91321849822998	95.0
10801	1.484059389792989	-4.571070531744778	-15.759535789489746	95.0
10820	1.9376410483187125	-4.927892233298777	-15.735037803649902	95.0
10840	2.292406216154585	-5.093736023378363	-15.650262832641602	95.0
10859	2.1640041996420107	-5.022015013089666	-15.790663719177246	95.0
10878	2.359075322693352	-4.605899581667632	-15.60749340057373	95.0
10898	2.316889639486211	-4.275519947911592	-15.766948699951172	92.0
10917	2.6988221923913693	-4.0596919107760465	-15.649260520935059	92.0
10936	2.6423677342916863	-4.135063669619215	-15.830202102661133	92.0
10956	2.8604795630874214	-4.301623110849808	-15.934814453125	92.0
10975	2.9674906430464034	-4.361300480583452	-15.783802032470703	92.0
10995	2.4460910162070393	-4.048628227044403	-16.04599380493164	92.0
11015	2.222364604811421	-3.8385626061209788	-16.27739715576172	92.0
11034	2.5575865830181055	-3.9329810072871236	-16.350128173828125	92.0
11053	3.3330245811994748	-3.8910820477769494	-16.202512741088867	92.0
11073	3.523710299834496	-4.097766811142148	-16.00873374938965	92.0
11092	3.922184130955307	-4.173225583324103	-16.0125675201416	92.0
11112	3.3119694705539904	-4.640121827199158	-15.792933464050293	92.0
11131	3.5480054851398797	-5.503407038319024	-15.70286750793457	80.0
11151	3.4799797687829663	-6.1578319457210435	-15.305743217468262	80.0
11170	3.6034336979052983	-6.316696070669588	-15.108784675598145	80.0
11190	3.602807778690388	-6.3617098421548715	-15.186273574829102	80.0
11209	3.2597423787554325	-6.0620360000516005	-15.326435089111328	80.0
11228	2.794136834608597	-5.602016277732673	-15.503528594970703	80.0
11249	2.166248951644493	-5.430680925518707	-15.41418743133545	80.0
11268	3.238582573379308	-4.012700017330603	-15.626341819763184	80.0
11289	2.904581724699767	-2.7636288341493818	-15.841638565063477	80.0
11308	3.043903465897604	-2.510516769174909	-16.075843811035156	80.0
11326	3.043903465897604	-2.510516769174909	-16.075843811035156	80.0
11345	2.9576539897077603	-4.139092073384161	-15.920145988464355	80.0
11365	2.6992100481228745	-5.090156075252175	-15.445978164672852	80.0
11384	1.9712116513401574	-4.74127260529666	-15.477216720581055	57.0
11403	1.9464193233811655	-5.132513819701777	-15.337491989135742	57.0
11423	2.135708764889333	-5.614068716783358	-15.467525482177734	57.0
11443	1.869100374531643	-5.656482810353985	-15.57521915435791	57.0
11463	2.8320584283052073	-8.883560148909536	-13.970727920532227	57.0
11482	2.129023052569975	-7.815925795779502	-14.587926864624023	57.0
11500	1.7792642674757677	-4.050291048711443	-15.870603561401367	57.0
11520	2.099049731224736	-2.6706522439505154	-16.170726776123047	57.0
11539	1.8165207229980154	-3.734432893288011	-16.391902923583984	57.0
11559	1.6943367776993716	-2.5407684297012914	-16.6229305267334	57.0
11580	0.6817014843353271	-2.147287920235828	-16.453367233276367	57.0
11599	0.6109270871516719	-2.2005903476985704	-16.439878463745117	57.0
11618	0.434534790731571	-1.1807166762926014	-16.440378189086914	34.0
11637	0.8998117632295399	-2.2060984185879606	-16.151126861572266	34.0
11656	1.4956513307720962	-3.4208522107121744	-15.973072052001953	34.0
11676	0.15345267740784896	-2.7968454365107123	-16.292863845825195	34.0
11696	0.10308550847651836	-2.1618642526481198	-16.139076232910156	34.0
11715	0.5674339204659264	-3.545818077521896	-15.923349380493164	34.0
11734	0.14720660934269106	-4.05122990675025	-15.7631196975708	34.0
11753	-0.2007815778737968	-4.4132136052153115	-15.745153427124023	34.0
11773	-0.15164349055672757	-4.4469712021799	-15.828845024108887	34.0
11792	-0.5354522346611803	-4.243335258104446	-16.03980827331543	34.0
11812	-0.9560219441522014	-3.728146203977124	-16.205101013183594	34.0
11831	-1.197995679682134	-3.14279194482028	-16.16242218017578	34.0
11850	-1.3142728267911912	-3.296809335201081	-16.27088165283203	41.0
11870	-1.2956213798960123	-3.791241335426373	-16.269779205322266	41.0
11890	-1.2296580408798516	-4.312211361087457	-16.327926635742188	41.0
11909	-1.2635422064961361	-4.417115613140559	-16.22519874572754	41.0
11929	-1.5787996573430183	-4.055944596429976	-16.36287498474121	41.0
11949	-1.9214694479585677	-4.069636921771908	-16.301578521728516	41.0
11968	-1.9214694479585677	-4.069636921771908	-16.301578521728516	41.0
11988	-2.593286663274136	-4.420741653152221	-16.226367950439453	41.0
12007	-2.1628113423526045	-5.264975502444914	-16.031902313232422	41.0
12026	-2.1628113423526045	-5.264975502444914	-16.031902313232422	41.0
12045	-2.1845138281937695	-5.3534610729039	-16.193614959716797	41.0
12065	-2.1357542429165006	-5.510540240012003	-16.364707946777344	41.0
12084	-2.678687309319049	-5.312169810903053	-16.37140655517578	41.0
12103	-2.807670062640165	-4.854877712633309	-16.52430534362793	57.0
12123	-2.427952273338405	-4.669686948562717	-16.669239044189453	57.0
12142	-1.8590003728150672	-4.718090274684111	-16.766311645507812	57.0
12163	-1.7676482058160923	-4.429752479839892	-16.830259323120117	57.0
12181	-2.0002384810929112	-3.980148931033218	-17.080345153808594	57.0
12201	-2.225526677441565	-4.157661926031342	-16.664196014404297	57.0
12220	-2.6712691100297903	-4.332009111232312	-16.45767593383789	57.0
12240	-3.0714525577934135	-4.548340013273586	-16.3731746673584	57.0
12262	-3.1338866623975217	-4.40304907121064	-16.287364959716797	57.0
12279	-3.178328387759466	-4.261313549620705	-16.30331039428711	57.0
12298	-3.488132273254499	-4.450746059821231	-16.173072814941406	57.0
12318	-3.710458259109118	-4.265777237768098	-16.1409969329834	57.0
12337	-3.4753483926406754	-4.111466962836524	-15.997507095336914	60.0
12356	-3.1188316275239947	-3.8386139790930076	-16.332080841064453	60.0
12379	-3.1429133324628733	-3.883848196660272	-16.323633193969727	60.0
12395	-2.8591387791794443	-3.884124708071479	-16.237545013427734	60.0
12415	-3.0705614206596206	-4.347685380798057	-16.11882781982422	60.0
12434	-3.287797596860536	-5.1138034417062	-15.950528144836426	60.0
12453	-3.5947763236860992	-5.1157424542647565	-15.878101348876953	60.0
12473	-3.501809687090213	-5.0878793118584404	-16.1390323638916	60.0
12496	-3.8022227583027735	-5.077858663227851	-16.140888214111328	60.0
12512	-4.283992448253347	-4.484688260696897	-16.25159454345703	60.0
12532	-4.50838217057235	-3.7352218813585667	-16.414337158203125	60.0
12551	-4.964590450420243	-3.5578810718769085	-16.390644073486328	60.0
12570	-5.209266685202276	-3.577030199400887	-16.302505493164062	64.0
12589	-5.276806369913087	-3.638406834823041	-16.240192413330078	64.0
12610	-5.705942731691624	-3.4482660146044597	-15.987224578857422	64.0
12628	-5.641314574541167	-3.484139623112661	-15.77436637878418	64.0
12648	-5.626061141598457	-3.130082832365025	-16.072479248046875	64.0
12669	-5.450650193797266	-2.9158978821529056	-15.940444946289062	64.0
12688	-5.450650193797266	-2.9158978821529056	-15.940444946289062	64.0
12712	-5.197458196351586	-3.2170101794208614	-16.110647201538086	64.0
12728	-5.197458196351586	-3.2170101794208614	-16.110647201538086	64.0
12745	-5.447018532240595	-2.7678408351078203	-16.195096969604492	64.0
12765	-5.6727497027932685	-2.6262502510047834	-16.02304458618164	64.0
12784	-5.433879612815993	-2.732930879209299	-16.141311645507812	64.0
12804	-5.8169784275582375	-2.7592694256119277	-16.022174835205078	64.0
12824	-5.758472508379746	-2.7467314848714888	-15.673028945922852	68.0
12842	-5.794234435931422	-2.7593118678268636	-15.742542266845703	68.0
12862	-5.854263123594828	-2.4939459041002148	-15.767494201660156	68.0
12882	-5.795506746248281	-2.78260042924764	-15.524423599243164	68.0
12901	-5.594862277138795	-2.8778082880502245	-15.636374473571777	68.0
12921	-5.545927877326751	-2.928851900930333	-15.802339553833008	68.0
12940	-5.566317784829279	-3.0126952587387037	-15.714290618896484	68.0
12960	-5.39900143990436	-3.3825993188880763	-15.973929405212402	68.0
12978	-5.227926462205591	-3.538454694750804	-16.108877182006836	68.0
12998	-5.297021482338779	-3.639101640098938	-16.06652069091797	68.0
13018	-5.363866911342312	-4.014127045603251	-15.939863204956055	68.0
13037	-5.32140353318399	-4.046812193007948	-15.74704647064209	68.0
13056	-5.453146267455547	-4.086766667577127	-15.363168716430664	78.0
13076	-5.246528365295147	-4.202930605784296	-15.378825187683105	78.0
13095	-5.447190808094614	-4.186747830664594	-15.393627166748047	78.0
13115	-5.5316445605034374	-3.8224486505434494	-15.332721710205078	78.0
13135	-5.618480411415988	-2.7822686528932237	-15.477481842041016	78.0
13153	-4.994718059102685	-1.7470821921640523	-15.753471374511719	78.0
13174	-5.002964707460368	-1.7447289344617651	-15.654801368713379	78.0
13192	-5.627720795999853	-2.8081824384171625	-15.447633743286133	78.0
13212	-6.498763814773654	-4.029664787988759	-15.107989311218262	78.0
13231	-6.700274960465877	-4.680005990833252	-14.778488159179688	78.0
13250	-6.103183087034772	-5.875180813709295	-14.776581764221191	78.0
13270	-5.929851374285498	-5.060941806247592	-15.19946575164795	78.0
13290	-6.277777836593864	-4.159182997224049	-15.268391609191895	74.0
13309	-6.59467870541338	-3.5851042586839017	-15.516077041625977	74.0
13329	-6.703481384557966	-3.194373077513573	-15.886247634887695	74.0
13349	-7.109226453283426	-2.852560234079675	-15.8369722366333	74.0
13369	-7.141277227748777	-3.1228205119451586	-15.756824493408203	74.0
13388	-7.214259111891416	-3.2189968270238425	-15.860986709594727	74.0
13408	-7.686275892520466	-2.8893791774384145	-15.736642837524414	74.0
13426	-7.686275892520466	-2.8893791774384145	-15.736642837524414	74.0
13445	-7.629961738585355	-2.532164228400949	-15.76862621307373	74.0
13465	-8.15492896149947	-2.531839809414278	-15.985382080078125	74.0
13485	-8.327754137426064	-2.265005567737002	-15.948382377624512	74.0
13504	-8.266245387327919	-2.0659865122175693	-15.80221176147461	74.0
13523	-8.47237910824945	-2.2233546167848326	-15.886589050292969	74.0
13542	-8.798620922965396	-2.1520878296213524	-15.8565092086792	67.0
13562	-9.11835296780029	-2.120060068539365	-15.747061729431152	67.0
13582	-9.229199681171037	-1.8784312753727872	-15.734421730041504	67.0
13601	-9.64938568252141	-1.4695439850865084	-15.950368881225586	67.0
13621	-9.70448062889821	-1.1510577488264477	-15.899141311645508	67.0
13640	-9.789148618611549	-0.779376359595019	-16.001018524169922	67.0
13659	-10.32938626992996	-0.3150293109760159	-16.185142517089844	67.0
13678	-10.597098554952215	0.5401284585405898	-16.016061782836914	67.0
13698	-10.787009661776708	0.9385281671290021	-15.811112403869629	67.0
13718	-11.161973888252463	1.566947937528661	-15.664517402648926	67.0
13737	-11.295921058416655	1.9659566797360626	-15.468561172485352	67.0
13758	-11.338323208435972	2.3600015512811887	-15.391692161560059	67.0
13776	-11.262091165025895	2.8685167890877223	-15.419918060302734	72.0
13795	-11.476645729863417	3.4256078951705944	-15.336302757263184	72.0
13815	-11.527075509828364	3.9508642836774275	-15.19993782043457	72.0
13834	-11.482409554626116	4.6976390841817555	-15.279657363891602	72.0
13854	-11.267880450095156	5.224058210256197	-15.586896896362305	72.0
13873	-10.873648299073807	5.744355273472839	-15.821142196655273	72.0
13892	-10.776212800548022	6.793108408680965	-16.01854133605957	72.0
13912	-10.411097913097437	7.997348751533997	-16.001874923706055	72.0
13931	-10.176398717644219	9.069891900287839	-15.968425750732422	72.0
13951	-9.619891194542394	10.01683989626948	-16.03727149963379	72.0
13970	-8.63405120153299	11.051001397032719	-16.056177139282227	72.0
13990	-7.279751434399252	12.502602066615163	-16.08268928527832	72.0
14009	-5.236297733777347	13.861147347760559	-16.039852142333984	72.0
14029	-3.1048110448304382	14.940173597326798	-15.857736587524414	85.0
14050	-0.5871409930410064	15.89199906516716	-15.681188583374023	85.0
14069	1.9287271550339267	15.98022940217909	-15.963336944580078	85.0
14089	4.833661914725392	16.396026721899947	-15.335856437683105	85.0
14109	8.399160124417213	17.16980396546522	-13.396872520446777	85.0
14126	8.399160124417213	17.16980396546522	-13.396872520446777	85.0
14145	11.043917319658634	16.199489740954437	-13.458173751831055	85.0
14171	12.932652325269252	14.00899181143317	-14.413473129272461	85.0
14185	14.072173142354918	11.49710811667989	-15.535168647766113	85.0
14205	15.273632299835452	8.465743791554372	-16.62109375	85.0
14223	16.82039523712634	5.636683553285486	-16.197324752807617	85.0
14243	17.355819982026436	2.97959889416868	-15.811097145080566	85.0
14262	17.716265062056948	0.7691305234170609	-15.497257232666016	105.0
14282	16.83921891072312	-1.5431451915267154	-15.652375221252441	105.0
14301	14.987483367620088	-3.0450011139047297	-16.337039947509766	105.0
14320	12.999375508961226	-4.114069025583577	-17.054765701293945	105.0
14341	10.84272360022038	-4.594280221582653	-18.02273178100586	105.0
