1	0.4990094373266889	8.096150075267976	-15.57157039642334	148.0
20	1.9333834727119217	8.207525345453721	-14.985847473144531	148.0
39	2.7756021310617625	8.275438834535922	-15.092339515686035	148.0
59	1.7342647605296915	7.989498094978628	-15.714771270751953	164.0
79	-0.05588974787949565	7.395548020093848	-16.135862350463867	164.0
108	-1.0749962335014331	6.917903956435894	-16.720481872558594	164.0
125	-1.3177693975051465	7.117690732891363	-16.329923629760742	164.0
138	-1.0254041970445988	7.7620650439767305	-16.068689346313477	164.0
157	-0.7631594546822352	8.767999293097157	-15.427063941955566	164.0
177	-0.20450892316513233	9.381057221876647	-15.13198184967041	164.0
197	0.4171932457164375	9.741329613387608	-14.6713285446167	164.0
216	-0.2219112557068806	10.138547516349131	-14.268148422241211	164.0
236	-0.39451402677642805	9.873458543568022	-14.389291763305664	164.0
254	-0.1955662012404799	9.450038196701861	-14.482166290283203	164.0
274	-0.22213353856170456	8.969290444437297	-14.814009666442871	164.0
294	-0.653058217062001	8.559048202621325	-14.978967666625977	169.0
313	-0.9644444407814673	8.52532352249798	-15.411345481872559	169.0
334	-2.3286708856552973	8.515647692495266	-15.502077102661133	169.0
352	-2.907131991458806	8.332257425702746	-15.689118385314941	169.0
371	-3.1079159413536064	8.289526090343495	-15.746390342712402	169.0
391	-2.8396757090381546	8.677740005586092	-15.76327133178711	169.0
410	-2.62897577243701	8.801996669929332	-15.71742057800293	169.0
429	-2.8659784628815963	9.040093057501727	-15.714065551757812	169.0
450	-2.7600059824727596	9.467335100959406	-15.660283088684082	169.0
468	-2.6621437729065875	9.440118248835867	-15.574043273925781	169.0
489	-2.4429553761670104	9.235775503452999	-15.409950256347656	169.0
509	-2.926697260947262	9.062841209814142	-15.480247497558594	169.0
529	-3.2071616910581184	8.745413143362516	-15.457586288452148	169.0
549	-3.2071616910581184	8.745413143362516	-15.457586288452148	169.0
565	-3.11777549013985	8.531733440291942	-15.592923164367676	169.0
586	-3.0862030093891284	8.583828127172534	-15.416938781738281	169.0
605	-3.45423654694591	8.748138092059873	-15.339298248291016	169.0
624	-3.562431856207766	8.846038140084357	-15.190902709960938	169.0
644	-4.242395454769773	8.781144197107606	-14.932727813720703	169.0
666	-4.74783377043658	8.763289703190614	-15.1265230178833	169.0
682	-4.559769252421781	8.73529096385125	-15.166277885437012	169.0
702	-4.207131870601935	8.491507403900542	-15.278234481811523	169.0
721	-4.286772822938336	8.41476798756524	-15.145463943481445	169.0
741	-4.4954169549700795	8.073360365426876	-15.238490104675293	169.0
759	-4.427361341267659	7.856027883325036	-14.947344779968262	169.0
782	-4.5005168533128606	7.838745173815931	-15.058810234069824	164.0
799	-4.18164503561057	7.755703467656961	-15.159784317016602	164.0
818	-3.80596545310585	7.626281317018971	-15.205554962158203	164.0
838	-4.089444887769868	7.795746775681017	-14.859330177307129	164.0
857	-4.242633494080427	8.147297391016311	-14.694921493530273	164.0
877	-4.122004522156355	7.887925133742504	-14.775628089904785	164.0
895	-4.028031929563618	7.795180276130874	-14.932482719421387	164.0
917	-3.692080560224793	7.539275815402859	-15.345794677734375	164.0
935	-3.943512454529731	7.412873033153451	-15.332584381103516	164.0
954	-3.71529020024565	7.573750661144401	-15.423877716064453	164.0
974	-3.584487738926398	7.832759209402413	-15.212878227233887	164.0
993	-3.187892556067282	7.998025278901949	-15.171154975891113	164.0
1012	-3.214132289454046	7.705263838629547	-15.24195384979248	155.0
1031	-3.2057876917711137	7.925891982500224	-15.323914527893066	155.0
1050	-3.307307161581054	7.956706991648988	-15.37451171875	155.0
1070	-3.4840030815357883	8.169783013926317	-15.259563446044922	155.0
1090	-3.348941319777063	8.145191048448066	-15.477330207824707	155.0
1109	-3.042794818675516	8.032215299276249	-15.35220718383789	155.0
1128	-3.131622233186847	8.077010466343838	-15.362892150878906	155.0
1148	-3.0742550657315917	8.16565994565446	-15.365944862365723	155.0
1169	-3.0151879685636263	8.434458230281395	-15.565855979919434	155.0
1188	-3.1481764303037014	8.194492311146853	-15.577834129333496	155.0
1208	-3.2595458267857556	8.403314926211861	-15.443233489990234	155.0
1228	-3.2595458267857556	8.403314926211861	-15.443233489990234	155.0
1247	-3.304879265368718	7.765259926070721	-15.22083854675293	158.0
1264	-3.304879265368718	7.765259926070721	-15.22083854675293	158.0
1284	-3.333711352643929	8.018345814752221	-15.133173942565918	158.0
1304	-3.5281138244556667	7.910454504949873	-15.280717849731445	158.0
1323	-3.698515551063307	7.940850925922507	-15.402270317077637	158.0
1342	-3.504990833449188	8.127175644285547	-15.15829086303711	158.0
1362	-3.153349323149528	8.216960020523993	-14.891615867614746	158.0
1381	-3.048518394851098	7.96805169587903	-15.121591567993164	158.0
1401	-2.6853475808473006	8.157503641564801	-15.359023094177246	158.0
----------------출발----------------
1420	-2.6765351641873325	8.131491810075865	-15.297358512878418	158.0
1440	-2.5308973632977176	8.09906097307408	-15.531299591064453	158.0
1460	-2.3534037386388573	8.304909474853966	-15.400056838989258	158.0
1479	-2.3450348128072305	8.266165164694572	-15.226795196533203	158.0
1497	-2.1601736440769566	7.955519598630723	-15.06001091003418	166.0
1521	-2.1397001155492292	7.893152844120006	-15.388577461242676	166.0
1537	-2.6884448174147666	8.115877695312637	-15.126216888427734	166.0
1557	-2.8586657096785615	8.02694347964142	-15.177875518798828	166.0
1575	-2.7879301271692585	8.205704733777086	-15.174516677856445	166.0
1596	-2.756541603391155	8.247303936077437	-15.032190322875977	166.0
1616	-2.6744214704772173	7.877705254692262	-15.003759384155273	166.0
1635	-2.998655068092767	8.064404798558652	-14.870010375976562	166.0
1654	-3.216668672763542	8.198302850252494	-14.949481964111328	166.0
1674	-3.3033718022847816	8.473310703123698	-14.692597389221191	166.0
1693	-3.1179900515484333	8.459219549486596	-14.689424514770508	166.0
1711	-3.0959307823410582	8.32431603354382	-14.647809028625488	166.0
1731	-2.9439033440764923	8.260685769057176	-14.799460411071777	166.0
1750	-2.9918406558138764	8.24784078065733	-14.845895767211914	166.0
1770	-3.211003026530202	8.344894896158989	-14.819499015808105	166.0
1790	-3.1250569679286766	8.02578067326899	-15.036922454833984	166.0
1810	-2.981707243136281	8.144081997329508	-15.115377426147461	166.0
1829	-2.4317376514174627	8.043617625718602	-15.15645980834961	166.0
1847	-2.3229172477421947	8.189908870116652	-15.18342113494873	166.0
1868	-2.2607449052817086	8.145416282887433	-15.070352554321289	166.0
1888	-2.357477011401089	7.788129445111765	-14.98156452178955	166.0
1908	-2.3217410688565456	7.7906808880554035	-14.923614501953125	166.0
1927	-2.413379360109732	7.716994569485183	-15.139444351196289	166.0
1945	-2.413379360109732	7.716994569485183	-15.139444351196289	166.0
1965	-2.6279088567178666	7.920319049890622	-14.872820854187012	166.0
1984	-2.7370399807728747	7.809456630974249	-14.901700973510742	160.0
2004	-2.929892300070898	7.72722408162235	-15.2557373046875	160.0
2024	-2.9608934555652024	7.798798383785454	-15.165578842163086	160.0
2042	-2.9281578024560844	7.841749310791833	-14.985272407531738	160.0
2062	-2.748519153853659	8.186435846232468	-14.848352432250977	160.0
2081	-2.64688016742004	8.135564756346977	-14.904051780700684	160.0
2100	-2.7852595276203647	8.103933221647823	-14.897857666015625	160.0
2121	-2.7825828793434106	8.061681675816107	-14.965269088745117	160.0
2139	-2.819136227280582	8.321673283497917	-14.943365097045898	160.0
2159	-2.6517682146767783	8.44661597979664	-14.879332542419434	160.0
2179	-2.617868264296538	8.12024908377775	-14.923742294311523	160.0
2197	-2.7995301767137803	8.250898291471353	-15.073867797851562	160.0
2217	-3.016384544776359	8.16347922032194	-15.107254028320312	158.0
2237	-3.3959844669802557	8.180458350511245	-15.07884693145752	158.0
2256	-3.030504371370447	8.205949200075915	-14.869787216186523	158.0
2278	-2.781066528804171	8.436332014838051	-14.91291332244873	158.0
2295	-2.8271020217564846	8.34328306067076	-14.971050262451172	158.0
2315	-3.1317554025516965	8.28469056641904	-14.582975387573242	158.0
2334	-3.172439957026389	8.325062493586833	-14.58049201965332	158.0
2353	-3.1203469892807516	8.339787128011745	-14.627211570739746	158.0
2372	-2.902583387726893	8.323963499010782	-14.710025787353516	158.0
2393	-2.8347640236949743	8.28544196708192	-14.595022201538086	158.0
2411	-3.069941815123007	8.171946295613427	-14.830153465270996	158.0
2431	-3.1698325090804307	8.019634890137187	-14.813810348510742	158.0
2450	-2.8193605822180836	7.833869375392658	-14.728299140930176	158.0
2471	-2.827622616749443	7.885129817235181	-14.94902229309082	158.0
2491	-2.683499217812242	7.783229659854141	-14.858283996582031	158.0
2509	-2.806926874914162	7.545752856440122	-14.66598892211914	158.0
2528	-3.053101636659687	7.561098794864654	-14.768899917602539	158.0
2547	-2.8969237238846546	7.59843753445571	-15.134439468383789	158.0
2568	-2.8969237238846546	7.59843753445571	-15.134439468383789	158.0
2587	-2.829152924873313	7.703255192363771	-15.226399421691895	158.0
2609	-2.829152924873313	7.703255192363771	-15.226399421691895	158.0
2628	-3.031825082169895	8.202612014580017	-15.410832405090332	158.0
2645	-3.031825082169895	8.202612014580017	-15.410832405090332	158.0
2665	-2.823787983237448	8.395244027559617	-15.657747268676758	158.0
2686	-2.713274310192891	8.421940739968719	-16.172847747802734	158.0
2703	-2.8595556758393137	8.103479123544414	-16.323719024658203	166.0
2723	-3.1266951970344508	8.147097734502692	-15.828216552734375	166.0
2742	-3.256562517737855	8.57217428855778	-15.527210235595703	166.0
2761	-1.994714785246224	9.120364087870819	-15.259465217590332	166.0
2781	-0.615119697053392	9.397722404438165	-15.2318754196167	166.0
2801	-1.4302942896456288	9.376607806082099	-15.026161193847656	166.0
2819	-2.6806973933870686	9.11424773061098	-14.750267028808594	166.0
2840	-3.157830226417961	9.026441237162157	-14.56943416595459	166.0
2859	-2.930267286917715	8.823430982778108	-14.397375106811523	166.0
2878	-2.710103155431281	8.747333060543733	-14.647811889648438	166.0
2897	-2.5234367206401798	8.743849814642964	-14.818239212036133	166.0
2917	-2.4188756980259734	8.377945642956698	-14.967572212219238	166.0
2938	-2.678698152583245	8.073270861953548	-15.017305374145508	164.0
2959	-2.6111097502855727	7.9759002171785705	-14.966620445251465	164.0
2975	-2.6992597339463242	8.308620351597181	-14.89024543762207	164.0
2996	-2.6178007204146025	8.223020296421039	-14.952354431152344	164.0
3014	-3.0054348845205725	8.22876633220617	-15.018908500671387	164.0
3034	-2.7553131666227166	8.207746337159456	-15.0921630859375	164.0
3053	-2.988727031397592	8.237160631815385	-15.099609375	164.0
3073	-2.805682970249796	8.159710976971317	-15.2918701171875	164.0
3092	-2.784756905065082	8.322362811877465	-15.527633666992188	164.0
3112	-2.480041229508301	8.217416935454276	-15.816969871520996	164.0
3132	-1.5721590694690564	8.187539472924843	-15.867176055908203	164.0
3151	-3.5600027214832775	8.419471833260802	-15.40009880065918	164.0
3170	-3.800746624716556	8.356760205649183	-15.489624977111816	158.0
3189	-4.543425794628917	8.23918864659952	-15.512304306030273	158.0
3209	-5.3713715957568455	8.148719189599227	-15.350610733032227	158.0
3228	-5.112082540905429	8.280202064817919	-15.125556945800781	158.0
3249	-4.524979772199494	8.269255740064205	-14.873882293701172	158.0
3270	-3.7576339413020405	8.368103292172233	-14.81152057647705	158.0
3291	-3.142938346742267	8.628488679308013	-14.915862083435059	158.0
3309	-2.4813135393932804	9.004766411669	-15.0233736038208	158.0
3328	-2.1870873529023513	9.147342775587232	-15.015463829040527	158.0
3345	-2.1870873529023513	9.147342775587232	-15.015463829040527	158.0
3365	-2.326013465546595	8.957502350965346	-14.925287246704102	158.0
3384	-2.254097160175417	7.95786610951407	-15.40954303741455	158.0
3407	-3.1614054757246124	8.044109614879709	-15.29251766204834	158.0
3424	-3.2082039493330705	7.164754953220373	-15.776021003723145	160.0
3443	-3.2590336074577833	7.295487769055604	-15.712915420532227	160.0
3462	-3.1008434969321255	7.695158836192582	-15.545953750610352	160.0
3482	-2.944460509213154	8.068708561902463	-15.054034233093262	160.0
3501	-3.048746591572394	8.160250723335485	-14.977726936340332	160.0
3520	-2.5198182768677397	8.05493872539702	-15.06687068939209	160.0
3539	-2.0604827751996764	8.297352172469447	-15.085057258605957	160.0
3559	-2.343379880316103	8.17011197258348	-15.104182243347168	160.0
3578	-2.5800607036062067	8.088360798462592	-15.099249839782715	160.0
3598	-2.6623575346243413	8.42527809915591	-15.104371070861816	160.0
3617	-2.22132033480216	8.2841219241852	-15.114187240600586	160.0
3638	-2.258157259937072	8.310352711913644	-15.190585136413574	160.0
3657	-1.947737395764452	8.727192029921556	-15.111841201782227	164.0
3677	-2.29312160543671	8.969910614964842	-14.95683479309082	164.0
3695	-2.222779200155071	9.090881936107703	-14.956621170043945	164.0
3715	-2.8318313729331317	9.134903344578433	-14.995966911315918	164.0
3735	-2.8529512858912347	8.56828757515157	-15.32098388671875	164.0
3754	-3.4057123957677553	7.4719426173236405	-15.457149505615234	164.0
3773	-3.8019581745990894	7.293724698577661	-15.534078598022461	164.0
3792	-3.7528567417502834	7.376562265425216	-15.379989624023438	164.0
3811	-3.140353009485923	7.852917222564593	-15.200176239013672	164.0
3831	-2.09968300344893	8.546309228400634	-15.320569038391113	164.0
3850	-1.537857411314866	8.739362852469657	-14.989439964294434	164.0
3870	-1.41243469422798	9.075960208539204	-14.819488525390625	164.0
3889	-2.2979722727583614	8.802364733709098	-14.740569114685059	169.0
3909	-2.88479106962274	8.31290355290572	-15.028636932373047	169.0
3928	-3.7995609475399057	7.716689383190753	-15.153885841369629	169.0
3947	-3.722964569067105	7.469907200889506	-15.559202194213867	169.0
3968	-3.507278723475134	7.55759423550172	-15.45328426361084	169.0
3988	-3.493673702985925	7.409509946029702	-15.239702224731445	169.0
4008	-3.658933034678023	7.754166904517157	-15.218209266662598	169.0
4028	-3.3628185123073093	7.904668493578776	-15.166316986083984	169.0
4047	-3.3628185123073093	7.904668493578776	-15.166316986083984	169.0
4066	-3.0331853953816648	8.357276331117866	-15.236517906188965	169.0
4089	-2.3660467989848435	8.582334329975373	-15.173069953918457	169.0
4106	-1.9986788815646315	8.870025723998614	-15.017041206359863	169.0
4123	-2.2451175503520986	8.714904266087979	-15.232678413391113	169.0
4143	-2.2949332450892963	8.535551910978278	-15.443439483642578	172.0
4161	-2.5479390422952504	8.22268508816643	-15.667752265930176	172.0
4182	-2.864067442286422	8.044335549212143	-15.78133773803711	172.0
4203	-2.93999613834327	8.114330778276141	-15.717767715454102	172.0
4221	-3.210074497422685	8.336949113013764	-15.360231399536133	172.0
4240	-3.1323956524187357	8.647100352514618	-15.457846641540527	172.0
4260	-3.2051242905410984	8.415360375610176	-15.823064804077148	172.0
4279	-3.2033717954076666	8.076539943556407	-15.764179229736328	172.0
4298	-3.3979871334578804	7.902838485272479	-15.699213027954102	172.0
4321	-3.21969414072914	8.251805019337086	-15.735737800598145	172.0
4338	-2.623261698456077	8.465954289379216	-15.419795989990234	172.0
4358	-2.856564820666992	8.377539663497675	-15.267226219177246	172.0
4376	-2.876074202226535	8.459805788159404	-15.22140121459961	164.0
4396	-3.1441178325719648	8.191890590790669	-15.064946174621582	164.0
4414	-2.986497943231949	7.7517308633079915	-14.946340560913086	164.0
4435	-3.204981406806036	8.078986021491671	-14.708585739135742	164.0
4453	-2.6556123939144545	8.158016426129425	-15.037912368774414	164.0
4473	-2.2270604784712367	8.127030215408482	-15.139631271362305	164.0
4492	-2.2198733203156764	8.017904620963956	-15.295816421508789	164.0
4511	-2.2482008969715905	7.879316675644505	-15.374333381652832	164.0
4531	-2.4681401275718624	8.109606043918696	-15.290801048278809	164.0
4551	-2.457969145534547	8.252721915374439	-15.230278968811035	164.0
4570	-2.774658974460222	8.495860822624582	-15.264670372009277	164.0
4589	-2.9112094918076448	8.362492959104113	-15.312808990478516	164.0
4609	-3.039495180977058	8.261835311336554	-15.07649040222168	160.0
4628	-3.129171702534138	8.290295658028686	-15.237445831298828	160.0
4647	-3.11703107602959	8.550450784836785	-15.069074630737305	160.0
4669	-3.084341197423894	8.886213404992349	-15.133217811584473	160.0
4687	-3.2074594599935597	8.631504639436708	-15.171470642089844	160.0
4707	-3.2074594599935597	8.631504639436708	-15.171470642089844	160.0
4728	-3.380755850103288	7.9593333330877165	-15.684542655944824	160.0
4745	-3.380755850103288	7.9593333330877165	-15.684542655944824	160.0
4764	-3.387338919468371	8.074873393306689	-15.814796447753906	160.0
4784	-3.171593451580893	8.34791417030937	-15.677491188049316	160.0
4804	-2.9510131634424908	8.495027295890155	-15.211607933044434	160.0
4822	-2.830220140590607	8.428528972796139	-15.388988494873047	160.0
4843	-2.5683276659390812	8.686482344750797	-15.468771934509277	160.0
4862	-2.3443271821747893	8.897143817257794	-15.495902061462402	160.0
4880	-1.9605559597731148	8.835757870352618	-15.499993324279785	160.0
4901	-1.998705661696665	8.519028463717563	-15.398472785949707	160.0
4920	-2.1733380038265855	8.159517920354672	-15.304743766784668	160.0
4939	-2.4849104291513737	7.654760648765112	-15.63862419128418	160.0
4959	-2.7199912532388617	7.0081931871484064	-15.935444831848145	160.0
4978	-2.7219289169383902	6.9774050773817455	-16.033973693847656	162.0
4997	-2.5418300709886736	7.235186507589832	-15.734230995178223	162.0
5017	-2.303241703157035	7.618011930281339	-15.631020545959473	162.0
5037	-2.0048804280084767	7.818538108635206	-15.519519805908203	162.0
5056	-1.9490005720746106	8.194477577000818	-15.486947059631348	162.0
5076	-2.239875436785579	8.084006117590404	-15.669005393981934	162.0
5095	-2.3213679167235033	7.329806787343573	-15.825369834899902	162.0
5116	-2.0503966294681812	7.448717605942864	-16.045785903930664	162.0
5134	-2.0160605304137085	7.677344123448018	-15.94875431060791	162.0
5153	-2.031301295752683	8.140792724556025	-15.725481033325195	162.0
5173	-2.120569867705021	7.934193912389318	-15.677245140075684	162.0
5192	-2.233789255349515	8.006058306144027	-15.797568321228027	162.0
5211	-2.463697833261152	7.981724551718501	-16.201858520507812	169.0
5231	-2.3204132701437743	7.712786196114293	-16.20258140563965	169.0
5251	-2.577949099664301	7.672566839201109	-16.667747497558594	169.0
5270	-2.577497187334075	7.749022478283161	-16.23030662536621	169.0
5289	-2.6707600544511374	7.651430796100097	-16.087867736816406	169.0
5309	-2.9323580219562024	7.521721435961738	-16.09482192993164	169.0
5330	-2.9352528522882855	7.455905454361837	-16.1444149017334	169.0
5348	-2.8252826848106904	7.540088445523965	-16.237987518310547	169.0
5368	-2.7321877597059485	7.351530144662836	-15.941798210144043	169.0
5388	-2.664832600741608	7.381138516831091	-15.95467472076416	169.0
5407	-1.840051299921276	7.356381991827147	-15.794750213623047	169.0
5427	-1.5146649861634534	7.368325587752771	-16.051097869873047	169.0
5446	-1.5146649861634534	7.368325587752771	-16.051097869873047	168.0
5466	-1.9400975270133127	7.4921010368525724	-16.118244171142578	168.0
5485	-1.6780290070635238	7.650099678522646	-16.178157806396484	168.0
5503	-1.3858998875166957	7.890781657190063	-16.4046630859375	168.0
5523	-0.2783219682571382	7.795780748728207	-16.29909896850586	168.0
5542	-1.267252592910346	7.852938189503216	-16.31745719909668	168.0
5562	-1.2705403537092446	7.189896627254223	-16.700376510620117	168.0
5581	-1.1265308480057268	6.800553561824959	-16.73281478881836	168.0
5601	-1.5254238358968661	7.097123976412242	-16.79098892211914	168.0
5620	-1.4381756217893913	7.425171117898544	-16.844758987426758	168.0
5639	-1.0453985746294474	7.283895717099659	-16.68203353881836	168.0
5659	-1.1560741478915768	7.103966415679798	-16.57278060913086	168.0
5678	-1.6575690754982189	7.450574731090639	-16.29141616821289	168.0
5699	-0.6553336745668137	7.421443448989802	-16.595844268798828	164.0
5717	-0.520598823493509	7.275315797939111	-16.72817611694336	164.0
5738	-1.0018254303079823	7.472665538940673	-16.54595184326172	164.0
5756	-1.2369507447960353	7.339348954881504	-16.643726348876953	164.0
5776	-0.37944643554040297	6.713500658537261	-16.67693328857422	164.0
5795	-0.8674759068096572	7.022826672727168	-16.8044490814209	164.0
5814	-1.034864951604607	7.518310893689446	-16.457422256469727	164.0
5836	-0.6458837304906719	7.805435010904976	-16.703811645507812	164.0
5853	-0.5572059210016825	7.675286767224943	-16.799787521362305	164.0
5873	-0.647747737260483	7.6308887124453255	-17.024776458740234	164.0
5892	-1.0827508187612935	7.64339818208752	-17.727561950683594	164.0
5911	-1.3318386176317232	7.62815022986675	-17.614925384521484	164.0
5932	-1.1251008079518958	7.85207061871785	-17.669815063476562	164.0
5951	-0.5176471562529023	7.971915043064007	-17.798227310180664	164.0
5970	-0.17260646945482963	7.955259901529294	-18.09248161315918	164.0
5989	-0.10655466573754704	7.955829465893807	-18.050086975097656	164.0
6009	-0.31992177389248344	8.109943480762215	-18.02310562133789	164.0
6028	-0.39585218965714475	8.000442954536647	-17.969385147094727	164.0
6047	-0.30822372188892355	8.171548409504275	-17.61690330505371	164.0
6068	0.01349591397401164	8.223644977607659	-17.989717483520508	164.0
6087	0.32586792969591644	8.144157732325777	-18.269100189208984	164.0
6109	0.44115680646396943	8.20312230234919	-18.262290954589844	164.0
6128	1.6878899626583042	9.070881679226288	-17.87596893310547	164.0
6145	1.6878899626583042	9.070881679226288	-17.87596893310547	164.0
6165	0.7333017616234564	10.107611253736245	-17.644620895385742	164.0
6184	0.05774795405774438	8.400185765129658	-18.589967727661133	165.0
6204	0.13569938033192908	8.319950054955603	-18.760242462158203	165.0
6222	0.12232738933045056	7.980590025393548	-19.024869918823242	165.0
6243	-0.542873024778356	8.300551186466375	-18.66709327697754	165.0
6261	-0.21824816262808866	8.638024770700195	-18.506649017333984	165.0
6282	0.6398842718933123	9.343870892464446	-18.3281307220459	165.0
6300	1.3956581922012163	9.570459965634894	-18.561811447143555	165.0
6320	1.2840085181649707	9.578894770597673	-18.70235252380371	165.0
6339	0.8467968216823258	9.49146637836974	-19.034364700317383	165.0
6359	0.7095090691942283	9.345530720622076	-19.23851776123047	165.0
6382	0.2903186532142924	9.139056481301742	-19.424970626831055	165.0
6398	1.0996329717790615E-4	9.14683364090723	-19.539064407348633	165.0
6417	-0.03134164629584037	8.909033348719413	-19.64415168762207	168.0
6436	0.11757265478066667	8.70348718946339	-19.676767349243164	168.0
6456	0.2733982047775326	8.740760836914294	-19.493629455566406	168.0
6476	0.8624837098466978	9.02393034635215	-19.44734001159668	168.0
6496	0.808902717449124	9.241680651975463	-19.180917739868164	168.0
6515	0.8844142977944423	9.246064573903176	-19.378978729248047	168.0
6534	0.5536317739000071	9.292907474221321	-19.468896865844727	168.0
6553	0.8111432463094801	9.250740630060236	-19.718385696411133	168.0
6572	1.4360661980542089	9.553993076992716	-19.82537841796875	168.0
6592	2.087574324868074	9.664508837200456	-19.908662796020508	168.0
6612	2.8541506581816387	9.907170043277866	-19.69744300842285	168.0
6631	2.6031365130554973	10.1945685153249	-19.581260681152344	168.0
6650	2.3392111801978728	10.316367691180858	-19.87335968017578	165.0
6670	1.727929554822376	9.916050136664861	-20.167659759521484	165.0
6689	1.5635759305081902	9.593865585775932	-20.635522842407227	165.0
6709	3.8227172264516893	9.412349850422773	-20.749319076538086	165.0
6728	3.068236505559102	10.453917307960259	-20.60267448425293	165.0
6747	1.8130490687273673	9.710124548546714	-21.443025588989258	165.0
6768	2.1211524642680963	9.512780889814811	-21.856290817260742	165.0
6788	1.4637944960077782	9.324957723169128	-22.098712921142578	165.0
6807	1.1510653339736177	9.438518549849451	-22.196659088134766	165.0
6828	1.4235615196710891	10.016299915268116	-22.1447696685791	165.0
6845	1.4235615196710891	10.016299915268116	-22.1447696685791	165.0
6864	3.1581179559042574	10.859090578270388	-21.96055793762207	165.0
6884	4.487171879474986	11.662769141516696	-21.39798355102539	160.0
6904	5.006390869715932	11.759002900928484	-21.132740020751953	160.0
6924	-0.6386086030696375	11.350116665514054	-22.27473258972168	160.0
6943	0.5608994722777008	10.494181843070361	-22.791000366210938	160.0
6963	0.902103882541886	10.009522302617153	-23.379791259765625	160.0
6981	0.986944201743799	10.02614193408062	-23.465959548950195	160.0
7001	1.6850514559272212	10.052088745944074	-23.558937072753906	160.0
7019	2.41348529657416	10.120369316027343	-23.363157272338867	160.0
7039	2.7480464435894225	10.16586455861286	-23.681947708129883	160.0
7059	3.210168702555752	10.721386119973705	-23.668176651000977	160.0
7079	2.4058445586032673	11.195499927317915	-23.597789764404297	160.0
7098	1.1472640470520254	10.893007242621442	-23.87273597717285	160.0
7117	1.337583561353864	11.074682115635525	-24.18292236328125	160.0
7136	2.1317298864306986	11.019160503491467	-24.5634708404541	162.0
7156	4.901403723054107	10.382430587093738	-24.776134490966797	162.0
7175	1.7133836082246265	9.423624565044456	-25.916351318359375	162.0
7195	2.685157754936753	11.06200772565943	-25.35008430480957	162.0
7214	2.466758367976254	11.057807587263293	-26.023231506347656	162.0
7235	1.9512183864684916	11.173338168293872	-26.232145309448242	162.0
7253	1.794660849047495	11.269710493122197	-26.768461227416992	162.0
7273	1.6535295054764376	10.470786891516587	-26.995641708374023	162.0
7293	1.229771794376129	9.870380518317138	-27.384510040283203	162.0
7312	1.1061499138832542	9.767285419405155	-27.77219581604004	162.0
7331	1.0267182740314051	10.805450504915209	-27.819110870361328	162.0
7350	0.7378897029831963	11.584155576396451	-27.641447067260742	162.0
7370	0.4029913118933502	11.724390363578317	-27.578458786010742	167.0
7389	0.9313819500264479	11.3273771257325	-28.047151565551758	167.0
7410	1.2073382449583185	11.196475935207634	-28.26254653930664	167.0
7429	0.7802135208798935	11.353942314212645	-28.632003784179688	167.0
7448	0.5848155910479489	11.115671706778539	-28.98487663269043	167.0
7468	0.05628960641840082	10.899239680770284	-29.46294403076172	167.0
7487	-0.042554979900511464	10.00706262826038	-29.577651977539062	167.0
7508	-0.06791038073724646	9.972828662082941	-29.715126037597656	167.0
7529	-0.08399359281768838	9.841771232030021	-29.93770980834961	167.0
7546	-0.08399359281768838	9.841771232030021	-29.93770980834961	167.0
7564	-0.2531832952439769	10.328333670838727	-29.915285110473633	167.0
7584	-0.36502719417934626	10.599578418114415	-30.20540428161621	167.0
7604	-0.16354969165988692	10.744105673166194	-30.34478759765625	167.0
7622	0.05469136181910015	11.135274542823726	-30.11496353149414	168.0
7643	-0.06990770399980024	11.3229457865454	-29.606931686401367	168.0
7662	0.014982652972035541	11.555516313793452	-29.53368377685547	168.0
7681	0.05551003510642928	11.523612661471583	-29.406728744506836	168.0
7700	0.11072887594753421	11.511662212131217	-29.39271354675293	168.0
7720	-0.2107798836721587	11.027174754997795	-29.62344741821289	168.0
7739	-0.10028402172820941	11.274453792403053	-29.533987045288086	168.0
7759	0.2778814301018627	11.267020938332946	-29.43625259399414	168.0
7778	0.4792513623331775	11.866564167622567	-29.27139663696289	168.0
7798	0.6697277915865425	12.4021121278084	-29.387863159179688	168.0
7817	0.5962262248369607	12.229551474785508	-29.88068962097168	168.0
7837	-0.030316864148974148	11.558727309484315	-30.368690490722656	168.0
7855	-1.0046792428289064	11.573819524149632	-30.51864242553711	162.0
7876	-1.5863424055556676	11.419246630055007	-30.325008392333984	162.0
7895	-1.7301025954232092	11.349578751396887	-30.305692672729492	162.0
7915	-1.9240969381214725	11.989532838488323	-30.29557991027832	162.0
7934	-1.6829727219606605	12.498113116818246	-30.247404098510742	162.0
7953	-1.3330558473199563	12.73164298843113	-30.291027069091797	162.0
7973	-1.4746348867404564	12.665718534224528	-30.312467575073242	162.0
7993	-1.5478014552113095	12.930309321370775	-30.469606399536133	162.0
8011	-1.473395816520423	12.584412524637996	-30.678409576416016	162.0
8031	-1.6548468497933317	12.406451742884572	-30.862293243408203	162.0
8050	-1.8965725249229894	12.531297209437168	-30.702320098876953	162.0
8070	-1.9262864965455624	12.73421549159853	-30.592390060424805	162.0
8091	-1.6948271896127893	13.26278037551953	-30.502941131591797	156.0
8111	-1.5672375030783376	13.32186181287546	-30.24737548828125	156.0
8128	-1.5939135452232838	13.036583544100433	-30.258874893188477	156.0
8147	-1.85503276947281	12.968817645802519	-30.14177894592285	156.0
8168	-1.570830642428409	12.955708846743613	-30.399559020996094	156.0
8188	-1.5098518329799624	12.989117357794685	-30.485929489135742	156.0
8208	-1.8143274422100386	13.417267280162271	-30.232166290283203	156.0
8228	-1.8092322125978813	13.364746789300574	-30.340919494628906	156.0
8245	-1.8092322125978813	13.364746789300574	-30.340919494628906	156.0
8264	-2.119573474836852	12.958996756976854	-30.341812133789062	156.0
8284	-2.7661238789654314	12.677059552040276	-30.603031158447266	156.0
8303	-2.945040907401727	13.01309797405037	-30.35093879699707	156.0
8327	-2.827390779338635	13.234406102565071	-30.36208152770996	156.0
8345	-3.345059087481951	13.57370980726039	-29.84388542175293	160.0
8362	-3.3930276807516404	13.841571551006258	-29.662153244018555	160.0
8382	-3.216786510441797	13.892569812305537	-29.666019439697266	160.0
8400	-3.2707371264190916	14.173192550305146	-29.28009605407715	160.0
8419	-3.415184840657083	13.988463248752625	-29.521461486816406	160.0
8440	-3.7356350688625604	14.146468409002992	-29.248401641845703	160.0
8458	-3.9240975753560075	14.203187379395233	-29.153268814086914	160.0
8478	-3.6298470026876872	14.338679548439359	-29.06724739074707	160.0
8497	-3.310055151649696	14.470928203275292	-28.94283103942871	160.0
8518	-2.9638184319746728	14.463662193540587	-29.14961814880371	160.0
8536	-3.0791639966885547	14.33295798584559	-29.201133728027344	160.0
8556	-2.902245107971761	14.355181507242632	-29.284481048583984	160.0
8576	-2.939909089883191	14.92556365326585	-28.843406677246094	164.0
8595	-2.6319564784052636	15.350442879311181	-28.751754760742188	164.0
8614	-2.8263922453413755	15.371865761826067	-29.00273895263672	164.0
8634	-3.1656772377790943	15.427075898199757	-28.946447372436523	164.0
8653	-3.662014481044282	15.456829818847146	-29.143129348754883	164.0
8673	-3.4667457662962247	15.751797678619091	-29.11711883544922	164.0
8692	-3.6785002068800408	16.013599490447433	-29.009178161621094	164.0
8712	-3.9845790143969335	16.034738221723252	-28.954198837280273	164.0
8731	-3.994593086471062	15.888812905570004	-29.061904907226562	164.0
8750	-3.6679255291643797	15.740063170281164	-29.16096305847168	164.0
8770	-3.6764879258071193	15.834600837530315	-29.11566925048828	164.0
8789	-3.6173412948575216	15.964055125937488	-28.938289642333984	164.0
8809	-3.318916371932943	15.94900173520166	-28.53231430053711	163.0
8828	-3.22460914507149	15.882983414423675	-28.552736282348633	163.0
8847	-3.513358006573579	15.624675322230528	-28.825881958007812	163.0
8868	-3.8820835237227103	15.367230758205553	-28.992895126342773	163.0
8887	-4.22625868970888	15.458646952949533	-28.786666870117188	163.0
8908	-4.556620443666308	15.838244253398015	-28.591028213500977	163.0
8927	-4.228646152581918	15.996089550173187	-28.59304428100586	163.0
8945	-4.228646152581918	15.996089550173187	-28.59304428100586	163.0
8964	-4.461906462042789	16.126678859208535	-28.147066116333008	163.0
8984	-4.4781725403020545	16.33452970101123	-28.436077117919922	163.0
9003	-4.235601725466297	16.550424880550356	-28.291973114013672	163.0
9023	-4.179857943566537	16.442065838214237	-27.885156631469727	163.0
9043	-4.240755032957805	16.514472424726662	-27.793643951416016	163.0
9061	-4.079407983516024	16.970018907989015	-27.75558853149414	157.0
9081	-4.1465216953771495	17.070770818810285	-27.86404037475586	157.0
9101	-4.209363464665128	16.961674408437865	-27.91018295288086	157.0
9121	-4.606029221792158	16.745814811846227	-28.304462432861328	157.0
9140	-4.792941420146802	16.65276311284312	-27.905834197998047	157.0
9159	-4.698695795316657	16.450268891278707	-27.91623306274414	157.0
9178	-4.337687918926752	16.561734968219536	-28.176258087158203	157.0
9198	-3.9463686021441227	16.402418063659244	-28.332975387573242	157.0
9217	-3.808661536060774	16.527106118245868	-28.003198623657227	157.0
9237	-3.6883062537540545	16.563724502508652	-27.581565856933594	157.0
9256	-3.492768822417599	16.484468943433015	-27.22308921813965	157.0
9276	-3.781245583249071	16.526998881430877	-27.217744827270508	157.0
9295	-3.9247054655614715	16.855614582781637	-27.18755531311035	156.0
9315	-4.156675248061283	17.261134839494872	-26.973724365234375	156.0
9334	-4.51742349891271	17.496187007615976	-27.003143310546875	156.0
9353	-4.893900676917897	17.46481398275618	-26.906261444091797	156.0
9373	-4.593770485795952	17.2788903276862	-27.185138702392578	156.0
9393	-4.574035116101922	17.307878329429307	-27.318450927734375	156.0
9411	-4.519343220736663	17.34486475443953	-27.62590217590332	156.0
9431	-4.316476048965766	17.6548621411287	-27.43914031982422	156.0
9450	-4.3173482915165105	17.658467444861625	-27.343984603881836	156.0
9471	-4.385507228873426	17.888332023250406	-27.361276626586914	156.0
9490	-4.471452674016575	17.768887734100105	-27.31785011291504	156.0
9509	-4.188567935011545	17.95263304548038	-27.391345977783203	156.0
9528	-4.18079538837452	17.75365600417344	-27.493730545043945	160.0
9547	-4.2074855282142325	17.86911672547952	-27.39859390258789	160.0
9569	-4.381979598679281	18.007679081338498	-27.171937942504883	160.0
9588	-4.672022059314197	17.87749653157745	-27.179737091064453	160.0
9608	-4.777039248417973	18.00805501239844	-27.31447982788086	160.0
9627	-4.843594868281076	17.87109536970868	-27.063947677612305	160.0
9646	-4.843594868281076	17.87109536970868	-27.063947677612305	160.0
9664	-4.584401677291739	18.007977307197553	-26.914758682250977	160.0
9685	-4.444114547970771	18.174322648779157	-26.756851196289062	160.0
9703	-4.002260734819737	18.400510329036898	-26.589183807373047	160.0
9722	-4.315476961575928	18.044071730066776	-26.92823028564453	160.0
----------------도착----------------
9742	-4.514854096399147	17.423615294109613	-27.350074768066406	160.0
9762	-4.297699839725697	17.69157309856862	-27.130443572998047	160.0
9782	-4.255383842916373	18.423427557190525	-26.62434196472168	166.0
9801	-4.581877777677687	18.891835528750082	-26.367380142211914	166.0
9820	-4.378117098972291	18.8555077165998	-26.524372100830078	166.0
9847	-4.369189457046883	18.746652113128988	-26.227779388427734	166.0
9859	-4.703932343572611	18.773325555698946	-26.3350830078125	166.0
9878	-4.952325347809289	18.522975341188708	-26.23661231994629	166.0
9897	-5.124269429254414	18.606451835358992	-25.939058303833008	166.0
9918	-4.244683638627222	18.707877785284726	-26.069175720214844	166.0
9937	-4.347659139422683	18.522806821246032	-26.106016159057617	166.0
9957	-5.226706851588375	18.16736487589296	-26.265581130981445	166.0
9975	-5.307766004405281	18.091307412102246	-26.154067993164062	166.0
9995	-4.648473434824541	18.33996356979356	-26.428253173828125	166.0
10014	-4.397973682093569	18.3979651252307	-26.586179733276367	164.0
10035	-4.527033984785376	18.36858048419675	-26.561145782470703	164.0
10053	-4.878361519335385	18.288988163432915	-26.80579948425293	164.0
10073	-5.110744347272451	18.096312731614724	-26.81572151184082	164.0
10092	-4.8824398910597075	17.996776594401705	-26.922626495361328	164.0
10111	-4.964144351716505	17.98874740055472	-26.85909652709961	164.0
10131	-4.657196622774397	18.266767670900855	-26.581165313720703	164.0
10151	-5.01598017925223	18.440918048523763	-26.434223175048828	164.0
10170	-4.862072046131924	18.51564272790321	-26.173126220703125	164.0
10189	-4.6098923553182365	18.362267318087504	-26.328292846679688	164.0
10209	-4.364383599214568	18.201800741470482	-26.485523223876953	164.0
10228	-4.060639220536367	18.4613713227702	-26.633440017700195	164.0
10247	-4.196284556904839	18.521462385808107	-26.575668334960938	158.0
10268	-4.506709538606973	18.40972775089356	-26.729074478149414	158.0
10288	-4.726829980497171	18.084230687214596	-27.29531478881836	158.0
10308	-4.622655866932281	17.904493360417987	-27.204429626464844	158.0
10328	-4.740166701515172	18.018986531444497	-27.30098533630371	158.0
10345	-4.740166701515172	18.018986531444497	-27.30098533630371	158.0
10366	-4.615707067042449	18.23816697187848	-27.227630615234375	158.0
10384	-4.3908518185585335	18.546413635973266	-27.12204933166504	158.0
10403	-4.610180522513803	18.410458283045795	-27.003131866455078	158.0
10423	-4.646377084287862	18.606076270093403	-26.94198226928711	158.0
10442	-4.32287804822602	18.471374548531504	-27.03683090209961	158.0
10461	-4.3605484732632	18.11293284236067	-27.086698532104492	158.0
10481	-4.202371654143357	18.026433085459	-27.49512481689453	158.0
10501	-4.134725788365811	17.823608055548902	-27.602012634277344	159.0
10520	-4.509037059659347	17.790267856937763	-27.509807586669922	159.0
10539	-4.299991906199611	18.01843977910316	-27.492233276367188	159.0
10559	-4.420248464200095	18.300009203953188	-27.360685348510742	159.0
10578	-4.253519142365914	18.487248541073395	-27.183046340942383	159.0
10598	-4.0484522655891455	18.689611412967604	-26.824691772460938	159.0
10618	-3.9112511005134065	19.002507555359564	-26.609100341796875	159.0
10637	-4.180189210041728	19.0372667502643	-26.347726821899414	159.0
10656	-4.445605839068149	18.959983715404924	-26.367027282714844	159.0
10676	-4.599158182085008	19.18051656112485	-26.298961639404297	159.0
10695	-5.038458366159795	18.825888429622214	-26.14920997619629	159.0
10715	-5.1827865714208095	18.56599484684975	-26.091827392578125	159.0
10734	-5.230566837504231	18.81637520843069	-26.22186851501465	162.0
10753	-5.168290346082694	18.986448751289643	-26.43988037109375	162.0
10772	-5.610485854417716	18.88247797400887	-26.383438110351562	162.0
10792	-5.781307919773429	18.872468024978893	-26.28718376159668	162.0
10811	-5.843999091187522	19.200572132249988	-26.072490692138672	162.0
10831	-5.307546572323353	19.189200970402204	-26.337257385253906	162.0
10850	-5.508950306490767	19.335827018010836	-26.476842880249023	162.0
10870	-5.477803881701841	19.299224658892868	-27.01728057861328	162.0
10890	-5.532543982425927	18.960239073681375	-27.17299461364746	162.0
10909	-5.495585585536685	18.78892925114803	-26.872390747070312	162.0
10928	-5.383059528674764	18.704985148187465	-26.643518447875977	162.0
10949	-5.600878002756287	18.86126442513333	-26.380735397338867	162.0
10969	-5.789672758900017	18.59948433499215	-26.30313491821289	168.0
10987	-6.04918222311434	18.48692662888381	-26.28021812438965	168.0
11008	-5.710273379934212	18.388631717212128	-26.36788558959961	168.0
11027	-5.48522951667456	17.954680481807344	-26.192829132080078	168.0
11045	-5.48522951667456	17.954680481807344	-26.192829132080078	168.0
11065	-5.645621051320972	17.762357956405754	-26.12116241455078	168.0
11085	-5.848536297587013	17.87175552705604	-26.46219253540039	168.0
11103	-6.025668479693265	18.33651530213178	-26.504741668701172	168.0
11122	-5.962009657486857	18.550301428546273	-26.675384521484375	168.0
11142	-5.921794846421927	18.806148383241986	-26.605674743652344	168.0
11161	-5.582361967857689	18.8179100393994	-26.625446319580078	168.0
11181	-5.598802906134933	18.644467665721884	-26.754024505615234	168.0
11201	-5.243347627388623	19.024749358281507	-26.945903778076172	168.0
11219	-5.110942041798412	19.01479638524332	-26.861177444458008	167.0
11239	-5.54702660043259	18.856488956817312	-26.75899314880371	167.0
11258	-5.283478572531309	18.877300973885973	-26.85199737548828	167.0
11278	-5.454897102411168	18.834639431286483	-26.533117294311523	167.0
11298	-5.494591872658639	18.942996117816694	-26.59044075012207	167.0
11319	-5.400735410297136	19.154827415980513	-26.745010375976562	167.0
11337	-5.4321325071299915	19.241076373982555	-26.636369705200195	167.0
11357	-5.993067581284679	18.841486803741088	-26.589258193969727	167.0
11375	-6.144682749196387	19.023942247389638	-26.719717025756836	167.0
11397	-5.740724441533036	19.366645843879976	-26.74051856994629	167.0
11416	-5.920964079012741	19.314945658315352	-26.472028732299805	167.0
11434	-6.181804748752793	19.47491917088648	-26.708242416381836	167.0
11453	-6.288759846960988	19.38033294628006	-26.6783390045166	160.0
11472	-6.127539678095426	19.004057402555322	-26.582441329956055	160.0
11492	-6.269492719562359	18.678481016888473	-26.754417419433594	160.0
11511	-6.15642348181518	18.71371669692707	-26.769195556640625	160.0
11531	-6.293651538427168	18.712513399067912	-26.775554656982422	160.0
11550	-6.392618698664011	18.437638657543538	-26.72960090637207	160.0
11570	-5.965547195202452	18.55950550858852	-26.95140266418457	160.0
11589	-5.616510124866132	18.382558754108494	-27.147493362426758	160.0
11609	-5.517982861235664	18.37164761938039	-27.142051696777344	160.0
11628	-5.7735455487609535	18.47514028816255	-27.045190811157227	160.0
11647	-5.841048542434176	18.571288071644716	-27.102415084838867	160.0
11668	-5.7417156201616315	18.702718966175592	-27.167667388916016	160.0
11687	-5.2770982964116415	18.51954836501477	-27.044391632080078	161.0
11708	-5.206244945930031	18.67494869016739	-27.106077194213867	161.0
11728	-5.3963622566607405	18.730781085334016	-26.80480194091797	161.0
11745	-5.3963622566607405	18.730781085334016	-26.80480194091797	161.0
11765	-5.212834242630773	19.058701908179497	-26.667367935180664	161.0
11784	-4.870925235731894	19.363984265933805	-26.451025009155273	161.0
11804	-4.556769829220204	19.37614928379565	-26.716100692749023	161.0
11822	-4.478425642394001	19.047394478921934	-26.665075302124023	161.0
11842	-4.288289726956691	19.172273205411518	-26.605144500732422	161.0
11862	-3.755238852708236	19.41651581247583	-26.643310546875	161.0
11881	-3.286853987526677	19.896158629846095	-26.433841705322266	161.0
11900	-2.897436966620115	20.03920209578205	-26.359113693237305	161.0
11920	-3.3427504515627144	19.791231124263465	-26.191635131835938	161.0
11939	-3.6466807823766114	19.37266879136853	-26.575641632080078	165.0
11959	-4.112097504010883	19.197317662435562	-26.469350814819336	165.0
11979	-4.688522275357377	19.30318902810342	-26.79772186279297	165.0
11999	-5.201204116727844	19.006923152173705	-26.71979522705078	165.0
12017	-5.526471514871716	18.97863993388421	-26.802404403686523	165.0
12036	-5.284651467508439	19.02076445135339	-26.591405868530273	165.0
12056	-5.351081996294829	19.083008703840946	-26.449317932128906	165.0
12076	-4.891627319859214	19.318357717789755	-26.608169555664062	165.0
12095	-4.377244543408306	19.3928175803309	-26.733543395996094	165.0
12115	-4.241485030213412	19.104001896005965	-27.178682327270508	165.0
12134	-4.299406157439322	18.86530037219722	-26.876415252685547	165.0
12153	-4.54669049966505	18.727944272547628	-26.982078552246094	165.0
12173	-4.615586067769362	18.568446752970033	-27.178091049194336	167.0
12192	-4.831996151032976	18.659282962087524	-27.200321197509766	167.0
12212	-4.755241853421637	19.20143299665619	-27.107221603393555	167.0
12231	-5.411870056075674	20.052842584309726	-26.117006301879883	167.0
12251	-5.8629990182484395	20.098706247223877	-25.762619018554688	167.0
12270	-5.651000486335743	19.756041852109334	-25.85441017150879	167.0
12289	-5.692242321660167	19.352636832900068	-26.21873664855957	167.0
12308	-5.567789151009337	19.359659521082882	-26.15822410583496	167.0
12328	-5.108947706200349	19.263038180723168	-26.079679489135742	167.0
12348	-4.615302433667744	18.642249897110588	-26.37154769897461	167.0
12368	-4.4796296906563065	17.996512969836377	-26.498456954956055	167.0
12387	-4.012924597820222	17.650251525392832	-26.830894470214844	167.0
12408	-3.527289118966639	17.651308472678732	-26.614538192749023	166.0
12428	-3.1701527590413603	18.44796599942717	-25.963769912719727	166.0
12445	-3.1701527590413603	18.44796599942717	-25.963769912719727	166.0
12464	-2.462516514101848	19.1077775670104	-25.67267417907715	166.0
12485	-1.997295629284763	19.128368994936253	-25.628662109375	166.0
12503	-2.289313981473062	19.25339014843032	-25.569236755371094	166.0
12523	-2.504397349657254	18.776692963820636	-25.916444778442383	166.0
12542	-2.6011477441325783	18.081930031193647	-26.24635124206543	166.0
12562	-2.3653962340883896	17.603512965483176	-26.569122314453125	166.0
12581	-1.859745585280332	17.794771984968968	-26.90192222595215	166.0
12601	-1.6158888071849296	18.043722101861036	-26.86526870727539	166.0
12620	-1.618036126021519	18.04471415131105	-26.804357528686523	166.0
12640	-2.2628893455768853	18.038920928340065	-26.7310733795166	166.0
12660	-3.227617080744404	17.35268606867322	-26.72757339477539	165.0
12678	-3.843918676845006	16.968332627429007	-27.0444393157959	165.0
12698	-4.1563499340658305	16.94228736308501	-27.08797836303711	165.0
12718	-4.41289271927347	17.618649447765502	-26.93440055847168	165.0
12736	-3.957180498960651	17.942740449869763	-26.50990867614746	165.0
12756	-3.131011062274115	18.07970225032993	-26.481412887573242	165.0
12777	-2.204932186007986	17.971856909648828	-26.488407135009766	165.0
12796	-1.0062701627548092	17.32858173135857	-27.034038543701172	165.0
12814	-1.1080212499372484	17.432740152129124	-27.181716918945312	165.0
12834	-1.2226417684375324	17.182040184284435	-27.34547996520996	165.0
12853	-1.8646849637606162	17.15721887649641	-27.569766998291016	165.0
12872	-1.9488545231250072	17.057427676379774	-27.439504623413086	165.0
12893	-1.469281230624342	17.44824603540796	-27.499893188476562	168.0
12912	-1.2665553617661125	17.500090729669132	-27.5902099609375	168.0
12931	-1.578065507393891	17.52268510187185	-27.658327102661133	168.0
12950	-1.4468932675801556	17.873211654880382	-27.316509246826172	168.0
12970	-1.0895206055647877	17.81512231027005	-27.162199020385742	168.0
12989	-1.3426824229004983	17.369576249272264	-27.255281448364258	168.0
13009	-1.4326416485074471	17.192592380438512	-27.262958526611328	168.0
13029	-1.7887218707538735	16.92221333088521	-27.112342834472656	168.0
13047	-1.6550306985108614	16.919436355539474	-26.964054107666016	168.0
13067	-1.249234266237653	17.163561812776315	-26.811506271362305	168.0
13087	-0.6694415743549402	17.2967397378486	-26.61810874938965	168.0
13107	-0.4641451720141587	17.32263222445953	-27.007883071899414	168.0
13128	-0.09399238941365368	17.72991051247009	-26.97062110900879	176.0
13145	-0.09399238941365368	17.72991051247009	-26.97062110900879	176.0
13164	0.4150676192214826	18.281250480922314	-26.81073570251465	176.0
13184	0.2891092856351834	18.477529183850837	-26.674034118652344	176.0
13203	0.6126357547998654	18.692076504294402	-26.94437026977539	176.0
13222	0.7015311590153365	18.409444907889096	-26.92851448059082	176.0
13243	0.5680770845645475	18.08021860706194	-27.17992401123047	176.0
13261	0.6609790976695545	17.422013848727776	-27.68956756591797	176.0
13281	0.7337055144135955	17.284382899133934	-27.528600692749023	176.0
13300	1.007430931418009	17.275750756738812	-27.44489288330078	176.0
13320	1.7527281510570887	17.70029778185454	-26.93928337097168	176.0
13339	2.007360228316485	18.17755414189495	-26.813735961914062	176.0
13359	2.2070721517894336	18.29748091171311	-26.275697708129883	176.0
13378	1.6267465200063413	18.436580589365512	-26.443683624267578	177.0
13398	0.9157581703235421	17.832210881391358	-26.828506469726562	177.0
13417	0.20173188322363106	17.509106328716964	-26.95045280456543	177.0
13436	-0.008227960092692919	17.511578941341906	-26.974863052368164	177.0
13456	0.452574213654129	18.023073080064545	-26.722637176513672	177.0
13476	1.0357533702727846	18.023162329434864	-26.651931762695312	177.0
13494	1.4336250716937629	18.035559903279	-26.491621017456055	177.0
13515	0.038241682467132096	17.722658704431776	-27.073566436767578	177.0
13534	-0.20252875025017805	17.04719176889082	-27.23728370666504	177.0
13553	-0.849001443099005	16.765791110767285	-27.431875228881836	177.0
13572	-1.298799125829476	16.62840186030162	-27.486921310424805	177.0
13592	-1.6280618250507957	16.683950189301267	-27.477109909057617	177.0
13611	-1.8463772951523456	16.73558187394515	-27.21979522705078	172.0
13631	-1.9971402630464534	17.1360345035438	-26.92377281188965	172.0
13650	-2.148632246907533	17.37234525718776	-26.558238983154297	172.0
13670	-2.8276306316002353	17.248594207952735	-26.343372344970703	172.0
13689	-3.834068629388975	17.258706518077663	-26.41886329650879	172.0
13709	-4.758553810820037	17.087678813965	-26.052316665649414	172.0
13728	-5.741025134121381	17.083431445377716	-26.0707950592041	172.0
13747	-6.246210793108709	16.835029199182046	-25.634626388549805	172.0
13768	-6.1425025166292215	16.799791908569183	-25.790132522583008	172.0
13788	-6.0987123275863055	16.624908798531322	-25.793642044067383	172.0
13808	-6.312539070946902	16.340131807861365	-26.00522804260254	172.0
13829	-6.06613409494918	16.731224000249846	-25.71898078918457	172.0
13845	-6.06613409494918	16.731224000249846	-25.71898078918457	166.0
