6	1.4512438185906045	2.878054731716519	-11.880729675292969	126.0
26	1.5149750507628006	3.5062532431782403	-11.581849098205566	126.0
45	1.6362512197916754	3.186166574501586	-11.38300609588623	126.0
64	1.5584657331468874	2.9612433603892683	-11.2413969039917	126.0
85	1.4795686395405265	2.9981539618927333	-11.360855102539062	126.0
103	1.6997723508241622	3.1592659222574837	-11.377195358276367	130.0
123	1.652198382815017	3.0584863416113914	-11.15389347076416	130.0
142	2.0001916859577173	3.0348808085344783	-11.082666397094727	130.0
162	2.07435928268875	3.395828852183098	-10.733049392700195	130.0
181	1.7966472691671025	3.4665943781211213	-10.85099983215332	130.0
201	2.1061108651982194	3.6261941879029154	-10.949189186096191	130.0
220	1.7999477216494857	3.7423203317594385	-10.808366775512695	130.0
240	2.02129057478553	3.811823004622956	-10.735106468200684	130.0
259	1.9475023411072336	3.5989877212702246	-10.85522174835205	130.0
280	1.931769296512908	3.5791912868869242	-10.786763191223145	130.0
298	1.4912904567096845	3.672668781715391	-10.714076042175293	130.0
318	1.2454704115884785	3.333179530958723	-11.167222023010254	130.0
336	1.2993965153340539	3.3567941348176586	-11.15803050994873	127.0
356	0.9904677844591355	3.469352502265627	-11.104776382446289	127.0
375	1.2558045363135748	3.5522060880955038	-11.166322708129883	127.0
395	1.017728781410586	3.6485133737967583	-11.027926445007324	127.0
415	1.0951663538645446	3.6274067673130888	-11.071521759033203	127.0
434	1.2579295755299102	3.6624776256748426	-11.221531867980957	127.0
453	1.3810918874643092	3.574602577931474	-11.168168067932129	127.0
472	1.6405918070004468	3.9175000734599066	-11.066757202148438	127.0
492	1.600893771449127	3.589904812211088	-11.261003494262695	127.0
515	1.536684775799502	3.3604908630855546	-11.356110572814941	127.0
535	1.8504712106213967	3.1818686421722244	-11.352099418640137	127.0
552	1.3189330147910456	3.159292596651684	-11.567505836486816	127.0
571	1.3650014593194	2.873452465622806	-11.642548561096191	125.0
590	1.593954631382563	3.0369931282145872	-11.276717185974121	125.0
610	1.7776969540048162	3.3459956058888074	-11.42568302154541	125.0
629	1.9117491075050834	3.3330056859121773	-11.349271774291992	125.0
651	1.7098008691981008	3.190400805074293	-11.452411651611328	125.0
670	1.5013860241731478	2.9655196322258943	-11.53890323638916	125.0
690	1.5013860241731478	2.9655196322258943	-11.53890323638916	125.0
709	1.150057184689483	3.110116456938131	-11.581644058227539	125.0
728	1.150057184689483	3.110116456938131	-11.581644058227539	125.0
750	1.37250581526855	2.9980401763274194	-11.423877716064453	125.0
765	1.2903003353876585	2.848259755864203	-11.594515800476074	125.0
785	1.1280034847566902	2.8041925570910706	-11.35058879852295	125.0
806	0.6967911740119359	3.0158838505619583	-11.421384811401367	125.0
823	0.3526281870657086	3.6907043193204574	-11.344823837280273	126.0
845	1.0026896179358231	3.243168580537337	-11.481922149658203	126.0
866	1.433810736321598	2.7843267338799507	-11.6392183303833	126.0
883	1.5246344657442759	3.0072042733153665	-11.497801780700684	126.0
902	1.1794997605414788	3.3386809555648758	-11.455641746520996	126.0
921	0.8202631767798293	3.6299946848504345	-11.50227165222168	126.0
941	0.533415699949276	3.586867634989354	-11.4271240234375	126.0
964	0.6579450774380458	3.3085721582878573	-11.579222679138184	126.0
979	0.8500951327161573	3.330876948777362	-11.362253189086914	126.0
998	0.8695069299364453	3.196868164554819	-11.085062026977539	126.0
1017	0.8547150936610743	3.661859968521802	-10.980623245239258	126.0
1037	0.7319419132236352	3.568890519679544	-10.981059074401855	126.0
1056	0.9328368940916114	3.5279986883658947	-11.117749214172363	130.0
1076	0.9420052501963653	3.360999376733639	-11.26858139038086	130.0
1095	1.1790730077209206	3.3222885018384707	-11.444733619689941	130.0
1115	1.2208138437935638	3.3796172285062838	-11.383087158203125	130.0
1134	1.3445809537284588	3.3010633280681287	-11.207145690917969	130.0
1153	1.2047926660247632	3.7612452012189466	-11.38771915435791	130.0
1173	1.0654890722365098	3.4695823068406706	-11.466286659240723	130.0
1193	1.289428376135339	3.22773257115964	-11.543919563293457	130.0
1212	1.3000220878572128	3.43341098157275	-11.500332832336426	130.0
1232	1.1063389425092522	3.6201850266325026	-11.296231269836426	130.0
1250	0.6191340483775664	3.5339579847374982	-11.411818504333496	130.0
1270	0.6498801451728228	3.368501482705446	-11.323593139648438	130.0
1289	0.4663063723556998	3.414742044029299	-11.396838188171387	133.0
1310	0.6209758109873681	3.375893083592073	-11.362191200256348	133.0
1329	0.9167051924280698	3.57161492840149	-11.167176246643066	133.0
1349	0.8308738633013034	3.5669235571991815	-11.253650665283203	133.0
1369	0.7387915492147784	3.4058052947689608	-11.209901809692383	133.0
1388	0.897440918915917	3.1516511763151924	-11.430267333984375	133.0
1410	1.3040091675889773	3.16668900929305	-11.395147323608398	133.0
1427	1.3040091675889773	3.16668900929305	-11.395147323608398	133.0
1446	0.9033784270451276	3.245813536452345	-11.088221549987793	133.0
1464	0.9311866695295535	3.3896252768723203	-11.18044376373291	133.0
1484	0.8289542191580805	3.405704465767606	-11.163263320922852	133.0
1504	0.7551152791223587	3.2469025292862526	-11.234691619873047	133.0
1523	0.7533318122584884	3.2539088588369016	-11.193781852722168	133.0
1543	0.6026472737332221	3.279632260444584	-11.254781723022461	129.0
1562	0.41301560764178874	3.1204027536719754	-11.078548431396484	129.0
1582	0.33165374652900226	3.377990547522085	-11.083307266235352	129.0
1601	0.6588878860202173	3.425152421910264	-11.2081880569458	129.0
1620	0.6198154541062237	3.180121344041573	-11.126461029052734	129.0
1640	0.7123990158068028	3.0207807866933667	-11.107654571533203	129.0
1661	0.4542060617919735	2.9024782645955938	-11.255943298339844	129.0
1679	0.32870738814124406	2.6623816047410704	-11.311962127685547	129.0
1698	0.34134585368127596	2.7013055485764044	-11.124652862548828	129.0
1717	0.40783575721340076	2.685423754461152	-11.181529998779297	129.0
1736	0.5009016355490139	2.5188905476232444	-11.054567337036133	129.0
1756	0.514013989957094	2.670805959692079	-11.15189266204834	129.0
1776	0.4576062896250414	3.0420609509681795	-11.042531967163086	126.0
1796	0.4232525546657969	2.7671055283763777	-11.129130363464355	126.0
1815	0.612678635476874	2.7635695490886008	-11.044265747070312	126.0
1834	0.7420635098853224	2.9170083312948365	-10.945175170898438	126.0
1854	0.6666220241357366	2.8509950451930632	-11.06689739227295	126.0
1874	0.8046957566165882	3.00066417756934	-11.050334930419922	126.0
1893	1.06033589085652	2.930392807834136	-11.191946983337402	126.0
1912	1.1416578559650294	2.7108431206135832	-11.112388610839844	126.0
1931	1.2195164391494848	2.8801346096138203	-11.294219017028809	126.0
1951	1.3626707475765263	3.01732238941043	-11.453299522399902	126.0
1970	1.5657074936154562	2.937188731720524	-11.370599746704102	126.0
1990	1.5399916999798866	2.925866012461239	-11.509794235229492	126.0
2009	1.460370029816436	2.910895825086555	-11.59589958190918	129.0
2028	1.3649181106739288	2.921837354058405	-11.645236015319824	129.0
2048	1.3649181106739288	2.921837354058405	-11.645236015319824	129.0
2068	0.6170909794700762	2.9221997467505356	-11.763386726379395	129.0
2089	0.6170909794700762	2.9221997467505356	-11.763386726379395	129.0
----------------출발----------------
2108	0.8107698788982368	2.8273349686621523	-11.791264533996582	129.0
2125	0.8107698788982368	2.8273349686621523	-11.791264533996582	129.0
2145	0.3081438529063235	3.958349301503709	-11.544986724853516	129.0
2164	0.5520700187378206	3.3991819392961657	-11.615668296813965	129.0
2185	0.35407215465350333	3.0219465558473884	-11.551483154296875	129.0
2204	0.38867874647437606	3.1598164392307417	-11.533660888671875	129.0
2225	0.5793196818045852	3.4109565242054454	-11.570792198181152	129.0
2252	0.4764997830488375	3.236822989381033	-11.532376289367676	129.0
2270	0.23946330160600002	3.2690893467276507	-11.67068862915039	131.0
2281	0.2518532344766725	3.016664832304319	-11.742042541503906	131.0
2302	0.195242662833569	2.866507810179286	-11.902399063110352	131.0
2321	0.011068379366847703	3.067527494975613	-11.950037002563477	131.0
2350	0.1809532710936931	2.8730921989913516	-12.138405799865723	131.0
2360	0.055287988613072915	3.0431293119896625	-12.115997314453125	131.0
2380	0.09388379397410611	3.00378853239458	-12.073081970214844	131.0
2399	0.198262065877119	2.947868538866892	-12.162178039550781	131.0
2419	0.18016881193884374	2.7654383666177473	-11.937779426574707	131.0
2438	0.31663229622649514	2.6464076083582184	-11.7681884765625	131.0
2459	0.45112410715728046	2.604971401806482	-11.577120780944824	131.0
2477	0.6083539090675912	2.240693465480438	-11.571290016174316	131.0
2497	0.5453173775795525	2.2908137662595593	-11.548873901367188	133.0
2515	0.5556696949571771	2.1556418353056714	-11.715018272399902	133.0
2534	0.8055997445912634	1.903140311620924	-11.791447639465332	133.0
2554	0.8609578527355455	2.163474009436308	-11.707086563110352	133.0
2574	0.8684577984127666	2.2117919661006997	-11.873927116394043	133.0
2593	0.9426815942747837	2.219076863620775	-11.888541221618652	133.0
2612	0.9029631543555746	2.105147007526649	-12.098403930664062	133.0
2631	0.854354998724569	2.0242755305355686	-12.078465461730957	133.0
2651	0.9617401879540495	1.9379695735602498	-12.192144393920898	133.0
2671	0.9438697012723231	1.9202175934902812	-12.000348091125488	133.0
2690	0.8827049947746364	1.940693329740964	-12.191418647766113	133.0
2709	0.873315513443866	1.531038326917165	-12.351099967956543	133.0
2728	0.9147613569828859	1.3370564182674884	-12.63065242767334	130.0
2748	0.9446382165843794	1.3797004076766097	-12.702710151672363	130.0
2768	1.0674198706949451	1.2579796677392965	-12.680681228637695	130.0
2789	1.288759360886237	1.3529858518823956	-12.749265670776367	130.0
2809	1.4517015345535	1.258929976197921	-12.616971969604492	130.0
2827	1.4517015345535	1.258929976197921	-12.616971969604492	130.0
2845	1.515662941828934	1.0446410531927124	-12.74534797668457	130.0
2864	1.414541145126837	1.0169130614488793	-12.38482666015625	130.0
2884	1.3822331623707707	1.3314719593774307	-12.074357032775879	130.0
2904	1.7232330279510177	1.252549485083358	-11.73080062866211	130.0
2923	1.7653773214162627	1.0855122485573667	-11.816449165344238	130.0
2942	1.834855393113187	0.8227385337093885	-11.990669250488281	130.0
2962	1.9365979974680594	0.5856200185416647	-11.977240562438965	130.0
2981	1.838479200296498	0.30236707017700715	-12.328104019165039	128.0
3001	1.6939108970745067	0.22032382666414976	-12.61723518371582	128.0
3020	1.7668540783537026	0.2489383830401616	-13.204647064208984	128.0
3040	1.9040792312454962	0.12946015186769197	-13.684221267700195	128.0
3059	1.4584845247143263	0.03861879422377229	-13.815902709960938	128.0
3079	1.4761108817254893	-0.3349846836902164	-13.779159545898438	128.0
3098	1.5041115220676118	-0.2865440264161103	-13.907486915588379	128.0
3118	1.5531731184253883	-0.4023684730712572	-14.138590812683105	128.0
3137	1.7587961524367726	-0.7236075630154581	-14.074054718017578	128.0
3157	1.8318588800837172	-0.8881044414124758	-13.833084106445312	128.0
3177	1.8646022111740128	-1.0273954772104439	-13.584400177001953	128.0
3195	1.5885389474250768	-1.0403354000121514	-13.78165340423584	128.0
3215	2.030492234123065	-1.2988378726452778	-13.92404556274414	130.0
3234	1.667103625716052	-1.2247124723805207	-14.11786937713623	130.0
3258	1.8400921833181536	-1.4996965949576209	-14.202323913574219	130.0
3274	2.0040323671366895	-1.432940798852602	-14.34511947631836	130.0
3293	1.8265342022072915	-0.9938536020176661	-14.726484298706055	130.0
3312	0.8413315335950667	-1.5850902346255937	-14.844731330871582	130.0
3331	0.7899594768601632	-2.265734818716547	-14.948088645935059	130.0
3351	0.8857152408070682	-3.2774305951782514	-14.906472206115723	130.0
3372	0.08613797078672572	-2.792160459779958	-15.308960914611816	130.0
3390	1.031395946478665	-2.936818426170328	-15.454756736755371	130.0
3409	1.6854963326599597	-2.5484149056144845	-15.48572063446045	130.0
3429	1.9474280675962579	-2.629041391075509	-15.60744857788086	130.0
3449	2.015237215830006	-2.7434147839943797	-15.776963233947754	131.0
3469	1.9794731262170178	-2.581518652014782	-16.264320373535156	131.0
3490	1.7405770139234207	-2.227134691643112	-16.742055892944336	131.0
3509	1.7259275761219126	-1.7919279440922204	-16.857818603515625	131.0
3527	1.7259275761219126	-1.7919279440922204	-16.857818603515625	131.0
3546	1.6635372121312577	-1.270351070840186	-16.93343162536621	131.0
3565	1.70492569705747	-1.5609360017377791	-17.268396377563477	131.0
3584	1.893633339269542	-2.2074457130900416	-17.485599517822266	131.0
3604	2.0430695414101407	-2.6596053456203195	-17.770111083984375	131.0
3624	2.1145107930919456	-2.7997178527062143	-18.08748435974121	131.0
3643	2.4809042506460615	-3.0760260400339514	-18.304763793945312	131.0
3662	2.7623483090970256	-3.3092822874280308	-18.56952476501465	131.0
3681	2.682033278336379	-3.203788945387508	-19.114639282226562	131.0
3701	2.7607374318130162	-3.3182869348376225	-19.80921745300293	119.0
3721	2.478954560242218	-3.2262516686729623	-20.282920837402344	119.0
3740	2.2913020601764336	-3.0584100611479403	-20.586090087890625	119.0
3760	2.0984871573960278	-2.970959256767292	-21.05347442626953	119.0
3780	1.9163367847817192	-3.012819204484423	-21.360191345214844	119.0
3798	1.725450099651656	-2.777424820542037	-21.870943069458008	119.0
3817	1.6032789577865814	-2.848948539410268	-22.361225128173828	119.0
3838	1.847863748683202	-2.850827567424442	-22.500368118286133	119.0
3858	1.9062299582165256	-2.636549140156527	-22.710247039794922	119.0
3876	2.34670218780332	-2.319469657100673	-23.08492660522461	119.0
3895	2.3361061603969184	-2.2202457795584363	-23.808406829833984	119.0
3915	2.106433455655003	-1.721268513072571	-24.148048400878906	119.0
3934	2.498713605438305	-1.1767388037963422	-24.59119415283203	109.0
3954	2.7752149672391515	-0.6102237055094345	-24.866731643676758	109.0
3974	3.424636918248228	0.2969682264519547	-25.024328231811523	109.0
3993	3.718727747533967	0.7281588765033932	-25.537343978881836	109.0
4012	4.067181922143068	1.6745196547548646	-25.853099822998047	109.0
4032	4.21169927524545	2.5644330229192587	-25.994211196899414	109.0
4053	4.012870256707493	3.413513343676239	-26.020994186401367	109.0
4070	4.2803130842349155	3.896251625653473	-26.20857810974121	109.0
4093	4.361755773418968	4.2871767210604235	-26.123098373413086	109.0
4109	4.3777119243205895	4.379220389384365	-26.376821517944336	109.0
4129	4.438571732809623	4.563048823264701	-26.49535369873047	109.0
4148	4.699990974217868	4.782745929531755	-26.251056671142578	109.0
4170	5.0080671821666805	4.638413572417266	-26.157806396484375	105.0
4188	4.5912463576225	4.913376148956426	-26.024337768554688	105.0
4210	4.73923756385502	5.5915559063800595	-25.758583068847656	105.0
4226	4.73923756385502	5.5915559063800595	-25.758583068847656	105.0
4246	4.989885520118847	6.582862190920657	-25.422842025756836	105.0
4265	5.955625500777402	8.255581586853435	-24.613012313842773	105.0
4286	5.712240830628368	8.801024471886143	-24.010103225708008	105.0
4305	5.204456596085542	9.070964879830683	-23.726505279541016	105.0
4323	5.906468800644954	9.126245105622383	-23.41466522216797	105.0
4343	5.990865760945686	9.05327410115174	-23.23240089416504	105.0
4362	5.845918586455509	8.502067894213475	-23.259628295898438	105.0
4382	5.626245558658661	7.779262128389419	-23.204784393310547	105.0
4402	5.195606001143257	7.2208663040446615	-22.964244842529297	105.0
4421	4.69854036799024	7.643032281526326	-22.833538055419922	105.0
4440	4.935278050768096	8.503876008120965	-22.470226287841797	105.0
4459	4.940029121223126	8.660590943443264	-22.182958602905273	105.0
4479	5.113536670121878	8.61935629276451	-21.808576583862305	105.0
4498	5.152545208358614	8.663546600164326	-21.685548782348633	105.0
4518	5.150608475890875	8.493474559212242	-21.670570373535156	105.0
4538	5.665459188788732	7.914734313732028	-21.843196868896484	105.0
4557	6.047064223712455	7.675783643413475	-21.83559226989746	105.0
4576	5.933769025409459	7.721972689295228	-21.693462371826172	105.0
4595	5.26581321010287	7.748935111525009	-21.67771339416504	105.0
4615	4.703313956694316	7.607022936201269	-22.013999938964844	105.0
4634	4.368375918574506	7.627434004144854	-22.413787841796875	105.0
4655	4.244065174243113	7.677045270596015	-22.372243881225586	110.0
4673	4.117751117888274	7.629420885722264	-22.42559242248535	110.0
4692	3.6518539762455395	7.786446703253381	-22.448074340820312	110.0
4712	3.411522834248295	8.036258660189032	-22.675275802612305	110.0
4731	3.1049789232981815	7.865115343598088	-22.827119827270508	110.0
4752	3.1920140265638355	7.663614678336423	-23.15972137451172	110.0
4770	3.039793527095313	7.79831342123218	-23.106157302856445	110.0
4790	2.8852402857292496	7.660554255582853	-23.493986129760742	110.0
4810	2.867197287279326	7.376915307269272	-23.683773040771484	110.0
4829	3.019487143400363	6.535116259081126	-24.457883834838867	110.0
4851	2.695595515523468	6.048232366938991	-24.78328514099121	110.0
4872	2.4102867550477933	5.86752361902413	-25.10834503173828	110.0
4890	2.382550685790449	6.3526217398054685	-25.273189544677734	110.0
4909	2.503629334429953	7.00617066530127	-25.503646850585938	110.0
4929	2.8024052621055193	7.93785274844105	-25.719093322753906	110.0
4946	2.8024052621055193	7.93785274844105	-25.719093322753906	110.0
4965	2.8145303415211886	8.247974853029499	-25.75895118713379	110.0
4985	2.748137480780467	7.984761189746497	-26.363117218017578	110.0
5004	2.6617120499226474	7.429279597170929	-26.712203979492188	110.0
5023	2.6607134168879347	7.334585486036101	-27.078920364379883	110.0
5043	2.8621758076434474	7.483317230355835	-27.327667236328125	110.0
5063	3.0543732539806925	7.445523810540114	-27.746177673339844	110.0
5084	3.409149957654113	7.446049621533691	-27.895448684692383	110.0
5102	3.606864126439122	7.767508463665669	-28.118974685668945	110.0
5121	3.692060862504928	7.6708198128763465	-28.355859756469727	110.0
5140	3.3909709903263847	7.871748986327139	-28.607778549194336	108.0
5160	3.7126769421168775	8.305312083549495	-28.71996307373047	108.0
5179	3.9624851681921163	8.78996870134716	-28.908096313476562	108.0
5199	3.771055842796742	8.73852134091036	-29.24666404724121	108.0
5219	3.9949294161958733	8.97035197570358	-29.43528938293457	108.0
5238	3.528818194122396	9.003073371382941	-29.49676513671875	108.0
5256	3.5916960204885426	8.769062511269938	-29.79310417175293	108.0
5276	3.486190099210647	8.664744028986947	-29.983856201171875	108.0
5295	3.6578454909581724	8.948745828368397	-29.923707962036133	108.0
5316	3.501164638488708	8.997667860551612	-30.160919189453125	108.0
5336	3.120320495820377	9.061288885237582	-30.40057373046875	108.0
5354	3.013350835799543	9.072081240072773	-30.584436416625977	108.0
5373	2.609976504120111	9.0905640387704	-30.814868927001953	105.0
5393	2.963074780049046	9.26324080422572	-31.257083892822266	105.0
5412	2.7703893602624228	9.20227668516972	-31.219928741455078	105.0
5433	2.9452111511207435	9.676801486813245	-31.134376525878906	105.0
5452	3.3468377418193547	9.509902109061228	-31.206222534179688	105.0
5471	3.098839379771578	9.789027225067379	-31.16547203063965	105.0
5490	2.6159843369243556	10.075455834970926	-31.078248977661133	105.0
5509	2.504148134125459	10.263147184105035	-31.022342681884766	105.0
5529	2.835358689207861	10.390505548418865	-30.849584579467773	105.0
5548	2.9828620834055006	10.407874849051497	-30.81840705871582	105.0
5571	2.834966058832421	10.113660888671127	-30.876998901367188	105.0
5589	2.735367026457718	9.328131378515897	-31.28508758544922	105.0
5609	2.690619393003655	9.449198295292073	-31.564659118652344	105.0
5628	2.657892911810546	9.444612948955466	-31.512083053588867	106.0
5646	2.657892911810546	9.444612948955466	-31.512083053588867	106.0
5666	2.6413601891161016	9.890758937037083	-31.54244613647461	106.0
5685	2.768508800527541	9.405850853363448	-31.470563888549805	106.0
5705	2.632541519297378	9.265916313774932	-31.75459861755371	106.0
5724	2.789764079960685	9.049218224570318	-31.774904251098633	106.0
5744	2.2136254088730505	9.03589723400543	-32.056427001953125	106.0
5763	1.7812582814749438	9.366624888127062	-32.45745086669922	106.0
5783	1.377018962320554	9.501949791724487	-32.118595123291016	106.0
5804	1.2971894171130511	9.89808191893597	-32.038822174072266	106.0
5822	1.3840479779339645	10.286948982935906	-31.961397171020508	106.0
5842	1.3783535288114106	10.53877361054023	-32.25408935546875	106.0
5862	1.5401719399574496	10.215427647515881	-32.20821762084961	108.0
5880	1.4242840098911849	9.93958492666877	-32.367069244384766	108.0
5899	1.5522853683437874	9.518219982706537	-32.55610275268555	108.0
5919	1.4488280273758738	9.568556184043874	-32.07890319824219	108.0
5938	0.9912858418077376	9.714628686900536	-32.457855224609375	108.0
5958	0.9788570889983453	10.053333591030679	-32.53434371948242	108.0
5977	1.0803694730734763	10.055539346248333	-32.59715270996094	108.0
5997	0.5608825982591342	10.263820029317186	-32.853511810302734	108.0
6016	0.31281393751116504	10.424575860430206	-32.7879524230957	108.0
6036	0.38199149863250653	10.712735473334483	-32.57306671142578	108.0
6054	0.45251897349128795	10.604302285502278	-32.68769836425781	108.0
6074	0.65294922766506	10.472490727219649	-32.921913146972656	108.0
6094	0.7830877870814097	10.46910227858686	-32.713287353515625	107.0
6114	0.4579858504077688	10.505851034734595	-32.86510467529297	107.0
6133	0.12806379427258893	10.801437212187764	-32.82062911987305	107.0
6152	0.30983606591456364	10.870024181691885	-32.380706787109375	107.0
6171	0.2169544062403415	11.264250952044549	-32.447959899902344	107.0
6190	0.028611765127625876	11.344339394370628	-32.51347732543945	107.0
6211	-0.23374565337934908	11.621526563648025	-32.206539154052734	107.0
6230	-0.3230551215705585	11.573190143315895	-32.15956497192383	107.0
6249	-0.3752682989071155	11.930057275274658	-32.21672058105469	107.0
6269	-0.5789898546435377	12.020638219413808	-31.908937454223633	107.0
6289	-0.5789898546435377	12.020638219413808	-31.908937454223633	107.0
6310	-1.1302735433249713	12.103301271195633	-31.74934959411621	107.0
6330	-1.4658482313075911	11.920100224119054	-31.694849014282227	103.0
6347	-1.4658482313075911	11.920100224119054	-31.694849014282227	103.0
6367	-1.355433780581023	11.851054499390582	-31.758140563964844	103.0
6385	-1.4438316844537193	11.851400520835028	-31.6512508392334	103.0
6405	-1.5754833444983638	12.192025073629742	-31.471172332763672	103.0
6424	-1.6593005525411193	12.071253656424307	-31.384521484375	103.0
6444	-1.641028371674956	12.3127997966378	-31.108102798461914	103.0
6463	-1.9727032294458453	12.407024295842373	-30.823423385620117	103.0
6483	-1.6300103038800802	12.1643911662523	-30.924943923950195	103.0
6502	-1.553093693256785	12.297147295669204	-30.84668731689453	103.0
6523	-1.775274795791263	12.355763128269773	-30.406593322753906	103.0
6541	-1.8364330036612893	12.505693291255325	-30.34041976928711	103.0
6561	-1.8793582872396193	12.632996895392651	-30.101219177246094	103.0
6580	-2.0624201410110303	12.869236732396324	-29.994277954101562	103.0
6600	-2.0269697797035984	12.96774675345187	-29.976383209228516	103.0
6618	-1.4511725157479265	12.722206184468746	-29.740774154663086	103.0
6638	-1.8296553229774484	12.881590858973595	-29.757461547851562	103.0
6657	-2.4233428165318838	12.495468388468021	-29.518390655517578	103.0
6679	-2.8150138000296607	12.265412958500411	-29.623291015625	103.0
6696	-2.7108252296794904	12.413050440218841	-29.52179527282715	103.0
6716	-2.4274229046478717	12.319278069327666	-29.59683609008789	103.0
6735	-1.9615432980935543	12.430348890531997	-29.005151748657227	103.0
6754	-1.829822923967651	12.45966962129647	-28.958112716674805	103.0
6774	-2.162012033884506	12.34337140900302	-28.75018882751465	103.0
6795	-1.948598714198403	11.984189244720584	-28.527225494384766	103.0
6813	-1.588018122501478	11.773126165606897	-28.618240356445312	104.0
6832	-1.763484453124403	11.76561268637553	-28.415468215942383	104.0
6852	-1.9634781806777866	11.465175053640756	-28.335195541381836	104.0
6871	-1.971645067030128	11.579032140580924	-27.83639907836914	104.0
6891	-2.291384950254932	11.493047266193953	-27.71060562133789	104.0
6911	-2.4267111729317348	11.41613231273739	-27.605728149414062	104.0
6930	-2.373706958702652	11.37112832350256	-27.642240524291992	104.0
6949	-2.6452469667593705	11.524028525503457	-27.649932861328125	104.0
6969	-2.9070467910533666	11.815414863167765	-27.539710998535156	104.0
6989	-2.8163836254087666	12.24577705466126	-27.27047348022461	104.0
7009	-2.7638360946140144	12.14131562534393	-27.071430206298828	104.0
7029	-3.050645143220484	12.088946380520618	-27.107463836669922	104.0
7048	-2.7866724920045285	12.433550653072482	-27.007509231567383	104.0
7066	-2.7866724920045285	12.433550653072482	-27.007509231567383	108.0
7086	-3.095989874396384	12.456049888971855	-26.72294044494629	108.0
7105	-3.1130137912409466	12.415821117636215	-26.79059600830078	108.0
7124	-2.8535138629159715	12.002570650676365	-26.5870361328125	108.0
7144	-2.775474266769078	11.596861419797529	-26.394126892089844	108.0
7164	-2.94937666565801	11.282218904829746	-26.041757583618164	108.0
7182	-3.0332537618855797	11.254025277597453	-26.119375228881836	108.0
7203	-3.024496493666032	11.131930418245197	-26.0119686126709	108.0
7222	-3.038790914010741	10.844135997706456	-25.94049835205078	108.0
7244	-2.7313685717114917	10.840602156413347	-25.629291534423828	108.0
7263	-2.8936710284155445	10.852306654262298	-25.50851821899414	108.0
7282	-3.193971833928846	10.765242048184497	-25.547056198120117	108.0
7299	-3.4819659553362814	10.67780096797598	-25.30948257446289	107.0
7319	-3.383893354638706	10.552848584116148	-25.65211296081543	107.0
7338	-3.354771670922416	10.584342188232183	-25.579002380371094	107.0
7357	-3.6149325532851986	10.469653319271563	-25.744577407836914	107.0
7378	-3.303072512190752	10.41599146235805	-26.100543975830078	107.0
7397	-3.349262605401962	10.300474199467144	-26.219804763793945	107.0
7416	-3.327775373873846	10.111558838025932	-26.13292694091797	107.0
7435	-3.3986092894211093	10.054460809775408	-26.134063720703125	107.0
7454	-3.345967866676354	9.93649166235618	-26.40855598449707	107.0
7474	-3.5863575439995503	9.705729806491751	-26.351882934570312	107.0
7494	-3.9701351497244906	9.462163428084953	-26.32425880432129	107.0
7513	-3.8754157374488254	9.879039735148961	-26.117918014526367	107.0
7533	-3.807923604420695	10.154353282454606	-25.761951446533203	105.0
7552	-4.020103257507079	10.46695009289268	-25.637542724609375	105.0
7571	-4.158069122857854	10.038122780307553	-25.899423599243164	105.0
7591	-4.159438705113267	9.606464594131747	-26.18003273010254	105.0
7611	-4.134364472930546	9.268720402538257	-26.266511917114258	105.0
7630	-3.952278527652603	8.778292643504145	-26.432540893554688	105.0
7650	-3.7995178413492923	8.797816394864006	-26.64647102355957	105.0
7669	-4.067515301886652	8.950132910264449	-26.261030197143555	105.0
7689	-4.118923674574222	9.679768723165445	-26.117998123168945	105.0
7709	-3.922267336870062	9.403221582916709	-26.209672927856445	105.0
7729	-3.922267336870062	9.403221582916709	-26.209672927856445	105.0
7748	-4.5756193900591855	9.316287472057287	-26.01091194152832	105.0
7767	-4.5756193900591855	9.316287472057287	-26.01091194152832	105.0
7785	-4.295955225314503	9.485039635684764	-25.876598358154297	103.0
7805	-4.443347625034356	9.540589691051675	-25.831655502319336	103.0
7826	-4.466128308811595	9.668766396478258	-25.525535583496094	103.0
7844	-4.230123074495403	9.904510577159657	-25.716585159301758	103.0
7863	-4.092772341063236	9.524722645012464	-25.85176658630371	103.0
7883	-3.910617618742736	9.211076737701344	-26.019031524658203	103.0
7902	-4.015856407248506	9.073266828767373	-26.118576049804688	103.0
7922	-4.094661729563885	8.56368532289631	-25.971765518188477	103.0
7942	-4.330314852740594	8.577312043407268	-26.018342971801758	103.0
7961	-4.403969324527406	8.645749174595123	-25.880611419677734	103.0
7980	-4.348659450669097	8.633970098835569	-25.662290573120117	103.0
8000	-4.491602103077885	8.455223654657171	-25.56163787841797	103.0
8019	-4.5897869887509195	8.054137168983845	-25.37605094909668	104.0
8038	-4.993610693416004	8.087220376400316	-25.3651180267334	104.0
8058	-5.079153695693385	7.7209682741693815	-25.652132034301758	104.0
8078	-5.00586886221917	7.932513690598417	-25.70138931274414	104.0
8097	-4.83890641233575	8.45315614782356	-25.385665893554688	104.0
8116	-4.688466729734873	8.711670259317648	-25.25542449951172	104.0
8135	-4.7215292264019215	8.799184575815392	-25.29859733581543	104.0
8154	-4.63704315497566	8.521589096825137	-25.436534881591797	104.0
8175	-4.385605165580011	8.401772119980167	-25.592147827148438	104.0
8194	-4.351884521266359	8.387510623473593	-25.487720489501953	104.0
8213	-4.277559681241668	8.558452972639897	-25.281200408935547	104.0
8232	-4.268398293043559	8.32588416173895	-25.151325225830078	104.0
8252	-4.405936913535554	8.052108376394417	-25.3029727935791	107.0
8271	-4.720765012961744	7.8680004041597655	-25.50019645690918	107.0
8292	-4.574871611932317	8.175332523934365	-25.564706802368164	107.0
8311	-4.569568264969164	8.112204309099171	-25.501680374145508	107.0
8330	-4.615049137723757	8.130711274804483	-25.7886905670166	107.0
8349	-4.932632804880731	7.998686016633726	-25.848613739013672	107.0
8370	-4.890215495595115	8.002132928458238	-25.591449737548828	107.0
8389	-4.797227486006186	8.517883066649873	-25.47083854675293	107.0
8409	-4.727500867178538	8.77887785038463	-25.57267189025879	107.0
8429	-4.671074111687287	8.517454027631212	-25.74358367919922	107.0
8449	-4.617372589997351	8.452873771085569	-25.86333656311035	107.0
8467	-4.58920460631407	8.018008856493017	-26.080860137939453	107.0
8486	-4.58920460631407	8.018008856493017	-26.080860137939453	107.0
8505	-4.4595220301512395	7.955152725656369	-25.814739227294922	105.0
8525	-4.634763105910261	8.034056889646976	-25.44917106628418	105.0
8544	-4.908915076595747	8.302346364982702	-25.57238006591797	105.0
8564	-4.819233714709509	8.403101954693458	-25.302438735961914	105.0
8582	-5.351715342989438	8.146163384095711	-25.276153564453125	105.0
8603	-5.197615334611983	7.880293356643038	-25.279373168945312	105.0
8622	-5.422044415638148	7.462620994328593	-25.067405700683594	105.0
8642	-5.262756556468392	7.268709412849054	-24.951112747192383	105.0
8660	-5.412365409811129	7.319427494281861	-24.803653717041016	105.0
8681	-5.520624779974243	7.49749596464926	-24.87503433227539	105.0
8699	-5.327155319899371	7.80852517221813	-24.844762802124023	105.0
8720	-5.288736077214368	7.8601976402125535	-25.22701072692871	105.0
8739	-4.901094926520193	7.8854968199375985	-25.035076141357422	103.0
8759	-5.286937291965804	7.810522588197669	-24.96299171447754	103.0
8778	-4.7848397942212015	7.843594965124299	-24.995820999145508	103.0
8796	-4.808127408763834	7.9773759118086325	-25.129470825195312	103.0
8816	-4.6446879526661995	7.5803619129675255	-25.534645080566406	103.0
8836	-4.63398545264504	7.653567737702777	-25.625425338745117	103.0
8856	-4.684848338949129	7.77239555287337	-25.59724998474121	103.0
8874	-4.962041005617788	7.924101272423076	-25.660518646240234	103.0
8894	-5.238702224773192	7.733405538635545	-25.949779510498047	103.0
8913	-4.708791013885749	7.924315141450835	-25.97058868408203	103.0
8933	-5.495472439955045	7.836952459022181	-25.89678382873535	103.0
8952	-5.944229401817108	7.816697696898543	-25.798871994018555	103.0
----------------도착----------------
8972	-5.879814060379789	7.426711520694645	-25.744873046875	103.0
8991	-5.814199435435119	7.957048176584041	-25.505619049072266	103.0
9010	-5.116811031817481	8.072043505765606	-25.577577590942383	103.0
9030	-5.287907114298733	7.7982127193128195	-25.309036254882812	103.0
9049	-6.158801800353911	7.187461404451825	-25.2939453125	103.0
9069	-6.283764762104731	7.019497065491727	-25.368793487548828	103.0
9091	-6.283764762104731	7.019497065491727	-25.368793487548828	103.0
9109	-5.394661288473008	7.97083625002944	-25.46444320678711	103.0
9129	-5.439879586992506	8.42364469397599	-25.70222282409668	103.0
9148	-5.060242255340821	8.456749210042059	-25.811779022216797	103.0
9167	-5.060242255340821	8.456749210042059	-25.811779022216797	103.0
9188	-5.088110062951096	8.105902242607586	-25.940113067626953	103.0
9206	-5.052569899921189	8.279084374750788	-26.21480941772461	103.0
9225	-5.208427075699865	7.954918155930687	-26.118900299072266	104.0
9244	-5.346092213629725	8.04300047996785	-25.99006462097168	104.0
9263	-5.041152711691899	8.205148374448397	-26.002155303955078	104.0
9283	-5.024801707707131	8.189724868783724	-25.876380920410156	104.0
9303	-4.7522061858971325	8.26530876765788	-25.51812744140625	104.0
9322	-5.026299574505089	8.302697469109075	-25.52683448791504	104.0
9341	-4.898365871411864	8.433051721164846	-25.49825668334961	104.0
9362	-4.894967764815838	8.428169249542472	-25.283998489379883	104.0
9380	-5.162389031715012	8.315331575013348	-25.32673454284668	104.0
9400	-4.9622990296660285	7.873359042295741	-25.496883392333984	104.0
9421	-4.863582992548866	7.629373003832417	-25.541210174560547	104.0
9439	-4.935096050419547	7.57830642059118	-25.408470153808594	104.0
9458	-5.033650030929637	7.740399263720742	-25.53257942199707	107.0
9477	-5.048690769804309	8.16167998788019	-25.353254318237305	107.0
9497	-5.022331635749528	8.284496333127132	-25.199630737304688	107.0
9517	-5.163345536636186	8.161457185712681	-25.23564910888672	107.0
9536	-4.981017047490261	8.151152869038237	-24.997591018676758	107.0
9556	-5.350081065694316	8.294411473229461	-24.936214447021484	107.0
9575	-5.689691048612964	8.336070662729558	-25.028318405151367	107.0
9594	-5.362100340284975	8.412297525240856	-25.388450622558594	107.0
9613	-5.063533600348482	8.448621005778703	-25.55122184753418	107.0
9633	-4.855826126749344	8.329827656859846	-25.525569915771484	107.0
9654	-5.019343529095062	8.22889037169421	-25.727380752563477	107.0
9672	-5.059869208113644	8.02116841830536	-25.522544860839844	107.0
9691	-5.0782232679862425	8.263004828408375	-25.697107315063477	105.0
9710	-4.470493212629308	8.38489639165584	-25.618148803710938	105.0
9730	-4.521491845333142	8.201036638577225	-25.556791305541992	105.0
9749	-4.875304128339306	8.197377278214207	-25.24886131286621	105.0
9770	-5.273240482528856	8.050549732441791	-25.063282012939453	105.0
9791	-5.429335980151987	8.056432935543599	-25.254207611083984	105.0
9811	-5.429335980151987	8.056432935543599	-25.254207611083984	105.0
9829	-5.585960514660353	8.369997433159028	-25.318967819213867	105.0
9848	-5.627711450497575	8.299339338663557	-25.449323654174805	105.0
9868	-5.692818949404446	8.23567015365574	-25.707984924316406	105.0
9886	-5.692818949404446	8.23567015365574	-25.707984924316406	105.0
9906	-5.70978287837507	8.49884164340326	-25.79532241821289	105.0
9924	-5.495464723199159	8.723751960428698	-25.98548698425293	105.0
9944	-5.275846835250266	8.683234755263573	-25.98296356201172	103.0
9964	-5.140176779772086	8.517607857550205	-26.018863677978516	103.0
9983	-4.993309620205254	8.620131865073766	-25.81094741821289	103.0
10003	-4.887094435660925	8.656246307629015	-26.031349182128906	103.0
10022	-4.974841445966849	8.559920040095877	-25.818267822265625	103.0
10041	-5.019388623250352	8.608651558182613	-25.734508514404297	103.0
10061	-4.965057440303421	8.34299883609697	-25.63452911376953	103.0
10082	-5.136809182664762	8.09777667044839	-25.43670082092285	103.0
10100	-4.897572972349052	7.967498429896534	-25.240455627441406	103.0
10120	-5.1840529224751135	7.526781288562326	-25.330615997314453	103.0
10139	-5.186442224086715	7.407333895339308	-25.275592803955078	103.0
10158	-5.010216800870323	7.402283756232337	-25.240970611572266	103.0
10178	-4.939820227334237	7.44513528818271	-25.463430404663086	104.0
10196	-4.913645859025656	7.785677849779085	-25.4822998046875	104.0
10217	-4.68282502144003	7.903723817601485	-25.518306732177734	104.0
10237	-4.1472219354144215	8.032893788009767	-25.800331115722656	104.0
10255	-4.487780541275495	8.243028893556763	-26.021276473999023	104.0
10274	-4.178406811584541	8.087091451056088	-25.633588790893555	104.0
10294	-4.185790571082273	8.157442750503384	-25.634017944335938	104.0
10313	-4.940573959226923	8.090022681777565	-25.4658260345459	104.0
10335	-4.647796118096769	8.238172609237063	-25.190031051635742	104.0
10353	-4.635153236963863	8.062625398575989	-25.102445602416992	104.0
10373	-4.412033015957968	7.852190020852251	-25.03432846069336	104.0
10391	-4.832758195989751	8.052439151770868	-24.949350357055664	104.0
10411	-4.646260867388513	7.633852181940287	-25.143848419189453	106.0
10430	-4.859623946745514	7.779500928374492	-25.44005584716797	106.0
10450	-4.882571690160338	7.711162994671933	-25.68561553955078	106.0
10470	-5.080412943484709	7.665846169886425	-25.61215591430664	106.0
10491	-5.282504062714982	8.192272531993835	-25.693817138671875	106.0
10509	-5.217305342361512	8.483980287869475	-25.661212921142578	106.0
10530	-5.266328635927939	8.528887867361341	-25.80419158935547	106.0
10549	-5.157115961648332	8.29108867056857	-25.69233512878418	106.0
10568	-5.157115961648332	8.29108867056857	-25.69233512878418	106.0
10588	-4.901094862134576	8.625508794306668	-25.819747924804688	106.0
10605	-5.094574390075062	8.64658160420266	-25.531326293945312	106.0
10625	-5.082587452921684	8.619377098407222	-25.463903427124023	106.0
10645	-5.2550795247728175	8.886218678114616	-25.514404296875	106.0
10664	-4.9904494138348285	8.581304706499834	-25.627567291259766	107.0
10684	-4.25890417363307	8.802106977186755	-25.365074157714844	107.0
10703	-4.159144513178096	8.52070814772698	-25.23833465576172	107.0
10722	-3.9616490681902308	8.481101044927328	-25.339099884033203	107.0
10742	-4.025619193212841	8.407425103634756	-25.112703323364258	107.0
10761	-4.262916878514726	8.479064801909793	-25.669111251831055	107.0
10781	-4.541037793051091	8.453710532197881	-25.551145553588867	107.0
10802	-4.544375727340776	8.424342320267561	-25.35521125793457	107.0
10820	-4.775907727457701	8.559282540542254	-25.44083023071289	107.0
10839	-5.0122806210044395	8.596871005087257	-25.55878448486328	107.0
10858	-5.476520097561361	8.875862443621298	-25.684589385986328	107.0
10877	-5.541825554803797	8.975359593541729	-25.736331939697266	107.0
10897	-5.528381122931787	9.303307669672076	-25.58306312561035	105.0
10918	-5.50222658827041	9.154022471191425	-25.413068771362305	105.0
10936	-5.464977543304636	9.307406148447052	-25.36667823791504	105.0
10955	-5.387247283746977	9.778276069268324	-25.275964736938477	105.0
10975	-5.434547535646545	9.730769799187282	-25.111480712890625	105.0
10995	-5.301966639395024	10.14905843009428	-25.130420684814453	105.0
11014	-5.121187969063804	10.122579976446547	-25.171016693115234	105.0
11033	-5.271899757506153	9.98502722588818	-25.109838485717773	105.0
11052	-5.5454302624298855	9.713058789379003	-25.24596405029297	105.0
11072	-5.7125118536909225	9.90039409947951	-25.13153839111328	105.0
11091	-5.99096371683782	9.827914869005529	-25.182098388671875	105.0
11111	-6.484388567922701	9.985574539233445	-25.28935432434082	105.0
11130	-6.441897374621958	10.171036206023961	-25.257673263549805	103.0
11150	-6.826579197177878	10.046336642053229	-25.059885025024414	103.0
11170	-6.94375356443974	10.119368365089175	-24.894107818603516	103.0
11190	-6.935985036651577	10.120056903877842	-24.964824676513672	103.0
11209	-6.811721967650759	10.32734166198466	-25.01248550415039	103.0
11229	-6.9188427212439905	10.368554827021008	-25.21927261352539	103.0
11251	-6.9188427212439905	10.368554827021008	-25.21927261352539	103.0
11269	-6.901017066117971	10.536540689799551	-25.220457077026367	103.0
11286	-6.882439600318299	10.293759273027172	-24.961118698120117	103.0
11305	-6.980144077725287	10.3205843969397	-24.930086135864258	103.0
11325	-7.165467192238687	10.47087834707418	-25.025558471679688	103.0
11344	-7.467222103962255	10.458230031355452	-25.010848999023438	103.0
11364	-7.784319407622661	10.592199433651786	-24.925270080566406	103.0
11383	-7.793896139713374	10.657466774143543	-24.755733489990234	105.0
11403	-7.611574260957878	10.715355640536243	-24.567119598388672	105.0
11422	-7.739818572002245	10.610615235305778	-24.555465698242188	105.0
11441	-7.768329049523483	10.56080003185835	-24.722103118896484	105.0
11461	-7.9460276277891735	10.555425732146409	-24.548192977905273	105.0
11482	-7.985240810326324	10.881506199271803	-24.736162185668945	105.0
11500	-7.933213021042147	10.979916109777625	-24.799983978271484	105.0
11521	-8.209801134093548	10.857421960931259	-24.78694725036621	105.0
11539	-8.750732210471279	10.77865668101029	-24.91314125061035	105.0
11558	-9.328004267276233	10.339714801281696	-24.940685272216797	105.0
11578	-9.817285432986653	10.368564007568095	-25.03323745727539	105.0
11598	-9.920400486662158	10.683484671762132	-25.02787208557129	105.0
11618	-10.29185283462334	10.693955765779656	-25.2762508392334	111.0
11636	-10.532388249601318	10.769760870781905	-25.029008865356445	111.0
11656	-11.262746981313363	10.94800130671583	-24.940338134765625	111.0
11675	-11.790471679131722	10.939857404484314	-24.928211212158203	111.0
11694	-11.89800592198763	10.843798185874764	-25.127426147460938	111.0
11715	-12.004085442312514	10.862670886568724	-25.314678192138672	111.0
11734	-12.515782990571202	10.725720068866112	-25.48906898498535	111.0
11753	-12.741364226873863	10.698666201835804	-25.790987014770508	111.0
11772	-12.891036046403446	10.535307152403881	-25.832895278930664	111.0
11791	-13.193249009699388	10.403612765172529	-26.119182586669922	111.0
11811	-13.112686379508709	10.242223607744114	-26.140613555908203	111.0
11831	-13.122211499961093	10.125391718032837	-26.349454879760742	111.0
11851	-13.321613749627552	10.210282129990139	-26.38343048095703	115.0
11869	-13.546266968933821	10.085749638948194	-26.64476203918457	115.0
11889	-13.527302993547735	9.878150390027022	-26.458080291748047	115.0
11909	-13.915201127399042	9.248227054180601	-26.57318115234375	115.0
11931	-13.916650526452475	9.218828145782227	-26.63404083251953	115.0
11949	-13.63362478933555	9.036253821058859	-26.627094268798828	115.0
11970	-13.489667365052316	9.023029316161848	-26.914642333984375	115.0
11987	-13.489667365052316	9.023029316161848	-26.914642333984375	115.0
12006	-13.383374411873737	8.907512166783892	-26.95246696472168	115.0
12025	-13.29488019181506	8.859111810377197	-26.776447296142578	115.0
12044	-13.664219264590802	8.77094958670795	-26.555009841918945	115.0
12064	-13.827839953437529	8.371099929474328	-26.534011840820312	115.0
12083	-13.846122509906966	8.159008411552334	-26.676013946533203	115.0
12103	-13.884533082546518	7.795188952084888	-26.857343673706055	116.0
12122	-13.348489780485146	7.542626279485044	-27.24042320251465	116.0
12141	-13.232355636104751	7.391112112972618	-27.56536102294922	116.0
12165	-12.997779214431405	6.999234539619917	-27.947031021118164	116.0
12181	-12.664067029288526	6.810603472276793	-28.449970245361328	116.0
12200	-12.3330513674984	6.7310914601147385	-28.571693420410156	116.0
12220	-12.641383314141226	6.993942698699504	-28.4703426361084	116.0
12239	-12.376510278025348	6.878908366695691	-28.526100158691406	116.0
12258	-12.271182642963607	6.431428064057527	-28.809621810913086	116.0
12278	-12.4114067597457	6.195654879508878	-29.075834274291992	116.0
12299	-12.12179762931941	5.754708208871364	-29.31244468688965	116.0
