6	-0.9614031265618681	-0.5226852287307621	-15.085710525512695	124.0
25	-0.590262660035446	-0.9468546666637495	-15.080745697021484	124.0
45	-0.4033477993637009	-1.6439688938424957	-15.179359436035156	124.0
64	-0.9142991041651188	-2.201342307007245	-15.016108512878418	124.0
84	-1.1076591969989416	-2.3500065655712716	-15.056292533874512	124.0
103	-1.0960940503161327	-2.279515356682549	-15.13807201385498	124.0
122	-0.6835662373830727	-1.9618507938377339	-15.153724670410156	124.0
141	-0.5240792458749434	-1.8934267702318268	-15.192444801330566	124.0
161	-0.8420626736904209	-1.800277470950108	-15.342052459716797	124.0
181	-0.9851464487425668	-1.802638210603425	-15.287178039550781	124.0
200	-1.1450741004803366	-1.5614879495854876	-15.19543743133545	124.0
220	-1.1955404433176422	-1.770633045721238	-15.292447090148926	130.0
240	-1.174947913254489	-1.7656235098114599	-15.313711166381836	130.0
260	-1.3269136655621672	-1.9552843205322086	-15.471807479858398	130.0
280	-1.1546197601583998	-2.2276074976815727	-15.479714393615723	130.0
297	-1.1546197601583998	-2.2276074976815727	-15.479714393615723	130.0
317	-0.6992725409153643	-2.1408903215735027	-15.481538772583008	130.0
336	-0.7841259779499223	-1.7774388230335219	-15.460779190063477	130.0
356	-0.6026483769049743	-1.4156267009792611	-15.679258346557617	130.0
375	-0.10775966645284316	-1.8094330149414035	-15.627685546875	130.0
395	-0.08262583050393366	-1.77780544441497	-15.598653793334961	130.0
414	-0.046568569632731795	-1.746623467901392	-15.502580642700195	130.0
434	-0.12349023019275551	-1.752667327425209	-15.408211708068848	130.0
454	-0.2977647907522319	-1.800374182713523	-15.385343551635742	130.0
472	-0.3448008002774238	-1.9068212123309976	-15.449745178222656	127.0
491	-0.4383611058430812	-2.058302657421863	-15.442337036132812	127.0
511	-0.5109424641463554	-2.3265129158453473	-15.282831192016602	127.0
531	-0.6986608923428004	-2.0254317845076177	-15.38709831237793	127.0
551	-0.8110657295220983	-1.9484753380077586	-15.249431610107422	127.0
569	-0.6987718295415112	-2.0069880612001927	-15.272260665893555	127.0
590	-0.613086277394383	-1.9697297219272834	-15.324748992919922	127.0
609	-0.5596772611189603	-1.9916350863635985	-15.22120475769043	127.0
629	-0.9010189944362099	-1.9366913473934595	-15.158571243286133	127.0
651	-1.051516077005388	-1.795109209477099	-15.03443717956543	127.0
668	-1.0100836547936503	-1.66694045795003	-15.143722534179688	127.0
687	-0.9707603603392219	-1.7083162000416847	-14.948600769042969	127.0
707	-0.9992084003636403	-1.8652155242238073	-14.83126449584961	122.0
727	-1.2569035747593194	-1.7854947103459664	-14.973177909851074	122.0
747	-1.1148105572434988	-1.7912936410554599	-15.004533767700195	122.0
766	-1.0783907827360744	-1.95578034205198	-15.009149551391602	122.0
785	-0.9289543471072084	-2.059129036018131	-15.063264846801758	122.0
804	-1.0065616287274723	-2.027383206094898	-15.37011432647705	122.0
822	-1.1788851188837863	-1.86274817986846	-15.48184871673584	122.0
842	-1.353073474034812	-1.7658320307594841	-15.64786148071289	122.0
863	-1.2920971780779558	-1.7523240431499367	-15.802123069763184	122.0
883	-1.3732302386206412	-1.7238885511895885	-15.64455795288086	122.0
901	-1.31756232369628	-1.4694917069786224	-15.694488525390625	122.0
921	-1.3569840899066532	-1.339752956089236	-15.85365104675293	122.0
942	-1.2041762490022345	-1.371165590599913	-15.82300853729248	123.0
963	-1.2779130785428279	-1.4839878065164125	-15.677026748657227	123.0
983	-1.1277345318094012	-1.7183665897864284	-15.441675186157227	123.0
998	-1.2884389855721996	-1.7808184793699005	-15.321968078613281	123.0
1017	-1.2884389855721996	-1.7808184793699005	-15.321968078613281	123.0
1036	-1.2526918850032225	-1.7820430149804194	-15.253068923950195	123.0
1057	-1.1290160061425043	-2.006344788450806	-15.16564655303955	123.0
1075	-1.1950275125937706	-2.2396590519839523	-15.276498794555664	123.0
1095	-1.1193441472393026	-2.238418906136094	-15.314619064331055	123.0
1115	-1.0049118983024388	-2.343450039699398	-15.289834976196289	123.0
1134	-0.7930352588072279	-2.4251168759334796	-15.12649154663086	123.0
1153	-0.8820972330507617	-2.3170547895184397	-14.924701690673828	123.0
1173	-0.5011710617335633	-2.6073395779103343	-14.962152481079102	123.0
1191	-0.2790617162107112	-2.684735974275215	-15.257919311523438	126.0
1211	-0.25792570777097845	-2.566734154444799	-15.343015670776367	126.0
1232	0.017292126682122086	-2.3660946606376396	-15.292781829833984	126.0
1254	-0.02239025422336934	-2.334116903438469	-15.28955078125	126.0
1269	-0.2579514753802232	-2.1121470099996364	-15.39911937713623	126.0
1289	-0.17607663944521332	-2.0719796938161164	-15.636672973632812	126.0
1308	-0.14579701858881117	-2.2818625918941535	-15.79932975769043	126.0
1328	-0.3857772960294424	-2.206090513932453	-15.71584701538086	126.0
1348	-0.5631826881776975	-2.1706844931231397	-15.480191230773926	126.0
1367	-0.18595959746584623	-2.1412271366497135	-15.601547241210938	126.0
1386	-0.33933774925332116	-2.369214706696795	-15.323410034179688	126.0
1406	-0.4105851786426792	-2.410844124386334	-15.195764541625977	126.0
1425	-0.47778576629785846	-2.5230615566316925	-15.202138900756836	129.0
1445	-0.5757884107634259	-2.186189270195705	-15.066780090332031	129.0
1465	-0.5684357192652105	-2.1530219371324546	-14.772781372070312	129.0
1483	-0.8449768143376882	-2.512829460405387	-14.845399856567383	129.0
1502	-1.0737098160377225	-2.526146338939886	-14.87481689453125	129.0
1522	-1.498679627313403	-2.45447444667019	-14.868785858154297	129.0
1542	-1.3912830451220441	-2.200901175525665	-15.078238487243652	129.0
1561	-1.4464261950214956	-2.2062601044257946	-15.155609130859375	129.0
1581	-1.211020824025369	-2.031981988487484	-15.05162525177002	129.0
1600	-1.3279872161820023	-2.205724977678285	-15.071220397949219	129.0
1620	-1.2302740278629847	-2.0268190296379998	-15.451499938964844	129.0
1640	-1.1179780092578735	-1.531669907663532	-15.606306076049805	129.0
1661	-1.1570870262744881	-1.620087213196722	-15.618547439575195	129.0
1679	-1.1570870262744881	-1.620087213196722	-15.618547439575195	129.0
1698	-0.7337914250353342	-2.1280584362533235	-15.391044616699219	129.0
1716	-0.7337914250353342	-2.1280584362533235	-15.391044616699219	129.0
1737	-0.9899522506240188	-2.2878090214531386	-15.424978256225586	129.0
----------------출발----------------
1756	-1.0082892045295764	-2.560126480827928	-15.147111892700195	129.0
1778	-0.9589249990447782	-2.7178141728254093	-15.077179908752441	129.0
1795	-0.912987618047198	-2.442071594700154	-15.051469802856445	129.0
1814	-0.9618885374780387	-2.041251778690434	-15.163932800292969	129.0
1833	-0.8678106904815922	-1.7923041411789886	-15.08835220336914	129.0
1854	-1.0716419983017127	-1.755252110891367	-15.406396865844727	129.0
1873	-1.1523946928400024	-2.131242722351384	-15.470869064331055	129.0
1893	-1.0714265214062564	-2.421386127953225	-15.3274507522583	129.0
1912	-1.3324350983404414	-2.4880771605601226	-15.470039367675781	125.0
1931	-1.3254971815362386	-2.284947979407516	-15.45693588256836	125.0
1950	-1.3813157547783865	-2.303554141577959	-15.449966430664062	125.0
1969	-1.1094475537659774	-2.457590245540442	-15.306572914123535	125.0
1989	-1.057415019970974	-2.6849587013535396	-15.435737609863281	125.0
2009	-1.180817501615745	-2.665250135569618	-15.082382202148438	125.0
2028	-1.0373478756206775	-2.38710757596337	-15.102548599243164	125.0
2048	-1.1212426148304107	-2.1920588317104253	-15.156672477722168	125.0
2067	-0.940202303659504	-2.14865745579292	-15.216899871826172	125.0
2087	-1.1637185938556687	-2.2902905748902596	-15.397274017333984	125.0
2106	-1.1726764038252062	-2.3576360357008204	-15.460098266601562	125.0
2126	-1.2302851007944051	-2.2408496899448793	-15.325846672058105	125.0
2144	-1.1520637695063465	-2.3423635296024026	-15.240697860717773	125.0
2164	-1.0466556257444493	-2.469120247691999	-15.537491798400879	125.0
2183	-1.1530952657525633	-2.5708120026847396	-15.041425704956055	125.0
2203	-1.0168816733192674	-2.752984595913116	-14.842741012573242	125.0
2222	-0.8176383363181065	-2.583873464521759	-14.848363876342773	125.0
2242	-0.7686134742502341	-2.4372524235219886	-14.629891395568848	125.0
2262	-1.103569849337834	-2.404491585805517	-14.477519989013672	125.0
2280	-1.347393277159903	-2.4437586269377145	-14.698638916015625	125.0
2300	-1.532125444958195	-2.4094533322885434	-14.479852676391602	125.0
2319	-1.48717370036988	-2.309924205729155	-14.36941146850586	125.0
2340	-1.448747503328912	-2.0165732132801337	-14.688800811767578	125.0
2360	-1.3939933136190283	-1.8937442475659578	-14.906082153320312	125.0
2379	-1.4681197813682314	-2.077990782062069	-14.796314239501953	126.0
2397	-1.4681197813682314	-2.077990782062069	-14.796314239501953	126.0
2417	-1.4515648439261348	-2.278806904414159	-14.741704940795898	126.0
2437	-1.406898697790752	-2.2216969771091293	-14.867412567138672	126.0
2456	-1.2010711690135838	-2.263368143300811	-14.954404830932617	126.0
2475	-1.2535037323090417	-2.0277629030030506	-14.953802108764648	126.0
2495	-1.358846558155512	-2.1786372992634835	-14.853785514831543	126.0
2514	-1.2270528433946977	-2.3154649398798024	-14.6984224319458	126.0
2533	-1.3245548489519163	-2.2526166322251036	-14.642263412475586	126.0
2553	-1.504849602578729	-2.3190477203125734	-14.722943305969238	126.0
2573	-1.4544182762728968	-2.1525337762858543	-14.966419219970703	126.0
2592	-1.4298965775196377	-2.2707295850190397	-15.083623886108398	126.0
2611	-1.508166690033701	-1.9247453206195024	-14.843542098999023	126.0
2631	-1.2853140232681572	-2.1529784420530373	-14.95909309387207	130.0
2650	-1.314830344217439	-2.022828371891965	-14.992212295532227	130.0
2669	-1.5310137202778453	-1.978671394470179	-15.288383483886719	130.0
2689	-1.7058167108624904	-1.765276563899696	-15.373723983764648	130.0
2710	-1.8878625156169855	-1.9179950158182855	-15.327566146850586	130.0
2728	-1.9779851436283629	-1.8365389032262833	-15.323551177978516	130.0
2747	-1.9051780007690866	-1.709102722025252	-15.334563255310059	130.0
2767	-1.639746277233872	-1.9198690486773995	-15.432430267333984	130.0
2786	-1.5704582879109232	-2.0945014702571996	-15.338788032531738	130.0
2807	-1.3773910749522789	-1.942888638303511	-15.488502502441406	130.0
2825	-1.618010240449492	-1.9191753326418028	-15.42210865020752	130.0
2845	-1.437428810158139	-2.051317836436076	-15.475995063781738	130.0
2864	-1.2644064082586175	-1.8029954710565483	-15.732611656188965	127.0
2883	-1.1784336570982819	-2.039665007003469	-15.734696388244629	127.0
2903	-1.2451469664598367	-1.9921538513310615	-15.53146743774414	127.0
2923	-1.5125412539795433	-2.210238355095646	-15.616218566894531	127.0
2942	-1.345386084933198	-2.3111740549403197	-15.764041900634766	127.0
2961	-1.290035191201717	-2.5181367737703275	-15.697174072265625	127.0
2981	-1.1795969544047646	-2.6377409132232286	-15.627115249633789	127.0
3000	-1.0787631888249216	-2.5618576709682896	-15.538677215576172	127.0
3020	-0.8577568154373377	-2.457855172605941	-15.463303565979004	127.0
3040	-0.6618647154863448	-2.56790849560133	-15.345603942871094	127.0
3060	-0.7171806075246164	-2.697717169516344	-15.566272735595703	127.0
3080	-0.4591242118129026	-2.531821621311151	-15.661460876464844	127.0
3099	-0.4591242118129026	-2.531821621311151	-15.661460876464844	125.0
3116	-0.7828996296367062	-2.1958663595014714	-15.748283386230469	125.0
3136	-0.782076901950898	-2.219801701533261	-15.888599395751953	125.0
3156	-0.7098209068491547	-2.065791742653855	-16.05682373046875	125.0
3176	-0.5970653686588553	-2.0887836750110718	-16.165302276611328	125.0
3195	-0.7306708685408208	-2.2296533430083754	-16.1732177734375	125.0
3215	-0.7025866357940523	-2.032540925009327	-16.474294662475586	125.0
3234	-0.5677938079210503	-2.026461863103807	-16.370943069458008	125.0
3252	-0.7858460951018705	-2.1970176612362007	-16.236522674560547	125.0
3273	-0.7796339495726129	-2.3266281435962908	-16.370712280273438	125.0
3292	-0.6376293052173232	-2.5361284441056973	-16.3602352142334	125.0
3312	-0.5917990332505962	-2.454743262836417	-16.84809112548828	125.0
3331	-0.646566526088671	-2.100636329825809	-16.931241989135742	125.0
3350	-0.572491961609113	-2.1439162939389735	-17.010360717773438	125.0
3370	-0.3768514634498453	-2.322576368922581	-17.030017852783203	125.0
3389	-0.5001222478324531	-2.2240122547032364	-17.058712005615234	125.0
3409	-0.5575671565620172	-2.124206034397048	-17.555917739868164	125.0
3428	-0.5199474377052662	-2.3576263481386666	-17.562040328979492	125.0
3448	-0.5330434280536884	-2.2908443162872674	-17.635662078857422	125.0
3467	-0.6336375754052577	-2.3050230379423406	-17.179279327392578	125.0
3487	-0.6698941160886384	-2.5332661320232557	-17.29664421081543	125.0
3506	-0.5747842167243565	-2.4069035801239234	-17.186315536499023	125.0
3526	-0.6376739818877079	-2.5673146978407444	-17.20945167541504	125.0
3544	-0.4408748728764122	-2.84472211364646	-17.287099838256836	125.0
3564	-0.26879807280719054	-2.871098889709978	-16.94358253479004	125.0
3583	-0.2670937739103288	-2.924992858349131	-17.006378173828125	126.0
3604	-0.1094448236424761	-2.9569175147615607	-16.955442428588867	126.0
3622	-0.015339158269685958	-2.9651820182648825	-17.31440544128418	126.0
3642	-0.018113927132570293	-3.1093855330676337	-17.272762298583984	126.0
3661	-0.1812789910554038	-3.0750013904411264	-17.454181671142578	126.0
3680	-0.11363133734931508	-2.805730453654554	-17.640228271484375	126.0
3700	-0.0028295319317675335	-2.8859695249687283	-17.954269409179688	126.0
3720	-0.10709986150542625	-3.165522068257492	-18.019184112548828	126.0
3740	0.2460713606149019	-3.217428394160827	-18.246280670166016	126.0
3760	-0.06789115152053797	-3.087109158490132	-18.33777618408203	126.0
3779	-0.1462489455487445	-2.9305717411927534	-18.140113830566406	126.0
3797	-0.1462489455487445	-2.9305717411927534	-18.140113830566406	126.0
3817	-0.21705121883942136	-2.658290984528148	-18.275188446044922	129.0
3836	-0.07766974925846293	-2.674215689261218	-18.38570213317871	129.0
3856	-0.10939054848729601	-2.7795430046152676	-18.422924041748047	129.0
3876	-0.05326915793284134	-2.815487992385316	-18.315017700195312	129.0
3895	0.20487633865659466	-2.9561136142877427	-18.455612182617188	129.0
3914	0.055452769618201336	-2.980451593396079	-18.493820190429688	129.0
3934	0.36527999173555376	-3.010658741112314	-18.78831672668457	129.0
3954	0.6428757733678407	-3.2403054723516633	-18.854429244995117	129.0
3973	0.8693977159463737	-3.564235031589962	-19.035053253173828	129.0
3992	0.9418063719532067	-3.7391293169745294	-19.145435333251953	129.0
4011	1.1643215100919426	-3.7227291027974734	-19.376367568969727	129.0
4031	1.1078285021143968	-3.880766651139405	-19.609819412231445	129.0
4050	1.1288684429149658	-3.7098133436391034	-19.849565505981445	129.0
4070	1.1086570515860616	-3.819838375538459	-19.985610961914062	125.0
4090	1.1964606343748856	-3.8793852144983	-20.11778450012207	125.0
4108	1.0560952385396953	-4.068657303688009	-20.468429565429688	125.0
4128	1.0396425651230716	-4.124255227436019	-20.65378761291504	125.0
4147	1.2961777054905095	-4.109513256849169	-20.91221046447754	125.0
4166	1.2752868333230953	-4.292629021802948	-21.12940788269043	125.0
4186	1.7864426059875282	-4.205372638980407	-21.205636978149414	125.0
4206	2.0016333000859685	-4.308135144543171	-21.379398345947266	125.0
4225	2.171409982815695	-4.243427281279252	-21.35877227783203	125.0
4245	2.055513647282218	-4.019346822330586	-21.474075317382812	125.0
4264	2.226175628677904	-3.8333287979305393	-21.60083770751953	125.0
4284	2.292110379968592	-4.051247359577537	-21.768922805786133	125.0
4303	2.2047521794586697	-3.900362432815834	-22.10321617126465	125.0
4323	2.379456765610368	-3.570580397348189	-21.915691375732422	125.0
4342	2.3004132444307475	-3.3741396167234154	-22.09725570678711	125.0
4361	2.612423248345845	-3.572539614817095	-22.18289566040039	125.0
4381	2.7320263235181987	-3.3612619793920757	-22.540599822998047	125.0
4400	3.032274192491825	-3.343546104745193	-22.880050659179688	125.0
4420	3.0593775447558555	-3.052095591527752	-22.966890335083008	125.0
4440	3.2609346949771996	-2.6918104424740803	-22.979766845703125	125.0
4460	3.1781363846003585	-2.525592083377109	-23.124460220336914	125.0
4480	3.237454243759417	-2.6119929484674516	-23.49156379699707	125.0
4500	3.4439366067699466	-2.403781892870922	-23.71104621887207	125.0
4517	3.4439366067699466	-2.403781892870922	-23.71104621887207	125.0
4537	3.3900532220021637	-2.0953648965530483	-24.08913803100586	126.0
4556	3.478300328208258	-1.7269943564380879	-24.259464263916016	126.0
4575	3.424548117791381	-1.610479716254147	-24.100296020507812	126.0
4594	3.5710318429294863	-1.9164142911218867	-24.357515335083008	126.0
4614	3.48687175739499	-2.058861832831857	-24.59908676147461	126.0
4635	3.5971923990707175	-1.644874806577733	-24.636720657348633	126.0
4654	3.5614613583134314	-1.2247129828349026	-24.551488876342773	126.0
4672	3.715780562899734	-1.5095079079853544	-24.624557495117188	126.0
4692	3.5863976312312986	-1.1010254448800842	-24.439056396484375	126.0
4712	3.594474181949064	-0.6616909801062298	-24.49703598022461	126.0
4731	3.872598152182655	-0.41070354075885257	-24.608165740966797	126.0
4751	4.112925611766419	0.006497125900553563	-24.58956527709961	126.0
4770	4.154663278873555	0.5676103968838552	-24.281982421875	126.0
4789	4.013726942324345	0.6791962859894031	-24.000513076782227	129.0
4808	3.8866759020368384	0.8189923680721614	-23.87372398376465	129.0
4828	3.8166698567107757	1.2159267220962267	-23.523590087890625	129.0
4848	3.536965020103032	1.3297947838148365	-23.35917854309082	129.0
4867	3.602054597471352	1.4809947399613101	-22.953617095947266	129.0
4887	3.4089341818939625	1.6743106137243502	-22.546611785888672	129.0
4906	2.9806556490615743	1.5465923601516047	-22.232158660888672	129.0
4926	2.8355957180814286	1.825289015038545	-21.993249893188477	129.0
4945	2.6408996096116106	2.0694853557634256	-21.927288055419922	129.0
4964	2.640141216570241	2.556639947714892	-21.722698211669922	129.0
4983	2.9160509853919065	2.9606798545787667	-21.54306983947754	129.0
5003	2.7320246677490494	3.0725027496689172	-21.093473434448242	129.0
5026	2.2558930801980495	2.9212694556071543	-21.102527618408203	130.0
5042	1.8297752747819949	2.878459313091436	-20.898975372314453	130.0
5061	1.7093991255980463	3.294169895078816	-20.480937957763672	130.0
5081	1.4228636208580117	3.4312831807010062	-20.266944885253906	130.0
5100	1.4184952564259308	3.7037301776651526	-19.919336318969727	130.0
5120	1.1513293645268603	3.9304015257433607	-19.709508895874023	130.0
5140	0.6475984024922588	3.684345102107642	-19.492422103881836	130.0
5160	0.6475984024922588	3.684345102107642	-19.492422103881836	130.0
5180	0.31722760251295806	3.648195374778445	-19.12563705444336	130.0
5200	0.22114486190278335	3.830967501751377	-19.18364143371582	130.0
5217	0.22114486190278335	3.830967501751377	-19.18364143371582	130.0
5236	-0.135377248239032	3.8211340120360706	-19.234804153442383	130.0
5256	-0.21294901951712267	3.7093334212221265	-19.324182510375977	127.0
5275	-0.2608297182260313	3.699820533230958	-19.35191535949707	127.0
5295	-0.5859076918985247	3.8530720812036345	-19.4449405670166	127.0
5316	-0.7842263573240488	4.193436013294354	-19.39284324645996	127.0
5334	-0.9649005786112358	4.434857932904071	-19.48712730407715	127.0
5353	-1.1160414411175437	4.398481712876746	-19.808624267578125	127.0
5373	-1.4227914213039259	4.339097114436082	-19.90492820739746	127.0
5392	-1.8324107115221675	4.380043417753878	-20.192533493041992	127.0
5412	-2.088494819687158	4.366708354709675	-20.310577392578125	127.0
5432	-2.664239195339381	4.463660537940867	-20.391979217529297	127.0
5451	-2.918443889076344	4.674764086916173	-20.640602111816406	127.0
5471	-3.261954088822699	5.060752795345288	-21.09186363220215	127.0
5489	-3.7637289740071975	5.275339939736899	-21.165895462036133	127.0
5508	-3.830245139025013	5.6840125952128995	-21.415895462036133	126.0
5528	-3.8443372486049454	5.7962668318886585	-21.90833282470703	126.0
5549	-4.2127697778830635	5.854550774575513	-21.907358169555664	126.0
5568	-4.517497629339317	6.071972054304876	-22.413089752197266	126.0
5586	-4.68742058736031	5.9971032395067505	-22.942323684692383	126.0
5606	-5.087788684032904	6.25360757478335	-23.153141021728516	126.0
5625	-5.132928216716424	6.091367649901191	-23.414339065551758	126.0
5645	-5.272233977159521	6.03696866756785	-23.750574111938477	126.0
5664	-5.462676154707694	5.713016218291927	-24.018354415893555	126.0
5685	-5.827251403563049	6.007612574350441	-24.05276870727539	126.0
5703	-5.713551720969731	6.277376416538077	-24.619741439819336	126.0
5723	-5.876176779309477	6.242468494643267	-24.8343563079834	126.0
5742	-6.268344522507607	6.522505718501811	-25.159835815429688	130.0
5762	-6.113642396031413	6.582831469019059	-25.50244140625	130.0
5781	-5.985023530219316	7.017613951283145	-25.846237182617188	130.0
5801	-5.869816658053121	7.195938759365169	-26.4014892578125	130.0
5819	-5.929428582015578	7.611198698499353	-26.793193817138672	130.0
5840	-5.91071787579837	7.893510896196501	-27.090112686157227	130.0
5860	-5.798288184566957	7.900318425216943	-27.460887908935547	130.0
5880	-5.798288184566957	7.900318425216943	-27.460887908935547	130.0
5900	-5.6707381299132935	7.860881251449586	-27.59033966064453	130.0
5917	-5.6707381299132935	7.860881251449586	-27.59033966064453	130.0
5937	-5.716678481819641	7.9270731418917135	-27.94116973876953	130.0
5956	-5.740204672803519	7.7316445075762825	-28.17746353149414	130.0
5975	-5.880021622057683	7.727665795264871	-28.20093536376953	134.0
5996	-5.822985267667303	7.516910260686452	-28.118703842163086	134.0
6015	-5.350365837404517	7.201320741288364	-28.509033203125	134.0
6034	-5.417780673551425	7.228147285632541	-28.769533157348633	134.0
6054	-5.441592882730012	7.109878393288223	-28.83262825012207	134.0
6073	-5.532737246553851	7.128142378570687	-29.120107650756836	134.0
6092	-5.238687278101854	6.738096249352693	-29.08953857421875	134.0
6112	-5.1406103385216335	6.833836148041472	-29.29323959350586	134.0
6131	-5.104453474281587	6.970735390945752	-29.301284790039062	134.0
6151	-5.158917001438499	7.378438155184591	-29.558372497558594	134.0
6170	-5.478525991364129	7.330194019344995	-29.505611419677734	134.0
6189	-5.403916674002982	7.253603694732174	-29.44121551513672	134.0
6209	-5.508675209044664	7.227566956156736	-29.606754302978516	134.0
6228	-5.447167174072484	6.683026510086629	-29.75750732421875	133.0
6248	-5.642052746591458	6.815881027398306	-29.729772567749023	133.0
6268	-5.32300475256956	6.605074363444663	-29.89551544189453	133.0
6286	-5.420541040262402	5.67108115202354	-30.173664093017578	133.0
6306	-5.672170083570289	5.083946858261214	-30.180320739746094	133.0
6325	-5.672522130162775	4.91710789815717	-30.259765625	133.0
6345	-5.711986753769158	4.767257654911044	-30.22965431213379	133.0
6365	-5.725005921852019	4.566186975012303	-30.30500602722168	133.0
6384	-5.865149072073566	4.561596210938514	-30.10775375366211	133.0
6403	-5.747817114592505	4.253321264752235	-30.142648696899414	133.0
6423	-5.568345454975107	4.026096421340486	-30.06523323059082	133.0
6442	-5.187674283872312	4.128563209973356	-30.074840545654297	133.0
6461	-4.689010339143303	4.101028364536506	-30.18006134033203	130.0
6481	-4.943246019027625	3.9117251310466252	-30.030282974243164	130.0
6500	-4.966224039498835	3.4818840376235567	-29.89080047607422	130.0
6520	-5.1587660858935465	3.138023855723814	-29.91059112548828	130.0
6541	-5.117293669997669	3.245317499926373	-30.233470916748047	130.0
6560	-5.117293669997669	3.245317499926373	-30.233470916748047	130.0
6580	-5.5062683785880155	3.095758926791095	-30.41444969177246	130.0
6600	-5.895622453556607	3.1821953739042734	-30.244935989379883	130.0
6617	-5.895622453556607	3.1821953739042734	-30.244935989379883	130.0
6636	-5.9800902899061095	3.060327061517624	-30.07198143005371	130.0
6656	-5.8057055886623345	2.8100639842052644	-30.183422088623047	130.0
6675	-5.700309871284278	3.1316815525131063	-30.43888282775879	130.0
6695	-5.533098351276795	2.8801880352443745	-30.18427848815918	128.0
6714	-5.527212527532368	2.6871204761489524	-29.86086654663086	128.0
6734	-5.262032815271527	2.5786559831060307	-29.81206703186035	128.0
6753	-5.13098978389107	2.6341998503165565	-29.7314510345459	128.0
6774	-4.717949668276758	2.200912624517493	-29.595623016357422	128.0
6792	-4.790812391368311	1.953667701748948	-29.761507034301758	128.0
6812	-4.884045047053798	1.9942525142332987	-29.915428161621094	128.0
6831	-4.762473993888661	1.7992503781903628	-29.810680389404297	128.0
6850	-4.562132069573858	1.570222928570749	-30.077701568603516	128.0
6869	-4.177465902245881	1.5570431925634522	-30.13144302368164	128.0
6889	-4.298789163831107	1.7904528866882519	-30.091562271118164	128.0
6909	-4.359542851199544	1.1871784486686277	-30.267013549804688	128.0
6928	-4.449121648249526	1.3977398676336832	-30.580825805664062	128.0
6948	-4.60156729260678	1.2736467221271333	-30.551624298095703	130.0
6968	-4.886572417565118	1.5406305125022892	-30.28549575805664	130.0
6987	-4.797519358776529	1.4608749950135385	-30.23365020751953	130.0
7007	-4.926952847565511	1.8430275152443358	-30.157997131347656	130.0
7026	-4.813613737716965	1.4057768179739905	-30.335140228271484	130.0
7046	-4.652760694233779	1.3433116181000633	-30.326189041137695	130.0
7065	-4.346079854459752	1.3938104569496095	-30.092805862426758	130.0
7084	-4.371229682465415	1.0271533577027023	-30.150440216064453	130.0
7103	-4.260178031475416	1.2137580630804172	-30.212921142578125	130.0
7123	-4.219925967866479	0.9668782512986803	-30.239336013793945	130.0
7142	-4.377413670799252	0.8144527289055619	-30.19708251953125	130.0
7161	-4.537621134698393	0.34709289378112185	-30.08639144897461	130.0
7181	-4.952995124949363	0.45455534882097337	-30.092266082763672	134.0
7201	-5.095992942819402	0.28683898958981147	-30.049631118774414	134.0
7220	-5.041505708533407	0.12296647196320654	-29.904644012451172	134.0
7240	-5.041505708533407	0.12296647196320654	-29.904644012451172	134.0
7260	-4.641945794282883	0.2598080743854518	-29.59340476989746	134.0
7281	-4.641945794282883	0.2598080743854518	-29.59340476989746	134.0
7299	-4.543780925504715	0.3499842709744633	-29.43752670288086	134.0
7318	-4.633030681939835	0.19767226797792292	-29.492773056030273	134.0
7337	-4.39494457203309	0.15748980038513452	-29.683883666992188	134.0
7357	-4.1467270673763545	0.023966442275156454	-29.604738235473633	134.0
7378	-3.8946561374854483	-0.1792553887193629	-29.635154724121094	134.0
7395	-3.8674013571863797	-0.2279682438760334	-30.055082321166992	134.0
7416	-3.853966847251007	-0.2605047646442815	-29.977489471435547	133.0
7436	-4.107468581006136	-0.2780769004095233	-29.715051651000977	133.0
7455	-4.277583125375492	-0.40625192962324835	-29.909805297851562	133.0
7473	-4.1064431104909	-0.4789321500377693	-30.07324981689453	133.0
7493	-4.123892145087264	-0.3144087879953336	-30.029172897338867	133.0
7515	-3.9392021540413116	0.042075741282258085	-29.905532836914062	133.0
7531	-3.9103707321662737	0.18153046164849965	-29.827503204345703	133.0
7550	-3.9889283951413836	0.016767932959771914	-29.664365768432617	133.0
7570	-3.8914891253603616	-0.4332096908125152	-29.893474578857422	133.0
7591	-3.903526495410706	-0.6587534198183933	-29.872638702392578	133.0
7609	-3.953062297192745	-0.8702778847021524	-29.600173950195312	133.0
7628	-3.989673203940201	-1.2143980285321936	-29.506977081298828	133.0
7649	-3.8591583942544205	-1.2156271199101483	-29.457218170166016	133.0
7668	-3.880054296494834	-0.9948860850380963	-29.486621856689453	128.0
7687	-3.796894187431799	-0.9752569143959928	-29.4823055267334	128.0
7707	-3.5368858241334706	-1.0190941574179972	-29.48733901977539	128.0
7726	-3.5352982454260067	-0.961212301660644	-29.42218589782715	128.0
7745	-3.6713975277968687	-1.0019755879475158	-29.44655418395996	128.0
7765	-3.7509899751320295	-1.0402133626192094	-29.450130462646484	128.0
7784	-3.5868347634443096	-0.9752496507263683	-29.257678985595703	128.0
7804	-3.516757060955222	-1.0777990552900636	-29.260509490966797	128.0
7823	-3.391344126792598	-1.0681419497103062	-29.31976318359375	128.0
7843	-3.1982196218714742	-0.9035987271907573	-29.3479061126709	128.0
7862	-3.30079649927254	-0.7170842684948544	-29.045703887939453	128.0
7881	-3.195265834656925	-0.7713031413856977	-29.093524932861328	128.0
7901	-2.8897674817530197	-0.9118142724692894	-29.206283569335938	128.0
7920	-2.4164907492405776	-1.1292270393539474	-29.334453582763672	128.0
7941	-2.3654810584652624	-1.3505883716104408	-29.402324676513672	128.0
7963	-2.3250947462286056	-1.1502801463504035	-29.500713348388672	128.0
7980	-2.5080512374913972	-1.4851562318163944	-29.482723236083984	128.0
8000	-2.228713731937763	-1.4495335263538176	-29.337339401245117	128.0
8018	-2.228713731937763	-1.4495335263538176	-29.337339401245117	128.0
8037	-2.163814250462972	-1.540460915257732	-29.39655876159668	128.0
8057	-2.1698476035137673	-1.4379838982961228	-29.32940673828125	128.0
8076	-2.131840839711471	-1.6252645297350274	-29.08315658569336	128.0
8096	-2.192867415859935	-1.6180974722753365	-29.180179595947266	128.0
8115	-2.1752952416937394	-1.5732601841967082	-29.013376235961914	128.0
8135	-2.024403447565255	-1.6073072368317904	-29.06521987915039	130.0
8154	-1.7654830990028665	-1.3752913830313922	-29.080543518066406	130.0
8174	-2.108519593234409	-1.47297782498381	-29.336833953857422	130.0
8192	-2.1129592885364663	-1.3346771901478525	-29.451828002929688	130.0
8212	-2.2437604589974063	-1.5823269673895362	-29.449607849121094	130.0
8231	-2.029752498008389	-1.2972450761076533	-29.750877380371094	130.0
8251	-2.174319510002069	-1.1980362946114236	-29.699907302856445	130.0
8270	-2.3982242207265876	-1.157010517252175	-29.895601272583008	130.0
8290	-2.362672309296746	-1.1882202714644825	-29.688657760620117	130.0
8309	-2.5298862697993547	-1.3103507416558258	-29.741641998291016	130.0
8329	-2.334496024655656	-1.3634890446766172	-29.725322723388672	130.0
8348	-2.058988786248837	-1.4751956194309932	-29.7836971282959	130.0
8368	-1.7467201882608392	-1.4556672578242043	-29.84373664855957	130.0
8387	-1.9608624371602181	-1.489017502989599	-29.70923614501953	134.0
8408	-1.8552417695941033	-1.4073545391511626	-29.554462432861328	134.0
8425	-1.7765203008186072	-1.4283376962135081	-29.311599731445312	134.0
8446	-1.8849651128199134	-1.3165117292358157	-29.475547790527344	134.0
8465	-1.8228531500533203	-1.4423114929351035	-29.22456169128418	134.0
8484	-1.7641120451317314	-1.3363261102034965	-29.039352416992188	134.0
8504	-1.6105879815929869	-1.311479577996514	-29.083078384399414	134.0
8523	-1.6942798688373952	-1.1840834880602136	-28.837724685668945	134.0
8543	-1.696013143325542	-1.322304838218307	-28.81641960144043	134.0
8561	-1.5069069484757533	-1.4361456962860362	-29.10072898864746	134.0
8583	-1.3220955641056444	-1.6351170703734819	-29.178043365478516	134.0
8601	-1.1664875083824497	-1.7136638130590263	-29.063091278076172	134.0
8621	-1.0064818861304803	-1.5211274194257203	-29.328474044799805	133.0
8641	-1.0134365839257737	-1.374943292471402	-29.251480102539062	133.0
8660	-1.4792728760193867	-1.475853969233638	-29.009384155273438	133.0
8680	-1.5259212347747926	-1.5307521853938761	-29.24106216430664	133.0
8700	-1.5259212347747926	-1.5307521853938761	-29.24106216430664	133.0
8718	-1.3314413887542516	-1.30833953709461	-29.119020462036133	133.0
8737	-1.4331056439596177	-1.2547741093185323	-28.95644760131836	133.0
8757	-1.4016594979746235	-1.2790094251499406	-29.04655647277832	133.0
8776	-1.335798551930319	-1.2230315671536252	-29.109397888183594	133.0
8795	-1.3269648024966476	-1.3689605553759843	-28.919837951660156	133.0
8815	-1.2988621996938867	-1.453580805695837	-29.224897384643555	133.0
8835	-1.3988763585738753	-1.310516344683665	-29.151819229125977	133.0
8855	-1.048543715874025	-1.215670720990943	-29.07562828063965	133.0
8874	-1.235124428906393	-1.2635742826457164	-29.065441131591797	128.0
8893	-1.1454484245448768	-1.1320510111205537	-29.06891441345215	128.0
8912	-1.1656157462576053	-1.2193495053556085	-29.184980392456055	128.0
8932	-1.1482055474550448	-1.3718797644501362	-29.376371383666992	128.0
8952	-1.154095000002428	-1.3954443504786493	-29.565494537353516	128.0
8971	-0.9161933985381825	-1.4874281552469215	-29.381391525268555	128.0
8989	-0.5984646615878969	-1.4418716918534178	-29.4063720703125	128.0
9010	-1.1071070855404541	-1.1565424887340392	-29.549829483032227	128.0
9030	-0.6919186695987155	-1.45021801931715	-29.534894943237305	128.0
9049	-0.9159928246782497	-1.589059894642701	-29.596891403198242	128.0
9068	-0.9151175020191514	-1.43708616176617	-29.60720443725586	128.0
9087	-0.8906688067660606	-1.2571836968042651	-29.32692527770996	128.0
9106	-0.78122548088457	-1.3801988760305886	-29.210830688476562	128.0
9126	-1.136055776336813	-1.4711186394382634	-29.365541458129883	128.0
9145	-1.4529064018532292	-1.428914833503316	-29.51871109008789	128.0
9165	-1.1713206993703993	-1.2566102461278414	-29.560699462890625	128.0
9185	-1.3368242117720295	-1.343961361979317	-29.808589935302734	128.0
9206	-1.2522694856098042	-1.287389454741516	-29.711387634277344	128.0
9224	-1.1840806352159352	-1.287705572035954	-29.55916404724121	128.0
9243	-1.1579384687914933	-1.2359945149488791	-29.600223541259766	128.0
9262	-0.9506513808647312	-1.1725237832591868	-29.499614715576172	128.0
9282	-0.8285133518093365	-1.0790787541602322	-29.354053497314453	128.0
9301	-0.8572853052690518	-1.2455420867446318	-29.3686466217041	128.0
9322	-0.8077662245698977	-1.4045236374057424	-29.468786239624023	128.0
9341	-0.36082374840530046	-1.4857729643257933	-29.16067886352539	129.0
9361	-0.6056700808349313	-1.3395156052378165	-29.150541305541992	129.0
9380	-0.6662298741364712	-1.0155241006282187	-29.367979049682617	129.0
9400	-0.4243178938738599	-0.9759996260777211	-29.361982345581055	129.0
9419	-0.4243178938738599	-0.9759996260777211	-29.361982345581055	129.0
9441	-0.6620817684604413	-1.2271808761041665	-29.524290084838867	129.0
9457	-0.6775138043336472	-1.4292126013215949	-29.419504165649414	129.0
9476	-0.801252035566555	-1.2126431457567097	-29.386754989624023	129.0
9496	-1.055634499307887	-1.1175974974140592	-29.419214248657227	129.0
9516	-1.325966814636847	-1.5272260152280306	-29.664058685302734	129.0
9535	-1.0921845516743776	-1.590995108510416	-29.59622573852539	129.0
9555	-1.1814524249232286	-1.55755285136514	-29.47420883178711	129.0
9575	-1.1924757108603303	-1.4138333998337416	-29.25124168395996	129.0
9593	-1.0645545166996027	-1.69921643442441	-29.157634735107422	131.0
9612	-1.1031785551927393	-1.332076625850756	-29.153135299682617	131.0
9631	-1.0930390207571576	-1.3179287143255742	-29.056623458862305	131.0
9659	-1.2142865064143147	-1.4815822636050873	-28.871366500854492	131.0
9670	-1.5146203776771525	-1.3133784577952095	-28.805694580078125	131.0
9689	-1.7995948014633294	-1.6149156839038774	-28.915462493896484	131.0
9709	-1.6708808541321134	-1.6207137391815563	-28.985750198364258	131.0
9730	-1.7186733975676953	-1.6239051932106234	-29.25960922241211	131.0
9749	-1.6641539767574238	-1.46353999052978	-29.282394409179688	131.0
9768	-0.9094183332577821	-1.6158399503119345	-29.414628982543945	131.0
9787	-0.9981983575925822	-1.3670638642099187	-29.648880004882812	131.0
9806	-1.0294557830690172	-1.2211960017904935	-29.768674850463867	131.0
9826	-1.2893243548209972	-1.4474829836098553	-29.80160903930664	133.0
9846	-1.119501632483972	-1.437177762967047	-29.633342742919922	133.0
9865	-1.3045944449080131	-1.3876506578777226	-29.441295623779297	133.0
9885	-1.0841471476107518	-1.6102339176945197	-29.30773162841797	133.0
9904	-1.3405381691516227	-1.713537835188606	-29.2880859375	133.0
9923	-1.9059053252576932	-1.8866994687854914	-29.239635467529297	133.0
9943	-1.789711135694575	-1.9192986223381008	-29.216094970703125	133.0
9962	-1.6688571130560268	-2.0926693757376134	-29.075191497802734	133.0
9982	-1.581979007259008	-2.113842529854604	-29.014253616333008	133.0
10002	-1.5580208330983873	-1.9012466454435284	-29.036521911621094	133.0
10020	-1.7157606708349868	-1.948205330970106	-29.061965942382812	133.0
10040	-1.5882615418264716	-1.7142956605231217	-29.22593116760254	133.0
10061	-1.8021243035128063	-1.9980850907357999	-29.27301597595215	128.0
10080	-1.4235292234670716	-2.0471833057833595	-29.266557693481445	128.0
10100	-1.6933232666821283	-1.693526846455316	-29.006349563598633	128.0
10118	-1.6933232666821283	-1.693526846455316	-29.006349563598633	128.0
10138	-2.062448064896324	-1.5119294009488562	-28.973939895629883	128.0
10157	-1.9857251377320069	-1.3806097918174598	-28.957494735717773	128.0
10176	-1.8910765608726758	-1.3711448136168318	-29.06531524658203	128.0
10196	-1.8902700936211554	-1.252699358686951	-29.298583984375	128.0
10216	-2.024495820293991	-1.3548116318227594	-29.3333797454834	128.0
10235	-1.694764387253232	-1.3351603970465342	-29.30583953857422	128.0
10254	-2.0351321451509525	-1.4646221632824956	-29.361604690551758	128.0
10274	-1.7060419209223816	-1.5437215232114718	-29.531885147094727	128.0
10294	-1.7258943704119443	-1.6312910615185099	-29.425447463989258	128.0
10313	-1.8900684339596305	-1.8585678091288522	-29.521709442138672	128.0
10332	-1.95053874798114	-1.7933592686597288	-29.415433883666992	128.0
10352	-1.6544250613430556	-1.6282529224112459	-29.18573760986328	128.0
10371	-1.6867158494965384	-1.818984808032676	-29.08193016052246	128.0
10391	-1.646857603516277	-1.0222755781259594	-29.153562545776367	128.0
10409	-1.9869210532931796	-1.7489786636481064	-29.23873519897461	128.0
10428	-2.063169873828572	-1.8631909431017957	-29.13789176940918	128.0
10449	-1.7092459155039017	-1.7941741804189897	-29.321659088134766	128.0
----------------도착----------------
10468	-1.303592556151928	-1.8771814518618268	-29.216543197631836	128.0
10488	-1.599231629439272	-0.9686397639916996	-29.483308792114258	128.0
10507	-1.7253583765438343	-0.7748073983912127	-29.590721130371094	128.0
10526	-1.821018147356678	-0.8371831447971697	-29.50732421875	128.0
10545	-2.008942407818646	-1.12824308893024	-29.41994285583496	130.0
10566	-1.8466881518796923	-1.2367713694459077	-29.32681655883789	130.0
10584	-1.935409729538709	-1.1850089566159678	-29.436737060546875	130.0
10605	-2.1135138389202535	-1.509357219044936	-29.19527244567871	130.0
10623	-2.109138348521405	-1.3148956759162491	-29.244873046875	130.0
10642	-2.084933892770173	-1.23973691748952	-29.105762481689453	130.0
10662	-1.9861374541759504	-1.0062677577752666	-29.148794174194336	130.0
10682	-1.9650099691820626	-0.7713153276724648	-29.321876525878906	130.0
10701	-1.7011303435559417	-0.3207305122095386	-29.225818634033203	130.0
10720	-1.6283367166709244	-0.3869124069901761	-29.237411499023438	130.0
10740	-1.4261738224427132	-0.6541496804488165	-29.206491470336914	130.0
10760	-1.1652292709169956	-0.5143688938539419	-29.287425994873047	130.0
10781	-1.1666978393665908	-0.49367815259249764	-29.103553771972656	134.0
10801	-1.3340260438027876	-0.512892331256275	-29.122323989868164	134.0
10818	-1.3340260438027876	-0.512892331256275	-29.122323989868164	134.0
10838	-1.0902713880435573	-0.9504382971340434	-28.941465377807617	134.0
10857	-1.1961641580658018	-0.9539791582880485	-28.758262634277344	134.0
10876	-1.554520022590811	-1.3527557549870837	-28.93694496154785	134.0
10896	-1.5231975275951268	-1.4468427653547586	-29.0776309967041	134.0
10920	-1.317325889892277	-1.3167191876448134	-29.421142578125	134.0
10935	-1.398049307493454	-1.0209394950308666	-29.471139907836914	134.0
10954	-1.3997859461095357	-0.7736601772457595	-29.694969177246094	134.0
10974	-1.507350761704069	-1.1082379447797355	-29.55660057067871	134.0
10993	-1.4538612260454318	-1.1033476798039807	-29.722192764282227	134.0
11012	-1.3409256983597675	-1.2352665880877969	-29.706388473510742	134.0
11033	-1.0085229996435932	-1.0200976402825652	-29.62134552001953	134.0
11052	-0.8460975911553272	-1.009593776030825	-29.380823135375977	134.0
11070	-0.7218583170195729	-0.6280761823946902	-28.981956481933594	134.0
11091	-0.8294156656210232	-0.4082925933016289	-29.065711975097656	134.0
11109	-1.0638673467010675	-0.7748335344955328	-28.913225173950195	134.0
11129	-0.6058490313131687	-0.5093912694436173	-28.952136993408203	134.0
11149	-0.4856002343492017	-0.9369972505328784	-28.812114715576172	134.0
11168	-0.3232296648291383	-1.0102360309102463	-28.76000213623047	134.0
11187	-0.2953534212177546	-0.9303064924522018	-28.74690818786621	134.0
11208	-0.29042326187099504	-0.608596790946919	-29.140214920043945	134.0
11226	-0.6334404368146768	-0.8994613237688466	-29.091896057128906	134.0
11246	-0.6400199695353784	-1.1515302532046316	-28.933452606201172	134.0
11267	-0.5806337944895709	-0.8574283390770218	-29.162630081176758	133.0
11286	-0.635414822187437	-0.9093887621821036	-29.199533462524414	133.0
11304	-0.5928041450402859	-1.0205052292196828	-29.306137084960938	133.0
11324	-0.64015269351912	-1.0130177087954562	-29.477943420410156	133.0
11342	-0.7017260277079895	-0.837923995166414	-29.515409469604492	133.0
11363	-0.9263080936734018	-1.1288588483700708	-29.445415496826172	133.0
11382	-0.844382559587793	-1.4401669092293221	-29.74257469177246	133.0
11401	-0.754820795237836	-1.2260636474698496	-29.982585906982422	133.0
11420	-0.7374400791676036	-1.16494690060133	-29.911346435546875	133.0
11440	-0.9404246396128269	-1.4378685831303535	-30.020851135253906	133.0
11460	-0.8354445329346686	-1.427182137385105	-30.185928344726562	133.0
11481	-1.131702059896993	-1.2313761116659776	-30.21047592163086	133.0
11500	-0.8867569289096839	-1.3339252517178926	-30.159408569335938	128.0
11520	-0.9462573205298852	-1.5916782236037113	-29.836503982543945	128.0
11538	-0.9462573205298852	-1.5916782236037113	-29.836503982543945	128.0
11557	-0.4226607577343239	-1.3056432607194217	-29.706321716308594	128.0
11576	-0.32903042032627167	-1.4452508797909667	-29.581897735595703	128.0
11596	-0.15098619243169242	-1.2507151379164478	-29.588308334350586	128.0
11616	-0.05548633386965739	-1.179791286205859	-29.427234649658203	128.0
11634	-0.24722251690720495	-1.35615507480283	-29.31792640686035	128.0
11654	-0.1440553472284837	-1.5832456843287706	-29.187259674072266	128.0
11674	-0.22776148784584516	-1.630285640444951	-29.27886390686035	128.0
11692	-0.11273493768271489	-1.643139534720399	-29.337743759155273	128.0
11712	-0.21951250677171666	-1.8454887326016218	-29.197359085083008	128.0
11732	-0.24462074546146612	-1.9992177773835271	-29.159107208251953	128.0
11752	-0.18080873473392867	-2.0777058165229443	-29.12640380859375	130.0
11771	-0.4571480320514417	-1.6250084478398252	-29.3626708984375	130.0
11790	-0.36719973215989404	-1.5196725973800869	-29.44247817993164	130.0
11809	-0.08178404018447197	-1.469311849151346	-29.23781967163086	130.0
11829	0.053851648649527864	-1.5411831990853215	-29.325166702270508	130.0
11849	0.1526555578279307	-1.1144904812560052	-29.240970611572266	130.0
11868	0.14315795174703425	-0.7791571105111379	-29.509883880615234	130.0
11888	-0.16663729748227712	-0.40486591942845385	-29.421796798706055	130.0
11907	-0.2985073453913196	-0.7415569311493148	-29.424100875854492	130.0
11927	-0.37637467612649933	-1.2278866094312197	-29.003538131713867	130.0
11946	-0.028106898234070893	-1.0866577769321428	-28.923198699951172	130.0
11966	0.038012675205267604	-0.9963495377368955	-29.1661434173584	130.0
11985	0.11030999402093665	-0.8558448996642947	-29.020179748535156	134.0
12004	0.5957182945929206	-0.832086903146566	-28.94015884399414	134.0
12023	0.4368223101351692	-1.2298705122243248	-28.764419555664062	134.0
12043	-0.44215051613677314	-1.2488375203262974	-28.919498443603516	134.0
12063	-0.10019494811910272	-1.065085630312337	-28.932476043701172	134.0
12082	-0.3244599284117578	-1.1281275002914748	-29.132564544677734	134.0
12101	0.06022899492195408	-1.399686270231272	-29.149518966674805	134.0
12120	-0.14999862404001535	-1.4863270876268844	-29.032855987548828	134.0
12140	-0.2334972379808191	-1.1218037026881904	-28.87022590637207	134.0
12160	-0.29188053531170544	-1.1978906606005482	-29.092716217041016	134.0
12181	-0.21477001557555678	-1.2194464634921638	-29.14917755126953	134.0
12200	0.06983730340850962	-1.1708003297957212	-29.405561447143555	134.0
12219	0.204563227641273	-0.942017601916337	-29.430583953857422	133.0
12237	0.204563227641273	-0.942017601916337	-29.430583953857422	133.0
12257	0.29802835085549373	-1.1065984270298783	-29.615726470947266	133.0
12282	0.3890583156712326	-1.2734273705839942	-29.325227737426758	133.0
12296	0.7299702378345696	-1.207739582433539	-29.417911529541016	133.0
12316	0.0037266149727766856	-1.7468923465527544	-29.707609176635742	133.0
12336	0.47279494826688195	-1.7189846804733386	-29.87181282043457	133.0
12354	0.5025895655466559	-1.2067046823449583	-29.628328323364258	133.0
12373	0.29990656900556223	-1.4302175416790561	-29.387489318847656	133.0
12393	0.412697865417109	-1.6602880656013908	-29.351720809936523	133.0
12413	0.5944566821890077	-1.7433273763967059	-29.147586822509766	133.0
12432	0.19132804308844228	-2.020820557704003	-29.28489112854004	133.0
12452	0.25255877094291157	-1.9820334120712164	-29.297500610351562	133.0
12470	0.2479777668539557	-2.084829486083315	-29.229610443115234	130.0
12491	0.23313816913799246	-2.448439837187277	-28.846065521240234	130.0
12509	0.3406877163203982	-2.4592814860407213	-29.043838500976562	130.0
12530	0.42384391462621085	-2.1120520217179344	-29.00015640258789	130.0
12548	0.7058188196480188	-2.4069943316770215	-28.89200210571289	130.0
12568	0.44561255534451083	-3.3218587551156964	-28.61297035217285	130.0
12587	0.5865369728805254	-3.210170832764061	-28.474689483642578	130.0
12607	1.1382498337997684	-2.911766094271167	-28.35600471496582	130.0
12626	1.5974374634794677	-2.451566633458376	-28.296445846557617	130.0
12645	2.166016668868252	-2.2979509813484427	-28.386255264282227	130.0
12665	2.570222744761437	-2.7998218449296903	-28.181947708129883	130.0
12684	2.618548147508307	-3.4993765172403006	-28.178251266479492	130.0
12703	2.8972336188308825	-3.7701438013943775	-28.20510482788086	132.0
12723	3.1184711949149193	-3.9661900214553873	-28.14517593383789	132.0
12742	2.86194881633232	-4.387787120723888	-28.2304744720459	132.0
12762	2.573318116222561	-4.736276677989728	-28.009078979492188	132.0
12781	2.440014647144718	-5.264049738311984	-27.806255340576172	132.0
12801	2.483775359111341	-5.975015863225302	-27.611879348754883	132.0
12820	2.450705488736215	-6.099315229616615	-27.526273727416992	132.0
12840	2.532706894586958	-5.7049428033502725	-27.456838607788086	132.0
12861	3.068713494977895	-5.68203560460631	-27.513710021972656	132.0
12880	2.571009664997394	-6.693708598889594	-27.43985939025879	132.0
12900	2.645421171863268	-7.500429826124065	-27.251535415649414	132.0
