3	-23.13886331435567	44.146663929307735	-21.62000274658203	103.0
24	-22.958412221427846	44.57344742669811	-21.446266174316406	103.0
42	-23.289949604025598	44.523040337216926	-21.34960174560547	103.0
61	-23.24944015973962	44.39668568290455	-21.392444610595703	103.0
81	-22.902322536953076	45.08744233672941	-20.826791763305664	103.0
100	-23.334104403733136	45.23209688349798	-20.704853057861328	103.0
121	-23.749717946973952	45.13956976143499	-20.760292053222656	103.0
141	-23.731045508143293	45.27947556119263	-20.583816528320312	103.0
160	-23.025917835556907	45.63900297998704	-20.309206008911133	103.0
178	-23.321559150789042	45.17638753545459	-20.50094223022461	103.0
199	-23.72960234223456	44.94853081014131	-20.61008071899414	103.0
217	-24.18625566672476	44.53842043258533	-20.88752555847168	103.0
238	-24.6898732572407	43.881298823319085	-21.278648376464844	103.0
259	-24.4214381669391	43.94022575309613	-21.404930114746094	103.0
280	-24.432125291348527	43.99623520264709	-20.95313835144043	103.0
295	-24.227276791129405	44.087900946050276	-20.977161407470703	103.0
315	-24.56249601320745	44.1775884354159	-20.676586151123047	103.0
334	-24.215801680186914	44.6921550447201	-20.60521697998047	103.0
353	-23.975268734856755	44.880698820122475	-20.653125762939453	102.0
375	-23.936636741784234	45.07447837540246	-20.794002532958984	102.0
394	-23.916080351897133	45.1413821743167	-20.841644287109375	102.0
413	-24.13995351059401	44.4804980371373	-22.18189239501953	102.0
432	-23.968411321485807	44.80690743958722	-22.52828025817871	102.0
451	-24.19311477213852	45.15227840786193	-22.028854370117188	102.0
472	-24.150058481340754	45.72357927957725	-21.288372039794922	102.0
492	-24.08422002193879	46.19521674054462	-20.60193634033203	102.0
510	-23.86913210482186	46.276449558619404	-20.775066375732422	102.0
529	-23.65958930607609	46.18454872593733	-20.745820999145508	102.0
548	-23.347589499069613	46.45340152165428	-20.702404022216797	102.0
567	-23.416884030807847	46.58350959820912	-20.671899795532227	102.0
588	-23.086728317506736	46.436698733719695	-20.579805374145508	104.0
608	-22.87649905988073	46.29943271489998	-21.508193969726562	104.0
628	-22.65540061093293	46.44646700080643	-21.5759334564209	104.0
647	-22.60158736768125	46.31851342524146	-21.506351470947266	104.0
666	-22.60158736768125	46.31851342524146	-21.506351470947266	104.0
684	-22.354978763263716	46.600277032036615	-21.087060928344727	104.0
705	-22.13921174222141	47.32082518914756	-20.523618698120117	104.0
724	-21.95319015941084	47.54103969490435	-20.3603515625	104.0
743	-21.926266055380946	47.535489401481556	-20.003578186035156	104.0
762	-22.232492975725393	47.35768533162329	-20.2614688873291	104.0
783	-22.328592771614193	47.050060527190944	-20.386878967285156	104.0
802	-22.021642714048962	47.13340468129307	-20.149019241333008	104.0
821	-22.005352546247252	47.134576839596434	-20.25557518005371	104.0
840	-21.911506145496833	47.101447133150366	-20.39626693725586	107.0
861	-21.84068245401023	46.67389390337855	-21.04369354248047	107.0
879	-22.08231569896955	46.5820427702982	-21.06038475036621	107.0
898	-22.20142677083791	46.44502678621331	-21.229703903198242	107.0
917	-22.242904621910974	46.40983985996721	-21.212650299072266	107.0
938	-22.56184274698084	46.14333095856204	-21.02419662475586	107.0
957	-22.496427391326698	46.19303857333007	-20.263214111328125	107.0
977	-22.32074658674653	46.371561391537455	-19.93061065673828	107.0
995	-22.341727302907632	46.3830874826382	-20.242916107177734	107.0
1014	-21.926857813683927	46.233156881056	-20.762691497802734	107.0
1034	-21.483568810756577	46.65694294313232	-20.259281158447266	107.0
1053	-21.82026509962662	46.46244853416731	-20.407094955444336	107.0
1074	-21.63156507826931	46.4451879354894	-20.22759437561035	107.0
1092	-21.59510560858419	46.55045143176288	-20.558712005615234	107.0
1111	-21.690807432583064	47.06748431269243	-20.35847282409668	107.0
1131	-21.969604733560256	47.147297558566564	-19.921096801757812	107.0
1151	-22.114205978305197	47.14848585234592	-19.48269271850586	107.0
1170	-22.42919475901869	47.17852531199434	-19.420673370361328	107.0
1190	-22.28548813252574	46.95288771254437	-20.045934677124023	107.0
1209	-21.818358324933342	46.78837684179738	-20.855304718017578	107.0
1228	-21.882650803707083	46.663302542095614	-21.284160614013672	107.0
1247	-21.79299296094909	46.737987532752214	-21.523727416992188	107.0
1267	-21.63522958500803	46.95825658888564	-21.175622940063477	107.0
1286	-21.518308674644835	47.45945426819597	-20.582889556884766	107.0
1307	-21.311100774621984	47.74820568998302	-20.79098892211914	105.0
1327	-21.311100774621984	47.74820568998302	-20.79098892211914	105.0
1347	-21.450822773772256	48.47685334619821	-19.7374267578125	105.0
1366	-21.450822773772256	48.47685334619821	-19.7374267578125	105.0
1386	-21.500441746972736	48.60336872498709	-19.37289047241211	105.0
1403	-21.98987388773861	48.39737293062975	-19.36382293701172	105.0
1423	-22.475885296813544	48.32440207973838	-19.651227951049805	105.0
1442	-22.352466370390218	48.1374135488961	-20.077674865722656	105.0
1462	-22.39605707760164	48.23012351354237	-19.94322395324707	105.0
1481	-22.516132520010963	48.14152235473656	-19.884807586669922	105.0
1500	-22.70091024957606	48.247395434078264	-20.183155059814453	105.0
1521	-22.71085487122897	48.19571617906122	-20.534944534301758	105.0
1539	-22.81160910425394	48.559654903128106	-20.159507751464844	105.0
1559	-22.98310254602576	49.183375406795555	-19.474315643310547	106.0
1578	-22.691011623566624	49.33470779026295	-18.96326446533203	106.0
1598	-23.024556947670245	49.213376897531596	-19.17099380493164	106.0
1618	-23.05272058822705	48.93965853994564	-20.265064239501953	106.0
1637	-23.2989186622904	48.997736695537306	-20.40931510925293	106.0
1656	-23.184285602315256	49.44569828493465	-19.93480110168457	106.0
1676	-23.102972394446773	49.85228285288147	-19.417922973632812	106.0
1696	-23.008879612752327	50.09525506619628	-19.381729125976562	106.0
1714	-23.068247974065528	50.24017115046975	-19.360958099365234	106.0
1734	-23.12088963907043	50.34271015388705	-19.84030532836914	106.0
1754	-23.010082497778484	50.88453907302438	-19.62490463256836	106.0
1774	-23.180982724511917	51.12314542940882	-19.273786544799805	106.0
1792	-22.889385597005294	51.44314109772966	-19.36806869506836	108.0
1811	-22.74210307552017	51.436982335576296	-19.53415870666504	108.0
1831	-22.699919749884216	51.55465196746489	-19.2811279296875	108.0
1851	-22.842576628277232	51.95893820701237	-18.572973251342773	108.0
1870	-23.160780431512077	51.82265207813733	-18.683917999267578	108.0
1889	-23.21474482143574	51.72344857425244	-18.80532455444336	108.0
1909	-23.114231763749896	51.88813322759153	-18.747095108032227	108.0
1928	-23.17960503694688	51.99987128187469	-19.2322998046875	108.0
1948	-22.963507463933144	51.73857628743261	-20.505971908569336	108.0
1967	-22.65350847530733	51.8655719473867	-20.678150177001953	108.0
1987	-22.616548453050875	52.581889334419145	-20.183250427246094	108.0
2007	-22.859489917909176	52.93936101156338	-19.231725692749023	108.0
2027	-22.9836524553773	53.476468048669176	-18.99057388305664	110.0
2047	-23.226656290448126	54.064024828975796	-18.60506820678711	110.0
2066	-23.373274056160216	54.2594231953023	-18.307104110717773	110.0
2084	-23.373274056160216	54.2594231953023	-18.307104110717773	110.0
2105	-23.158807481150358	54.413277497364966	-18.460712432861328	110.0
2122	-23.158807481150358	54.413277497364966	-18.460712432861328	110.0
2142	-23.249163995394785	54.510570882210246	-18.917362213134766	110.0
2161	-23.42433111107696	54.54225148369995	-19.495773315429688	110.0
2181	-23.622678928306037	55.05596862300371	-19.45447540283203	110.0
2201	-23.601850325702618	55.37063521815954	-19.192825317382812	110.0
2221	-23.46646379876248	55.34342164537977	-19.019561767578125	110.0
2240	-23.905254763895837	55.42376669128764	-19.119964599609375	110.0
2259	-24.178800675693083	55.835113238486365	-19.363513946533203	110.0
2278	-24.069883745438336	56.244361992025574	-18.887317657470703	110.0
2298	-23.996027912869366	56.889619768622985	-18.195423126220703	110.0
2317	-23.973879763096374	56.82398921721511	-17.524003982543945	110.0
2338	-24.02010007529395	56.53061941754482	-17.771310806274414	110.0
2356	-23.90344811900354	56.23449799894689	-18.293231964111328	110.0
2376	-24.1693531912979	56.50176665226919	-18.412965774536133	110.0
2395	-24.157165077039934	56.521727397721634	-18.620792388916016	110.0
2415	-24.167556431857424	56.39403792174965	-18.357929229736328	110.0
2434	-24.1833358873979	56.532746637436475	-18.525577545166016	110.0
2454	-24.207758614141035	56.52702289556241	-18.465219497680664	110.0
2473	-24.221222659513536	56.858183511080426	-18.1344051361084	110.0
2492	-24.21867504643204	57.09344318274836	-18.03111457824707	110.0
2511	-24.44173969667797	57.27055577969543	-17.904783248901367	107.0
2532	-24.156662419357726	57.21826048094295	-18.078445434570312	107.0
2551	-24.37402348220373	56.89980321414949	-18.505409240722656	107.0
2570	-24.56865777897706	56.58795469104523	-19.138668060302734	107.0
2589	-24.336109724449475	56.82173617954585	-18.81837272644043	107.0
2609	-24.110167627127552	57.158508412714795	-18.20694351196289	107.0
2628	-24.069258430690226	57.353026082095354	-17.913246154785156	107.0
2649	-24.262538270027047	57.23424390338108	-18.12038803100586	107.0
2668	-24.441881487320874	57.06647956329869	-18.58285903930664	107.0
2687	-24.479820525277187	57.1375358942309	-18.698348999023438	107.0
2707	-24.479820525277187	57.1375358942309	-18.698348999023438	107.0
2726	-24.343778860745818	57.453877753634515	-18.46440887451172	107.0
2747	-24.52274116360914	57.576108310020714	-17.94594383239746	105.0
2766	-24.550068812977187	57.45578540359901	-18.136512756347656	105.0
2786	-24.751593246694636	57.29155216367689	-18.236642837524414	105.0
2804	-24.751593246694636	57.29155216367689	-18.236642837524414	105.0
2823	-24.84178327897009	57.46348784162906	-17.8627986907959	105.0
2842	-24.556554441290025	57.74784943630504	-17.847640991210938	105.0
2862	-24.229793178091946	57.899274323465185	-17.390663146972656	105.0
2881	-24.057686014435443	57.85072338729632	-17.648218154907227	105.0
2902	-23.866821957058264	58.041252854185466	-17.716827392578125	105.0
2920	-23.950635671685124	58.11309733237801	-18.176902770996094	105.0
2940	-24.258874267951047	58.03754939729086	-18.413110733032227	105.0
2959	-24.233622014342526	58.118652620307465	-18.507125854492188	105.0
2979	-23.75875833820143	58.36990730177002	-18.49072265625	105.0
2998	-24.198654752908386	58.11731999711942	-18.146825790405273	106.0
3018	-23.99890453277418	58.26502671692022	-17.97962760925293	106.0
3037	-23.937414511773245	58.22600377384249	-17.863527297973633	106.0
3056	-23.7787158911373	58.1028601872057	-18.01810073852539	106.0
3076	-23.612611204272078	58.12305644535681	-17.905094146728516	106.0
3098	-23.872506763854307	58.283425303259385	-17.809783935546875	106.0
3115	-23.87181390679755	58.173092373847005	-18.08220100402832	106.0
3134	-24.04100977494398	58.23738538006991	-17.881649017333984	106.0
3153	-24.406091467957545	58.28473459511589	-17.743488311767578	106.0
3173	-24.40119165444959	58.589082703739685	-17.21739387512207	106.0
3192	-24.380555911112275	58.936926757810696	-17.200397491455078	106.0
3213	-24.73083790446819	58.708995308281374	-17.844982147216797	106.0
3234	-25.062602226733947	58.80464893525282	-18.15011215209961	110.0
3251	-24.65453912882976	58.82569675716812	-18.01522445678711	110.0
3270	-25.02483383115211	58.94079810562299	-18.10441017150879	110.0
3289	-25.058037657023466	59.08160951925129	-18.019065856933594	110.0
3308	-24.978629712086818	59.335978020315444	-18.041847229003906	110.0
3328	-25.11028308054367	59.49888591087201	-18.47003936767578	110.0
3347	-25.284806024283824	59.91618146357575	-18.14675521850586	110.0
3367	-25.60959768572356	60.250236515485675	-17.874013900756836	110.0
3386	-25.711793578706445	60.2000430121014	-17.761695861816406	110.0
3407	-25.895835266628833	60.32105395939283	-17.495586395263672	110.0
3427	-26.16929801818592	60.27717152645537	-17.176864624023438	110.0
3446	-26.16929801818592	60.27717152645537	-17.176864624023438	110.0
3466	-26.005205403373992	60.3703098135427	-17.833438873291016	109.0
3484	-26.005205403373992	60.3703098135427	-17.833438873291016	109.0
3503	-25.967234482682155	60.25181077473401	-18.481924057006836	109.0
3522	-25.850758233787683	60.17483519968537	-18.66120719909668	109.0
3542	-25.677382725638044	60.09158326194439	-18.98102378845215	109.0
3562	-25.20352164581525	60.313200015022616	-18.35848617553711	109.0
3581	-25.119834467865836	60.81942814682117	-17.897722244262695	109.0
3600	-25.37871801306836	61.0543844814507	-17.965709686279297	109.0
3619	-25.486928934785208	61.23151599717783	-17.67557716369629	109.0
3639	-25.631887697568985	61.24412895723751	-17.886642456054688	109.0
3659	-25.77021376422493	61.36404140012058	-18.186370849609375	109.0
3678	-25.707432704622644	61.6495189470053	-18.586036682128906	109.0
3698	-25.84936540839525	61.754247263622155	-18.329824447631836	109.0
3717	-26.193536748305135	62.02551412540748	-18.644678115844727	107.0
3738	-26.232170996714142	61.95613185025934	-18.576007843017578	107.0
3756	-25.99860597101643	62.36373336057379	-18.1500244140625	107.0
3776	-25.94273901598192	62.578234875652996	-17.878995895385742	107.0
3795	-25.98915254082093	62.474440267606596	-17.988525390625	107.0
3815	-25.86254028187154	62.17612798142427	-18.193893432617188	107.0
3834	-25.894256970859328	61.94186843049126	-17.91309356689453	107.0
3853	-26.48556166436455	61.997276031774405	-18.307710647583008	107.0
3873	-26.474886337887906	62.08627153972853	-18.162010192871094	107.0
3892	-26.64644732195057	62.45336090293641	-17.526033401489258	107.0
3912	-26.491808354087024	62.625921401838724	-17.04218292236328	107.0
3931	-26.64026208827316	62.32587580807606	-17.291288375854492	107.0
3950	-26.8980432872434	62.26174787778356	-18.096628189086914	106.0
3969	-26.764918914960184	62.510402146639116	-18.031763076782227	106.0
3989	-26.303668861895773	62.7823907669088	-17.91526985168457	106.0
4009	-26.215553049987992	62.93788705544045	-17.907875061035156	106.0
4028	-26.043545396837725	63.0717596407677	-17.925769805908203	106.0
4048	-25.843543935335546	63.26105245101802	-17.23046112060547	106.0
4066	-26.22184243331314	63.1608019352369	-17.33257293701172	106.0
4086	-26.079109639079956	63.425741939304366	-17.583189010620117	106.0
4105	-25.833488821327123	63.331191076710084	-17.140064239501953	106.0
4127	-25.809084158577857	63.56351980339174	-15.848306655883789	106.0
4146	-25.708557813405996	63.909821591333404	-15.537382125854492	106.0
4166	-25.454835078484805	63.74420824330433	-15.969459533691406	106.0
4185	-25.321301538924068	63.741163395403305	-16.10890007019043	110.0
4204	-25.321301538924068	63.741163395403305	-16.10890007019043	110.0
----------------출발----------------
4222	-25.199191652326846	63.341642436359066	-17.288925170898438	110.0
4243	-25.100213866227715	63.490111522185416	-18.190845489501953	110.0
4261	-25.092826648315366	63.68156865534399	-17.876209259033203	110.0
4281	-24.91849165175275	64.57951564484492	-16.78064727783203	110.0
4301	-24.492460886998234	65.20957056777047	-16.614511489868164	110.0
4320	-24.6011842852652	65.40306527311809	-16.048404693603516	110.0
4339	-24.45773756745053	65.55517244552973	-15.814062118530273	110.0
4359	-24.69321768314137	65.24482586213136	-16.059734344482422	110.0
4379	-24.48288389062405	65.43717107829822	-16.52606773376465	110.0
4398	-23.923979802154626	65.14674604307417	-16.82745361328125	110.0
4418	-23.306229848093423	65.59253658510414	-16.630176544189453	110.0
4437	-23.286894038767997	65.50648697712073	-17.12171745300293	113.0
4457	-23.245068977147227	65.17417288113319	-17.836463928222656	113.0
4476	-22.88201324303588	65.50878189013152	-17.582469940185547	113.0
4496	-22.83648452011815	65.98057055808668	-16.955669403076172	113.0
4515	-22.90427027180559	66.21132925977017	-17.47330093383789	113.0
4534	-22.85221451073445	66.3836333245509	-17.476621627807617	113.0
4553	-22.420553821355508	67.18823343892404	-16.23830795288086	113.0
4573	-22.57399356904021	67.15087126933345	-16.238252639770508	113.0
4592	-22.147549398094004	67.51336271898118	-16.38508415222168	113.0
4612	-21.989624285217026	67.77715195535657	-16.56220245361328	113.0
4631	-21.81742382100181	67.87360277619152	-16.924114227294922	113.0
4650	-21.737077670794935	67.69561545348836	-17.93008804321289	113.0
4670	-21.08713558187227	68.04947494868242	-17.87375831604004	110.0
4690	-20.507208725165793	68.55330131925413	-17.38449478149414	110.0
4709	-19.884006459203945	68.92773838884888	-16.94927406311035	110.0
4729	-19.612919924707082	69.24412328293243	-17.094486236572266	110.0
4748	-19.213131950677752	69.18366479191991	-16.42361068725586	110.0
4767	-18.991114700843372	69.61175950083177	-16.541353225708008	110.0
4787	-18.54266575782194	69.49037660989677	-17.182605743408203	110.0
4806	-18.180771172706443	69.61815558205245	-17.59436798095703	110.0
4827	-18.151345624620465	69.63839550814343	-17.793550491333008	110.0
4847	-17.80806333164142	69.81361069806363	-17.890796661376953	110.0
4867	-17.613161660538942	69.87490283191207	-18.189102172851562	110.0
4884	-17.613161660538942	69.87490283191207	-18.189102172851562	110.0
4905	-17.08269592176151	69.93156153804821	-18.18505096435547	110.0
4926	-16.44893566832245	70.42990947302971	-18.00336456298828	110.0
4943	-16.043150738305886	70.61318019868489	-18.013343811035156	110.0
4962	-15.812165793238922	70.96166231503926	-18.236364364624023	110.0
4981	-15.59723935174541	71.02231108796016	-19.134510040283203	110.0
5001	-15.407548909048892	71.23239460908685	-19.486221313476562	110.0
5021	-15.426389623769698	71.24393393514013	-19.79302215576172	110.0
5040	-15.24123979190058	71.37968245304842	-19.835697174072266	110.0
5059	-15.278018506242477	71.74967629510542	-20.129362106323242	110.0
5079	-15.153855848841525	72.17608421263914	-19.786312103271484	110.0
5098	-15.60733915236814	72.14095224852996	-20.305877685546875	110.0
5118	-16.126179127972065	71.91293093796789	-21.089784622192383	110.0
5137	-16.153273037822405	72.08998197960138	-21.205127716064453	110.0
5157	-15.84658675758022	72.07401463576782	-21.697444915771484	108.0
5177	-15.810833689125028	72.36484277571984	-22.189067840576172	108.0
5196	-15.792076191467038	72.69055338041488	-21.792360305786133	108.0
5215	-15.649835631836098	72.90076666251076	-21.376380920410156	108.0
5234	-15.641680295235698	73.03127625266426	-21.803298950195312	108.0
5253	-15.354229825727883	73.26355000992012	-22.78451919555664	108.0
5276	-15.753460247869784	73.51537684542222	-23.015220642089844	108.0
5293	-15.99059723346519	73.74188056967522	-23.4019832611084	108.0
5312	-16.638878626268763	73.77795257163844	-23.813133239746094	108.0
5331	-17.284864344389835	74.12765268378256	-23.90843963623047	108.0
5351	-17.72983782637719	74.11425404563327	-24.783000946044922	108.0
5370	-17.810923917166267	74.19486663643657	-24.867374420166016	108.0
5390	-18.235434637235798	74.30535692626057	-24.898452758789062	108.0
5411	-18.59383625355072	74.19976951462226	-25.169418334960938	108.0
5429	-18.720788899361818	74.22583907599345	-25.125957489013672	108.0
5448	-18.70560395003037	74.27320440090233	-25.021865844726562	108.0
5467	-18.99132360650939	74.44858455671135	-25.491910934448242	108.0
5487	-19.16695090378564	73.83811499082148	-26.20163345336914	108.0
5507	-19.59520639948367	73.97256349605361	-26.196027755737305	108.0
5527	-20.193105514836507	74.69277960015951	-25.813261032104492	108.0
5547	-21.039335192406135	74.9385461080023	-25.380416870117188	108.0
5566	-22.06228421841038	74.90223200713571	-24.915239334106445	108.0
5586	-23.08956223601744	75.21348298430487	-24.526512145996094	108.0
5603	-23.08956223601744	75.21348298430487	-24.526512145996094	108.0
5624	-23.935685978934277	75.43722334480411	-24.344463348388672	108.0
5643	-24.729633924949777	75.1058286859814	-25.166738510131836	110.0
5662	-25.798793671485196	75.40840970053559	-24.73125457763672	110.0
5681	-26.548208452917457	75.50349601393164	-23.933712005615234	110.0
5701	-27.49453615455992	75.23440619204361	-23.248262405395508	110.0
5721	-28.46318700645038	75.32044612843991	-22.526790618896484	110.0
5741	-29.172366069309778	75.71585743526077	-21.816179275512695	110.0
5759	-29.55111098088194	75.70530415038138	-20.98017692565918	110.0
5778	-30.342032236703545	75.6601411345729	-20.0456600189209	110.0
5798	-31.089304094825092	75.33540054350983	-19.63576316833496	110.0
5819	-31.21995351329992	75.23115713989475	-18.416818618774414	110.0
5837	-31.66617237803923	75.64681825938395	-16.886884689331055	110.0
5856	-31.96567973567623	75.75278451412322	-15.307609558105469	110.0
5876	-32.560775696938336	75.3507748134577	-14.548011779785156	113.0
5896	-32.762222315277	74.80611737721293	-13.425979614257812	113.0
5914	-32.62816848126471	74.50133154830978	-12.842105865478516	113.0
5934	-32.58382911100566	74.3541023073204	-12.014617919921875	113.0
5953	-32.71736734332445	73.57180039799127	-14.131324768066406	113.0
5974	-32.744032305940294	73.4305080369891	-13.796869277954102	113.0
5993	-32.928456692001696	72.82980037145018	-12.612760543823242	113.0
6012	-32.88065213328261	72.61296428956912	-11.044628143310547	113.0
6031	-32.767210284667534	72.33443887716864	-9.48298454284668	113.0
6051	-32.83650877325864	71.9297392102582	-8.758245468139648	113.0
6071	-32.66783248444982	71.74819575064134	-8.677711486816406	113.0
6090	-32.69505466035108	71.09272252640766	-9.191736221313477	113.0
6109	-32.72013542376104	70.6002847435715	-9.814321517944336	110.0
6128	-32.36863299414128	70.4014308866969	-9.254243850708008	110.0
6148	-31.796633401426387	70.18474734562253	-8.739643096923828	110.0
6168	-31.153984538133983	70.18759127015016	-8.151607513427734	110.0
6188	-30.86293744066617	69.81671670386092	-8.172674179077148	110.0
6207	-30.817507011558384	69.23573674382008	-7.957653045654297	110.0
6228	-30.80481542702539	68.7731488055454	-7.742345809936523	110.0
6247	-30.633140836927772	68.29574053437739	-7.0517578125	110.0
6266	-30.633140836927772	68.29574053437739	-7.0517578125	110.0
6287	-30.44364596333067	67.42361211984205	-7.095737457275391	110.0
6303	-30.44364596333067	67.42361211984205	-7.095737457275391	110.0
6323	-30.36060970094823	67.32246727973674	-6.685754776000977	110.0
6343	-30.273805581263467	66.66117195820239	-6.587854385375977	110.0
6362	-30.343289269178328	66.44564383713731	-6.708164215087891	109.0
6382	-30.028733476116116	66.52694957416361	-6.69297981262207	109.0
6401	-30.028753529041033	66.13230722861933	-6.676458358764648	109.0
6421	-29.882048424652417	65.78662086777145	-7.415718078613281	109.0
6440	-29.659895365339846	65.27004654874646	-8.033605575561523	109.0
6459	-29.195022525725577	65.09125189893547	-7.486700057983398	109.0
6478	-28.837372920838312	64.92627394799922	-6.875862121582031	109.0
6498	-28.672994128730785	64.98361778753726	-6.6882171630859375	109.0
6518	-28.241654270486332	64.65866652046378	-6.506547927856445	109.0
6538	-28.174381717883417	64.34223206774887	-7.028146743774414	109.0
6557	-27.8292116982431	64.28446739568068	-7.195222854614258	109.0
6576	-27.9054552586931	63.86678557467944	-7.431800842285156	109.0
6595	-27.654956507800968	63.831024342291336	-7.606744766235352	113.0
6615	-27.407477477110657	63.641412232263406	-7.625175476074219	113.0
6634	-27.14760570971531	63.343535020012396	-7.760019302368164	113.0
6653	-26.70951581147261	62.75325778426365	-8.05384635925293	113.0
6673	-26.5075178557447	62.562334315696546	-8.35554313659668	113.0
6693	-25.779562697393295	62.348916955396355	-7.746599197387695	113.0
6712	-25.5046592478816	61.932127394322976	-7.710987091064453	113.0
6731	-25.07113814126151	61.54511823991577	-7.946830749511719	113.0
6751	-24.767699231270644	61.53648759145784	-7.694118499755859	113.0
6770	-24.225164755679156	61.41812119215324	-6.806766510009766	113.0
6790	-23.797234008044903	61.27624307420876	-6.4657440185546875	113.0
6809	-23.319120516607295	61.286666439954004	-6.604005813598633	113.0
6829	-22.8827426883516	60.791632337990414	-6.886508941650391	128.0
6848	-22.420255149891354	60.65506130755077	-6.940240859985352	128.0
6869	-22.21410981240998	60.3527432172314	-7.026145935058594	128.0
6887	-21.873307398523274	60.14939077061449	-7.137565612792969	128.0
6907	-21.883288096162428	59.56974522229247	-7.298025131225586	128.0
6926	-21.35574065120686	59.4934844954596	-7.40594482421875	128.0
6947	-21.19849019379083	59.13565673199072	-7.294355392456055	128.0
6966	-20.130278559306333	59.286969575040075	-6.512306213378906	128.0
6986	-19.63920344200687	59.45154045915449	-6.282283782958984	128.0
7004	-19.63920344200687	59.45154045915449	-6.282283782958984	128.0
7023	-19.392213207401266	59.28647513013306	-6.058315277099609	128.0
7043	-18.552968648794863	59.227939310350415	-5.936613082885742	128.0
7062	-18.230336630506507	59.14801546655842	-6.979183197021484	128.0
7081	-17.705430549072688	59.11518598295205	-8.24502944946289	127.0
7101	-17.28788984301242	59.09447427621056	-8.495172500610352	127.0
7121	-16.758058172726432	59.522892990850124	-7.273340225219727	127.0
7140	-16.112842281573702	59.69966047527075	-5.6119537353515625	127.0
7160	-16.02666013553885	59.52903525946246	-6.472774505615234	127.0
7179	-15.802493249766364	59.33923132194038	-6.205678939819336	127.0
7198	-15.917616929331363	59.4807615018807	-4.6264495849609375	127.0
7218	-15.757079781882043	59.376250699169866	-3.2656822204589844	127.0
7237	-16.058809833024778	59.175557322825675	-4.210590362548828	127.0
7258	-15.989451318178594	58.943854534161495	-5.686727523803711	127.0
7277	-16.12752251755881	58.39676636565443	-7.165984153747559	127.0
7296	-16.606323362230516	58.177354373264684	-7.449925422668457	127.0
7314	-16.58284475190811	58.31396972644807	-7.291193008422852	119.0
7335	-16.787241765126108	58.318530492408726	-6.973903656005859	119.0
7354	-16.552173707907244	58.48766820288437	-6.257230758666992	119.0
7373	-16.54973893747613	58.923555934993054	-5.803915023803711	119.0
7392	-16.663101695485274	58.781303863842055	-6.181699752807617	119.0
7412	-16.662047031839023	58.89484371038759	-5.356054306030273	119.0
7431	-17.41089637167164	58.72435515992914	-7.190330505371094	119.0
7451	-17.461889146803678	58.943937513292546	-7.776174545288086	119.0
----------------도착----------------
7472	-17.32305119956975	58.99441504523687	-6.877197265625	119.0
7489	-17.499272340667748	59.25572696810533	-5.879499435424805	119.0
7509	-17.553092273416592	59.206482978891806	-5.222356796264648	119.0
7528	-17.853021233563435	59.118662048777054	-4.903537750244141	119.0
7548	-18.162952199857376	59.23103933869783	-5.867828369140625	108.0
7569	-18.43209491833313	59.08635336272919	-6.127468109130859	108.0
7587	-18.93733013535936	58.95264846374972	-5.950895309448242	108.0
7607	-19.03390908218959	59.038283821721	-5.330228805541992	108.0
7627	-19.62862561620392	58.9283630503445	-5.135372161865234	108.0
7647	-19.97847623789245	58.7429741354661	-5.704380035400391	108.0
7667	-20.194943606869725	58.55733191611697	-6.749441146850586	108.0
7686	-20.249093038316133	58.14416155401327	-7.184755325317383	108.0
7704	-20.249093038316133	58.14416155401327	-7.184755325317383	108.0
7723	-20.74152773319866	57.781905335505314	-6.938880920410156	108.0
7743	-21.090142442435496	57.79347081064448	-6.342309951782227	108.0
7762	-20.896097105997768	57.73883698186193	-4.596490859985352	108.0
7782	-21.25312266080673	57.301261395004815	-3.5510902404785156	108.0
7801	-21.59057282090901	56.8033713069292	-3.3541336059570312	108.0
7821	-21.641749196974423	56.8790035803673	-3.5590381622314453	108.0
7840	-22.21962547790787	56.53036088726668	-4.221260070800781	108.0
7859	-22.41369409628569	56.35540221861162	-4.795063018798828	108.0
7878	-22.839730295658544	56.03977753501024	-5.266105651855469	108.0
7898	-22.99980238634864	55.807050616374916	-4.998727798461914	108.0
7917	-22.800593033118055	55.89379118212596	-4.125354766845703	108.0
7938	-23.828099111047877	55.22906767517959	-6.276151657104492	108.0
7956	-23.731965926153162	55.548062545438746	-6.7733001708984375	108.0
12	-37.41520842631668	-18.88654419947863	9.609298706054688	124.0
32	-37.510118125068466	-18.71189108701898	9.78506088256836	124.0
49	-37.510118125068466	-18.71189108701898	9.78506088256836	124.0
68	-37.37045222292873	-18.636003719227844	10.203535079956055	124.0
89	-37.571273984870814	-18.640638142226035	10.760061264038086	124.0
107	-37.62540768595366	-18.42429790681589	11.005913734436035	119.0
128	-38.108005892289206	-18.614749961158445	10.684586524963379	119.0
146	-38.03869790752807	-18.16402085929827	10.35594367980957	119.0
165	-38.151477584563594	-17.676454657173927	10.222978591918945	119.0
186	-38.164293402039405	-17.51883399615572	10.289434432983398	119.0
205	-38.264800117895845	-17.49657545758581	10.355100631713867	119.0
224	-38.31989989488551	-17.54608283269322	10.609464645385742	119.0
244	-38.17046312857869	-17.549066128182936	10.24697208404541	119.0
263	-38.19908210731985	-17.72879232218071	9.773102760314941	119.0
283	-37.94926408391344	-17.683119079276207	10.096196174621582	119.0
303	-38.29635047903286	-17.82425532024699	10.37460708618164	119.0
321	-38.35934046783037	-17.669726435638644	10.273236274719238	119.0
340	-38.40060982222256	-17.561992642722434	10.718860626220703	120.0
361	-38.12988076594085	-17.71431982051526	11.2715425491333	120.0
379	-37.974589771856664	-17.813357080502055	10.864914894104004	120.0
399	-38.190061587387596	-17.74071112512273	10.815511703491211	120.0
419	-38.7505362446168	-17.390699439356784	9.694292068481445	120.0
439	-38.753135444860234	-17.21189853865593	9.470786094665527	120.0
457	-38.62520456094408	-17.06885940546193	9.541141510009766	120.0
476	-38.606136114640236	-17.079442374488867	9.506855010986328	120.0
496	-38.542564855386416	-17.4193089721265	9.752509117126465	120.0
516	-38.78365166530351	-17.350329555981443	9.95070743560791	120.0
535	-39.249908792697404	-17.2247042938984	10.212431907653809	120.0
554	-39.240496727097025	-17.388221190835043	10.516875267028809	120.0
576	-39.181859459146274	-17.544742099134524	10.610002517700195	124.0
595	-39.40351771694079	-17.703655395726315	10.3114652633667	124.0
614	-39.353988315855695	-17.627077232532955	10.05405044555664	124.0
633	-39.37914919076602	-17.700969617899556	9.549399375915527	124.0
651	-39.59444456243357	-17.451600246494547	9.410605430603027	124.0
672	-39.47738881203811	-17.431515707420576	9.563863754272461	124.0
693	-39.09743019184303	-17.225371393819447	9.927329063415527	124.0
714	-38.92262513848653	-17.102848426165018	10.079656600952148	124.0
733	-38.92262513848653	-17.102848426165018	10.079656600952148	124.0
750	-38.95117921239614	-17.00041322981074	9.915730476379395	124.0
769	-38.8009797628105	-16.741265240262713	10.115029335021973	124.0
790	-38.861315117542354	-16.54950186822218	10.300700187683105	124.0
808	-38.874641009624426	-16.635865944924912	10.485986709594727	124.0
828	-38.79366354602768	-16.83161095913416	9.94091510772705	128.0
848	-39.0929607005518	-16.84050238437128	9.560457229614258	128.0
867	-39.2544344388029	-16.968534394370046	9.2437744140625	128.0
887	-39.3295583792273	-16.79738607399235	9.139202117919922	128.0
905	-39.21120623366192	-16.73006527240673	9.133492469787598	128.0
926	-39.18570847425004	-17.282312645098987	9.636024475097656	128.0
943	-39.193403032751505	-17.527211121434476	9.67330265045166	128.0
963	-39.44959524427425	-17.546494039998578	9.114936828613281	128.0
982	-39.61348742578509	-17.384896118801016	9.057806968688965	128.0
1003	-39.0959703178403	-17.46228820050176	9.753652572631836	128.0
1021	-38.56438125437681	-17.717932184283928	10.811782836914062	128.0
1042	-38.23555919477848	-18.062852317939562	11.122076034545898	128.0
1060	-38.248360638739484	-18.345525414034825	11.209674835205078	126.0
1080	-38.09766755155364	-18.2075346848485	11.274317741394043	126.0
1099	-38.17110406505658	-18.33659924919205	11.335265159606934	126.0
1119	-38.11635646296754	-18.39383651304276	11.162005424499512	126.0
1138	-38.08572511358695	-18.562820914826204	10.996038436889648	126.0
1157	-37.99956184632715	-18.607196217340352	11.173502922058105	126.0
1177	-38.22632705103399	-18.660330734306864	10.943347930908203	126.0
1196	-38.15216348750223	-18.46763059958451	10.997557640075684	126.0
1215	-37.91474534787726	-18.742405795927144	11.642431259155273	126.0
1235	-37.91486010068343	-18.83411595792305	11.669546127319336	126.0
1254	-37.87161435396189	-19.379844207595134	11.55939769744873	126.0
1275	-37.75279444812958	-19.47208013767831	11.920846939086914	126.0
1294	-37.82559462658161	-19.67696171679204	11.919697761535645	121.0
1313	-37.72227246074677	-19.945265574163482	12.072982788085938	121.0
1332	-37.45118818556507	-20.063971366191012	12.274718284606934	121.0
1352	-37.71635062323344	-20.406681381587546	12.08304214477539	121.0
1371	-37.96555795200373	-20.21164819504309	11.832300186157227	121.0
1393	-38.01704919972112	-20.155681521430296	11.885729789733887	121.0
1412	-38.02287317397387	-20.088062439199376	12.199036598205566	121.0
1432	-38.20693829912151	-19.989483981201225	11.972806930541992	121.0
1449	-38.20693829912151	-19.989483981201225	11.972806930541992	121.0
1469	-38.0248253964068	-19.94784503489454	12.118128776550293	121.0
1488	-37.997026239645365	-20.058247071075474	12.227192878723145	121.0
1507	-38.05340175765668	-20.42859226573708	12.498344421386719	121.0
1528	-37.485755648277355	-20.55678862389781	12.943131446838379	121.0
1547	-37.159284540946096	-20.750671205258037	12.996826171875	119.0
1566	-36.69056948429187	-21.098826836918345	13.556319236755371	119.0
1585	-37.003997566691744	-20.82795508425671	12.825159072875977	119.0
1605	-37.088146349170806	-20.77529944052824	11.921143531799316	119.0
1624	-36.84728873380484	-20.928688297873865	12.162344932556152	119.0
1643	-36.51896929408613	-21.194230054524187	12.883644104003906	119.0
1663	-36.20206377328417	-20.992180585213703	13.127815246582031	119.0
1683	-36.771793667746394	-20.96287492039834	12.574241638183594	119.0
1702	-37.00281415379866	-21.018933129997095	12.017412185668945	119.0
1722	-37.1146877697408	-21.042296627068254	11.944269180297852	119.0
1742	-36.92545668984741	-21.210205567478745	11.958480834960938	119.0
1761	-36.89972059430941	-21.269542075519443	12.18852710723877	119.0
1779	-36.93986148314224	-21.02961588381617	12.534241676330566	121.0
1799	-37.23990584075905	-20.812710598553668	12.071798324584961	121.0
1818	-37.814649344014555	-20.927187273363465	11.336322784423828	121.0
----------------출발----------------
1838	-37.566888820086966	-20.91947723284797	11.639594078063965	121.0
1858	-37.41594405791033	-20.856339853497502	12.102835655212402	121.0
1877	-37.151805908343626	-20.237633816429945	12.303255081176758	121.0
1897	-37.22685082911897	-19.95507640875518	12.664247512817383	121.0
1916	-37.52437566429624	-19.683927377060463	12.992330551147461	121.0
1936	-37.91327790785239	-19.545524518324818	12.715564727783203	121.0
1955	-38.128010430494214	-19.29309288583429	12.34511947631836	121.0
1975	-38.412202581803655	-18.79038331395493	11.683952331542969	121.0
1993	-38.6779395965858	-18.67554300110999	11.160438537597656	121.0
2013	-38.82803264434581	-18.604789483888545	11.268925666809082	124.0
2032	-39.23785570325911	-18.719608505743878	11.264063835144043	124.0
2052	-39.10659730449795	-18.80384012597843	11.135361671447754	124.0
2072	-39.0276056222082	-18.901322218470554	11.06160831451416	124.0
2092	-39.10636158933891	-18.693210249210523	10.908382415771484	124.0
2112	-39.16317866432677	-18.650592484302333	10.784323692321777	124.0
2131	-38.97855194924087	-18.862598856329324	11.169610023498535	124.0
2151	-38.97855194924087	-18.862598856329324	11.169610023498535	124.0
2170	-39.06916098305987	-18.758300274230315	11.395852088928223	124.0
2188	-39.358821860266005	-18.698957611579196	10.980369567871094	124.0
2207	-39.23503519551557	-18.729110424812223	11.36139965057373	124.0
2227	-39.25488172548818	-18.623742328497134	11.18535041809082	124.0
2247	-39.35524037171511	-18.729173643062648	10.924708366394043	124.0
2267	-39.31003194104343	-18.73363068048047	10.460000991821289	121.0
2285	-39.32663987340409	-18.716220225483596	10.932607650756836	121.0
2304	-39.26758181823308	-18.622089505570372	11.626770973205566	121.0
2324	-39.32980513263025	-18.662506143401604	11.45131778717041	121.0
2344	-39.38382499236069	-18.406299270131786	10.72916030883789	121.0
2363	-39.43231358080258	-18.51932295891988	10.15295124053955	121.0
2382	-39.40121633175353	-18.665219868387144	9.977518081665039	121.0
2403	-39.396247897458196	-18.48927372778766	9.71212387084961	121.0
2422	-39.371272341216894	-18.137343717572747	9.763015747070312	121.0
2442	-39.40386147015099	-18.12680420823606	9.465259552001953	121.0
2460	-39.087886161689084	-18.118109272053033	9.547224044799805	121.0
2480	-38.886171862837294	-17.992576336990627	9.58487606048584	121.0
2499	-38.786702445915566	-18.00665823627934	9.3600435256958	119.0
2519	-38.6460280333093	-18.114671125650187	9.425596237182617	119.0
2538	-38.5565101096551	-17.885200927617714	9.085917472839355	119.0
2558	-38.344681224120094	-17.72503670282112	8.925625801086426	119.0
2577	-38.598534618886745	-17.86144734547274	8.111883163452148	119.0
2596	-38.49776312321374	-17.59354303142434	7.243673801422119	119.0
2616	-38.29099834570147	-17.745497563579946	6.4941606521606445	119.0
2636	-38.09816723940046	-17.925489319159613	6.450366973876953	119.0
2655	-37.92509213100381	-17.959379206411548	6.180206298828125	119.0
2674	-37.77798724460907	-17.652668142022026	5.907210350036621	119.0
2694	-37.77955241984806	-17.678906361857525	5.992633819580078	119.0
2713	-37.81115934134582	-17.652331373202323	5.517575263977051	119.0
2732	-37.52316622407282	-17.654267971967375	4.864904880523682	120.0
2752	-37.50357436483892	-17.670048629247006	4.316415786743164	120.0
2772	-37.68273687090632	-17.379553510420806	4.030261993408203	120.0
2792	-37.78010604248809	-17.20460401999798	3.9686622619628906	120.0
2812	-37.9168813204877	-17.184314454317285	3.3527331352233887	120.0
2832	-37.99091816380933	-17.479628987870278	2.5712475776672363	120.0
2851	-37.99091816380933	-17.479628987870278	2.5712475776672363	120.0
2869	-37.93849037704594	-17.54456131592302	2.07961368560791	120.0
2888	-37.94757383611462	-17.573629345919095	1.7086858749389648	120.0
2908	-38.20439604479876	-17.29722667851883	0.9611554145812988	120.0
2928	-37.88878123174566	-17.2809872919129	0.48033666610717773	120.0
2946	-37.6216044047904	-17.34521189158283	1.2600994110107422	120.0
2966	-37.46472246445085	-17.39907593027689	1.6651520729064941	120.0
2985	-37.34711022550914	-17.276411716875934	1.4203972816467285	123.0
3006	-37.42259685688672	-16.885914319879372	0.802487850189209	123.0
3024	-37.61285359355972	-16.83162569134326	-0.12557220458984375	123.0
3044	-37.50321007791792	-16.882742473214407	-0.8313579559326172	123.0
3063	-37.57626672461671	-17.019467801853	-1.7759313583374023	123.0
3083	-38.127032704470054	-16.80585343398993	-2.337414264678955	123.0
3102	-38.493384837689284	-16.52218680659212	-3.4819412231445312	123.0
3123	-38.659261176581005	-16.568218489542854	-4.1217942237854	123.0
3150	-39.150453288681874	-16.601170791613207	-4.298913955688477	123.0
3162	-39.480735977278336	-16.53490440080311	-4.708585739135742	123.0
3180	-39.90347036674011	-16.44925868393014	-5.065613746643066	123.0
3199	-40.46143769100056	-16.21404665697038	-5.443711280822754	123.0
3219	-40.73790078713089	-15.97663431128461	-5.994853973388672	125.0
3238	-40.92382128294893	-16.10212381589642	-7.045367240905762	125.0
3258	-41.448166894393445	-16.003619378343096	-7.6006669998168945	125.0
3277	-42.14406800300787	-15.780209435077438	-8.014074325561523	125.0
3296	-42.6478936104454	-15.598473116232565	-8.180788040161133	125.0
3316	-43.4469628681153	-15.345674732960365	-8.579930305480957	125.0
3335	-43.95937810765069	-15.284515458344202	-8.964085578918457	125.0
3355	-44.61598634513806	-15.122500621898975	-9.412166595458984	125.0
3374	-45.631252841764784	-14.739361482064536	-9.969722747802734	125.0
3394	-46.91609786807909	-14.39589135268619	-10.291820526123047	125.0
3413	-47.788721809167996	-13.946843677050337	-10.535122871398926	125.0
3433	-48.953860414720296	-13.200380465040627	-10.176929473876953	125.0
3452	-50.068849169532804	-12.988740895696798	-9.864328384399414	124.0
3472	-51.037924733138404	-12.840880149185626	-9.71200180053711	124.0
3492	-52.239226576169905	-12.286542761439303	-8.946944236755371	124.0
3512	-53.20680230830758	-12.018019227830695	-8.444671630859375	124.0
3532	-54.20537733298341	-11.750487124122673	-9.125457763671875	124.0
3551	-54.77213088778803	-11.16421260207109	-9.17176628112793	124.0
3571	-54.77213088778803	-11.16421260207109	-9.17176628112793	124.0
3588	-55.831906427482586	-11.280188590184842	-7.8983964920043945	124.0
3608	-56.370797583316964	-11.553717109394043	-6.588637351989746	124.0
3627	-56.96750725120614	-11.726109028908478	-5.615901947021484	124.0
3646	-57.72542676522986	-11.849111910068247	-4.515327453613281	124.0
3666	-58.37772060157699	-11.749153831023637	-3.723332405090332	124.0
3686	-58.90405524192993	-11.57509800740002	-2.756410598754883	124.0
3705	-58.97115005102363	-11.456378400497556	-1.6045475006103516	119.0
3724	-59.25581661029449	-11.841856971857345	-0.7411470413208008	119.0
3744	-59.408096315187954	-12.131296007225858	0.07059669494628906	119.0
3763	-59.66508150168656	-12.230022707160606	0.3660163879394531	119.0
3783	-60.00292377413518	-12.144269860305393	0.9505691528320312	119.0
3803	-59.979686538047815	-12.273210845377362	1.482870101928711	119.0
3821	-59.689011882616605	-12.664261020569748	2.590155601501465	119.0
3842	-59.57278712311981	-13.163359327591847	3.6725997924804688	119.0
3860	-59.52393672400214	-13.458967845074216	4.172986030578613	119.0
3880	-59.09522124149158	-13.524483352707193	4.356233596801758	119.0
3899	-59.03890671270857	-13.685526219840153	4.32914924621582	119.0
3919	-59.02779734576759	-13.819861519089754	4.465583801269531	119.0
3938	-58.90830212061981	-13.84947914455458	4.740826606750488	119.0
3957	-58.640312738367065	-13.978148168341258	5.141449928283691	119.0
3977	-58.50426589628036	-14.072043273616226	5.276518821716309	119.0
3997	-58.459324679588015	-14.040564930625662	5.046351432800293	119.0
4017	-58.14939933768623	-14.233752963127959	4.703205108642578	119.0
4036	-58.235639445558284	-14.360484464256736	4.85179328918457	119.0
4055	-57.88498660001489	-14.314110866269084	4.977116584777832	119.0
4074	-57.728289504187195	-14.449306980112626	5.449999809265137	119.0
4094	-57.44733913402046	-14.793432519119905	5.08328914642334	119.0
4113	-57.277355131690996	-14.67555202404916	4.686506271362305	119.0
4133	-57.03942318410559	-14.967312211496619	5.231118202209473	119.0
4152	-56.81400580915464	-15.207442242122267	5.213273048400879	119.0
4171	-56.85400377901723	-15.154851406181082	4.848993301391602	120.0
4191	-56.57423935483036	-15.145865406484694	4.513782501220703	120.0
4212	-56.51004282974352	-15.61459892219767	4.514187812805176	120.0
4232	-56.22803729678151	-15.627724686733876	4.723573684692383	120.0
4252	-56.05418941480469	-15.597195425778562	4.391375541687012	120.0
4274	-56.05418941480469	-15.597195425778562	4.391375541687012	120.0
4289	-55.73652031131988	-15.69270510969632	4.016119956970215	120.0
4307	-55.85616002207847	-15.782316084594457	3.1616153717041016	120.0
4327	-55.481142255080755	-15.833700623135254	2.5518836975097656	120.0
4347	-55.03792444319257	-15.949398722968017	2.372015953063965	120.0
4366	-54.6806824257851	-15.957795382967584	1.999220848083496	120.0
4385	-54.37233629504657	-15.718005185497557	2.069272041320801	120.0
4405	-53.995744901632115	-16.098352036088276	1.7478113174438477	120.0
4424	-53.50846991914286	-16.203801713901267	1.7163753509521484	122.0
4444	-53.237782515034915	-16.26897573875964	1.7861614227294922	122.0
4463	-52.63197681363944	-16.267774608838867	1.461954116821289	122.0
4483	-52.21077931078577	-16.41575983168468	0.9647550582885742	122.0
4502	-51.871943314256555	-16.17239548633315	0.07878398895263672	122.0
4521	-51.52317556474055	-16.43399106534066	-0.6958246231079102	122.0
4541	-51.050805749713234	-16.86424475879389	-0.9600133895874023	122.0
4561	-50.698821822724945	-16.614883971817886	-1.2967157363891602	122.0
4580	-50.54119174589226	-16.67188185727655	-1.6543540954589844	122.0
4600	-49.909627215336286	-16.827630796165028	-2.0460357666015625	122.0
4619	-49.21358992572965	-17.00315091393761	-1.494877815246582	122.0
4638	-48.578988850141016	-16.97439428665799	-1.9050817489624023	122.0
4657	-48.24549229016999	-17.17798124886426	-2.848520278930664	121.0
4677	-48.14412321252917	-16.8784684235769	-3.3807201385498047	121.0
4697	-47.475678747616726	-16.76912773663067	-3.374683380126953	121.0
4717	-46.77752385446761	-16.648066673587348	-3.4340410232543945	121.0
4735	-46.140013704748654	-16.128181621898793	-3.643220901489258	121.0
4755	-45.95961669368491	-15.999931296083178	-3.753960609436035	121.0
4774	-45.797306799157795	-15.698855029015785	-3.7611141204833984	121.0
4794	-45.592980403630236	-15.121489367080665	-4.403636932373047	121.0
4813	-45.162683993384015	-14.789653788954723	-4.830205917358398	121.0
4832	-44.55619395750561	-14.590863437606806	-4.760929107666016	121.0
4852	-44.40772555757199	-14.242336403084282	-4.513897895812988	121.0
4871	-44.2671733235893	-13.698755492516907	-4.809228897094727	121.0
4892	-43.830902946213705	-13.566209822711835	-5.294889450073242	118.0
4912	-43.52905440589811	-13.350362563583731	-5.966551780700684	118.0
4932	-43.016905908784956	-13.009858799519852	-6.089298248291016	118.0
4951	-42.2348465724605	-12.991502304585744	-6.121440887451172	118.0
4970	-42.2348465724605	-12.991502304585744	-6.121440887451172	118.0
4988	-41.49994974889797	-12.541493553422345	-6.122861862182617	118.0
5008	-41.01211664994212	-12.21387004406695	-6.009190559387207	118.0
5028	-40.29268033743129	-12.067166875003755	-5.912776947021484	118.0
5047	-39.78871912486184	-11.84408737660972	-5.794956207275391	118.0
5067	-39.161473488513714	-11.730341221037598	-5.958276748657227	118.0
5085	-38.43167466090619	-11.126955711540507	-5.865682601928711	118.0
5104	-37.829944189110314	-10.880248007598148	-6.058049201965332	118.0
5124	-37.514922729339574	-10.602226737422681	-6.3685197830200195	118.0
5145	-37.095443338074546	-10.404467867181324	-6.626974105834961	116.0
5164	-36.53915276793442	-10.11289695562072	-7.108835220336914	116.0
5182	-35.88951295824924	-9.963592056585284	-7.704765319824219	116.0
5202	-35.28302796111182	-9.729975753880701	-8.025222778320312	116.0
5221	-34.43923256654191	-9.76374258334588	-8.240596771240234	116.0
5241	-33.84014698882351	-9.711893830144769	-8.143242835998535	116.0
5261	-33.2493912260814	-9.641631473238993	-7.997267723083496	116.0
5281	-32.61537323359874	-9.696954221981803	-7.9565019607543945	116.0
5299	-32.01682945334189	-9.677255128463772	-8.360347747802734	116.0
5319	-31.37008629621297	-9.408557417386287	-8.726241111755371	116.0
5338	-30.8961574156724	-9.04162611454239	-8.840753555297852	116.0
5358	-30.241465975443873	-8.951771098184503	-8.58877182006836	116.0
5377	-29.677165558199587	-8.594294686963545	-8.438118934631348	117.0
5397	-29.104470431156088	-8.460219064497405	-8.631340026855469	117.0
5416	-28.754729804433758	-8.27657332537655	-8.645931243896484	117.0
5435	-28.38746857326973	-7.860155357262561	-8.874349594116211	117.0
5455	-27.878294395724144	-7.318619223730532	-9.258596420288086	117.0
5474	-27.367042907874357	-7.420627275125952	-8.923988342285156	117.0
5494	-27.266172961691407	-7.528390720025936	-9.260354995727539	117.0
5514	-27.041363566630128	-7.148730451036454	-9.557579040527344	117.0
5532	-26.785655246576496	-7.130195920791297	-9.904985427856445	117.0
5552	-26.625712846225763	-6.622252087000601	-10.022137641906738	117.0
5571	-26.235111671086994	-6.32839160006627	-10.247546195983887	117.0
5592	-26.072149826187566	-5.769676208467061	-10.396855354309082	117.0
5612	-25.88577561028274	-5.656028367134405	-10.179367065429688	120.0
5632	-25.707172047501132	-5.281647686174947	-10.178593635559082	120.0
5652	-25.21325841151702	-5.011313263566588	-10.073265075683594	120.0
5669	-25.21325841151702	-5.011313263566588	-10.073265075683594	120.0
5690	-24.83105056301973	-5.042652019941641	-10.120454788208008	120.0
5708	-24.514408653584624	-5.0025997725810605	-9.93586540222168	120.0
5728	-24.043325074157643	-5.076117625373776	-9.67112922668457	120.0
5747	-23.635808941074917	-5.2165910543649785	-9.61097526550293	120.0
5766	-23.21736444551633	-5.356968120483945	-9.563078880310059	120.0
5786	-22.713403342620673	-5.391652180577054	-9.766937255859375	120.0
5805	-22.35979204066398	-5.436633812590097	-9.626321792602539	120.0
5824	-22.078489160957638	-5.450963798931785	-9.51318359375	120.0
5845	-21.76000313712158	-5.6502289454706505	-9.427484512329102	120.0
5864	-21.37374380059314	-5.628655156474374	-9.39832878112793	121.0
5883	-21.218165504013964	-5.617084666972316	-9.375083923339844	121.0
5902	-20.978552341283677	-5.7243749736001845	-9.172234535217285	121.0
5922	-20.468101005058585	-5.867226423762322	-9.334781646728516	121.0
5942	-20.241927711615443	-5.806076939221264	-9.179098129272461	121.0
5962	-19.98462371650749	-5.772228809659754	-9.215928077697754	121.0
5980	-19.409881841530176	-5.758949824922012	-8.936272621154785	121.0
5999	-18.858227692553072	-5.487559655526279	-8.800161361694336	121.0
6019	-18.523222394550302	-5.6572967901545255	-8.647348403930664	121.0
6038	-17.973418212654444	-5.655529382396508	-8.52952766418457	121.0
6059	-17.322728277386453	-5.5403866039930545	-8.807136535644531	121.0
6078	-16.709088650750775	-5.451445383184387	-8.954206466674805	121.0
6096	-16.068518264806332	-5.673000254684236	-8.887002944946289	118.0
6116	-15.76026746098041	-5.912125074269	-8.824604988098145	118.0
6135	-15.401451515802568	-5.865808771507806	-8.641526222229004	118.0
6155	-14.85531916788268	-6.214971027134757	-8.83613395690918	118.0
6175	-14.488936069987002	-6.089248456807397	-9.091002464294434	118.0
6194	-14.05959343490291	-6.221557912442427	-9.29515266418457	118.0
6213	-13.733950753179398	-6.102530943018313	-9.076555252075195	118.0
6232	-13.441384579284177	-5.927344954513002	-8.73468017578125	118.0
6252	-13.404222480091695	-6.191957971836997	-8.548800468444824	118.0
6271	-13.171508819079797	-6.1484131410551806	-8.156721115112305	118.0
6292	-13.045765052629562	-6.255168869833535	-8.250988960266113	118.0
6312	-12.937207613529367	-6.403959001654541	-8.133543968200684	118.0
6331	-12.505369308397645	-6.769888247441852	-7.69777774810791	114.0
6351	-11.986682140838294	-6.884183533556578	-7.36383056640625	114.0
6370	-11.79761072522237	-6.93330337880163	-7.559171199798584	114.0
6388	-11.79761072522237	-6.93330337880163	-7.559171199798584	114.0
6409	-11.765355695183496	-7.200481758396988	-7.693170070648193	114.0
6427	-11.29810836358846	-7.086221768379991	-7.827897071838379	114.0
6447	-10.888487098249492	-7.113821964813703	-8.030601501464844	114.0
6466	-10.654615865287779	-7.056242035943157	-7.9061408042907715	114.0
6486	-10.663464295510833	-6.8271749417451355	-7.901703834533691	114.0
6505	-10.822150947686087	-6.653854745717866	-8.009309768676758	114.0
6526	-10.923851907103304	-6.750278117560805	-8.112561225891113	114.0
6545	-10.494744507092443	-7.062882314992101	-8.021424293518066	114.0
6563	-10.280566287285364	-7.25326609762446	-8.252358436584473	114.0
6582	-10.015571250794869	-7.32944801978485	-8.017816543579102	114.0
6602	-9.846962441455398	-7.249345142593593	-7.855085372924805	114.0
6622	-9.527747393407932	-7.552154970489265	-7.822146892547607	114.0
6641	-9.171634586356111	-7.461235525641568	-7.685583114624023	114.0
6661	-8.848191094856796	-7.43833612536243	-7.5660200119018555	114.0
6680	-8.911343535005598	-7.20416347313329	-7.659605979919434	114.0
6699	-8.886175394405461	-7.144821936671314	-7.775091648101807	114.0
6719	-8.655528235561299	-6.985159748933611	-7.485174179077148	114.0
6738	-8.74506048580175	-6.9029738583910385	-7.529201030731201	114.0
6758	-8.729897586652918	-7.089048875897831	-7.606593132019043	114.0
6777	-8.788683564585659	-6.878076935005356	-7.795956611633301	114.0
6796	-8.536606672897484	-7.013939313739542	-7.927581787109375	114.0
6816	-8.402249614973812	-7.221172362368315	-7.868167877197266	116.0
6836	-7.932309219283569	-7.576253464903115	-7.583401203155518	116.0
6856	-7.76598691753136	-7.614094304563061	-7.567242622375488	116.0
6875	-7.350994035444187	-7.482225389054034	-7.688984394073486	116.0
6894	-7.297060021919793	-7.471717148892709	-7.7540507316589355	116.0
6913	-6.867465596730482	-7.523609209579081	-7.689103603363037	116.0
6933	-6.578158358821766	-7.601162014970918	-7.584796905517578	116.0
6952	-6.510669184677367	-7.707925138220932	-7.225978851318359	116.0
6972	-6.495302670377976	-7.785441161868466	-7.441868782043457	116.0
6992	-6.474289888935104	-7.775840526304683	-7.499237060546875	116.0
7012	-6.4420604961333305	-7.7688263033030065	-7.7257890701293945	116.0
7032	-6.4420604961333305	-7.7688263033030065	-7.7257890701293945	116.0
7051	-6.4045355099962595	-7.377928696261441	-7.503336429595947	116.0
7070	-6.4045355099962595	-7.377928696261441	-7.503336429595947	121.0
7090	-6.586526122609372	-7.101585854687815	-7.542510986328125	121.0
7108	-6.489994467435354	-6.863833366239028	-7.653879642486572	121.0
7128	-6.347205678281481	-6.690260823745151	-8.187369346618652	121.0
7147	-6.225075783613759	-6.479142004035476	-8.097756385803223	121.0
7166	-6.056457610894333	-6.123558530334319	-8.003023147583008	121.0
7186	-5.891407896661897	-6.0066848482086055	-7.907607078552246	121.0
7205	-6.130066026905093	-5.957400877199164	-7.976912021636963	121.0
7225	-5.907538852173592	-6.06949544000342	-8.067707061767578	121.0
7244	-5.809548516002839	-5.995992478921837	-8.14176082611084	121.0
7263	-5.9798039099712454	-6.117098780124229	-8.155738830566406	121.0
7283	-6.116913538880465	-6.212544546067425	-8.010817527770996	121.0
7303	-6.091619478598295	-6.251327062430179	-8.093130111694336	118.0
7322	-6.344638728522753	-6.401554240999494	-8.174901962280273	118.0
7341	-6.375243995391852	-6.397222625801754	-7.993766784667969	118.0
7361	-6.309545089193119	-6.493784919520582	-8.039522171020508	118.0
7380	-6.580507546236303	-6.276166032512907	-8.030023574829102	118.0
7400	-6.783239182558667	-6.510487029324094	-7.847442626953125	118.0
7419	-6.718858057985601	-6.507747790015406	-7.594505786895752	118.0
7439	-6.396035422687804	-6.477814355288174	-7.521207809448242	118.0
7459	-6.200047331325095	-6.506665725745696	-7.341135025024414	118.0
7477	-6.015324822598205	-6.549715157035015	-7.398630619049072	118.0
7497	-6.0324029789941935	-6.476638210871204	-7.246009826660156	118.0
7516	-5.925097250276135	-6.4956635077014475	-7.250538349151611	118.0
7536	-5.928629704918197	-6.712720296218085	-7.248378276824951	114.0
7555	-5.807542819711553	-6.877908025747415	-6.954297065734863	114.0
7576	-5.8716834580879596	-6.6777764652179155	-6.9176483154296875	114.0
7594	-5.9675629188408745	-6.802868270650071	-6.804110527038574	114.0
7613	-6.086044447440066	-6.818547143530669	-6.579763889312744	114.0
7633	-5.7345700698893	-6.753234786335735	-6.461391925811768	114.0
7653	-5.585761704196452	-6.747133899321052	-6.655887603759766	114.0
7673	-5.5292456559994845	-6.916050395846208	-6.486532688140869	114.0
7693	-5.5292456559994845	-6.916050395846208	-6.486532688140869	114.0
7713	-4.8679274842056826	-6.981232065936083	-6.816743850708008	114.0
7732	-4.8679274842056826	-6.981232065936083	-6.816743850708008	114.0
7752	-4.267095081898143	-7.698073292025337	-6.832062244415283	114.0
7773	-3.851325998764914	-7.625010959096053	-6.926010608673096	114.0
7789	-3.851325998764914	-7.625010959096053	-6.926010608673096	114.0
7809	-3.7565395892340327	-7.990036945667058	-6.989779472351074	114.0
7828	-3.6737994215860863	-8.315778511199682	-7.191732883453369	114.0
7847	-3.4823176765634707	-8.439113256802864	-7.154994964599609	114.0
7866	-3.533983151087096	-8.561675821719689	-7.116023063659668	114.0
7886	-3.622898154465316	-8.264219278095045	-7.241642475128174	114.0
7905	-3.8284536943755407	-8.142938878935174	-7.355594635009766	114.0
7925	-3.6151992467566965	-8.107872895168327	-7.163558483123779	114.0
7945	-3.6517244578390877	-8.179498006143316	-7.369699954986572	114.0
7964	-3.940150629805084	-8.122779447180761	-7.235057830810547	114.0
7984	-3.902314269142239	-7.809465181743411	-6.93986701965332	114.0
8006	-3.715791021472206	-7.516965817817304	-6.874599933624268	114.0
8022	-3.8061286610788914	-7.416741425179321	-6.738983631134033	115.0
8041	-3.9866208635820612	-7.539893841714	-6.406992435455322	115.0
8061	-3.7969218122836166	-7.578852125592417	-6.3095831871032715	115.0
8081	-3.9843254036438274	-7.65412656211962	-6.550497055053711	115.0
8100	-4.042685208309286	-7.721541876555409	-6.617058753967285	115.0
8120	-4.001582906984418	-7.406575325516764	-6.8028950691223145	115.0
8138	-3.7646645669218666	-7.854346393960799	-6.9581618309021	115.0
8157	-3.9019741768543805	-7.904262987265561	-7.3537492752075195	115.0
8178	-3.6643362401446486	-8.223518929654277	-7.450369834899902	115.0
8197	-3.405647623485461	-8.507661685530156	-7.511737823486328	115.0
8216	-3.6688687757176397	-8.38885944918537	-7.5065155029296875	115.0
8238	-3.4366079041844566	-8.376651099874952	-7.381896495819092	115.0
8256	-3.335001696424433	-8.463996759811149	-7.398000717163086	117.0
8275	-3.287867980976217	-8.705851258564744	-7.5982770919799805	117.0
8294	-3.371805075189851	-8.59488714959008	-7.502280235290527	117.0
8313	-3.2899578181038076	-8.740741483433178	-7.428150653839111	117.0
8333	-3.4902000912734765	-8.597991652270755	-7.286192417144775	117.0
8353	-3.563720905960154	-8.448724858682313	-7.420006275177002	117.0
8373	-3.446009292006154	-8.394012638363263	-7.381080627441406	117.0
8391	-3.6832243062561036	-8.31029993041201	-7.549628734588623	117.0
8412	-3.366737303498207	-8.397339198602175	-7.516168117523193	117.0
8432	-2.989055235943153	-8.584889413374139	-7.350859642028809	117.0
8452	-2.652681549358175	-8.319906396366216	-7.81395149230957	117.0
8471	-2.652681549358175	-8.319906396366216	-7.81395149230957	117.0
----------------도착----------------
8489	-2.3965630458386333	-8.294360328452532	-7.981365203857422	117.0
8509	-2.298124430297192	-8.239581778516909	-8.152155876159668	118.0
8527	-2.507824260789112	-7.894434964519824	-8.272448539733887	118.0
8547	-2.6891975426181594	-8.122835399408748	-8.410746574401855	118.0
8567	-2.7446673147859437	-7.919788743842429	-8.370274543762207	118.0
8586	-2.8362707822254913	-7.889567245484854	-8.164368629455566	118.0
8605	-3.1810298821940624	-7.899711560417521	-7.839707851409912	118.0
8624	-3.121919344631552	-8.036494837113384	-7.756016731262207	118.0
8644	-3.004096875813191	-8.009107198035677	-7.598769187927246	118.0
8664	-3.203726112694996	-8.09572092358377	-7.5576491355896	118.0
8684	-3.4526520025343266	-8.240377027327591	-7.293927192687988	118.0
8702	-3.569498600586731	-8.234844109187113	-7.005321025848389	118.0
8722	-3.743945411826239	-8.229310161649996	-7.105752468109131	118.0
8741	-4.054579232520009	-8.21681892118384	-7.0714263916015625	115.0
8762	-3.838772803547549	-8.095174344890133	-7.112087249755859	115.0
8780	-3.857309466030091	-8.09899263068234	-7.071147918701172	115.0
8800	-3.9270367694235087	-7.942366300825944	-7.15916633605957	115.0
8819	-3.9710265210698044	-7.863535789036913	-7.230139255523682	115.0
8838	-3.955352431635502	-7.840449270604992	-7.378492832183838	115.0
8858	-4.02192611453715	-7.503897265933121	-7.496067047119141	115.0
8878	-3.9771405436015903	-7.472621924616466	-7.4760236740112305	115.0
8897	-3.823510376322683	-7.293114357581368	-7.635229587554932	115.0
8917	-4.022368457615515	-7.202710960424629	-7.614911079406738	115.0
8936	-4.223373175374915	-6.98154769470489	-7.699405193328857	115.0
8955	-4.327894907520132	-7.137073200954454	-7.589278221130371	115.0
8974	-4.515648700327224	-6.703321342400973	-7.59731388092041	111.0
8994	-4.7263023618302205	-6.4854790225717895	-7.5670037269592285	111.0
9014	-4.896198497347656	-6.608672389258018	-7.760009288787842	111.0
9033	-5.03154999530209	-6.420456670041065	-7.789157867431641	111.0
9053	-5.361561481859201	-6.561020986198181	-7.481834411621094	111.0
9071	-5.300393228632297	-6.476474032060424	-7.601877212524414	111.0
9092	-5.256187562911176	-6.4360667021003	-7.764376163482666	111.0
9112	-5.423754240987427	-5.889559602146146	-8.135722160339355	111.0
9132	-5.379113772909615	-6.219276962958559	-8.027234077453613	111.0
9152	-5.3362638149120025	-6.111821548968629	-8.268750190734863	111.0
9169	-5.3362638149120025	-6.111821548968629	-8.268750190734863	111.0
9189	-5.530432588346483	-5.956659146090247	-8.028280258178711	111.0
9208	-5.8050718890188	-6.001961935650895	-8.228399276733398	111.0
9227	-5.784867107428325	-6.081022598766841	-8.213021278381348	114.0
9247	-5.870837181017305	-6.1836757331594825	-8.050301551818848	114.0
9266	-6.054564738527186	-5.951231499088316	-7.792423725128174	114.0
9286	-6.042866415199306	-6.018840670771919	-7.679733753204346	114.0
9305	-6.134319425247884	-5.760510635388699	-7.882416248321533	114.0
9325	-6.353941897223798	-5.918045609131454	-7.693917274475098	114.0
9344	-6.21188365823908	-5.986082104052112	-7.8556365966796875	114.0
9363	-6.151520099297363	-5.961134678958307	-7.780845642089844	114.0
9383	-6.1386846337190555	-6.047673864296559	-7.777722358703613	114.0
9404	-6.012556836242475	-6.107890882904037	-7.919986724853516	114.0
9422	-5.76990537702034	-6.452387041529488	-7.9714131355285645	114.0
9441	-5.73241226077997	-6.585194207671615	-8.067672729492188	114.0
9461	-5.775304936875257	-6.8108603635150775	-7.898167133331299	115.0
9481	-5.74483688472155	-6.765299472269208	-7.817675590515137	115.0
9500	-5.801042637032566	-6.758138504149586	-7.884274482727051	115.0
9519	-5.588260379669968	-6.756275615673182	-7.7429962158203125	115.0
9539	-5.777569272699348	-6.846890240277329	-7.788957595825195	115.0
9558	-5.762641116353666	-6.722904118275446	-7.7253875732421875	115.0
9578	-5.9395216621551805	-6.510580099300632	-7.961371898651123	115.0
9598	-5.926561972193855	-6.45488969494503	-8.254470825195312	115.0
9617	-6.019941134918277	-6.466312069171297	-8.191603660583496	115.0
9636	-5.843507662920616	-6.443276336331075	-8.584543228149414	115.0
9655	-5.833311293328462	-6.321278498680843	-8.45324993133545	115.0
9674	-5.973756244782854	-6.430521062631741	-8.62289047241211	115.0
9694	-5.879675300164352	-6.1910218214205255	-8.627933502197266	119.0
9714	-6.012084716214275	-6.349524848510055	-8.80288314819336	119.0
9733	-5.8791725165785875	-6.367000931883981	-8.658453941345215	119.0
9753	-5.976443875245776	-6.295744019166075	-8.430476188659668	119.0
9772	-5.629851366193301	-6.339819980018198	-8.31187915802002	119.0
9791	-5.632687908125759	-6.010855116557684	-8.172441482543945	119.0
9812	-5.767235543145412	-6.060124853283937	-8.033546447753906	119.0
9832	-5.863561582062812	-5.93816978397492	-7.781696796417236	119.0
9852	-5.904202847554771	-5.965265667243797	-7.65273380279541	119.0
9871	-5.825781556805435	-5.980992734308351	-7.537130355834961	119.0
9888	-5.825781556805435	-5.980992734308351	-7.537130355834961	119.0
9908	-6.056815133571938	-5.756393573346637	-7.627352237701416	119.0
9929	-5.9895225002734165	-5.722571579395149	-7.55292272567749	119.0
9947	-6.181303968745763	-5.63426490422039	-7.69349479675293	117.0
9967	-6.207460215359467	-5.6157863634053005	-7.59455680847168	117.0
9986	-6.328454049509199	-5.535617543882867	-7.713374137878418	117.0
10005	-6.253449954549404	-5.51815193941731	-7.492258071899414	117.0
10025	-6.271465421859871	-5.769399862942841	-7.484216690063477	117.0
10044	-6.237795201503779	-5.776515637234006	-7.356947898864746	117.0
10064	-6.1512957839769475	-5.917695784990742	-7.260627269744873	117.0
10083	-6.24248588310353	-6.002619325692348	-7.305200576782227	117.0
10103	-6.238547491946884	-6.0305294564986065	-7.011624336242676	117.0
10123	-6.09869833856003	-6.233675175810378	-6.804622650146484	117.0
10141	-5.857092758100361	-6.0767330472802135	-6.804931163787842	117.0
10162	-5.7694710044734085	-6.08274521887963	-7.140174865722656	117.0
10180	-5.465636314128214	-6.002032146655515	-7.3140153884887695	110.0
10201	-5.45763222132764	-6.118588496186173	-7.461799621582031	110.0
10219	-5.110070969527347	-6.123246610506821	-7.849030494689941	110.0
10239	-4.840209081694118	-6.09471073906516	-7.695434093475342	110.0
10258	-4.58886964514157	-6.444488085519139	-7.910470962524414	110.0
10277	-4.535417471886411	-6.577846442253627	-8.147283554077148	110.0
10297	-4.429950406268036	-6.787303194379463	-8.330338478088379	110.0
10317	-4.2365244808556035	-6.785177598303097	-8.308751106262207	110.0
10336	-4.217592910132348	-7.034668724660335	-8.361090660095215	110.0
10355	-4.049109959455952	-7.11157035733781	-8.374690055847168	110.0
10375	-4.045765486377797	-6.93473597733434	-8.280277252197266	110.0
10395	-4.109030346555804	-7.093225686101319	-8.456356048583984	110.0
10414	-4.152983865561142	-6.818117034976784	-8.612625122070312	111.0
10433	-4.183945215366996	-6.889475056521187	-8.624688148498535	111.0
10453	-4.060901527861972	-6.985837376477696	-8.447579383850098	111.0
10472	-4.024700967925822	-7.14926379278964	-8.385357856750488	111.0
10491	-3.92510192872028	-6.874622778390405	-8.23482894897461	111.0
10512	-3.6076615316161815	-6.530648548788909	-8.33133602142334	111.0
10532	-3.543104474492396	-6.638454003061256	-8.44753646850586	111.0
10551	-3.3295333240209977	-6.327005503013496	-8.46850872039795	111.0
10571	-3.5651253198026924	-6.401863803647423	-8.223846435546875	111.0
10588	-3.5651253198026924	-6.401863803647423	-8.223846435546875	111.0
10608	-3.374250541093051	-6.178363312371388	-8.1185941696167	111.0
10628	-3.536319150636753	-6.082915043572438	-8.265007972717285	111.0
10647	-3.7490827479124076	-5.653359484537903	-8.448301315307617	111.0
10666	-3.7578524293748994	-5.54014529859967	-8.562843322753906	115.0
10686	-3.9154252216142407	-5.5941327127449645	-8.529666900634766	115.0
10705	-3.749320075426067	-5.4224438336914	-8.51647663116455	115.0
10725	-4.118079359742648	-5.739754771247173	-8.369658470153809	115.0
10744	-4.0373724171883385	-5.599735545811172	-8.556846618652344	115.0
10764	-4.462378470467304	-5.435249016682316	-8.773031234741211	115.0
10783	-4.5136142921212254	-5.280254533437246	-8.936568260192871	115.0
10803	-4.439075261100654	-5.263367773731043	-9.235424041748047	115.0
10822	-4.636375545523428	-4.865432317121899	-9.476173400878906	115.0
10842	-5.003217895255823	-4.297078794503268	-10.04119873046875	115.0
10861	-5.337595602186371	-3.650690501925281	-10.143707275390625	115.0
10881	-5.495552296791852	-2.960589913160091	-10.336249351501465	115.0
10899	-5.8530213095073425	-2.1924779230014266	-10.731510162353516	118.0
10919	-6.269986030969327	-1.523696141645269	-10.950824737548828	118.0
10939	-6.77835111088473	-0.5565116642865905	-11.254406929016113	118.0
10958	-7.426677060252028	0.10439335668409344	-11.60102653503418	118.0
10978	-7.953055288668176	1.1008247620705318	-11.995442390441895	118.0
10997	-8.602809049567991	1.9587498959455574	-12.122323989868164	118.0
11016	-9.495828160724963	2.843704035695102	-12.485617637634277	118.0
11036	-10.504985762375759	4.2560559138421	-12.879871368408203	118.0
11055	-11.807384435271073	5.389363065771572	-12.986163139343262	118.0
11074	-13.097746736809563	6.558428593681512	-12.985493659973145	118.0
11095	-14.292376354887129	8.143431089851008	-13.069743156433105	118.0
11113	-15.386475873991154	9.809089353260477	-12.943552017211914	118.0
11133	-16.58558501063395	11.156624102499734	-12.998159408569336	115.0
11152	-17.548292372348318	12.931146925115145	-13.14667797088623	115.0
11172	-18.78777253625733	14.923215933445661	-13.43559455871582	115.0
11191	-20.00010988346176	16.996455689696628	-13.501265525817871	115.0
11212	-20.00010988346176	16.996455689696628	-13.501265525817871	115.0
11232	-21.714764893832896	21.89350703770077	-13.562366485595703	115.0
11251	-21.714764893832896	21.89350703770077	-13.562366485595703	115.0
11271	-22.474225316614273	27.840216866340153	-14.138212203979492	115.0
11289	-22.474225316614273	27.840216866340153	-14.138212203979492	115.0
11308	-22.744944323690337	31.262416787938598	-14.631612777709961	115.0
11328	-23.018943702031763	34.658951999527225	-15.172372817993164	115.0
11347	-23.056593217059923	38.485055318243	-15.221202850341797	115.0
11367	-22.430888350342315	42.237856702309315	-15.261794090270996	115.0
11386	-21.661767718798178	45.8961315639308	-15.314126968383789	110.0
11405	-20.354544340898855	50.053077078656585	-14.564104080200195	110.0
11427	-17.416851747647982	54.48354119456476	-12.460911750793457	110.0
11445	-16.295717550368547	56.55228936134947	-15.393269538879395	110.0
