1	-13.891834740057183	6.441413677044096	-20.15563201904297	95.0
19	-13.917323271106408	6.403936305792062	-20.27103614807129	95.0
39	-13.866599726984827	6.368619012652419	-20.56661605834961	95.0
58	-14.04473236592958	6.080140750338022	-20.85675048828125	95.0
78	-13.77902234082437	5.723748760619248	-21.297361373901367	95.0
97	-13.45270049270752	5.440239006710715	-21.785947799682617	95.0
117	-13.218191387782273	5.831262215209444	-21.579755783081055	95.0
136	-13.866013270741256	6.23391749594476	-21.179725646972656	95.0
155	-14.374618247769098	6.551204208184966	-20.87520980834961	92.0
175	-14.33984451699227	6.4708156049449785	-20.695056915283203	92.0
195	-14.254737489246661	6.227971111502767	-20.597740173339844	92.0
215	-14.035061631139685	6.039484871502438	-20.63692855834961	92.0
233	-14.019449679225898	6.029097037058774	-20.42109489440918	92.0
253	-13.862251718848086	6.07656977327916	-20.609224319458008	92.0
272	-14.10785120892943	5.995299926659114	-20.61808204650879	92.0
293	-14.007537728152721	5.879358472692536	-20.531301498413086	92.0
312	-13.863295924662221	5.7450518138242295	-20.732666015625	92.0
331	-14.165821821427272	5.800758156750218	-20.738523483276367	92.0
352	-14.311214348694687	5.901776824648583	-20.761781692504883	92.0
369	-14.417468270217734	6.057196508571041	-20.40097999572754	92.0
388	-14.452934599669426	6.4436020892263945	-20.4207763671875	90.0
408	-14.574022963929655	6.533788835345407	-20.384349822998047	90.0
428	-14.390753263003054	6.200614441063071	-20.580482482910156	90.0
447	-14.459106549175303	6.384333127518656	-20.53397560119629	90.0
467	-14.319784345192904	6.487024191247931	-20.367616653442383	90.0
486	-14.37035440440644	6.376683366662378	-20.040393829345703	90.0
505	-14.349713642144133	6.249706303601242	-20.144943237304688	90.0
525	-14.47978660172767	6.031129292941727	-20.42550277709961	90.0
544	-14.106333955488319	5.759695806885681	-20.333803176879883	90.0
566	-13.935431958719795	5.251937309979551	-20.268667221069336	90.0
584	-13.797066740649008	5.214541768129119	-20.36925506591797	90.0
604	-13.643740980479787	4.742573154149206	-20.544036865234375	90.0
623	-13.749467992063957	4.6981152555513095	-20.482223510742188	90.0
643	-13.936843131705412	5.115590508296745	-20.665050506591797	91.0
665	-14.184267820681807	5.478717636879382	-20.355270385742188	91.0
684	-13.957045596516185	6.22386326554288	-20.563640594482422	91.0
701	-13.957045596516185	6.22386326554288	-20.563640594482422	91.0
720	-14.024562100091268	6.439149974412064	-20.771495819091797	91.0
740	-13.621671531758057	6.651253411245728	-21.038118362426758	91.0
759	-13.628811853075135	6.361458214945593	-21.053075790405273	91.0
779	-13.350357429991941	6.13687255311036	-21.430335998535156	91.0
798	-13.533809122340136	5.705974158260105	-21.53205108642578	91.0
818	-14.109650924623228	5.872556729349759	-21.224193572998047	91.0
837	-14.636459139245536	6.169033376965666	-20.9315185546875	91.0
857	-14.578369844975002	6.009793808377753	-20.59735870361328	91.0
875	-14.398832787461687	5.640913452427052	-20.831214904785156	96.0
894	-14.891881605870623	5.864184463882242	-20.62747573852539	96.0
915	-15.079002275775007	6.274501771447904	-20.305038452148438	96.0
935	-15.189830311333022	6.758063122708537	-19.895313262939453	96.0
953	-14.641742645229623	7.055045237351304	-20.339860916137695	96.0
972	-13.686523648270907	7.08403592438045	-20.492685317993164	96.0
991	-13.554957661694285	6.82777845602013	-20.531169891357422	96.0
1011	-13.35783550550694	6.66879403401344	-20.70388412475586	96.0
1031	-13.504826034707456	7.282170016481076	-20.343143463134766	96.0
1050	-13.915815892495704	8.003005149541677	-19.528711318969727	96.0
1069	-14.42680224840716	7.64474815520212	-19.27777099609375	96.0
1089	-14.566898023293076	7.253082554556361	-19.47348403930664	96.0
1108	-13.842614388651242	6.1579402297297525	-20.04927635192871	104.0
1127	-13.694743538718845	5.66502153528814	-20.38279151916504	104.0
1147	-12.305714612969233	5.285147461839586	-21.421634674072266	104.0
1167	-11.973561122999083	5.246460751779384	-21.656352996826172	104.0
1186	-12.106473868739007	5.76949724379894	-21.78658103942871	104.0
1205	-12.608233135332506	6.441925840476915	-21.547216415405273	104.0
1225	-12.47921708766019	6.598022347303237	-21.576751708984375	104.0
1245	-12.902679969440944	6.482131239666496	-21.339900970458984	104.0
1264	-12.601199535310974	6.090490795269793	-21.795761108398438	104.0
1283	-12.271404693930005	5.312306863843694	-22.296323776245117	104.0
1302	-12.66304595934813	5.473769703394532	-21.62822914123535	104.0
1322	-13.652053293595594	6.041017682810405	-20.848033905029297	104.0
1343	-14.514312610034283	6.847824491890368	-19.84811019897461	94.0
1362	-14.616016654559044	7.5336005567614945	-19.355899810791016	94.0
1383	-13.974904711176356	7.7164178604384155	-19.71776008605957	94.0
1401	-13.974904711176356	7.7164178604384155	-19.71776008605957	94.0
1419	-14.584633799927268	7.887260070067248	-19.15480613708496	94.0
1439	-14.867484570107232	7.987717142652413	-18.846343994140625	94.0
1458	-14.459526288361666	7.654396038963966	-19.097076416015625	94.0
1478	-14.285084234401435	7.14400667562595	-19.89944076538086	94.0
1497	-13.518914731034815	6.880599818703348	-20.581256866455078	94.0
1516	-13.016839102275831	6.606186644909595	-20.774250030517578	94.0
1536	-13.941008367429292	7.646688748265934	-19.72382164001465	94.0
1556	-13.993213906619713	7.871105196406396	-19.864442825317383	94.0
1576	-13.615488745949119	7.735751734802113	-20.136478424072266	94.0
1595	-13.353574664775783	7.555484710912629	-20.10958480834961	93.0
1614	-13.374745594146306	7.37920254927733	-20.11536407470703	93.0
1633	-13.042003019542673	7.189145289748675	-20.240585327148438	93.0
1653	-13.147604637599134	7.498044885328772	-20.129436492919922	93.0
1672	-13.158769765529257	7.397940998535953	-20.197418212890625	93.0
1692	-13.049400301695064	7.516280858687863	-20.204532623291016	93.0
1711	-12.995768507719173	7.602768408201643	-19.93452262878418	93.0
1731	-13.286530561660793	7.8612910949493084	-19.675065994262695	93.0
1750	-13.629503953235293	8.033729309449884	-19.73809242248535	93.0
1769	-13.649471356999475	7.859461914187139	-19.658519744873047	93.0
1789	-13.45376511609643	7.782288306490352	-19.854595184326172	93.0
1808	-13.146321375097479	7.4704914939385345	-20.086084365844727	93.0
1828	-12.995976973265005	7.2663397963140985	-20.253643035888672	103.0
1847	-12.97673471096963	6.963455708227924	-20.559146881103516	103.0
1866	-13.13051375261973	7.182768345269447	-20.471799850463867	103.0
1886	-13.441812837105655	7.1848835220664755	-20.258174896240234	103.0
1905	-13.705733898074312	7.059393223314385	-20.079696655273438	103.0
1924	-13.937859692806404	6.8943438123501615	-20.448259353637695	103.0
1944	-13.880248967214008	6.623883739368605	-20.229297637939453	103.0
1964	-13.892493176081008	6.715656990669199	-20.067493438720703	103.0
1983	-13.84679764932011	6.8805050598622906	-19.953611373901367	103.0
2002	-13.770822519695988	6.833153272473916	-20.132169723510742	103.0
2022	-13.835205584118688	6.673958013133016	-20.154481887817383	103.0
2043	-13.835205584118688	6.673958013133016	-20.154481887817383	103.0
2064	-13.535687597385564	6.5167296464644675	-20.72525978088379	103.0
2082	-13.292328219066581	6.560569875577429	-20.463050842285156	104.0
2102	-13.292328219066581	6.560569875577429	-20.463050842285156	104.0
2119	-13.35993755459056	6.392988286862401	-20.648277282714844	104.0
2139	-13.513303001505989	6.476285579425666	-20.8480224609375	104.0
2159	-13.671340592216858	6.372668407286598	-20.58958625793457	104.0
2178	-13.846957509703598	6.5231838719874125	-20.356800079345703	104.0
2197	-13.681164869780844	6.593519008826188	-20.313976287841797	104.0
2216	-13.491297400183301	6.512675338954405	-20.085987091064453	104.0
2236	-13.567807165628794	6.4733847635941615	-20.028491973876953	104.0
2256	-13.864289549884894	6.180714929305965	-20.177377700805664	104.0
2276	-13.813252677214045	6.459061328286602	-20.052188873291016	104.0
2295	-13.388320944326999	6.553802680254049	-20.03546142578125	104.0
2314	-13.557885110827685	6.807422141021092	-20.242061614990234	106.0
2333	-13.55613481327556	6.8480828107791964	-19.884958267211914	106.0
2353	-13.756270935702506	6.6620258715009	-20.030914306640625	106.0
2372	-13.703298155726939	6.430056122026701	-20.200538635253906	106.0
2392	-13.40192174527365	6.52276295565113	-20.22503662109375	106.0
2411	-13.246654218734395	6.307300158893508	-20.240888595581055	106.0
2430	-13.439331184770216	6.145759664821607	-20.37287712097168	106.0
2450	-13.65170519500744	5.880779701185459	-20.318784713745117	106.0
2469	-13.759279619509933	6.046875663606432	-20.15719223022461	106.0
2489	-14.00830006379365	6.250326993890275	-20.103866577148438	106.0
2508	-13.769502060936583	6.163607995175503	-20.096500396728516	106.0
2528	-13.715024614523045	6.147526385654372	-19.811912536621094	106.0
2547	-13.97122794870438	5.927876343452718	-19.842798233032227	100.0
2566	-13.83897116728035	5.825173077760133	-19.95533561706543	100.0
2586	-13.679338975784248	5.701014340579572	-19.927885055541992	100.0
2605	-13.50149042816087	5.85823699380909	-20.04265594482422	100.0
2625	-13.238572390663737	5.861017885144049	-20.018842697143555	100.0
2645	-13.312658548056847	6.0267726372416845	-19.691082000732422	100.0
2664	-13.287695702368728	6.3978800812116265	-19.508235931396484	100.0
2683	-13.434500138879468	6.57309399859127	-19.831069946289062	100.0
2702	-13.311734076954943	6.462827508986109	-20.031925201416016	100.0
2722	-13.156779430035154	6.274512402942441	-20.364967346191406	100.0
2743	-13.288618150395488	6.254663497297042	-20.362329483032227	100.0
2763	-13.231131781365029	6.212231003548201	-20.151596069335938	100.0
2782	-13.231131781365029	6.212231003548201	-20.151596069335938	95.0
2801	-13.243962312157356	6.797703973435024	-19.875211715698242	95.0
2819	-13.101172666827017	6.786448406577291	-19.954925537109375	95.0
2839	-13.305186826924048	6.598734349398881	-20.05157470703125	95.0
2859	-13.247686998591284	6.562301121694931	-19.79216766357422	95.0
2878	-13.398333834989188	6.716527929326735	-19.780048370361328	95.0
2897	-13.30980443872441	6.924384650800312	-19.598041534423828	95.0
2917	-13.060728960632959	6.978514976679856	-19.463520050048828	95.0
2936	-13.14028594404283	7.090292960013888	-19.243589401245117	95.0
2956	-13.39685862097621	7.033482846816807	-19.354312896728516	95.0
2976	-13.33454835450706	6.87990041860026	-19.626277923583984	95.0
2995	-13.205324879268716	6.802546907289697	-19.641010284423828	95.0
3014	-13.085498900396635	6.635964777787463	-19.712600708007812	95.0
3033	-13.062394887085729	6.545592003647768	-19.40034294128418	93.0
3053	-12.953351914681358	6.4457746460942955	-19.606842041015625	93.0
3074	-13.059939157837887	6.44227525124909	-19.780426025390625	93.0
3092	-13.257727105735665	6.555188216464292	-20.006511688232422	93.0
3111	-13.231050643500662	6.196827186233507	-19.985424041748047	93.0
3131	-13.029974179800623	6.000795288270636	-20.14511489868164	93.0
3150	-13.133996437974645	6.329159475556971	-20.243146896362305	93.0
3170	-13.3416520698213	6.792576726027813	-20.04425621032715	93.0
3190	-13.29103475013647	6.723486521823827	-20.26374053955078	93.0
3209	-13.148163786495333	6.7547675240241585	-20.535837173461914	93.0
3228	-13.241633867417297	6.7978194399786815	-20.742305755615234	93.0
3248	-13.029308038032989	6.911477101229054	-20.842227935791016	93.0
3267	-12.801854974270823	7.009168882868613	-20.7375431060791	97.0
3286	-13.1410978032861	7.271997395720863	-20.73772430419922	97.0
3307	-13.134509263682368	7.384061735806278	-20.54599952697754	97.0
3325	-13.05747609513096	7.567833095598426	-20.508098602294922	97.0
3345	-13.19459938588937	7.635363184902055	-20.2407169342041	97.0
3364	-13.194105809675502	7.433679075757853	-19.990901947021484	97.0
3384	-12.951259126340467	7.472405466478436	-19.71344757080078	97.0
3404	-12.9656350253185	7.390740828878115	-19.53346824645996	97.0
3423	-13.095921865419767	7.568763259990629	-19.687211990356445	97.0
3443	-13.008983942878677	7.543849399236161	-19.515514373779297	97.0
3463	-12.891898243667605	7.283206072811856	-19.79510498046875	97.0
3484	-12.964415760869112	7.516865133778069	-19.615921020507812	97.0
3503	-12.964415760869112	7.516865133778069	-19.615921020507812	97.0
3520	-12.902269854263391	7.7597291199781635	-19.71923065185547	101.0
----------------출발----------------
3540	-12.66446398383356	7.732235727110982	-19.7873477935791	101.0
3559	-12.847573677024348	7.836238800605352	-19.88142967224121	101.0
3578	-12.98957699819853	8.021658723106418	-19.74083709716797	101.0
3598	-13.310322689942439	7.898560468899525	-19.641355514526367	101.0
3618	-13.09372096339686	7.854364198975093	-19.984764099121094	101.0
3637	-12.882591403923248	7.841062490712487	-20.094514846801758	101.0
3657	-12.792717473124576	7.748343303573264	-19.91827392578125	101.0
3676	-12.811408271685304	7.825677476594259	-19.876811981201172	101.0
3697	-13.210629354105368	8.175245195899059	-19.794416427612305	101.0
3715	-12.813031460268961	8.02326172169725	-19.70732307434082	101.0
3735	-12.521299371164861	8.13021424599741	-19.969980239868164	101.0
3754	-12.081161162287989	8.175634980520112	-20.22905158996582	100.0
3773	-11.984525717116531	8.05196787302991	-20.071186065673828	100.0
3792	-11.918890104795063	8.077439131317286	-19.796003341674805	100.0
3812	-12.103111787361268	8.312203107635607	-19.875125885009766	100.0
3832	-12.429161268434335	8.645025714857276	-19.46599578857422	100.0
3851	-12.289932800614153	8.704461937707784	-19.479007720947266	100.0
3871	-12.587164300440671	8.843861255216567	-19.5109806060791	100.0
3890	-12.141461052511264	8.517709880330328	-19.70563316345215	100.0
3908	-12.220032815923762	8.594573625155228	-19.646312713623047	100.0
3929	-12.125844565832729	8.851981578710587	-19.530494689941406	100.0
3948	-12.002925685635553	9.248117013636698	-19.477367401123047	100.0
3975	-11.897445169472357	9.404674361178605	-19.443634033203125	100.0
3987	-11.842101326743753	9.560182424913442	-19.39482879638672	95.0
4006	-11.715616876144177	9.47293844767053	-19.146167755126953	95.0
4025	-11.42558687030962	9.305915790002262	-19.402606964111328	95.0
4045	-11.67064079099271	9.628046012770778	-19.43109703063965	95.0
4064	-11.699587203911394	9.597623398154681	-19.300804138183594	95.0
4084	-11.621455182773605	9.863220317659534	-19.110950469970703	95.0
4105	-11.800604109364707	9.591826828934547	-19.266775131225586	95.0
4124	-11.645074250072453	9.684082460739708	-19.370012283325195	95.0
4146	-11.3676108271721	9.793612847579544	-19.407421112060547	95.0
4165	-11.437108915121678	9.977770627093278	-19.644428253173828	95.0
4185	-11.328426085138014	10.212593343244146	-19.524991989135742	95.0
4203	-11.010947870171364	10.345998867980759	-19.538467407226562	95.0
4221	-11.010947870171364	10.345998867980759	-19.538467407226562	95.0
4239	-10.841437390080761	10.792332612042253	-19.685985565185547	93.0
4259	-10.672192115773703	11.069033190905033	-19.82928466796875	93.0
4278	-10.238510952553009	11.315306744472082	-19.692501068115234	93.0
4298	-10.030944087141425	11.113379700516145	-19.807456970214844	93.0
4318	-9.809573573476365	11.045651153210398	-19.83807945251465	93.0
4337	-9.635973884210902	11.127403701266356	-19.774808883666992	93.0
4356	-9.839532103216841	11.246084022456344	-19.63702392578125	93.0
4376	-9.667696495853363	10.997914954770629	-19.63751220703125	93.0
4395	-9.474842797484884	10.96917274654854	-19.32865333557129	93.0
4416	-9.375975156009341	10.66858661409547	-19.520387649536133	93.0
4435	-9.30627563302705	10.400359121156445	-19.81438446044922	93.0
4454	-9.115523370997817	10.549855088165952	-20.041173934936523	93.0
4473	-8.907102506842811	10.615865473212244	-19.939861297607422	96.0
4492	-8.736763626452596	10.797994253432675	-19.86181640625	96.0
4511	-8.353056565786057	10.771697820695643	-19.825220108032227	96.0
4531	-8.289056073661868	10.876469890379342	-19.725753784179688	96.0
4551	-8.110684149363708	10.530344432330688	-19.787799835205078	96.0
4570	-8.01909807867396	10.595593893681258	-19.593303680419922	96.0
4590	-7.522676471034938	10.74491984179849	-19.48420524597168	96.0
4608	-7.313428435340781	10.720120566191751	-19.194149017333984	96.0
4628	-7.408099980943561	10.536172986804903	-19.104995727539062	96.0
4648	-7.168328547900002	10.462501186049789	-19.148151397705078	96.0
4667	-7.043713058433598	10.464137304255802	-19.16048812866211	96.0
4687	-6.654171055800823	10.296124853223859	-19.026748657226562	96.0
4706	-6.247723458953951	10.289377802031899	-19.155729293823242	99.0
4725	-6.11853421894982	9.960271740575257	-19.104846954345703	99.0
4745	-5.732654405850149	9.553020165295605	-19.545089721679688	99.0
4764	-5.567812634244604	9.349009873728816	-19.748584747314453	99.0
4785	-5.359840809440398	9.109899868240316	-19.77029800415039	99.0
4804	-5.398546536703152	8.835294179081739	-19.878028869628906	99.0
4824	-5.120667994528738	8.634368377426688	-20.077077865600586	99.0
4843	-4.964139113179088	8.508796644380546	-20.233505249023438	99.0
4862	-4.819534569210018	8.071573560315795	-20.202472686767578	99.0
4883	-4.431736429570918	7.976245571159771	-20.356910705566406	99.0
4903	-4.382431572873358	7.817364825922597	-20.088008880615234	99.0
4921	-4.382431572873358	7.817364825922597	-20.088008880615234	99.0
4947	-4.076935796355539	7.453714856797389	-20.1124267578125	99.0
4959	-3.5245094110757185	7.254778017341433	-20.487648010253906	100.0
4978	-3.172791215768078	6.935209340021184	-20.418893814086914	100.0
4998	-3.009641285521255	6.855205140817283	-20.59031867980957	100.0
5017	-2.6001320533356416	6.527452033048436	-20.78850555419922	100.0
5037	-2.5455072252640503	6.430401203610278	-21.068037033081055	100.0
5057	-2.6345568664706307	6.173604726060172	-21.1577091217041	100.0
5076	-2.60115693215739	5.707006975931676	-21.475528717041016	100.0
5095	-2.3884910813277433	5.427917551957284	-21.419387817382812	100.0
5115	-2.193967855012035	5.1955350003579674	-21.372169494628906	100.0
5135	-2.1568026514647207	4.933222010086241	-21.323110580444336	100.0
5154	-2.118139886120698	4.688053437907228	-20.994220733642578	100.0
5174	-2.133384120343286	4.213766125141763	-21.13072967529297	100.0
5192	-1.6274425356334865	3.9803586173841086	-20.843955993652344	98.0
5212	-1.3659875290190375	3.6714407555856123	-21.03722381591797	98.0
5231	-1.0348385697825264	3.4846702413319632	-21.04151153564453	98.0
5251	-0.9556322324212412	2.8773010835456345	-20.949840545654297	98.0
5270	-0.7141161805065671	2.6903833335023366	-20.89994239807129	98.0
5290	-0.4005227317488149	2.397919782216529	-21.007415771484375	98.0
5309	-0.2963852956759328	2.213117069257066	-20.95931625366211	98.0
5328	0.05280507575368327	1.8103189755252467	-20.6082820892334	98.0
5348	0.07994883046011213	1.5169564198397347	-20.73173713684082	98.0
5367	0.35565709258574146	1.2069028320362318	-20.379776000976562	98.0
5389	0.660634273034924	0.7588273325059112	-20.360279083251953	98.0
5406	0.8894716653444354	0.5644278190872976	-20.354068756103516	98.0
5425	0.9844906313513498	-0.04300418976808762	-20.472654342651367	96.0
5445	1.3674040366377258	-0.21376562745563232	-20.38600730895996	96.0
5469	1.4844544348530941	-1.0050115745613935	-20.21566390991211	96.0
5485	1.7000616797454131	-1.2339235840913474	-20.392513275146484	96.0
5503	2.1572594649749885	-1.4924427102040903	-20.484142303466797	96.0
5523	2.522627766125535	-1.810081581199307	-20.788175582885742	96.0
5543	2.683701864943511	-2.0265993156825033	-20.426000595092773	96.0
5562	3.1453372743554207	-2.275742574000052	-20.481842041015625	96.0
5583	3.5587018860771	-2.3999712664284196	-20.525798797607422	96.0
5603	3.75633392061944	-2.6749558399406737	-20.623872756958008	96.0
5620	3.75633392061944	-2.6749558399406737	-20.623872756958008	96.0
5641	4.094674391337335	-2.7765916307503726	-20.99542999267578	96.0
5659	4.506372559946195	-2.8696468735269125	-21.033082962036133	96.0
5678	4.884884942162928	-3.0634228185328056	-21.13730239868164	97.0
5698	5.289106669353439	-2.7907476069467227	-21.305978775024414	97.0
5718	5.369426180131326	-2.935995061961476	-21.901527404785156	97.0
5737	5.344453988068447	-3.299950833129966	-22.374828338623047	97.0
5756	5.618201135192089	-3.349014526425733	-22.391759872436523	97.0
5776	5.684197992348094	-3.446892978033517	-22.652645111083984	97.0
5795	5.780402499487905	-3.0179253454265376	-22.793071746826172	97.0
5816	5.765112948255565	-2.8092707827176566	-23.221935272216797	97.0
5834	5.985874250321056	-2.8714812155178318	-23.3455810546875	97.0
5855	6.072330803552775	-2.9953549375031074	-23.450048446655273	97.0
5873	6.160046438454833	-2.7615705240039436	-23.712322235107422	97.0
5893	6.469959152903363	-2.628613848203376	-23.779159545898438	97.0
5912	6.137712283236919	-2.6334072889744085	-24.025867462158203	99.0
5932	6.031295241867774	-2.372046032434244	-24.425907135009766	99.0
5951	6.116963625044281	-2.673562918486179	-24.765180587768555	99.0
5971	6.080294788976134	-2.787354321902087	-24.992332458496094	99.0
5990	5.8883070895387934	-2.4775814880619658	-25.258586883544922	99.0
6009	5.732294904122733	-2.5325051515442607	-25.454599380493164	99.0
6029	5.268141828255032	-2.766387950465033	-25.646923065185547	99.0
6049	5.020399446181063	-2.4260357115538045	-25.78626251220703	99.0
6067	5.314773818178486	-2.5309434855225867	-26.354869842529297	99.0
6086	5.141379137753943	-2.7118422431811937	-26.68671417236328	99.0
6107	4.936446459689999	-2.322283030246579	-26.98230743408203	99.0
6126	4.860303077141423	-2.2291487800561165	-27.287555694580078	99.0
6145	4.689504625116056	-2.4544041592303634	-27.772905349731445	103.0
6165	4.579889894387924	-2.337462480748738	-28.083879470825195	103.0
6184	4.572155854765298	-2.2707110836223703	-28.581966400146484	103.0
6203	4.3566743840104785	-2.5159373168403225	-29.24443817138672	103.0
6223	3.9481863145827747	-2.326596475491631	-29.511619567871094	103.0
6242	3.4879646327649283	-3.049370375469467	-29.390357971191406	103.0
6265	2.9092744081529256	-3.129803360434698	-29.851825714111328	103.0
6284	2.5005052088345447	-2.9625004538748065	-30.427165985107422	103.0
6303	2.5005052088345447	-2.9625004538748065	-30.427165985107422	103.0
6321	1.8620905063943893	-2.6612903035344297	-31.286670684814453	103.0
6339	1.8620905063943893	-2.6612903035344297	-31.286670684814453	103.0
6359	1.3987675724393511	-2.6557760225708784	-31.522762298583984	103.0
6379	0.9485984680549349	-3.0709599635222062	-31.661869049072266	103.0
6398	0.5445377450324499	-2.9818285766730948	-32.01909255981445	100.0
6418	-0.19508016909032308	-2.6763614288036757	-32.59260940551758	100.0
6437	-0.7949510555501927	-2.4060213127688286	-32.86475372314453	100.0
6456	-1.515925196544365	-2.4727958476840586	-32.94856643676758	100.0
6475	-2.244133122474087	-2.407267833111796	-33.23916244506836	100.0
6496	-2.8913852707825085	-2.850114213032848	-33.4041862487793	100.0
6515	-3.4357085330741737	-3.310308689524481	-33.55707550048828	100.0
6535	-4.077323490153821	-3.114688757802291	-33.55253601074219	100.0
6566	-4.8386269807743165	-3.40710669439967	-33.65972900390625	100.0
6574	-5.3156115673769415	-3.5539641208228705	-33.723854064941406	100.0
6592	-5.54149186427433	-3.478079848739365	-33.7979736328125	100.0
6612	-5.873809501188752	-3.5222310911699206	-33.922672271728516	100.0
6631	-6.093919256839612	-3.3902171021339	-34.10000991821289	98.0
6651	-6.26805413667687	-3.1049539630503187	-34.492591857910156	98.0
6670	-6.889884131496458	-3.0519564220516067	-34.7159309387207	98.0
6689	-7.00213297669885	-3.704149586903983	-35.13909912109375	98.0
6709	-7.112102684194011	-3.9629312964450305	-34.90143585205078	98.0
6728	-8.22795004757091	-3.9165234107104134	-34.98721694946289	98.0
6749	-9.681839063232378	-3.9669405156549438	-34.968475341796875	98.0
6768	-10.900483543062139	-3.8117705797136003	-35.02861022949219	98.0
6787	-11.90405390723604	-3.8923677823045857	-34.96012878417969	98.0
6806	-12.35066355863421	-4.245018189048449	-34.84724426269531	98.0
6825	-12.80307750185804	-4.118184728317215	-34.935935974121094	98.0
6845	-13.286681105761877	-4.521251224681715	-35.099876403808594	98.0
6865	-13.444246894125328	-4.570146069254417	-35.81719970703125	99.0
6884	-14.093209203857416	-4.427062486348867	-35.74188995361328	99.0
6904	-14.904715085014722	-4.416465622744077	-35.81071853637695	99.0
6923	-15.590180931138239	-4.8377028037482726	-35.54592514038086	99.0
6943	-16.39226059471907	-5.206585115835337	-35.4609489440918	99.0
6963	-16.949322167920425	-5.2241155629457525	-35.505680084228516	99.0
6984	-16.949322167920425	-5.2241155629457525	-35.505680084228516	99.0
7003	-18.229407080784423	-4.939454514311991	-35.120880126953125	99.0
7021	-18.229407080784423	-4.939454514311991	-35.120880126953125	99.0
7039	-17.85215285250146	-5.868986174793334	-35.495147705078125	99.0
7059	-18.729588693285027	-6.056181942094779	-35.76848602294922	99.0
7079	-19.630264644511463	-5.878303108117995	-35.418312072753906	99.0
7098	-19.90373678871209	-6.404084045655356	-35.42033386230469	99.0
7117	-20.52099547079889	-6.765326536378721	-35.277565002441406	104.0
7137	-20.75859501127301	-7.27243806793507	-35.36924743652344	104.0
7156	-21.365528844511708	-7.642273538967735	-35.24825668334961	104.0
7176	-22.262455827384663	-7.443353730431639	-35.208961486816406	104.0
7196	-22.40595771014792	-7.7121982597160175	-35.11098098754883	104.0
7215	-22.47421935335652	-8.04582766026748	-34.91765594482422	104.0
7234	-23.007477467864543	-8.36769941698535	-35.01289367675781	104.0
7255	-23.969092727264318	-8.30859414462387	-34.6915168762207	104.0
7273	-24.529637980094584	-7.82274481460066	-34.45405578613281	104.0
7293	-25.143650891091475	-7.424203648634551	-34.121334075927734	104.0
7312	-25.068970856630653	-7.518751548379948	-34.58445739746094	104.0
7331	-24.819788754073635	-8.13725908973002	-34.98676300048828	104.0
7350	-24.96023473919991	-8.248097008855853	-35.04713821411133	108.0
7370	-25.359888822766386	-8.32423214999068	-35.12831115722656	108.0
7390	-25.928905023627408	-8.182445937435554	-35.02525329589844	108.0
7410	-26.58379254453127	-8.247611391116175	-35.01029968261719	108.0
7429	-27.7261242530465	-8.462396117775878	-34.7637939453125	108.0
7448	-28.186869858134223	-8.668206369598408	-34.736690521240234	108.0
7467	-28.743522413887085	-9.149738834125603	-34.33823013305664	108.0
7487	-29.141430113117206	-9.348101075912489	-33.901878356933594	108.0
7506	-29.429571571234323	-9.62583534603423	-33.99202346801758	108.0
7526	-29.445427627153432	-9.666822100943715	-33.89448547363281	108.0
7545	-30.144624556637247	-10.062723285983829	-33.565284729003906	108.0
7565	-30.254350985231333	-10.110775507927881	-33.630897521972656	108.0
7584	-30.374744509427924	-9.809494600109877	-33.45256423950195	106.0
7603	-30.859983388470898	-10.13026705885092	-33.246891021728516	106.0
7624	-30.873989893194985	-10.874773416356426	-33.33662414550781	106.0
7643	-31.10139282065524	-11.540990195615676	-33.373390197753906	106.0
7663	-31.841819052898522	-11.197236972172783	-32.97597885131836	106.0
7683	-31.841819052898522	-11.197236972172783	-32.97597885131836	106.0
7703	-33.045669372288	-10.342042383693313	-32.40094757080078	106.0
7722	-33.31138233158969	-10.304274581399481	-32.06022644042969	106.0
7740	-33.31138233158969	-10.304274581399481	-32.06022644042969	106.0
7759	-32.23680276595658	-11.786643614521877	-33.06372833251953	106.0
7779	-32.33424311670177	-11.948155707850027	-33.13555908203125	106.0
7798	-32.849156349263325	-12.211182968707979	-32.90571594238281	106.0
7817	-33.14440910538684	-12.029974118275808	-32.33849334716797	106.0
7837	-33.72723752295199	-11.918663774199173	-32.1629524230957	101.0
7856	-34.48136355884175	-12.029957006076263	-31.879011154174805	101.0
7876	-34.747003595975784	-11.975235671284723	-31.768136978149414	101.0
7896	-34.88674148675969	-11.954148036797779	-32.0944709777832	101.0
7915	-34.752473656048686	-11.961041173119058	-32.34832763671875	101.0
7935	-34.306690674417425	-12.49404290122692	-32.81285095214844	101.0
7953	-33.672816227505905	-12.726235808645407	-33.07084655761719	101.0
7974	-34.171003689734796	-12.729027822136501	-32.96177673339844	101.0
7993	-34.501235619149796	-12.509312285566251	-32.41395568847656	101.0
8012	-34.80180065905702	-11.999454303108315	-31.88558578491211	101.0
8031	-35.245204791520734	-12.01691979641372	-31.50322723388672	101.0
8051	-35.425186552647375	-12.012547192231679	-31.295425415039062	101.0
8070	-35.77818679093777	-12.43565724748654	-30.814422607421875	102.0
8091	-36.16507788866132	-12.278991642551853	-30.324199676513672	102.0
8109	-36.601705087498225	-12.105194783260977	-29.88991928100586	102.0
8128	-36.70521062088889	-12.276071197381018	-29.852266311645508	102.0
8148	-36.80289232799925	-12.522437473475103	-29.902587890625	102.0
8168	-36.57717132108357	-12.80473928796783	-30.30925178527832	102.0
8187	-36.644752810258396	-12.4418504065735	-30.458091735839844	102.0
8207	-36.81675807388252	-12.426051656214302	-30.347949981689453	102.0
8226	-36.235042347109086	-12.845763224969291	-31.190166473388672	102.0
8245	-35.70688252020917	-13.371882342275669	-31.924673080444336	102.0
8265	-35.914083897083174	-13.280774426340702	-31.912466049194336	102.0
8284	-36.74371490147103	-12.528559021107725	-31.307579040527344	102.0
8304	-37.43266091780026	-12.416824495733861	-30.740192413330078	105.0
8323	-37.74057735094004	-12.611614836322115	-30.631290435791016	105.0
8343	-37.561331199680595	-13.13177125363612	-30.61574935913086	105.0
8364	-37.19060243257447	-13.327377522945055	-30.824562072753906	105.0
8383	-37.20210467441395	-13.436036147528858	-30.60529136657715	105.0
8403	-37.45431186579588	-13.220109461225146	-30.124988555908203	105.0
8423	-37.768931619056396	-13.098939525525553	-30.09009552001953	105.0
8440	-37.768931619056396	-13.098939525525553	-30.09009552001953	105.0
8460	-37.43365382488908	-13.881212192046457	-30.597000122070312	105.0
8479	-37.21092448161155	-14.199903249729001	-30.727088928222656	105.0
8498	-37.29583541576779	-13.997994512300716	-30.384071350097656	105.0
8517	-37.7574413808747	-13.717483980070293	-30.110445022583008	105.0
8537	-38.424789900410005	-13.823341634576368	-30.029390335083008	105.0
8557	-38.380115958718456	-14.264221045532276	-30.104324340820312	110.0
8576	-38.61002579904375	-14.33820381927109	-30.20261001586914	110.0
8595	-38.56076861229374	-14.128508259321682	-30.052978515625	110.0
8615	-38.423093291303886	-13.97211164944652	-30.195140838623047	110.0
8634	-38.407771923704544	-13.697998855044538	-30.21475601196289	110.0
8654	-38.273554598047234	-13.758311752060285	-30.554962158203125	110.0
8673	-38.25940369803387	-13.73302840243811	-30.784873962402344	110.0
8693	-37.95516623416748	-13.790005914270257	-30.73015594482422	110.0
8712	-37.865779249523605	-13.89883181096679	-31.005538940429688	110.0
8732	-37.80272015495306	-13.886756500761361	-30.75347137451172	110.0
8751	-38.25245232118663	-13.852215506378075	-30.61829376220703	110.0
8773	-38.064112795670404	-14.14508069614634	-30.584449768066406	110.0
8790	-38.16825046032021	-14.241503010750579	-30.529197692871094	108.0
8810	-38.22151792048922	-14.027309135972901	-30.647811889648438	108.0
8829	-38.32139853655386	-13.881087849489944	-30.397253036499023	108.0
8848	-38.70880834599608	-13.624401610236703	-30.15188217163086	108.0
8867	-38.51335049449275	-13.576986601300808	-30.290700912475586	108.0
8887	-38.25193118524697	-13.898012929504171	-30.761493682861328	108.0
8907	-37.95845048120532	-14.18375745276893	-30.81463623046875	108.0
8926	-37.86119727877242	-14.335568992983529	-30.985998153686523	108.0
8945	-37.94553223058009	-14.116183860893347	-30.913419723510742	108.0
8965	-38.24639040792892	-14.142134714944362	-30.740802764892578	108.0
8984	-38.45731801371071	-14.122136446218816	-30.590913772583008	108.0
9004	-38.477820611634804	-14.221623632525654	-30.569852828979492	108.0
9023	-38.65908108343548	-14.273490535401299	-30.652122497558594	103.0
9042	-38.54381241896848	-14.271789101834692	-30.7281551361084	103.0
9063	-38.65155353024768	-14.40554081755291	-30.5249080657959	103.0
9083	-38.55196049423282	-14.295965532597913	-30.552745819091797	103.0
9103	-38.93660333806164	-14.442256828068833	-30.37195587158203	103.0
9122	-38.83709738200925	-14.108083485420886	-30.554569244384766	103.0
9141	-38.83709738200925	-14.108083485420886	-30.554569244384766	103.0
9159	-38.706443355768904	-14.328909992971607	-30.773456573486328	103.0
9178	-38.43725952622811	-14.534501111271453	-30.96466827392578	103.0
9198	-38.42863553330017	-14.405440451136531	-30.704429626464844	103.0
9217	-38.394066577675325	-14.305627917159066	-30.869327545166016	103.0
9238	-38.453468564019424	-14.357249974440768	-30.928302764892578	103.0
9257	-38.68997839722985	-14.577841361112174	-30.864654541015625	103.0
9276	-38.58860465972767	-14.27248419415919	-30.775230407714844	103.0
9296	-38.63854761216054	-14.294356690056402	-30.759685516357422	103.0
9316	-38.48449040191519	-14.255210250034391	-30.817459106445312	103.0
9335	-38.59849109546979	-14.30969024260514	-30.677989959716797	103.0
9355	-38.79809502685009	-14.112595476945833	-30.489574432373047	103.0
9374	-39.07104023441696	-14.101433605530213	-30.33661651611328	103.0
9393	-38.5612032212254	-14.183235626295547	-30.580989837646484	103.0
9413	-38.23874904857545	-14.143520286859413	-30.749942779541016	103.0
9432	-38.735052068762506	-14.034178524797387	-30.444093704223633	103.0
9451	-38.474411308671016	-14.38460648309861	-30.759521484375	103.0
9472	-38.67748093675285	-14.616488143006423	-30.56801986694336	103.0
9491	-38.266375407529054	-14.809127962245114	-31.041048049926758	103.0
9510	-38.839857018306745	-14.332367800083665	-30.570533752441406	104.0
9529	-39.03540724046981	-13.929161065605728	-30.450782775878906	104.0
9549	-39.02649757976783	-14.346551526671178	-30.821529388427734	104.0
9568	-38.824082242885396	-14.228411764434552	-31.218017578125	104.0
9587	-38.45467279402405	-14.520408738406607	-31.450637817382812	104.0
9607	-37.93438162463993	-14.7143542103527	-31.411907196044922	104.0
9626	-37.766550805156065	-14.855156088584359	-31.240903854370117	104.0
9646	-38.22032041378704	-14.507849786934592	-30.96713638305664	104.0
9666	-38.61921943246056	-14.165848963434582	-30.609590530395508	104.0
9684	-38.70988018477882	-14.23620079844251	-30.304235458374023	104.0
9704	-38.5652189761335	-14.250575923240536	-30.100505828857422	104.0
9724	-38.44521765154692	-14.489652999428086	-30.193645477294922	104.0
9743	-37.98286361456881	-14.81521356581348	-30.395360946655273	107.0
9763	-37.785746887014255	-15.307028285237836	-30.076377868652344	107.0
9783	-38.13707915862234	-14.566966349518571	-30.14400863647461	107.0
9804	-39.12535060559545	-13.39393140317944	-29.335981369018555	107.0
----------------도착----------------
9823	-39.25051381474956	-12.702280517752943	-29.20342254638672	107.0
9840	-39.25051381474956	-12.702280517752943	-29.20342254638672	107.0
9859	-38.72047937385402	-13.908074929528484	-29.02267837524414	107.0
9879	-38.07794835854561	-14.436070260942962	-29.809059143066406	107.0
9899	-38.66158533821325	-14.098082457271804	-29.264850616455078	107.0
9919	-39.1905704330765	-14.042969528825695	-29.06363296508789	107.0
9938	-38.71498309625117	-14.813448095692568	-30.04677963256836	107.0
9956	-38.090561783782256	-14.840240592436091	-30.881671905517578	107.0
9976	-38.43819814716817	-14.453704833075086	-30.79482650756836	107.0
9996	-39.253198915716844	-13.825843952954186	-30.372900009155273	103.0
10016	-39.53513512717009	-13.674015533184658	-30.34541893005371	103.0
10035	-39.06732590389818	-13.852008011401814	-30.63633155822754	103.0
10054	-38.96093066977712	-13.785954184202305	-30.887420654296875	103.0
10073	-39.095748419860705	-13.750417419658435	-30.630321502685547	103.0
10094	-38.795622356392435	-13.729716644090535	-30.642730712890625	103.0
10113	-38.520210945161104	-14.04966587033106	-30.593687057495117	103.0
10132	-38.86858881141917	-13.62770819589364	-30.185405731201172	103.0
10151	-39.229635778868186	-13.47562437966818	-29.796772003173828	103.0
10171	-39.08966714719711	-13.471641023954383	-29.719650268554688	103.0
10190	-38.47285339145039	-13.759411979846465	-30.522598266601562	103.0
10209	-38.27316719611332	-14.081818677805861	-30.57898712158203	103.0
10229	-38.143708729167805	-13.961471114754515	-30.613006591796875	99.0
10249	-38.064592983568865	-13.834696979968326	-30.425500869750977	99.0
10268	-38.48863003831433	-13.981820984316531	-30.276010513305664	99.0
10287	-38.105698711754115	-14.069100386085415	-30.6546573638916	99.0
10307	-38.21444671438961	-13.729939465804284	-30.769960403442383	99.0
10326	-38.45603414611455	-13.635208668344646	-30.815902709960938	99.0
10345	-38.50377176225489	-13.672588867930402	-30.830116271972656	99.0
10365	-38.67991015399023	-13.75880291312578	-30.802717208862305	99.0
10385	-38.707413648765794	-14.170162382867863	-31.108882904052734	99.0
10405	-39.027651497986504	-14.503907602511246	-31.02410125732422	99.0
10424	-38.850245145716954	-14.472557334135042	-31.03766441345215	99.0
10442	-38.88301028824083	-14.554868108328657	-30.986865997314453	99.0
10463	-38.88301028824083	-14.554868108328657	-30.986865997314453	101.0
10484	-38.95803874598729	-14.468957216681131	-30.774883270263672	101.0
10503	-39.11743878651807	-14.201334597603545	-30.674577713012695	101.0
10522	-38.891798640335516	-14.36605184960973	-30.782711029052734	101.0
10541	-38.891798640335516	-14.36605184960973	-30.782711029052734	101.0
10559	-38.63548261630658	-14.091615279970837	-30.669536590576172	101.0
10579	-38.68450090429457	-13.720055824591912	-30.438884735107422	101.0
10598	-38.65587408152344	-13.823831673776802	-30.341970443725586	101.0
10618	-38.386026693632246	-13.63793190771489	-30.594266891479492	101.0
10637	-38.65120435165663	-13.952359060908444	-30.384550094604492	101.0
10657	-38.65741167184459	-13.699119518531827	-30.226655960083008	101.0
10676	-38.22352960308429	-14.201447404768535	-30.503318786621094	101.0
10696	-38.0228575460811	-14.06536182538392	-30.569168090820312	101.0
10716	-38.34992971498877	-13.750217813195576	-30.348915100097656	103.0
10735	-38.39816636181282	-13.919598313292285	-30.443645477294922	103.0
10754	-38.1942514269284	-13.983519437081146	-30.72989845275879	103.0
10774	-38.40807823293099	-13.896163539191265	-30.607637405395508	103.0
10792	-38.204213852044155	-13.876819580430391	-30.919174194335938	103.0
10812	-37.98971535893028	-14.148514991162092	-30.823074340820312	103.0
10832	-37.88195782902633	-14.198897281424815	-31.054075241088867	103.0
10851	-38.03511667498489	-14.027612320307885	-30.67003631591797	103.0
10871	-38.04377236404149	-13.933303949862715	-30.57427978515625	103.0
10891	-38.32723573545185	-13.52192206221009	-30.336214065551758	103.0
10909	-38.5412646846328	-13.670577434824716	-30.21990966796875	103.0
10929	-38.59983595119294	-13.442151789392067	-30.258869171142578	103.0
10949	-38.6803362200329	-13.411128578157479	-29.926225662231445	107.0
10968	-38.55104737832481	-13.81907620126261	-30.04042625427246	107.0
10987	-38.172043650306904	-13.60133303159904	-30.405181884765625	107.0
11007	-38.19739034372133	-13.94569662653902	-30.55533218383789	107.0
11026	-38.203366210838276	-14.022289080132158	-30.74359893798828	107.0
11045	-38.198663618886286	-14.043632613593362	-30.700645446777344	107.0
11065	-38.21027261858972	-14.1599030779745	-30.87248420715332	107.0
11084	-37.94751993896255	-14.120520675038065	-31.175323486328125	107.0
11103	-37.91927935766569	-14.114358543623414	-31.32609748840332	107.0
11123	-38.23724957774914	-13.724611141987276	-30.751279830932617	107.0
11142	-38.21104375580496	-14.133614935402646	-30.8347110748291	107.0
11162	-38.2473396202327	-13.882820800432514	-30.721372604370117	107.0
11184	-38.19572216288359	-13.86031485785775	-30.62069320678711	107.0
11202	-38.43814825479847	-14.178054288768251	-30.548431396484375	105.0
11223	-38.211247490675795	-14.258931667017118	-30.38897132873535	105.0
11240	-38.211247490675795	-14.258931667017118	-30.38897132873535	105.0
11259	-38.809921880033365	-14.29581156191135	-29.869537353515625	105.0
11279	-38.469470272342775	-14.483585126133482	-30.014719009399414	105.0
11299	-38.55379822695778	-14.590973863541638	-30.419315338134766	105.0
11318	-38.51684174114237	-14.349594267250213	-30.15504264831543	105.0
11337	-38.543218826567184	-14.448645100840844	-30.174833297729492	105.0
11357	-38.11904044412555	-14.811086070364842	-30.368209838867188	105.0
11377	-37.900133235036684	-14.62939424056495	-30.55682945251465	105.0
11395	-37.802084814521265	-14.344581797670038	-30.707168579101562	105.0
11415	-37.834657117525744	-14.119496323184443	-30.377599716186523	105.0
11435	-37.837149595111825	-13.872386924002084	-30.382007598876953	99.0
11454	-37.49308842117382	-13.710200254504706	-30.311086654663086	99.0
11473	-37.8028967663875	-13.809642143473317	-30.26498794555664	99.0
11493	-37.70305931847082	-13.960738989831215	-30.42498016357422	99.0
11512	-37.90945068137316	-14.012848979924815	-30.538129806518555	99.0
11532	-38.148685335626816	-14.10435315700256	-30.433605194091797	99.0
11551	-38.16874304326054	-14.142263199210474	-30.223779678344727	99.0
11571	-37.97343932823372	-14.56988095908156	-30.382225036621094	99.0
11590	-38.048335269110076	-14.667258663826738	-30.54798126220703	99.0
11609	-38.53523089513103	-14.378491376980982	-30.332754135131836	99.0
11629	-38.29552537729214	-14.364510391902535	-30.18649673461914	99.0
11649	-37.95726246944431	-14.496692773542163	-30.131237030029297	99.0
11668	-37.82325742892589	-14.338961165912417	-30.380996704101562	102.0
11687	-37.836704946353066	-14.147976185055107	-30.315462112426758	102.0
11707	-37.84015267193291	-14.556465333318567	-30.077465057373047	102.0
11726	-38.081903742839444	-14.298419092168514	-29.75304412841797	102.0
11746	-38.068764151972054	-14.452007369135686	-29.982044219970703	102.0
11765	-38.15292430055333	-14.297166769153488	-30.009262084960938	102.0
11785	-38.39501150117616	-13.98073285917575	-30.189598083496094	102.0
11804	-38.62141048429752	-13.946124290137343	-30.391746520996094	102.0
11823	-38.40128681404493	-14.16991540665607	-30.492103576660156	102.0
11842	-38.40101589632231	-14.31477051009245	-30.54112434387207	102.0
11864	-38.39747243193517	-14.087567546512489	-30.592769622802734	102.0
11883	-38.023232067232236	-14.509189998275144	-31.193679809570312	102.0
11904	-37.85676379976677	-14.263503895476367	-30.881498336791992	104.0
11932	-38.89351685364583	-13.596149290711038	-30.120283126831055	104.0
11941	-38.89351685364583	-13.596149290711038	-30.120283126831055	104.0
11959	-38.73040305596465	-13.50952854872176	-29.992534637451172	104.0
11979	-38.24553897815707	-13.73575680544518	-30.04541015625	104.0
11998	-37.9675989620337	-13.862373917551368	-30.41008186340332	104.0
12017	-37.783225236227125	-13.982158101913987	-30.307720184326172	104.0
12037	-37.93664819488208	-13.96517661938371	-30.012935638427734	104.0
12056	-38.09465616732475	-13.657724960337433	-29.856433868408203	104.0
12076	-38.22717570169219	-13.5912750615084	-29.974285125732422	104.0
12096	-37.93292302280936	-13.74043308217643	-30.166011810302734	104.0
12115	-37.97200258168828	-13.82661943403852	-30.361434936523438	104.0
12134	-37.80140742043112	-14.009109213215448	-30.454774856567383	104.0
12154	-37.48541931052473	-14.379897109088239	-30.566654205322266	106.0
12173	-37.61128696209247	-14.425038462802828	-30.76840591430664	106.0
12192	-37.30329223755978	-14.760147662437351	-31.34916877746582	106.0
12212	-37.41049245316497	-14.500038803030728	-31.135101318359375	106.0
12231	-38.120402518136785	-13.929955620650844	-30.637359619140625	106.0
12250	-38.331969044173874	-13.379184688891057	-30.247787475585938	106.0
12270	-38.487536994031814	-12.97327228511331	-30.031108856201172	106.0
12290	-38.91897413430106	-12.950300702923798	-30.051746368408203	106.0
12309	-38.671948593209976	-13.173640409557224	-30.169357299804688	106.0
12329	-38.06229842245717	-13.356663817550444	-30.145526885986328	106.0
12348	-37.550450281473715	-13.409593342544468	-30.32464599609375	106.0
12367	-37.44743973140287	-14.002115172800877	-30.52468490600586	106.0
12386	-37.48649003632154	-13.88083342141165	-30.349119186401367	102.0
12406	-37.69032965102025	-14.145787972313538	-30.481525421142578	102.0
12425	-38.07144686305561	-14.077786686742838	-30.241355895996094	102.0
12445	-37.926800883704615	-13.649858056368235	-29.9843807220459	102.0
12465	-37.97005051093032	-13.636112047936505	-30.140884399414062	102.0
12484	-37.78894311241144	-14.191975518452768	-30.69849395751953	102.0
12503	-37.63496108758991	-14.596418638336296	-31.032560348510742	102.0
12523	-38.00279881673652	-13.922051734896984	-30.44577407836914	102.0
12542	-38.12845791621486	-13.690024669797902	-30.05190658569336	102.0
12562	-38.585571290106294	-13.113702093369918	-29.46566390991211	102.0
12582	-38.60066451303018	-13.175283221972462	-29.545452117919922	102.0
12602	-38.434110194117196	-13.562500993550676	-29.899105072021484	102.0
12622	-38.16864958030396	-13.53164223861524	-29.81231117248535	104.0
12640	-38.16864958030396	-13.53164223861524	-29.81231117248535	104.0
12659	-37.76916549167698	-13.530521420244419	-30.05434799194336	104.0
12679	-37.68571468226602	-13.363183346751422	-30.264183044433594	104.0
12698	-37.62396931296012	-13.306295403256966	-30.479501724243164	104.0
12717	-37.58121669137211	-13.522209205476445	-30.47523307800293	104.0
12737	-37.81895325835657	-13.632481187887652	-30.44171142578125	104.0
12756	-37.53145282743147	-13.653739789165483	-30.530345916748047	104.0
12776	-37.71275804079558	-13.608318600279466	-30.204383850097656	104.0
12795	-37.86792663200402	-13.49700471944754	-30.134017944335938	104.0
12815	-37.836858856250785	-13.715338221612514	-30.191082000732422	104.0
12834	-37.59144075963044	-13.395621297435067	-30.217939376831055	104.0
12854	-37.52721668698741	-13.3548295283109	-30.490306854248047	104.0
12873	-37.793752949014625	-12.970430989122349	-30.737895965576172	109.0
12893	-37.83053180070443	-12.862720489047652	-30.83315658569336	109.0
12912	-37.70302942838098	-12.55611745163294	-31.128925323486328	109.0
12931	-36.145536236800496	-13.14937376165224	-32.47364044189453	109.0
12951	-34.035511772853795	-14.03190369950871	-34.5130615234375	109.0
12970	-32.15754507251051	-14.375178753046171	-35.99687576293945	109.0
12989	-31.29314016320745	-15.050030823687571	-36.626705169677734	109.0
13009	-31.054613724808284	-15.490992198243225	-36.501258850097656	109.0
13029	-31.83333944360557	-15.589738349622927	-35.30458068847656	109.0
13048	-33.36045489902027	-14.99592455830253	-33.781524658203125	109.0
13067	-34.35660960225647	-15.340388662650875	-32.48350524902344	109.0
13086	-34.20593448149438	-16.266927077493744	-32.394371032714844	109.0
13106	-33.4541344069508	-16.47066686785272	-32.65031814575195	114.0
13126	-33.92668984530087	-16.20664635814156	-32.26844787597656	114.0
13146	-33.937067380465514	-16.2994409768404	-32.094791412353516	114.0
13165	-34.04870989068391	-16.421322229896326	-31.895946502685547	114.0
13184	-34.17244077949854	-16.829542223644488	-31.417499542236328	114.0
13203	-35.19952976058555	-16.670271796865528	-30.31096649169922	114.0
13223	-35.905570959299716	-16.09215261393714	-29.768239974975586	114.0
13242	-36.79329143790977	-15.738245515792972	-28.853572845458984	114.0
13262	-36.68341272327564	-16.149309975354395	-28.698442459106445	114.0
13282	-35.55025893906651	-16.743800898879705	-29.429155349731445	114.0
13302	-35.12363781813257	-16.18846182678247	-30.232112884521484	114.0
13322	-35.12363781813257	-16.18846182678247	-30.232112884521484	114.0
