2	-13.308178705732347	15.880003545451485	-12.682748794555664	0.0
18	-13.47853447222284	15.972697072483774	-12.968330383300781	0.0
37	-13.784229601044698	15.904874557562096	-12.7805757522583	0.0
56	-14.125358667297869	15.905638659464223	-12.476390838623047	0.0
75	-14.177037193232438	15.914135511333036	-12.412408828735352	0.0
93	-14.177037193232438	15.914135511333036	-12.412408828735352	0.0
111	-14.281640288796645	16.34706436428342	-11.898500442504883	0.0
131	-13.167005337098022	16.932289382674956	-12.3148193359375	0.0
150	-12.786054425481389	17.285376001129976	-12.661307334899902	0.0
168	-12.451026996653853	17.910568123365085	-12.574299812316895	0.0
186	-10.252028222151868	17.95694837669957	-13.953295707702637	0.0
205	-9.097948027268924	18.087916920753216	-14.663640975952148	0.0
223	-10.269273233655095	18.299506937953176	-13.90145492553711	0.0
241	-8.568972365766559	18.812502446637676	-14.938047409057617	0.0
260	-9.828339440602168	19.083045688992854	-13.810884475708008	0.0
280	-9.963411962007783	19.49697185750169	-13.413921356201172	0.0
298	-9.224498341231564	19.651965244335734	-13.213854789733887	0.0
316	-8.57130813832257	19.786841190984564	-13.234223365783691	0.0
336	-8.57130813832257	19.786841190984564	-13.234223365783691	0.0
353	-8.672481913470783	20.104922081746317	-13.002378463745117	0.0
371	-9.624138490603375	19.786546606191845	-12.684660911560059	0.0
390	-9.575609006562336	19.565774170212535	-12.76564884185791	0.0
408	-9.030267687665662	19.161794777350536	-13.175817489624023	0.0
427	-8.233170275722747	20.115969857470336	-12.293688774108887	0.0
447	-7.9775794013879695	20.199372700295715	-12.565545082092285	0.0
465	-8.048003823757272	19.663931922147345	-13.720819473266602	0.0
483	-7.787812557748117	19.001723639662668	-14.890425682067871	0.0
503	-7.518698474900061	18.64679258227662	-15.490337371826172	0.0
520	-7.8278214005648525	18.9310805319614	-15.000913619995117	0.0
539	-8.299216170364787	19.268743314876147	-14.500118255615234	0.0
557	-8.173063115209727	19.6697551155078	-13.993086814880371	0.0
576	-7.742070675694359	20.029772058871835	-13.853490829467773	0.0
595	-7.597099576204915	19.768967992645756	-13.75178337097168	0.0
615	-7.190230331523194	20.12364336310531	-13.605120658874512	0.0
633	-7.190230331523194	20.12364336310531	-13.605120658874512	0.0
651	-6.605650624263816	20.258539502209207	-13.893623352050781	0.0
669	-6.027739935268758	20.696551648315292	-13.520118713378906	0.0
689	-5.711139680019149	21.24669400891356	-13.308573722839355	0.0
706	-5.570432879375094	21.149756362430605	-13.19308853149414	0.0
725	-5.822922936594251	20.9998344983172	-13.170255661010742	0.0
743	-5.351194473389198	21.06529310788807	-13.476258277893066	0.0
761	-5.7760850966077175	21.510345955588374	-13.291769027709961	0.0
781	-5.9219427698186875	21.23396640515089	-13.397730827331543	0.0
800	-5.923238368219255	20.754032028760275	-13.62753963470459	0.0
819	-5.979030477074584	20.636824821498553	-13.734304428100586	0.0
837	-6.115877750806632	20.498098498097534	-13.521852493286133	0.0
856	-6.115877750806632	20.498098498097534	-13.521852493286133	0.0
874	-6.249048530722435	20.776463436537615	-13.81640911102295	0.0
892	-6.452915900882761	20.777599499105417	-13.857503890991211	0.0
910	-6.658817634574504	20.98608320402287	-13.631917953491211	0.0
929	-6.629185513516757	20.72581059040982	-13.714374542236328	0.0
948	-6.809163157077271	20.81595441485935	-14.104118347167969	0.0
966	-6.989276095157452	21.06290747238785	-14.112018585205078	0.0
987	-7.034405868183939	21.054906801734713	-14.32827377319336	0.0
1005	-6.757774471071861	20.874202618922805	-14.480464935302734	0.0
1022	-6.744590497628416	20.67907945512682	-14.549810409545898	0.0
1041	-6.817803477051976	21.075959834507273	-14.27949047088623	0.0
1059	-7.064295160428709	20.789295000257216	-14.196537971496582	0.0
1078	-7.050092856276489	20.722360865396453	-14.077139854431152	0.0
1098	-6.864884648723066	20.766152208883632	-14.068753242492676	0.0
1116	-6.556358120362028	20.897837143463228	-14.032251358032227	0.0
1134	-6.556358120362028	20.897837143463228	-14.032251358032227	0.0
1154	-6.514778332861044	21.301670860515337	-13.79199504852295	0.0
1172	-6.514778332861044	21.301670860515337	-13.79199504852295	0.0
1190	-6.469658376811661	21.15246619273821	-13.643119812011719	0.0
1208	-6.178070299276808	21.015648754112956	-13.645835876464844	0.0
1226	-6.12335805998743	20.75449165219798	-13.68022632598877	0.0
1245	-6.321312889839167	20.73569303540596	-13.9331693649292	0.0
1263	-6.327115254651892	20.807534961322336	-13.505388259887695	0.0
1282	-6.538760103288921	20.857173483169277	-13.426032066345215	0.0
1302	-6.619785923826765	20.584935032890908	-13.718666076660156	0.0
1321	-6.673170853986596	20.554783267223257	-13.77209186553955	0.0
1339	-6.663753918821386	20.682168625143873	-13.682666778564453	0.0
1357	-6.863179265711538	20.82268052483358	-13.923789024353027	0.0
1375	-6.863179265711538	20.82268052483358	-13.923789024353027	0.0
1393	-7.05214837620075	21.056830377953002	-13.869998931884766	0.0
1411	-6.974613049583193	20.875087494323367	-14.278205871582031	0.0
1431	-6.96655245608054	20.832775170838712	-14.4480562210083	0.0
1450	-6.872007935761731	20.706824302738276	-14.247801780700684	0.0
1468	-6.898157812657402	20.694293516958716	-14.18519401550293	0.0
1486	-6.957856345811133	20.425259105009694	-14.36976146697998	0.0
1505	-6.9554761840912755	20.278624508107733	-14.419275283813477	0.0
1523	-7.125138052707456	20.068433367461026	-14.11982536315918	0.0
1541	-7.001738532237055	19.99252740102236	-13.986639022827148	0.0
1560	-7.230639642568185	19.80226212661678	-13.626214981079102	0.0
1580	-7.281319207121418	19.601153931421464	-13.588796615600586	0.0
1598	-7.336893514338448	19.544539144953617	-13.591245651245117	0.0
1617	-7.742751347240116	19.400817772241624	-13.703157424926758	0.0
1636	-7.8063762956137355	19.522724946663757	-13.669452667236328	0.0
1654	-7.8063762956137355	19.522724946663757	-13.669452667236328	0.0
1672	-7.934854761393586	19.69690484482349	-13.479879379272461	0.0
1690	-8.072589489136373	19.886008752692643	-13.424921989440918	0.0
1709	-8.059007209993686	19.81453170553209	-13.376110076904297	0.0
1728	-8.044074170827432	19.770694442498588	-13.504061698913574	0.0
1745	-8.232995353337499	19.59518911095196	-13.356119155883789	0.0
1764	-8.444490709143423	19.439535568690864	-13.647817611694336	0.0
1783	-8.33596943015939	19.158228705122475	-13.877670288085938	0.0
1803	-8.413516251278436	18.91050688322897	-14.006145477294922	0.0
1820	-8.374075018973397	18.835247775196887	-13.934027671813965	0.0
1838	-8.380458307092622	18.683863455516672	-13.704313278198242	0.0
1857	-8.683796422179979	19.26636516875219	-13.334320068359375	0.0
1875	-8.81971634332264	19.29547224306261	-13.620275497436523	0.0
1895	-8.758052165245019	19.458230739339953	-13.804890632629395	0.0
1913	-8.758052165245019	19.458230739339953	-13.804890632629395	0.0
1931	-8.505396029472983	19.311604811819908	-13.966716766357422	0.0
1951	-8.480675957174935	19.593155338862836	-13.768228530883789	0.0
1970	-8.248961147114079	19.53082829429697	-13.777926445007324	0.0
1987	-8.27710090269467	19.588950430348977	-13.822158813476562	0.0
2006	-8.31725481354073	19.9435532222119	-13.654228210449219	0.0
2025	-8.157077886312777	19.954948763073798	-13.480817794799805	0.0
2043	-8.055630689546295	19.878474699607874	-13.566851615905762	0.0
2061	-8.328601271586212	19.990401114787716	-13.651710510253906	0.0
2080	-8.33024293639171	20.10740158159061	-13.43383502960205	0.0
2099	-8.366282975739471	19.8133375149809	-13.53567123413086	0.0
2118	-8.389417259898295	19.856484797248733	-13.708853721618652	0.0
2136	-8.622834819894349	20.00829034326079	-13.630242347717285	0.0
2157	-8.688637422025662	19.923123171741675	-13.487861633300781	0.0
2174	-8.688637422025662	19.923123171741675	-13.487861633300781	0.0
2193	-8.693178134084402	19.85673784921584	-13.672266006469727	0.0
2211	-8.624673870378771	19.749969103634957	-13.538698196411133	0.0
2229	-8.429215165238425	19.600868427377982	-13.094391822814941	0.0
2248	-8.637233719057473	19.828674399924086	-13.160593032836914	0.0
2266	-8.599301366713947	19.99244565799595	-13.390556335449219	0.0
2286	-8.794242337352335	19.909413527690592	-13.372169494628906	0.0
2305	-8.673636582037009	19.714727892143813	-13.311395645141602	0.0
2323	-8.882483812035408	19.822382637474526	-13.257047653198242	0.0
2341	-8.938408092458078	19.49668128668292	-13.372222900390625	0.0
2359	-9.099437200320793	19.42196766851716	-13.27018928527832	0.0
2377	-9.13207511407702	19.494857150517305	-13.398704528808594	0.0
2396	-9.041663961798642	19.492030556250544	-13.172645568847656	0.0
2414	-9.041663961798642	19.492030556250544	-13.172645568847656	0.0
2434	-9.458836666124146	19.549417393449705	-12.703449249267578	0.0
2452	-9.344404842376608	19.56444126431954	-12.947208404541016	0.0
2470	-9.456635273794996	19.60667732329451	-12.928689956665039	0.0
2489	-9.129100754902362	19.42107657146976	-13.140026092529297	0.0
2508	-8.964961699950408	19.76069413718355	-12.92165756225586	0.0
2526	-9.087879222602247	20.125750893188023	-12.319856643676758	0.0
2544	-9.055406486452462	20.34054394347281	-12.075765609741211	0.0
----------------출발----------------
2563	-9.030796135626623	20.269778401819707	-12.343609809875488	0.0
2582	-8.626626751243936	20.184634233324434	-12.9390287399292	0.0
2602	-8.786889744855857	20.15924130647716	-12.914152145385742	0.0
2619	-8.846264844031976	20.32735913238911	-12.542900085449219	0.0
2638	-8.755957667730794	20.481973460466413	-12.661111831665039	0.0
2656	-8.84305589718884	20.385193806197933	-12.836417198181152	0.0
2676	-8.788945348790687	20.504932817645756	-13.053869247436523	0.0
2694	-8.788945348790687	20.504932817645756	-13.053869247436523	0.0
2712	-8.441243976678596	20.550083018978135	-13.36606502532959	0.0
2730	-8.166002770192854	20.514140349643398	-13.550596237182617	0.0
2750	-8.159847616102834	20.46485097417384	-13.237022399902344	0.0
2769	-8.036528415704403	20.57100911134701	-13.072585105895996	0.0
2786	-7.8370851431214925	20.82964814120448	-13.01451587677002	0.0
2805	-7.822690404334428	20.896387262460518	-12.649130821228027	0.0
2824	-7.603030690800205	21.33400970984462	-12.075094223022461	0.0
2842	-7.516410416040577	21.424597973799504	-12.054035186767578	0.0
2860	-7.647976352232979	21.377960907646084	-11.961692810058594	0.0
2879	-7.662186660928188	21.16025242187033	-12.110359191894531	0.0
2898	-7.620176206655568	21.005118083387796	-12.680075645446777	0.0
2917	-7.828645216231406	20.778371384247944	-12.563985824584961	0.0
2935	-7.828645216231406	20.778371384247944	-12.563985824584961	0.0
2954	-7.981214951822213	20.96136528616891	-12.2606201171875	0.0
2972	-8.368439743220316	21.161203943124153	-11.99012279510498	0.0
2990	-8.454852873684327	20.927236459969752	-12.10100269317627	0.0
3008	-8.419229967605776	20.624954702548987	-12.164047241210938	0.0
3027	-8.662516524847083	20.483567603501747	-12.180938720703125	0.0
3047	-8.906346289287237	20.765025635375846	-12.186155319213867	0.0
3065	-9.069382069694171	20.79235036982554	-11.83784008026123	0.0
3083	-9.243538906050604	20.942267841252676	-11.865278244018555	0.0
3101	-9.357718055660078	20.75577077103083	-11.829269409179688	0.0
3121	-9.487694503923313	20.633755826043277	-11.373077392578125	0.0
3139	-9.745272865627808	20.7300640185247	-11.523694038391113	0.0
3159	-10.19840873795837	20.84956797110125	-11.263630867004395	0.0
3177	-10.039179258049364	20.728355169330325	-11.516273498535156	0.0
3196	-10.039179258049364	20.728355169330325	-11.516273498535156	0.0
3215	-10.214040143408951	20.112028772119565	-11.971870422363281	0.0
3234	-10.546692519971499	19.88413155121196	-11.926846504211426	0.0
3252	-10.546692519971499	19.88413155121196	-11.926846504211426	0.0
3271	-10.747944634253642	19.852846199325743	-11.776318550109863	0.0
3288	-10.706834903006587	19.840918409825427	-11.791764259338379	0.0
3307	-10.911426196413148	19.500398853236877	-11.422866821289062	0.0
3327	-10.481036439757188	19.438017261193465	-11.632780075073242	0.0
3344	-10.630908873235374	19.22658363539258	-11.54634952545166	0.0
3363	-10.867369085036596	19.296453802551625	-11.25417423248291	0.0
3382	-10.865889539442376	19.240780739101087	-11.071128845214844	0.0
3400	-10.745632949911503	19.099550441839437	-11.15581226348877	0.0
3418	-10.673497966144934	18.62887256448351	-11.178325653076172	0.0
3438	-10.886156058704154	18.234377277993413	-11.469259262084961	0.0
3456	-10.734820367509164	18.062694139761998	-11.612119674682617	0.0
3476	-10.734820367509164	18.062694139761998	-11.612119674682617	0.0
3494	-11.07249490286878	17.709590979254074	-11.518630027770996	0.0
3510	-11.225742084260165	17.76528759345991	-11.434867858886719	0.0
3529	-11.3054195907085	17.29937264245924	-11.27231216430664	0.0
3547	-11.375274062849869	16.890155252209297	-11.156067848205566	0.0
3567	-11.353025126438983	16.873464461302905	-10.980755805969238	0.0
3585	-11.64769861064499	16.787733282827826	-10.989587783813477	0.0
3603	-11.503994023916938	16.823885923030605	-10.985047340393066	0.0
3622	-11.616188657017515	16.363103576772826	-10.817827224731445	0.0
3646	-11.509318276061073	16.126681445085694	-11.266975402832031	0.0
3660	-11.207445348103306	15.449841464415611	-11.347550392150879	0.0
3677	-11.027283916728749	15.060696246384806	-11.447364807128906	0.0
3696	-11.180634108529656	14.799435846464608	-11.66119384765625	0.0
3715	-11.13680025269286	14.15414822444023	-11.391804695129395	0.0
3734	-11.13680025269286	14.15414822444023	-11.391804695129395	0.0
3751	-11.114702762985047	13.54101639137678	-11.378549575805664	0.0
3777	-11.20383861739705	12.649034311896713	-11.494709968566895	0.0
3788	-11.308541199975984	12.365396906474817	-11.778543472290039	0.0
3808	-11.475943235907968	11.963598555191584	-11.553009033203125	0.0
3826	-11.790483180338223	11.429248285363345	-11.498565673828125	0.0
3845	-11.820024359781462	11.129452305599544	-11.628052711486816	0.0
3864	-11.76470513021216	10.60566290094758	-11.741034507751465	0.0
3882	-11.834619302971804	10.16432288585591	-12.025589942932129	0.0
3900	-11.608196969645288	9.819472751491427	-12.12750244140625	0.0
3919	-11.578039350090803	9.605525703826935	-12.070901870727539	0.0
3938	-11.297933008968075	8.82995807809639	-12.0348539352417	0.0
3956	-11.048583792847415	7.963412439820296	-12.10013198852539	0.0
3974	-10.835367224457338	7.6067249933253205	-12.445856094360352	0.0
3996	-10.618859766332758	6.9104361832960945	-12.772809028625488	0.0
4012	-10.618859766332758	6.9104361832960945	-12.772809028625488	0.0
4031	-10.3417738100717	6.206605812742817	-12.75931167602539	0.0
4049	-10.261298758614842	5.568942334952248	-12.645666122436523	0.0
4068	-10.151272519623246	5.2186155110184345	-12.877297401428223	0.0
4086	-9.92880977903321	4.4011628309219555	-13.117813110351562	0.0
4105	-9.890070884422279	4.007681239912212	-13.373401641845703	0.0
4124	-9.867955662197419	3.812380691505766	-13.427290916442871	0.0
4142	-9.687894721475137	3.1855765650367305	-13.279419898986816	0.0
4161	-9.50727754897148	2.764127567421935	-13.176606178283691	0.0
4180	-9.41927064992241	2.174944043195721	-13.311245918273926	0.0
4199	-9.000189937660114	1.6009184563928847	-13.64528751373291	0.0
4217	-8.869980968070028	1.140157346752278	-13.817875862121582	0.0
4236	-8.78070168333534	0.91356424447245	-13.730216026306152	0.0
4256	-8.699824187649089	0.06585391454494686	-13.740863800048828	0.0
4274	-8.699824187649089	0.06585391454494686	-13.740863800048828	0.0
4290	-8.494706275487605	-0.5214307334258257	-13.873689651489258	0.0
4309	-8.468203293404812	-0.9697310821888159	-14.161833763122559	0.0
4329	-8.454928679151074	-1.6384492089697171	-14.399324417114258	0.0
4347	-8.371235418064963	-2.4290808480565302	-14.655902862548828	0.0
4366	-8.19590374074259	-2.792936581269126	-14.871973991394043	0.0
4384	-8.4395137311178	-3.379998883778894	-15.016786575317383	0.0
4402	-8.178405808709638	-4.13274924019538	-15.543283462524414	0.0
4422	-8.058047499485589	-4.902342189850064	-15.88444709777832	0.0
4440	-8.162406839856686	-5.6049363807308215	-16.480632781982422	0.0
4459	-8.146559936324511	-6.040371427854722	-16.721454620361328	0.0
4477	-8.051388146854002	-6.413844108585067	-16.98141860961914	0.0
4496	-8.212162902617921	-6.956664538594361	-17.279003143310547	0.0
4516	-8.401484272800914	-7.478576777005265	-17.589967727661133	0.0
4532	-8.401484272800914	-7.478576777005265	-17.589967727661133	0.0
4552	-7.9908594865713924	-7.803609819261938	-18.03217124938965	0.0
4569	-8.400237870396376	-8.505957044233295	-18.433897018432617	0.0
4588	-8.44073830509723	-8.585764123746163	-19.025278091430664	0.0
4607	-8.311568344413201	-8.905549972972782	-19.22170639038086	0.0
4627	-8.305896131220807	-9.165589478933025	-19.72320556640625	0.0
4646	-8.217096313209423	-9.56033402130243	-20.537311553955078	0.0
4663	-8.168288460628156	-9.692626966177222	-21.059497833251953	0.0
4681	-7.966097364748948	-9.85313473788898	-21.54288101196289	0.0
4699	-7.9393928305465415	-10.02663174307519	-22.333202362060547	0.0
4717	-7.4407963042902105	-9.611177914156526	-23.03712272644043	0.0
4736	-7.304038563054153	-9.765588846621583	-23.406997680664062	0.0
4755	-7.036553084739361	-9.808983301724941	-24.032405853271484	0.0
4776	-6.809147991143711	-9.813213983701631	-24.704700469970703	0.0
4793	-6.809147991143711	-9.813213983701631	-24.704700469970703	0.0
4811	-6.822835776496202	-9.79517129703879	-24.948226928710938	0.0
4830	-6.794851892850692	-9.726792518849827	-25.570331573486328	0.0
4849	-6.960995288651225	-9.632687726158434	-26.19167709350586	0.0
4867	-6.931195144592699	-9.494314101234519	-26.83182716369629	0.0
4885	-6.825126014216499	-9.328789293002107	-27.199697494506836	0.0
4904	-6.666025900328213	-9.08037302044486	-27.758419036865234	0.0
4923	-6.457505878401096	-9.099678445940897	-28.16449737548828	0.0
4941	-6.66247830241146	-8.746846232254322	-28.506458282470703	0.0
4961	-6.441999845599196	-8.599142696214754	-28.974559783935547	0.0
4979	-6.222845706741143	-8.404923946952566	-29.449243545532227	0.0
4997	-6.030158881225273	-8.27950102958845	-29.969324111938477	0.0
5015	-5.908222063403376	-8.057384053257177	-30.061376571655273	0.0
5034	-5.908222063403376	-8.057384053257177	-30.061376571655273	0.0
5052	-5.762425531105105	-8.029392575923701	-30.354259490966797	0.0
5072	-5.570630162627308	-7.700848613032458	-30.63331413269043	0.0
5089	-5.309884132492841	-7.381051509490098	-31.057323455810547	0.0
5109	-4.924527913580468	-7.449213493416856	-31.390485763549805	0.0
5127	-4.946506777206865	-6.7920150083242685	-31.920045852661133	0.0
5147	-4.849429912098928	-6.410670738940236	-32.26253890991211	0.0
5165	-4.640990760072488	-5.992941288523227	-32.69032287597656	0.0
5183	-4.384802888747675	-5.4198159171528655	-32.86854553222656	0.0
5201	-4.489711304600802	-4.639098616456891	-33.16823959350586	0.0
5220	-4.794463649374767	-3.913432903326666	-33.586265563964844	0.0
5238	-4.2451629687806	-3.696792113592176	-34.01991653442383	0.0
5256	-4.0089482668409655	-3.3406997544724244	-34.302490234375	0.0
5276	-3.852468104796387	-3.852763308617559	-34.19550323486328	0.0
5295	-3.852468104796387	-3.852763308617559	-34.19550323486328	0.0
5312	-3.4277529871693586	-3.355747084853992	-34.30336380004883	0.0
5331	-3.0348427157531175	-2.91293560233619	-34.33234405517578	0.0
5350	-2.6349898292480494	-2.6856269603191665	-34.58451843261719	0.0
5369	-2.418827156053785	-2.4248134380340254	-34.704681396484375	0.0
5387	-2.0317633052232527	-2.07724635984734	-34.763465881347656	0.0
5405	-1.836709118315149	-1.4421592205552713	-34.906341552734375	0.0
5425	-1.724512250322732	-0.9904102951651204	-34.90415954589844	0.0
5444	-1.3170705694159726	-0.06505804425811532	-35.356563568115234	0.0
5462	-0.9800661857629513	0.3135679735466773	-35.486289978027344	0.0
5482	-0.6055628387533942	0.6189110713506432	-35.487152099609375	0.0
5500	-0.12127805532536926	0.7668062587652751	-35.578861236572266	0.0
5518	0.11174813025721214	1.4090958167475773	-35.71938705444336	0.0
5535	0.40365928467193557	1.6239900029021224	-35.849281311035156	0.0
5555	0.40365928467193557	1.6239900029021224	-35.849281311035156	0.0
5572	0.48357426480116494	1.8824309998690005	-36.044673919677734	0.0
5593	0.8182511176364219	2.0364615520885674	-36.26515197753906	0.0
5610	1.1422075923001553	2.1901411406689038	-36.01362991333008	0.0
5629	1.6967037384273285	2.5355045603234183	-36.10407257080078	0.0
5647	2.005084142440638	2.6460669241521315	-36.233455657958984	0.0
5666	2.152994623519286	3.137477833664509	-36.46001052856445	0.0
5684	2.290960326670369	3.4958753945260206	-36.533729553222656	0.0
5703	2.836399130368735	3.9930548577757015	-36.77419662475586	0.0
5721	3.4354013917945396	4.688458418689867	-36.444602966308594	0.0
5740	3.5964783653668304	5.001395319421352	-36.2528076171875	0.0
5758	3.9725207626784598	5.21357346822959	-36.47483444213867	0.0
5777	4.1343113673612715	5.176651047031294	-36.39617156982422	0.0
5796	4.500858809402727	5.293265221134122	-36.09811782836914	0.0
5816	4.984291864979428	5.32929559437135	-36.1551513671875	0.0
5833	4.984291864979428	5.32929559437135	-36.1551513671875	0.0
5851	5.477598099963115	5.544516975647538	-36.031829833984375	0.0
5870	5.624985294943586	6.153834945485782	-35.787925720214844	0.0
5888	5.783437785458091	6.399495064220941	-35.745361328125	0.0
5907	6.153263912428135	6.512099582938282	-36.00117492675781	0.0
5925	6.735202106687746	6.8751139754020985	-35.91912841796875	0.0
5944	7.2012979825998675	7.157416424398772	-35.95368194580078	0.0
5963	7.638391129172661	7.3212147798797655	-36.260887145996094	0.0
5982	7.852347331266843	7.648908015592009	-35.97690200805664	0.0
6000	8.523219591430058	8.007426494484156	-35.997825622558594	0.0
6019	8.9862867243502	8.014067670263724	-36.00127410888672	0.0
6037	9.52784610629996	8.383858258756755	-36.02460861206055	0.0
6055	9.655181728797283	8.540327921211363	-35.80448532104492	0.0
6076	10.083779478862324	8.530325275302467	-35.889522552490234	0.0
6095	10.083779478862324	8.530325275302467	-35.889522552490234	0.0
6111	10.492109888339106	8.714861395137234	-35.90277099609375	0.0
6130	10.620084364660881	8.809279604920668	-35.80802536010742	0.0
6150	11.264525833675915	9.055373742325093	-35.67627716064453	0.0
6167	11.696113987520345	9.47992448683767	-35.42036056518555	0.0
6186	12.08164029810566	9.491729843941297	-35.25834655761719	0.0
6204	12.626332426145304	9.299205790704733	-35.34440612792969	0.0
6223	12.794797601191911	9.43312406894761	-35.22047424316406	0.0
6240	13.381694286355755	9.637061199333132	-34.5496940612793	0.0
6261	13.638049866008153	9.814791355617345	-34.375553131103516	0.0
6280	14.105650689385406	9.826024744132056	-34.24307632446289	0.0
6297	14.45814802701723	9.860231957447366	-34.29491424560547	0.0
6316	14.725174837510108	10.080952020099362	-34.22060012817383	0.0
6335	14.99163021850749	10.168962276784322	-34.341434478759766	0.0
6353	14.99163021850749	10.168962276784322	-34.341434478759766	0.0
6372	15.04687097931977	10.132212289112664	-34.23125076293945	0.0
6389	15.328342461192054	10.50599404222531	-34.049041748046875	0.0
6408	15.57989216938294	11.502978603870586	-34.03920364379883	0.0
6427	15.972697965943649	11.776056995973951	-33.93812942504883	0.0
6447	16.22709430355547	11.930681435243649	-34.09857940673828	0.0
6464	16.540833524689145	12.11061870850831	-33.891502380371094	0.0
6483	17.029534507054173	12.3813268409359	-33.71878433227539	0.0
6501	17.307667516634154	12.491263733826171	-33.4316291809082	0.0
6520	17.60320527556354	12.770277684058692	-33.10962677001953	0.0
6538	18.15830904683969	13.150658155542546	-33.21745300292969	0.0
6562	18.698028565357465	12.686465857647377	-33.00935745239258	0.0
6576	18.96831010365769	12.777795568312953	-32.817047119140625	0.0
6596	19.036197451786848	12.606892477307927	-32.628074645996094	0.0
6613	19.036197451786848	12.606892477307927	-32.628074645996094	0.0
6632	19.035035327774853	12.937329683097882	-32.52371597290039	0.0
6650	19.065583900338506	13.048888027864317	-32.235321044921875	0.0
6669	19.418041575061892	13.105692465168827	-32.1689567565918	0.0
6687	19.95857661937415	13.061546379391606	-32.088836669921875	0.0
6705	20.118498841604016	13.271791901163654	-31.948890686035156	0.0
6724	20.168728072244377	13.473441295815787	-31.915464401245117	0.0
6743	20.44943982869685	13.69517139472565	-31.92669105529785	0.0
6761	20.5361579390627	14.109195284962277	-31.972270965576172	0.0
6782	20.62777170403604	14.20311603293535	-31.706640243530273	0.0
6799	20.64945537103436	14.314712979869975	-31.58740234375	0.0
6818	20.629947733376316	14.176938034252709	-31.754169464111328	0.0
6839	20.23936293384728	14.391465396145522	-31.93321990966797	0.0
6856	20.345837124705735	14.612087952259735	-31.699216842651367	0.0
6873	20.345837124705735	14.612087952259735	-31.699216842651367	0.0
6892	20.598799415468005	13.7826362223604	-32.107337951660156	0.0
6910	20.391413069914666	13.551883963832077	-32.05105972290039	0.0
6933	20.701117236089374	14.084169365647774	-31.5438289642334	0.0
6946	21.081935866359853	14.69018923781364	-31.12902069091797	0.0
6966	21.36561393423765	14.823083494768111	-31.199718475341797	0.0
6985	21.81560524558637	15.157204178108527	-30.69414710998535	0.0
7003	21.944892464173023	15.428415253790059	-30.60468292236328	0.0
7021	21.771170705696104	15.028104562261971	-30.798011779785156	0.0
7040	21.667498242210442	15.044510541929887	-31.159597396850586	0.0
7058	21.589076784878632	14.851815051004712	-31.447174072265625	0.0
7077	21.131978639009287	14.401652233501604	-32.161922454833984	0.0
7095	21.38221598733799	14.011527654486844	-32.43640899658203	0.0
7116	21.93954939697932	14.59121207107379	-32.007102966308594	0.0
7133	21.93954939697932	14.59121207107379	-32.007102966308594	0.0
7152	21.905113966511866	15.568872340430548	-31.616016387939453	0.0
7169	21.602337512224775	15.594769347631974	-32.00059509277344	0.0
7189	21.98944965216261	15.926264715458164	-31.798242568969727	0.0
7208	21.941877671822095	16.333187215186506	-31.54019546508789	0.0
7226	22.400228859843878	16.8034973405973	-31.18353271484375	0.0
7244	22.88746622227784	16.766241474704472	-30.969711303710938	0.0
7264	22.489878228192676	16.53180250758157	-30.920164108276367	0.0
7283	22.661195115834886	16.882822392786704	-30.50311279296875	0.0
7302	23.099287090230558	17.327337586613353	-30.294137954711914	0.0
7319	23.291058109892088	17.18104011842713	-30.353145599365234	0.0
7337	23.39987032910127	16.990411100525346	-30.366416931152344	0.0
7355	23.502037627396064	17.05067393229739	-30.282644271850586	0.0
7375	23.502037627396064	17.05067393229739	-30.282644271850586	0.0
7392	23.606814295045595	17.910655879600675	-29.627429962158203	0.0
7411	23.25073320059684	17.646491848227814	-29.678762435913086	0.0
7431	23.345636186098986	17.01845332519904	-30.641632080078125	0.0
7450	23.18006847249818	16.36003720639308	-31.20610237121582	0.0
7468	23.032997859033465	15.35435316310064	-31.577312469482422	0.0
7487	22.89383870839988	14.470036895182522	-31.805646896362305	0.0
7505	23.335158849658068	14.138810420174487	-31.70712661743164	0.0
7523	23.578454571687473	14.14685437290079	-31.562047958374023	0.0
7541	23.81327130345924	13.860714565243535	-31.707582473754883	0.0
7560	23.742588894820866	13.17964180691934	-32.39286804199219	0.0
7578	23.851772157206923	13.320476851215272	-32.10272216796875	0.0
7598	24.2654936960525	14.056891967119727	-31.41813850402832	0.0
7616	24.513200649685945	14.625685522471542	-31.027801513671875	0.0
7635	24.451497861109928	14.844004103201224	-31.175945281982422	0.0
7652	24.451497861109928	14.844004103201224	-31.175945281982422	0.0
7672	24.308989825517084	15.506592463068698	-31.080467224121094	0.0
7690	24.021826263794896	15.508744415675048	-31.070459365844727	0.0
7708	24.167773796013037	15.38210049662792	-31.28430938720703	0.0
7726	24.13956073875886	15.783520747120178	-31.10521125793457	0.0
7746	24.39180618465617	16.19062321736668	-30.837970733642578	0.0
7765	24.42548532398238	16.764550084020037	-30.259679794311523	0.0
7783	23.919686426623926	16.99746543987191	-30.51206398010254	0.0
7803	24.154065271517375	17.198463497498423	-30.193073272705078	0.0
----------------도착----------------
7821	24.152296603976644	16.405863345372723	-30.517860412597656	0.0
7839	23.94766548828607	15.61377443730582	-31.34336280822754	0.0
7857	23.981913080060725	15.491719447844721	-31.143749237060547	0.0
7875	24.197020278641325	15.899704158748051	-30.753372192382812	0.0
7895	24.197020278641325	15.899704158748051	-30.753372192382812	0.0
7912	24.149680960427727	15.913343269438077	-30.806638717651367	0.0
7931	24.220043841234723	15.93505710066185	-31.070451736450195	0.0
7950	24.400207076406936	16.147615630557105	-30.832670211791992	0.0
7968	24.6013433352297	15.983550476999289	-30.84453582763672	0.0
7987	24.566038021808446	15.894268630221829	-30.877290725708008	0.0
8005	24.77848032692156	15.853562584952636	-30.838346481323242	0.0
8024	25.000655762457935	16.367249363985476	-30.306716918945312	0.0
8043	24.997167878947288	16.650793828077653	-30.39971923828125	0.0
8061	24.91213602263328	16.748563696195458	-30.584291458129883	0.0
8080	24.844766349889454	16.231231313628673	-30.95334815979004	0.0
8098	25.10777875236236	16.165907448771822	-30.926664352416992	0.0
8117	25.326284405433977	16.382556595803642	-30.691003799438477	0.0
8136	25.219046310086625	16.570534149337732	-30.921972274780273	0.0
8154	25.219046310086625	16.570534149337732	-30.921972274780273	0.0
8173	25.09036684818951	16.407556620576134	-30.990053176879883	0.0
8191	25.292595359772292	16.710881037087578	-30.722885131835938	0.0
8210	25.4850893030128	16.829107119421902	-30.449188232421875	0.0
8229	25.3507756469337	16.791176655468984	-30.441951751708984	0.0
8246	25.20211264398525	16.73783165306866	-30.52260398864746	0.0
8266	25.197065402344453	16.359196148345656	-30.59546661376953	0.0
8285	25.529322586911718	16.254553280118735	-30.50200080871582	0.0
8303	25.320349277098494	16.24907621784727	-30.25684356689453	0.0
8322	25.141924551678542	16.54875089458777	-30.292110443115234	0.0
8340	24.9884057694439	16.52937535462874	-30.39633560180664	0.0
8358	24.927390083902203	16.475784738577477	-30.534069061279297	0.0
8378	24.961625071142095	16.759859551975758	-30.300888061523438	0.0
8396	25.033479207493432	16.967421718483017	-30.171831130981445	0.0
8419	24.952033851043588	17.12166352462859	-30.281705856323242	0.0
8434	24.952033851043588	17.12166352462859	-30.281705856323242	0.0
8452	24.780921382288042	17.294928298494916	-30.03676986694336	0.0
8470	25.153307474705294	17.53473089783908	-30.161924362182617	0.0
8489	25.177249398500358	17.306914048514518	-30.379716873168945	0.0
8508	25.199338174634395	16.80418666486596	-30.62885093688965	0.0
8526	24.977635547152715	16.58684341184803	-30.780139923095703	0.0
8544	25.303199161076453	16.57368253907079	-30.93032455444336	0.0
8563	25.188212438617903	16.562401596502404	-30.9271183013916	0.0
8582	25.221745216703436	16.869952572612252	-30.921815872192383	0.0
8600	25.237337188288937	17.283923642697133	-30.851318359375	0.0
8619	25.083429333334724	17.68654813964877	-30.550628662109375	0.0
8638	25.06877252091022	17.520465451064062	-30.503753662109375	0.0
8655	24.99397144583215	17.313500172796626	-30.546142578125	0.0
8676	25.219996343448116	17.08980041601581	-30.382793426513672	0.0
8694	25.219996343448116	17.08980041601581	-30.382793426513672	0.0
8712	25.041478067090175	17.099534416923042	-30.173486709594727	0.0
8730	25.278475876413356	17.187729808524566	-30.235931396484375	0.0
8750	24.937422896579555	16.9042522542315	-30.511444091796875	0.0
8768	24.789984163446743	16.776101380340997	-30.646387100219727	0.0
8786	24.832840020120994	16.86541235598442	-30.644044876098633	0.0
8805	24.741625685907724	16.960745999300553	-30.59848403930664	0.0
8823	24.581199372443127	17.125505442839994	-30.977527618408203	0.0
8841	24.965456312480185	17.291936553384776	-30.834524154663086	0.0
8860	24.973642655952673	17.391269114607084	-30.496002197265625	0.0
8880	24.918460225349	17.19499051521263	-30.668230056762695	0.0
8897	24.928181550132454	16.724598610447337	-30.944868087768555	0.0
8916	25.05390486914918	16.798380761543026	-30.801010131835938	0.0
8936	25.05390486914918	16.798380761543026	-30.801010131835938	0.0
8954	25.118901041867062	16.930336266629347	-30.465795516967773	0.0
8972	25.055633802056995	16.818717115627887	-30.464712142944336	0.0
8991	25.24454298053906	17.06380312027106	-30.037954330444336	0.0
9009	25.20510406149473	17.340471533972174	-29.901945114135742	0.0
9027	25.03389558755895	17.522594918158784	-30.133190155029297	0.0
9046	24.536851413535498	17.688109647615622	-30.226110458374023	0.0
9064	24.309891552200412	17.962618916419366	-29.862722396850586	0.0
9084	24.247959913282806	18.20620832588378	-29.79142951965332	0.0
9102	24.028403375910884	17.735961256587338	-30.20690155029297	0.0
9122	24.32302425656284	17.9604489387012	-30.227991104125977	0.0
9139	24.300637113163692	17.753201399954797	-30.37480354309082	0.0
9158	23.974598220088023	17.838931544618454	-30.437393188476562	0.0
9176	23.69666396932222	17.99380324211008	-30.20439910888672	0.0
9196	23.935702054172197	18.21898727634557	-30.31964683532715	0.0
9213	23.935702054172197	18.21898727634557	-30.31964683532715	0.0
9232	23.968908218098548	18.483748895758783	-30.300912857055664	0.0
9252	23.791785626907092	18.71590108115009	-30.008045196533203	0.0
9269	23.550461111757567	19.073420322089433	-29.921239852905273	0.0
9288	23.613168524953736	19.22566795599876	-29.84398078918457	0.0
9307	23.633959973201602	19.44439185910245	-29.627208709716797	0.0
9325	23.736357423236246	19.312322789288213	-29.55777359008789	0.0
9344	23.874182199028354	19.68100499368181	-29.7137451171875	0.0
9361	23.421176175650555	19.483116627564442	-29.56356430053711	0.0
9380	23.23607015157415	19.65907659648131	-29.339847564697266	0.0
9398	23.12630318093666	20.134018474513425	-29.55327033996582	0.0
9417	23.362340836893726	20.230276025464274	-29.361923217773438	0.0
9436	23.3013302129844	20.119285458866727	-29.571929931640625	0.0
9455	23.3013302129844	20.119285458866727	-29.571929931640625	0.0
9473	23.27577374078481	19.772186753473523	-29.81784439086914	0.0
9491	23.115758713245462	19.71046373374393	-30.088449478149414	0.0
9511	23.078473697023195	19.78802196820733	-30.146400451660156	0.0
9529	23.42997804859648	20.291231563211998	-30.144289016723633	0.0
9547	23.60101214345408	20.691349667106643	-29.980571746826172	0.0
9566	23.720838084587534	20.4790755000125	-30.05347442626953	0.0
9585	23.568957023737916	20.40673382224189	-30.345781326293945	0.0
9604	23.279057696189927	20.39131896928025	-30.138816833496094	0.0
9622	23.173378197857886	20.74989881366571	-30.052364349365234	0.0
9640	23.227674815555968	20.94063153012979	-29.929134368896484	0.0
9658	23.36702233616373	20.984608772111784	-29.65501594543457	0.0
9677	23.33733265072899	21.092909557645925	-29.343595504760742	0.0
9696	23.659416275009328	20.77596119865837	-29.339567184448242	0.0
9715	23.659416275009328	20.77596119865837	-29.339567184448242	0.0
9733	23.536957675497785	20.486493372543144	-29.37479019165039	0.0
9752	23.583176295369235	19.995584925236713	-29.606374740600586	0.0
9771	23.57598115505436	19.876980246355544	-29.953887939453125	0.0
9789	23.67859133037614	19.476961458623713	-29.95418357849121	0.0
9807	23.64477189884446	19.37345440360186	-29.83591651916504	0.0
9826	23.61460662436276	19.29160384709355	-29.770706176757812	0.0
9844	23.76079810266163	18.853660908641032	-30.025571823120117	0.0
9863	23.72069195074195	18.987447073114797	-30.14518928527832	0.0
9882	23.63815616452743	19.154503618410114	-30.23740577697754	0.0
9900	23.7159214578002	19.4673002947031	-29.933467864990234	0.0
9919	23.460964304084204	19.726096419167845	-29.802377700805664	0.0
9938	23.677037958821913	19.762475177781145	-29.705961227416992	0.0
9957	23.683484703815626	19.532873234039563	-29.92953872680664	0.0
9976	23.80372439093569	19.237325194918565	-30.282203674316406	0.0
9992	23.80372439093569	19.237325194918565	-30.282203674316406	0.0
10012	23.92406658977748	19.172528231543254	-30.34027862548828	0.0
10031	23.769423823200444	18.676335652728667	-30.49129867553711	0.0
10049	23.680880352405513	18.640065664202975	-30.284875869750977	0.0
10067	23.44051686595629	18.658378805297616	-30.281475067138672	0.0
10089	23.41827857796459	18.496437699014713	-30.29680824279785	0.0
10105	23.366977008126085	18.944768063012223	-30.029752731323242	0.0
10124	23.47003332929794	19.092608187769375	-29.977882385253906	0.0
10143	23.08030308292401	19.11032606501591	-30.019899368286133	0.0
10160	23.047347410334396	18.758679925425962	-30.01044464111328	0.0
10179	23.25620343739797	18.972239820329083	-30.111547470092773	0.0
10198	23.58358280149727	18.998244248677768	-30.002622604370117	0.0
10216	24.1053595700651	18.782019161268238	-30.14240264892578	0.0
10238	23.98522131285159	18.687316352315463	-30.2340087890625	0.0
10255	23.98522131285159	18.687316352315463	-30.2340087890625	0.0
10272	23.96897200939967	18.554520895237733	-30.298961639404297	0.0
10290	24.131595849615316	18.36735637145486	-30.124755859375	0.0
10309	24.37838913847789	18.06206031803388	-30.302490234375	0.0
10328	24.432131188513424	18.463318297419544	-30.202777862548828	0.0
10347	24.627750440930996	18.850713539279784	-29.6843318939209	0.0
10365	24.370521209603833	18.578284966209917	-30.0539608001709	0.0
10384	24.33431411327856	18.518749892861113	-30.243566513061523	0.0
10401	24.735212707241338	18.50651245519722	-29.971431732177734	0.0
10421	24.877291003088907	18.538607216662232	-29.648109436035156	0.0
10440	24.77985588306275	18.758304536493785	-29.597299575805664	0.0
10458	24.65527238125367	18.57073233812563	-29.409326553344727	0.0
10476	24.743754281784394	18.369479721636225	-29.449697494506836	0.0
10496	24.562240432837758	18.084340408874052	-29.831523895263672	0.0
10514	24.562240432837758	18.084340408874052	-29.831523895263672	0.0
10532	24.63347392975262	18.188789752209598	-29.832561492919922	0.0
10550	24.580778651618026	18.018299974349695	-29.917156219482422	0.0
10569	24.415121083940683	18.18664058518053	-30.116119384765625	0.0
10588	24.326864435664714	18.475214120858436	-30.274673461914062	0.0
10607	24.50388726216197	18.74748853322426	-30.110599517822266	0.0
10626	24.59554868600021	18.809002975655872	-30.44295883178711	0.0
10644	24.499757232201958	18.40449215643669	-30.51776695251465	0.0
10662	24.387153751815312	18.309035990997252	-30.43882179260254	0.0
10681	24.522551903643503	18.333732608310868	-30.373939514160156	0.0
10701	24.580394229333514	18.18624870345492	-30.29339599609375	0.0
10718	24.804856730635052	17.869270976325474	-30.107973098754883	0.0
10737	24.83165929443234	17.76429216659324	-30.25275993347168	0.0
10756	24.83165929443234	17.76429216659324	-30.25275993347168	0.0
10774	24.827194420961025	17.684457863544303	-30.135286331176758	0.0
10793	24.75535962335576	17.920754750674558	-29.83625030517578	0.0
10811	24.69079383229904	17.840354465278224	-30.09149932861328	0.0
10829	24.832437870225522	17.938316610967195	-29.849294662475586	0.0
10847	24.944171938383906	17.893299820624872	-29.520065307617188	0.0
10866	24.674235184270035	18.033985370885272	-29.632675170898438	0.0
10884	24.59708940916971	18.108337333405437	-29.577608108520508	0.0
10904	24.486605443548147	18.263733588417598	-29.534914016723633	0.0
10923	24.2389848553134	18.434488781976558	-29.493030548095703	0.0
10941	24.45406297102087	18.19077868834023	-29.763708114624023	0.0
10960	24.765317578733967	17.973769618348225	-29.788463592529297	0.0
10978	24.845469202679173	18.149313065714896	-30.03095054626465	0.0
10996	24.558536765285805	18.232893049409515	-30.213821411132812	0.0
11014	24.558536765285805	18.232893049409515	-30.213821411132812	0.0
11033	24.718541658022545	18.147313492243228	-30.18739891052246	0.0
11052	24.82316429125718	18.285098234447304	-30.48154067993164	0.0
11071	24.984713746686467	18.45809188211056	-30.1324520111084	0.0
11089	25.084882701042886	18.24502616797579	-30.635700225830078	0.0
11109	25.041621143101484	18.105534908659546	-30.67766571044922	0.0
11127	24.978443766275408	18.552309253685923	-30.2258358001709	0.0
11145	24.83867685604296	18.28896642582016	-30.2330322265625	0.0
11164	24.85803114382273	17.732236826075724	-30.796432495117188	0.0
11182	24.900974645024917	18.010469777007604	-30.60863494873047	0.0
11201	24.810949187231397	18.702553309389195	-30.259315490722656	0.0
11219	25.050528169437086	18.718782133152278	-30.23072052001953	0.0
11239	25.29393664829126	18.396065973747	-30.0819149017334	0.0
11258	25.241472913643047	18.467989391490956	-29.976011276245117	0.0
11275	25.241472913643047	18.467989391490956	-29.976011276245117	0.0
11295	25.621770962467572	18.226612582328478	-30.189130783081055	0.0
11311	25.576869947188317	18.5950578303542	-29.95573616027832	0.0
11330	25.56304013559983	18.856440791491366	-29.77446746826172	0.0
11349	25.39223138986785	18.778571780212747	-29.75733184814453	0.0
