3	-9.843483147044688	4.052880981742598	-26.03794288635254	59.0
23	-10.086332314735131	4.999206220586765	-25.459611892700195	59.0
41	-10.093142244026684	6.048630384484403	-24.887535095214844	59.0
61	-9.700452866999528	6.681965958881266	-25.082683563232422	59.0
81	-9.528488956342263	6.326310814028652	-25.33040428161621	60.0
104	-10.465508282111704	6.111958743102296	-25.24979019165039	60.0
129	-10.478397658063736	6.116529876699436	-25.187238693237305	60.0
140	-10.480505972090837	6.157485524460343	-25.42316246032715	60.0
158	-10.039185513743218	6.135574995761245	-25.30929946899414	60.0
178	-9.88116221596424	5.593678615987418	-25.54471778869629	60.0
198	-10.05082379431967	5.541564841763496	-25.51050567626953	60.0
217	-10.2893141390633	5.454929970330157	-25.248140335083008	60.0
239	-10.69393371183942	5.583190900144573	-25.1131591796875	60.0
257	-10.230319460806268	5.646928549149174	-25.14447784423828	60.0
278	-10.054094829795785	5.40226961924169	-24.969602584838867	60.0
294	-9.876800241333711	4.988283787325761	-24.93289566040039	60.0
314	-10.019672585176915	5.02187684634581	-25.06294822692871	60.0
338	-10.221795442323318	5.418113340191213	-24.86141014099121	60.0
354	-10.227024893577056	5.700848112752981	-24.887971878051758	60.0
375	-9.71403912387089	5.251396804702925	-25.139963150024414	60.0
393	-9.507775595545096	5.191483096400012	-25.363563537597656	60.0
411	-9.698732639483062	5.06121896143533	-25.329240798950195	60.0
431	-9.697025060555173	5.732503872710466	-25.380573272705078	60.0
454	-9.513865887720897	6.446457157847808	-25.295015335083008	60.0
472	-9.275372273132312	6.3609701827359535	-25.256942749023438	60.0
490	-9.24570144621476	5.631025980453216	-25.578968048095703	60.0
511	-9.092823935948031	5.340350011639879	-25.60676383972168	60.0
530	-9.439469534358961	5.466423412417854	-25.36080551147461	60.0
554	-9.437449048873729	5.399994967283788	-25.30595588684082	58.0
570	-9.437449048873729	5.399994967283788	-25.30595588684082	58.0
588	-9.6641468487887	5.659581063407963	-25.192928314208984	58.0
606	-9.617402582534499	5.684003833009061	-25.23447036743164	58.0
625	-9.270826943790357	5.681346862538396	-25.250030517578125	58.0
646	-9.528159393832784	5.560675164129305	-25.407520294189453	58.0
666	-9.64532575567371	5.73624362275656	-25.176279067993164	58.0
688	-9.34442553952219	5.525246256236205	-25.14923667907715	58.0
704	-9.149272906797133	5.713781498656967	-25.391416549682617	58.0
724	-9.270301056295008	5.710347024861406	-25.294597625732422	58.0
744	-8.902256892635345	6.069690651113065	-25.09271812438965	58.0
763	-8.931708646958098	5.938952179334932	-24.889785766601562	58.0
783	-9.311318097736935	5.349385253726532	-24.952056884765625	58.0
802	-9.243605692081202	5.063716798482995	-24.88851547241211	60.0
823	-9.266568401967675	4.825693172176248	-24.987781524658203	60.0
841	-9.443513284756962	4.919260337072529	-25.126222610473633	60.0
859	-9.234984365438198	5.065527346406503	-25.177087783813477	60.0
879	-9.001071355706843	5.343739344118181	-25.014339447021484	60.0
899	-9.16102065147975	5.288860013902041	-25.025970458984375	60.0
921	-8.971215851604837	5.295733443465044	-25.121898651123047	60.0
938	-8.740297627328182	5.684343530323667	-25.100130081176758	60.0
957	-9.139930884478115	5.991054472275867	-24.73626136779785	60.0
976	-9.409000227129601	6.07743113755584	-24.715740203857422	60.0
995	-9.41276660969928	6.080153750486661	-25.049219131469727	60.0
1014	-9.381305031092195	6.067486252039814	-24.778587341308594	60.0
1035	-9.268904155837959	5.881730907754029	-25.169998168945312	61.0
1054	-9.607335647011306	5.394011197678162	-25.19922637939453	61.0
1073	-9.653766589651635	5.641691450727937	-25.137916564941406	61.0
1091	-9.65486939810737	5.781887462712244	-24.944446563720703	61.0
1111	-9.423011151131023	5.66704444585469	-25.048545837402344	61.0
1130	-9.20173311716913	5.998855759966301	-24.88067626953125	61.0
1151	-9.0755486524056	6.0339429054888685	-24.28769874572754	61.0
1170	-8.919785185223665	5.879212012540787	-24.48763656616211	61.0
1189	-8.801051051063654	5.755615621681251	-24.388673782348633	61.0
1209	-8.561596815315442	5.814383906900537	-24.6988582611084	61.0
1229	-8.304110461900406	5.8107266966764595	-24.913724899291992	61.0
1249	-8.410371256799937	5.969394168337932	-24.893903732299805	61.0
1268	-8.737137036102814	6.0337976200062355	-24.815038681030273	60.0
1286	-8.737137036102814	6.0337976200062355	-24.815038681030273	60.0
1306	-8.872690827535052	5.771856769378478	-24.75182342529297	60.0
1326	-9.088668856313666	5.856834208948747	-25.103775024414062	60.0
1346	-9.296432924209526	5.665187804922679	-24.978225708007812	60.0
1365	-9.288060660731789	5.5833901185206765	-24.873788833618164	60.0
1384	-9.516401622913898	5.342342297970092	-24.737131118774414	60.0
1403	-9.493955677148167	5.66246899957146	-24.716169357299805	60.0
1423	-9.370698252254583	5.869272212299278	-24.90265464782715	60.0
1442	-9.34021177239666	5.616469952390546	-25.024049758911133	60.0
1461	-9.212135922438216	5.292621006105612	-25.091388702392578	60.0
1481	-9.322614418243477	5.38166805788782	-24.85835838317871	60.0
1500	-9.31696737867221	5.3830742067314405	-25.251380920410156	60.0
1520	-9.48156116389751	5.22903221377104	-25.500038146972656	58.0
1540	-9.171347300125852	5.2889030072896	-25.436574935913086	58.0
1559	-9.361189939563607	4.859912702468651	-25.478870391845703	58.0
1579	-9.12620574975518	5.082210940235449	-25.28444480895996	58.0
1598	-9.242453065192468	5.161026459609529	-25.0977783203125	58.0
1618	-9.108542367349507	5.401725923420932	-25.287630081176758	58.0
1637	-8.998418371551143	5.72541505142855	-25.104360580444336	58.0
1656	-8.955531780290434	6.163198119779176	-24.846094131469727	58.0
1675	-8.945928031642437	6.28214401696045	-24.505327224731445	58.0
1694	-9.078227418392784	6.2705897004943365	-24.551864624023438	58.0
1716	-9.104788464719526	6.519372939317703	-24.431175231933594	58.0
1734	-9.301598980236854	6.284274918223009	-24.477191925048828	58.0
1753	-9.321251417234205	5.881660810294593	-24.97576141357422	58.0
1772	-9.601461806582991	5.626308459150106	-24.922548294067383	58.0
1792	-9.5063011387654	5.317102101494355	-25.118999481201172	58.0
1811	-9.013315047082722	5.420665566134387	-25.33730697631836	58.0
1832	-9.139876154509396	5.594505221807	-25.5576114654541	58.0
1850	-8.995933483770699	5.640036332290784	-25.634368896484375	58.0
1869	-9.138650717986934	5.833517637098147	-25.750656127929688	58.0
1889	-8.890246826187026	5.7484204701845245	-25.922325134277344	58.0
1908	-8.563756389426096	5.694113685708324	-25.67772102355957	62.0
1929	-8.259166875061311	5.57482744554757	-25.806961059570312	62.0
1951	-8.376532922748456	5.465721513085695	-25.882774353027344	62.0
1969	-8.69837727507783	5.492669028394287	-25.585330963134766	62.0
1988	-8.69837727507783	5.492669028394287	-25.585330963134766	62.0
2006	-8.809829798672743	5.347765900468347	-25.544986724853516	62.0
2026	-8.90745401535328	5.557067700413261	-25.293725967407227	62.0
2046	-8.719386265612311	5.44155449245462	-25.037900924682617	62.0
2065	-8.73789971864946	5.774117886735494	-24.637744903564453	62.0
2084	-8.926160724249325	5.815384316505581	-24.74613380432129	62.0
2103	-9.09059045613714	5.697311694596651	-24.720426559448242	62.0
2122	-9.485887425598005	5.21232604096007	-24.82619857788086	62.0
2143	-9.426565943282558	4.893929234421793	-25.083641052246094	62.0
2161	-9.566127974639532	4.822721725816904	-24.911388397216797	62.0
2181	-9.371451332204298	4.738069651158769	-25.061445236206055	62.0
2201	-9.52955127338511	4.738433193930768	-25.019166946411133	62.0
2220	-9.672421266759839	4.835614828869414	-25.396799087524414	62.0
2240	-9.854257943674464	5.168889276525363	-25.138317108154297	62.0
2259	-9.777179625416379	5.534720942762486	-25.42891502380371	62.0
2278	-9.381987208841034	5.5009915511307375	-25.175615310668945	62.0
2298	-9.347648698481157	5.6737267729975756	-25.11734962463379	62.0
2317	-9.124298171949203	5.646725035213942	-25.266136169433594	62.0
2336	-9.10743941803026	5.413530705506024	-25.389245986938477	62.0
2355	-9.120993022608515	5.762116006220646	-25.395084381103516	62.0
2375	-9.097155188767239	5.929031461787225	-25.27246856689453	62.0
2394	-8.911256819159	5.8925238614054924	-25.66180419921875	60.0
2415	-8.83362204724772	6.777737759509851	-25.294851303100586	60.0
2433	-8.724094966733709	6.652201959963423	-25.51984214782715	60.0
2453	-9.588795530422976	4.824061708635985	-25.59979248046875	60.0
2472	-9.364608062629534	4.4538995610418475	-25.7772159576416	60.0
2492	-9.141691523721184	5.058632848834038	-25.74894142150879	60.0
----------------출발----------------
2511	-9.28857634999914	6.3496101539919945	-25.472034454345703	60.0
2531	-9.050736016041101	6.786440388156734	-25.610069274902344	60.0
2550	-8.90477405882149	6.3860546774230125	-25.642230987548828	60.0
2569	-9.614948303364795	5.477885357497986	-25.60055160522461	60.0
2589	-9.550833330883636	5.779021327345568	-25.50267791748047	60.0
2608	-9.262232007572488	5.701299109022797	-25.615074157714844	60.0
2629	-9.330659097289292	5.7287973881810865	-25.573766708374023	61.0
2649	-9.42307233413067	5.977441498678081	-25.45048713684082	61.0
2669	-9.206635350170016	6.175516610944767	-25.457372665405273	61.0
2686	-9.206635350170016	6.175516610944767	-25.457372665405273	61.0
2706	-9.177284510455985	6.069041051103899	-25.520069122314453	61.0
2725	-9.13855770027154	6.418019827397008	-25.5394287109375	61.0
2745	-8.867304401120814	6.871300038271172	-25.560571670532227	61.0
2765	-8.943636749830436	7.1064291848344805	-25.633991241455078	61.0
2787	-8.815662339297468	7.196984010517913	-25.68954086303711	61.0
2803	-8.844695426816001	7.0836228388610225	-25.601438522338867	61.0
2824	-8.972024596762886	7.08887466548538	-25.41518783569336	61.0
2844	-9.24053367132443	6.969055841540508	-25.54656410217285	61.0
2865	-9.256940642680735	6.8431740705354445	-25.50617790222168	61.0
2883	-9.326324123742447	6.771834404007841	-25.549741744995117	60.0
2901	-9.331554312528365	6.7916162509775235	-25.429161071777344	60.0
2920	-9.181310683245213	6.728547893133647	-25.631298065185547	60.0
2941	-9.421095513734535	6.6018153797276025	-25.6456241607666	60.0
2959	-9.69733067937131	6.529659207423282	-25.907258987426758	60.0
2979	-9.370410477911106	6.647286662680698	-25.8641300201416	60.0
2999	-9.334765781909129	6.533779131657826	-25.906457901000977	60.0
3019	-9.642418335739817	6.336615932215659	-25.943923950195312	60.0
3036	-9.67220322295778	6.5377339012710625	-25.912954330444336	60.0
3058	-10.13861873318901	6.709895522905698	-25.787479400634766	60.0
3075	-10.066518746416854	6.57617254594128	-25.78883171081543	60.0
3097	-10.02956455364483	6.681330249310732	-26.071664810180664	60.0
3115	-9.747067392007011	7.089758865117511	-25.955341339111328	59.0
3135	-9.77990707024926	7.092054842261119	-26.673118591308594	59.0
3154	-9.257527215441531	7.163971600356055	-27.109582901000977	59.0
3173	-9.044853502767145	7.47904723889496	-27.39751625061035	59.0
3195	-8.99250061289665	7.149662476126129	-27.297119140625	59.0
3215	-8.995662357087413	7.024780207410111	-27.524187088012695	59.0
3233	-9.035561757869424	7.237244508226486	-27.575712203979492	59.0
3251	-8.923313001083311	7.103328856819074	-27.62116050720215	59.0
3270	-8.990789757896575	7.049741094595381	-27.837549209594727	59.0
3290	-9.027384312893478	7.359778191410576	-27.803462982177734	59.0
3309	-9.314932486787763	7.392805425766838	-27.821365356445312	59.0
3330	-9.040219347356611	7.361982285022679	-27.996990203857422	59.0
3352	-8.959343896351077	7.76711649105874	-28.248342514038086	60.0
3371	-8.77708987512054	7.884785821926996	-28.187917709350586	60.0
3389	-8.765550457519073	8.002104534988282	-28.328163146972656	60.0
3407	-8.765550457519073	8.002104534988282	-28.328163146972656	60.0
3427	-8.681868822764343	8.401374154813592	-28.38282585144043	60.0
3449	-8.711186380800594	8.214809101118123	-28.13250160217285	60.0
3466	-8.623476953573576	8.019218305341582	-28.16550064086914	60.0
3485	-8.669359955318736	8.040797847589358	-28.213565826416016	60.0
3504	-9.003732913614924	7.940066809967549	-28.213191986083984	60.0
3523	-8.678199988104637	7.712540378345182	-28.38558578491211	60.0
3543	-8.438500553613736	7.798449703209657	-28.724699020385742	60.0
3563	-8.356233911348417	7.670450781577781	-28.80413246154785	60.0
3583	-8.675658200724072	7.490140743712751	-28.75282859802246	60.0
3602	-8.731533713134564	7.630188523290347	-29.271907806396484	61.0
3621	-8.603388079150507	7.771120705138633	-29.274768829345703	61.0
3641	-8.432580050118114	7.750898847742664	-29.444494247436523	61.0
3661	-8.217946319126476	7.364669143662503	-29.199142456054688	61.0
3681	-8.347010980890774	7.148788039791152	-29.549497604370117	61.0
3698	-8.045815653036856	7.438170897762585	-29.502378463745117	61.0
3718	-8.05293887817783	8.050043992589138	-29.629060745239258	61.0
3738	-7.646103166331765	8.562570906037314	-29.663755416870117	61.0
3759	-8.231629058089103	8.648186371669542	-29.396820068359375	61.0
3778	-8.198724470284352	8.943034348632125	-29.464874267578125	61.0
3795	-6.717245224047868	7.91456492212308	-29.79529571533203	61.0
3817	-5.771329549612536	7.656152318174197	-30.207489013671875	61.0
3835	-10.249030347371804	7.9341360352582635	-28.850950241088867	62.0
3854	-8.91460134577916	7.372902559008187	-29.53217124938965	62.0
3873	-7.058482323445976	6.93462992890953	-30.050540924072266	62.0
3895	-7.278243036259968	7.271242401976374	-30.025386810302734	62.0
3911	-6.492261560788934	7.009198988428315	-30.185832977294922	62.0
3932	-5.935225869284778	6.806460348772624	-30.326351165771484	62.0
3952	-6.647266089481592	7.008584677352398	-30.55074691772461	62.0
3971	-7.2583945817247155	6.622336057178029	-30.47919273376465	62.0
3992	-7.8741120471492385	6.207798765838189	-30.298662185668945	62.0
4011	-7.698700905494043	5.008497678732831	-30.651782989501953	62.0
4030	-8.141454024191969	6.413078342524946	-30.485727310180664	62.0
4050	-8.652107662771177	6.297495881780929	-30.283710479736328	62.0
4069	-8.087030075294317	6.61441234243252	-30.26654052734375	64.0
4089	-8.087030075294317	6.61441234243252	-30.26654052734375	64.0
4106	-7.555147077809982	6.900539624674001	-30.357805252075195	64.0
4131	-7.080867229913165	7.457119074618565	-30.100553512573242	64.0
4145	-5.879854164948286	8.355961689412487	-30.574138641357422	64.0
4166	-5.066798134939738	7.990358476091551	-30.728336334228516	64.0
4185	-7.294678169147708	6.5869492713519096	-30.51309585571289	64.0
4204	-6.731364521716869	6.926718984544401	-30.183923721313477	64.0
4224	-5.8816275873521695	6.311176734204747	-30.502544403076172	64.0
4242	-5.610623154621496	7.2601325161609225	-30.6107234954834	64.0
4262	-5.649020226655132	8.38176303315933	-30.169336318969727	64.0
4282	-5.9831832978576	9.373274073199934	-29.478788375854492	64.0
4300	-5.842150703334258	9.113478426449769	-29.3277587890625	64.0
4320	-5.26267598495921	6.461986572954959	-30.374832153320312	63.0
4341	-5.393200706661833	6.360014727942674	-30.37151336669922	63.0
4359	-5.394793322588207	5.948145566278256	-30.393787384033203	63.0
4379	-4.647075148732609	7.386727479536722	-30.16118049621582	63.0
4398	-5.9500643462894285	7.401503770076581	-29.726116180419922	63.0
4417	-5.850983289722333	7.5477415697251695	-29.830808639526367	63.0
4436	-5.165447943601098	6.527785863969742	-30.390336990356445	63.0
4456	-4.463482261156818	7.3234345934753255	-30.067832946777344	63.0
4475	-5.871137306468044	6.018824895373082	-29.597579956054688	63.0
4495	-5.743665928736651	5.692333777695185	-29.380844116210938	63.0
4514	-5.662867842842706	6.318441777079866	-29.283090591430664	63.0
4534	-5.886683375629839	6.04293496717173	-29.041492462158203	63.0
4553	-5.6899557551888424	5.896515519330014	-28.95897102355957	60.0
4573	-5.957716521875226	6.235030958478796	-28.588369369506836	60.0
4593	-5.706034511734021	6.682445311880313	-28.45431137084961	60.0
4611	-5.02132483733892	6.761993055731248	-28.644147872924805	60.0
4631	-4.642137390749902	7.087139394304201	-28.55483627319336	60.0
4650	-3.88008501589776	7.748540697813552	-28.330533981323242	60.0
4669	-3.567495974304091	7.541127085875493	-28.470781326293945	60.0
4690	-4.021032130516441	6.514361093733912	-28.51592445373535	60.0
4708	-4.7199662380548	6.418014789232546	-28.600482940673828	60.0
4729	-3.8800446728074465	6.470303256339273	-28.43302345275879	60.0
4749	-3.6158411664114984	6.519330091940355	-28.299697875976562	60.0
4769	-3.6158411664114984	6.519330091940355	-28.299697875976562	60.0
4788	-3.4140620907930477	6.493893156932296	-28.025291442871094	61.0
4807	-3.4140620907930477	6.493893156932296	-28.025291442871094	61.0
4825	-3.191734608678248	6.383015888322486	-27.96314239501953	61.0
4845	-3.201685870351833	6.107155936322751	-27.52219581604004	61.0
4864	-3.257133871767617	6.1453979721092935	-27.117748260498047	61.0
4883	-3.065507908899312	6.584776310870322	-26.7954158782959	61.0
4904	-3.0511183091484955	6.615311117663211	-26.507020950317383	61.0
4923	-2.708912467280242	6.904102997629848	-26.45941734313965	61.0
4943	-2.236874964694761	6.7806795172438274	-26.130054473876953	61.0
4961	-2.41599347477866	6.606830806231058	-25.957975387573242	61.0
4982	-2.7304977520901628	6.229055769554898	-25.822750091552734	61.0
5000	-2.574197908931216	6.184846082607996	-25.856868743896484	61.0
5020	-2.518731354210816	6.088669658356079	-25.993518829345703	61.0
5041	-2.603823075273695	6.566101809610407	-25.422929763793945	83.0
5059	-1.839961725540959	7.043879688928456	-25.325315475463867	83.0
5078	-1.8597748291891454	5.683865904218882	-24.943071365356445	83.0
5098	-2.285010946979599	6.2167335948370175	-24.57135772705078	83.0
5117	-2.1012937899551747	5.291347623418868	-24.45522689819336	83.0
5141	-2.482544033999876	4.781694026702796	-24.396038055419922	83.0
5157	-1.4785872571555567	5.313953319258591	-24.09039306640625	83.0
5176	-1.303773650762094	5.8725577122999795	-23.72437286376953	83.0
5195	-1.2474609742433846	6.121053472600525	-23.346303939819336	83.0
5216	-1.422174603853151	5.879993044678141	-22.886341094970703	83.0
5233	-1.6101207109442948	5.701880608056899	-22.956661224365234	83.0
5254	-1.3543970103992278	5.518451617530926	-22.793197631835938	83.0
5276	-1.1228666894357404	5.826170076143779	-22.56821060180664	88.0
5292	-0.8235337538449682	5.672715590726352	-22.565027236938477	88.0
5311	-0.9103953747274549	5.664425469719441	-22.273330688476562	88.0
5331	-0.7001939080618851	5.376423236834564	-21.836734771728516	88.0
5350	-0.6756212470613794	5.601060627649187	-21.65909194946289	88.0
5370	-0.6624177810231445	5.802574623758893	-21.696195602416992	88.0
5390	-0.6757081152895719	6.471915390705485	-21.358043670654297	88.0
5409	-0.8673436116197133	6.151154523276821	-21.288021087646484	88.0
5429	-0.9425122503573363	5.9076493076727825	-21.259592056274414	88.0
5450	-1.1589850025353368	5.8081806980077415	-20.573253631591797	88.0
5469	-1.3147249181707685	5.816094200245481	-20.455875396728516	88.0
5488	-1.3147249181707685	5.816094200245481	-20.455875396728516	88.0
5506	-1.600269354644641	6.001623833048163	-20.581886291503906	68.0
5525	-1.3339597999232773	6.208196213130416	-20.656192779541016	68.0
5545	-1.2848522593462028	6.635395202318285	-20.379316329956055	68.0
5566	-1.611065359202368	6.5323691431695545	-20.245004653930664	68.0
5585	-1.7279555818310806	6.84136817035874	-20.22853660583496	68.0
5603	-1.2952001175829966	7.0289238313510705	-20.295316696166992	68.0
5623	-0.8493302315505752	7.127125316935924	-20.694232940673828	68.0
5642	-0.4292090086816571	7.147806872941547	-20.687795639038086	68.0
5661	-0.3472923248594596	7.09890583079623	-20.51457977294922	68.0
5682	-0.6330327803424348	6.977332426658427	-20.585115432739258	68.0
5701	-0.6739388528117498	7.10924327651978	-20.794580459594727	68.0
5720	-0.38172214136961574	7.170890350274726	-21.077022552490234	68.0
5740	-0.2818065018128881	7.16771339046543	-20.966218948364258	68.0
5758	-0.4851381911872475	6.932303700223828	-21.0531005859375	62.0
5778	-0.513267858287051	7.106831724252269	-21.23178482055664	62.0
5798	-0.26605642857733386	7.385458904138743	-21.246856689453125	62.0
5818	-0.42057389385219146	7.117271663420045	-21.420299530029297	62.0
5837	-0.06646501647724887	6.708954137821429	-21.63585090637207	62.0
5856	0.20474149854892595	6.355575592228236	-21.672197341918945	62.0
5875	0.0028377954784013044	6.049872014521936	-21.498611450195312	62.0
5896	0.06637207323739408	6.059434397927135	-21.726604461669922	62.0
5915	0.2967292500422372	5.590816973909854	-21.865379333496094	62.0
5935	0.8057330167309238	5.109442542834809	-21.96748924255371	62.0
5953	1.3479585446586466	4.723153044815258	-22.151443481445312	62.0
5973	1.620728919761279	4.175480805897832	-22.30857276916504	62.0
5992	1.3487756172463465	3.513306509943535	-22.317184448242188	61.0
6011	0.9904733712786361	3.1753448342571797	-22.447498321533203	61.0
6031	-1.2377049477973445	2.469105111165837	-22.878923416137695	61.0
6050	-0.18039081035431465	0.6811415781275887	-22.89313507080078	61.0
6070	1.4433391927062007	1.4881137077363138	-22.795061111450195	61.0
6089	2.381488662972941	1.6994423802793015	-22.401636123657227	61.0
6108	2.015287467462646	2.0822179828346594	-22.43475914001465	61.0
6129	1.7342103094632444	2.697824031153666	-22.287172317504883	61.0
6149	3.0860614085669478	1.8337409605568167	-22.048009872436523	61.0
6169	2.6070797670974053	2.221907584649668	-21.573902130126953	61.0
6188	1.9469890253206985	1.3538896840169092	-21.393640518188477	61.0
6206	1.9469890253206985	1.3538896840169092	-21.393640518188477	61.0
6225	1.6664759375116514	0.8317136471914902	-21.259971618652344	61.0
6246	0.6403875880120701	0.04807938313122829	-20.954883575439453	61.0
6264	0.9374926730649226	-0.37920169283964955	-20.726520538330078	61.0
6285	1.601682116721695	-0.8063964398946433	-20.401166915893555	61.0
6304	1.718046366845072	-1.0940652355319316	-20.02047348022461	61.0
6323	1.8906063342474086	-1.2911620858895227	-19.60189437866211	61.0
6343	2.5271520856688205	-1.5231818810171678	-19.45126724243164	61.0
6361	2.212594779365559	-1.3738357250128044	-19.113895416259766	61.0
6382	2.1738802620209987	-1.2561683936295116	-18.73919105529785	61.0
6402	2.196413116235153	-1.457739382101486	-18.411989212036133	61.0
6420	2.0754573323772636	-1.4379766217944325	-18.049072265625	61.0
6439	1.9601038805327684	-1.6320848721481507	-17.56650733947754	61.0
6459	1.877764826672564	-1.6431999870099423	-17.39293098449707	61.0
6478	1.810689758822128	-1.3258643761554865	-17.012109756469727	61.0
6499	1.5531556562434172	-1.312174537035294	-16.562990188598633	61.0
6521	1.7172437890869223	-1.4441509723166903	-16.094127655029297	61.0
6538	1.8080634975970002	-1.7180175595743747	-15.779601097106934	61.0
6557	1.6266432955359125	-1.5883832006937881	-15.458545684814453	61.0
6576	1.4162933065962338	-1.8600393745528774	-15.410781860351562	61.0
6596	1.3069865433648262	-1.867257511904869	-15.217304229736328	61.0
6616	1.0467256198623167	-1.7422691990946362	-14.837142944335938	61.0
6634	0.8867613654158305	-1.60210811077007	-14.798969268798828	61.0
6653	0.6393936386837883	-1.4487089924365903	-14.639780044555664	61.0
6673	0.40195347064390463	-1.3838703419686618	-14.624988555908203	61.0
6692	0.13590719498663098	-1.2331860835612576	-14.412272453308105	61.0
6712	0.24547392075924102	-1.3236961209332456	-14.305962562561035	63.0
6731	0.206952566137072	-1.2023753487567896	-13.79104232788086	63.0
6751	-0.019222650908542166	-1.0224292607982253	-13.439127922058105	63.0
6770	-0.058975890693563	-0.9015983243572954	-13.36294937133789	63.0
6789	0.051463410696362684	-0.8174533697097109	-13.023380279541016	63.0
6809	0.05685869759705879	-0.4307882209276558	-12.885738372802734	63.0
6829	-0.047201206072922525	-0.2392821465970392	-12.8058500289917	63.0
6849	0.15754222142063884	-0.2558701634130542	-12.744279861450195	63.0
6869	0.2884251096064192	-0.26466008802493357	-12.516031265258789	63.0
6889	0.2884251096064192	-0.26466008802493357	-12.516031265258789	63.0
6906	0.26339519190488814	-0.1835216243542672	-12.546480178833008	63.0
6926	0.4507942378731996	0.07889480229586511	-12.523964881896973	63.0
6946	0.34727301700362256	0.1974761056582427	-12.51909065246582	63.0
6965	0.3498540747407006	0.3437014878319858	-12.49368953704834	63.0
6984	0.42159437568014474	0.1715107126195905	-12.549280166625977	63.0
7003	0.39911696964770965	0.31918836784305576	-12.420089721679688	63.0
7023	0.07536739054953995	0.4211703300921977	-12.36146068572998	63.0
7042	-0.20443939542947925	0.22765709969350995	-12.226663589477539	63.0
7062	-0.2987005952692403	0.3818004006990269	-12.16493034362793	63.0
7082	-0.6925987210600214	0.2062683015347782	-12.032936096191406	63.0
7101	-0.7905613842340256	0.3885071118641002	-11.813912391662598	63.0
7120	-0.8500451064435226	0.8003939713898288	-11.90926742553711	63.0
7139	-1.0091458679688516	0.9953970665868151	-11.619207382202148	63.0
7159	-0.8951267512851874	1.0778341415198158	-11.26811695098877	63.0
7180	-0.8083327645139641	0.6619999776954776	-11.244449615478516	63.0
7199	-0.9671448257764578	1.0218738915945793	-11.093143463134766	61.0
7218	-0.9924949114539453	1.0004027197065684	-10.988770484924316	61.0
7237	-0.9287641893060534	1.2215302731613533	-11.05396556854248	61.0
7257	-1.045516357649967	1.021127555289247	-11.13367748260498	61.0
7276	-1.0739641345307893	0.8498658654799562	-11.077645301818848	61.0
7296	-1.0359283118844191	0.8237938414936113	-11.249346733093262	61.0
7315	-1.5593616136489472	0.8923621494507528	-11.362893104553223	61.0
7335	-1.787371348930282	1.2847480224732903	-11.249811172485352	61.0
7353	-1.6629378019314294	1.199872534575477	-11.39497184753418	61.0
7373	-1.9391726961926856	1.3584381857737908	-11.256900787353516	61.0
7392	-1.9081252403697837	1.321557809244027	-11.34231948852539	61.0
7412	-1.9064641608368167	1.7609981933561418	-11.155062675476074	61.0
7432	-1.8249499899893096	1.9144962401702155	-11.067488670349121	60.0
7451	-1.7438726069880437	1.9967116572919839	-11.056196212768555	60.0
7471	-1.7165152526497136	1.9209710661838986	-10.86749267578125	60.0
7490	-1.5694136532104297	1.7738513610573856	-10.877808570861816	60.0
7509	-1.6751727658537552	1.8557732610890334	-10.654637336730957	60.0
7528	-1.6188830373780683	1.6047502012516874	-10.840261459350586	60.0
7550	-1.5442985147806085	1.4879373678302157	-10.554500579833984	60.0
7569	-1.4726546272484597	1.575613185273222	-10.841452598571777	60.0
7588	-1.6551591011015998	1.7189036147118495	-10.551239967346191	60.0
7606	-1.6551591011015998	1.7189036147118495	-10.551239967346191	60.0
7626	-1.84478590919805	2.044024028319304	-10.419560432434082	60.0
7646	-1.6665845323194624	2.1127308875978748	-10.552469253540039	60.0
7665	-1.7693271302670577	2.3557722414261475	-10.527398109436035	58.0
7684	-1.7283307315972283	2.2740386321724504	-10.757205963134766	58.0
7704	-1.656775058969507	2.4077243880670665	-10.712416648864746	58.0
7723	-1.5340460822069282	2.502876369852882	-10.705913543701172	58.0
7743	-2.0097301409255546	2.594856902393692	-10.3685941696167	58.0
7762	-2.0369851616118986	2.6418396304077327	-10.762765884399414	58.0
7782	-2.1190134735246904	2.443114376931205	-10.739968299865723	58.0
7803	-2.197100014513471	2.4090222043256317	-10.729763984680176	58.0
7820	-2.068556944709733	2.19930412778244	-10.73667049407959	58.0
7840	-1.9204691528839228	2.3335869599631707	-10.715659141540527	58.0
7859	-1.839306355780885	2.136289242694567	-10.556997299194336	58.0
7878	-2.087893572276943	2.124790793043346	-10.613565444946289	58.0
7899	-1.7528837479455905	1.8785525413700714	-10.67160415649414	58.0
7918	-1.8919099292660895	2.046912899023707	-10.402566909790039	62.0
7938	-1.8064034120900099	2.065594911009031	-10.49644947052002	62.0
7957	-1.5096509743482955	2.31482295263073	-10.432445526123047	62.0
7976	-1.5739983416253303	2.3040396884003496	-10.350729942321777	62.0
7995	-1.5454190412211926	2.169175157954229	-10.45213794708252	62.0
8016	-1.7428338089821171	2.54219406430079	-10.473603248596191	62.0
8035	-1.8440062679015163	2.7828527874906	-10.403947830200195	62.0
8053	-1.824185914696066	2.691505136727258	-10.388548851013184	62.0
8073	-1.733521771707077	2.5663099413216246	-10.258458137512207	62.0
8092	-1.8602753100246074	2.39753077276803	-10.168779373168945	62.0
8112	-2.1537676958083622	2.203361143778715	-10.005145072937012	62.0
8132	-2.4233585413630645	2.126753979128081	-10.157861709594727	62.0
8151	-2.564344485005333	2.2187826563896396	-10.198038101196289	61.0
8170	-2.7987679453058627	2.056535425930343	-10.401081085205078	61.0
8190	-2.537439182955486	1.8251744832217807	-10.3846435546875	61.0
8209	-2.597762685671735	1.9933502968570536	-10.491565704345703	61.0
8230	-2.67446059263401	1.8823768532579988	-10.488285064697266	61.0
8250	-2.81501340538217	2.139004575072401	-10.544611930847168	61.0
8269	-2.763385480214184	2.349616426544902	-10.741241455078125	61.0
8288	-2.5254892857595914	2.354291524834176	-10.467926025390625	61.0
8307	-2.5254892857595914	2.354291524834176	-10.467926025390625	61.0
8326	-2.5533738518330296	2.378312002518613	-10.385263442993164	61.0
8345	-2.404305856459174	2.4137521869001337	-10.337183952331543	61.0
8365	-2.549907195729826	2.6895305829377865	-10.357060432434082	61.0
8384	-2.436752458701856	2.6285796441122797	-10.062094688415527	60.0
8403	-2.305592606286805	2.6923081057813727	-10.356496810913086	60.0
8423	-2.2058328851438027	2.521740605391783	-10.297463417053223	60.0
8443	-2.3929861987252683	2.486198852287626	-10.218244552612305	60.0
8464	-2.5614615862692145	2.884257714210363	-10.408658027648926	60.0
8482	-2.40762361267121	2.9519556682718338	-10.37170124053955	60.0
8501	-2.275004788450467	2.6572925300392933	-10.215463638305664	60.0
8520	-2.520076728066918	2.4216395155765706	-10.2510347366333	60.0
8540	-2.427630796869407	2.447191466314744	-10.359556198120117	60.0
8559	-2.1307552600857016	2.515374326337096	-10.169170379638672	60.0
8579	-2.1857634312741494	2.3580295451591735	-10.087579727172852	60.0
8599	-2.4050582263387725	2.172390289401095	-10.258943557739258	60.0
8618	-2.236771857288171	1.9139659349252602	-10.401923179626465	60.0
8637	-2.188033975690803	1.9918612475322366	-10.400468826293945	62.0
8656	-2.306055565812413	2.095724245865307	-10.649944305419922	62.0
8676	-2.211546001923075	2.165946287201265	-10.719832420349121	62.0
8695	-2.4415501390602694	2.105244151157195	-10.792219161987305	62.0
8716	-2.690346202242192	1.9676850148203124	-10.712289810180664	62.0
8734	-2.813535892642007	2.3094283578542374	-10.84007453918457	62.0
8753	-2.41660678544088	2.216947688343353	-10.890851974487305	62.0
8773	-2.583981616170469	2.3465869982105767	-10.6990385055542	62.0
8793	-2.4859681732398338	2.209430273407373	-10.727571487426758	62.0
8813	-2.6282192392269166	2.3962520208171036	-10.520522117614746	62.0
8832	-2.784410634843469	2.552834518571064	-10.400421142578125	62.0
8851	-2.8405743411691797	2.626941637383141	-10.304205894470215	62.0
8870	-2.8116187993783477	2.8977854418923634	-10.519115447998047	63.0
8890	-3.0627637601852546	2.7645087543266667	-10.604097366333008	63.0
8909	-2.812961033654994	2.8647543244638944	-10.791563034057617	63.0
8929	-2.401789538473197	2.6110820739193876	-10.820924758911133	63.0
8949	-2.424144650954517	2.6743360605128825	-10.652806282043457	63.0
8969	-2.5251503975956755	2.6061882587997798	-10.486374855041504	63.0
8989	-2.6622163938902297	2.5103994150662343	-10.472765922546387	63.0
9008	-2.7900412542400153	2.7131113291608457	-10.529924392700195	63.0
9026	-2.7900412542400153	2.7131113291608457	-10.529924392700195	63.0
9045	-2.8840244429573034	2.763825434300296	-10.327815055847168	63.0
9065	-2.424324230457355	2.64859692733666	-10.262166023254395	63.0
9084	-2.754208405592383	2.4655011994634335	-10.094720840454102	63.0
9103	-3.114228275962613	2.411951872096878	-10.15550708770752	62.0
9123	-3.2192613539175317	2.4397739382140333	-10.282450675964355	62.0
9143	-2.9026824490441885	2.7232736740719306	-10.385738372802734	62.0
9163	-2.7639203026511416	2.8196100008953673	-10.263132095336914	62.0
9218	-2.525953748584994	2.6474202292913214	-10.34211540222168	62.0
9221	-2.5534459845222597	2.2999850437894054	-10.439593315124512	62.0
9223	-2.616411512933773	2.2220975314373024	-10.60336971282959	62.0
9240	-2.3796403297480153	2.398611512606307	-10.474737167358398	62.0
9259	-2.075254235425402	2.712170204795956	-10.421501159667969	62.0
9278	-1.9133020200840125	2.7080315684232223	-10.586359977722168	62.0
9298	-1.8040028349068131	2.511405203603976	-10.775813102722168	62.0
9317	-1.5977074329689025	2.517719462822459	-10.799909591674805	62.0
9337	-1.937144723491825	2.5942167919178463	-10.790948867797852	62.0
9357	-1.9783985060263942	2.701528864702596	-10.895366668701172	63.0
9377	-1.8623966393104494	2.4891305351202533	-10.612326622009277	63.0
9397	-1.9514383980419636	2.1674892667171752	-10.82665729522705	63.0
9415	-2.127255975909895	2.0914827840906627	-10.766857147216797	63.0
9434	-1.9514087174412063	2.398831614500936	-10.715871810913086	63.0
9454	-2.2277177634373215	2.38999066513356	-10.829325675964355	63.0
9473	-2.401791835625044	2.3533287916072547	-11.112481117248535	63.0
9493	-2.3755866348045966	2.21800028609823	-11.076162338256836	63.0
9513	-2.322683925822187	2.116171055876718	-11.034637451171875	63.0
9531	-2.509777437313014	2.1181357839963795	-11.180839538574219	63.0
9551	-2.1882246437817168	2.1384768983387654	-11.059416770935059	63.0
9570	-2.155108675182014	2.0491127677399197	-11.16761302947998	63.0
9589	-2.269373979386734	2.0268354004142166	-10.968026161193848	62.0
9609	-2.149589446004386	2.0741128545269354	-10.68759822845459	62.0
9628	-2.0216819018067604	2.184051613152231	-10.432685852050781	62.0
9649	-1.8286320677526633	2.209784978707371	-10.260819435119629	62.0
9669	-1.8570109025793458	2.5420582617464755	-10.08220100402832	62.0
9688	-1.7026568724490416	2.583274611730708	-10.224270820617676	62.0
9709	-1.7610063418122734	2.645831578766757	-10.301801681518555	62.0
9729	-1.7610063418122734	2.645831578766757	-10.301801681518555	62.0
9746	-2.0213265014624637	2.8005945731001303	-10.171876907348633	62.0
9765	-2.4516390656269667	2.633793707716514	-10.228736877441406	62.0
9785	-2.522152115269819	2.9341917329270104	-10.521416664123535	62.0
9804	-2.579370398011344	2.746717317596636	-10.546165466308594	62.0
9824	-2.6727907096739654	2.8471470337333677	-10.611557006835938	62.0
----------------도착----------------
9843	-2.7175001766108124	2.33379159584082	-10.742815017700195	62.0
9863	-2.4609229215677875	2.1373575429758063	-10.59105110168457	62.0
9881	-2.61869033183053	1.8848746052869456	-10.732479095458984	62.0
9901	-2.758704971684519	1.9220068133059791	-10.644218444824219	62.0
9921	-2.2184143116836155	1.9606946559035179	-10.712971687316895	62.0
9941	-2.291662743342395	1.9614793064731628	-10.634557723999023	62.0
9960	-2.4709088537128876	2.102410464526443	-10.68226432800293	62.0
9979	-2.4791105174138512	2.305474891294949	-10.794990539550781	62.0
9998	-2.2656168087365502	2.3425936663335	-10.912836074829102	62.0
10018	-2.20227224474752	2.091915816592427	-10.9915132522583	62.0
10037	-2.339087701201952	2.0385716272503402	-10.978317260742188	62.0
10057	-2.399526749075703	1.788138432935436	-11.164290428161621	62.0
10076	-2.4526503639395254	2.2094686785550226	-11.295135498046875	63.0
10095	-2.0287930780983388	1.9937308847086408	-11.217057228088379	63.0
10115	-2.136477476118225	2.1837353681162393	-11.34131908416748	63.0
10134	-2.1171919906499057	1.969509906403787	-11.380961418151855	63.0
10154	-2.447329014672033	2.254468586660521	-11.41572093963623	63.0
10175	-2.4635210988714866	2.5720114970324963	-11.635225296020508	63.0
10193	-2.2263109131194954	2.4654563375335066	-11.475149154663086	63.0
10212	-2.1144928324257006	2.5053343026560064	-11.313159942626953	63.0
10231	-2.030479146822236	2.099195716118721	-11.09295654296875	63.0
10251	-2.50599357374614	2.5421151587849913	-11.06466293334961	63.0
10270	-2.5211044588700644	2.7461346622207916	-11.003169059753418	63.0
10291	-2.4157169668147938	3.2547960481888483	-10.898098945617676	63.0
10309	-2.361044161781814	3.2040489347717926	-10.781946182250977	62.0
10329	-2.3948920755234337	2.8979601574920157	-10.701364517211914	62.0
10350	-2.449300071877088	2.80725129603553	-10.687844276428223	62.0
10369	-2.6014894763020995	2.6524761806678376	-10.754249572753906	62.0
10389	-2.727669260739946	2.8194352471606217	-10.578767776489258	62.0
10409	-2.737518571197612	2.632544646452978	-10.768881797790527	62.0
10426	-2.737518571197612	2.632544646452978	-10.768881797790527	62.0
10446	-2.604327502434415	2.4330670430530543	-10.81629467010498	62.0
10465	-2.751421079201459	2.1299235117402473	-10.99307632446289	62.0
10484	-2.5686181192227666	2.039735157848711	-10.938252449035645	62.0
10504	-2.3945236578641618	2.1054221768652335	-10.925569534301758	62.0
10524	-2.2885476729200556	2.0779846359161414	-11.024553298950195	62.0
10544	-2.185202134024211	2.0193423313230534	-10.866827011108398	62.0
10562	-2.083194919944825	1.9142010001757344	-11.299010276794434	61.0
10582	-2.0369275007571828	1.871125954474395	-11.207568168640137	61.0
10601	-2.046703620234837	1.9303688366018243	-11.009193420410156	61.0
10621	-1.8914618377359795	1.8542131954984198	-10.866303443908691	61.0
10643	-2.045719127169542	1.87812649076575	-10.902746200561523	61.0
10660	-2.135951989424094	2.2223268755786534	-10.833946228027344	61.0
10679	-2.3938847338172553	2.476634925778713	-10.904401779174805	61.0
10698	-2.497129828102414	2.5974346473170193	-11.26552963256836	61.0
10718	-2.5498032754729003	2.4486748669129796	-11.066401481628418	61.0
10737	-2.7379822258268787	2.4040180342191166	-10.831945419311523	61.0
10757	-2.962291135891906	2.3147803996437415	-11.021944046020508	61.0
10777	-2.9598572409713233	2.092167807308592	-11.0808687210083	61.0
10795	-3.073344989435393	2.1033210408583156	-11.157105445861816	61.0
10815	-3.2993213290906813	1.7955934712846569	-11.159004211425781	61.0
10834	-3.402752409717862	1.7248731872360974	-11.006221771240234	61.0
10855	-3.301004754251801	1.662423250091338	-10.85372543334961	61.0
10873	-3.312003951680464	1.761559185881115	-10.941354751586914	61.0
10893	-3.386180063916218	1.7962008101926352	-11.008164405822754	61.0
10912	-3.522312208426462	1.7456176512152488	-10.902820587158203	61.0
10931	-3.8198286137035993	2.009391485987938	-10.863883018493652	61.0
10951	-4.027094004995063	1.7877158290030257	-10.844401359558105	61.0
10971	-4.061968741141388	1.773414282271641	-10.845413208007812	61.0
10990	-4.011118987851743	1.8328991062706794	-11.232197761535645	61.0
11009	-4.0532289486610384	1.8726113196675263	-11.49264907836914	61.0
11029	-4.122269267579936	1.6383560830301525	-11.670424461364746	61.0
11049	-3.932586647140898	1.5582601351708618	-11.736919403076172	61.0
11070	-3.8075369434259687	1.7225643857432666	-11.71364974975586	61.0
11089	-3.5860009883700634	1.6983784481581827	-11.695723533630371	61.0
11109	-3.3330442603260884	1.8863986511665511	-11.592589378356934	61.0
11127	-3.3330442603260884	1.8863986511665511	-11.592589378356934	61.0
11146	-3.256302027529275	1.9214044497225782	-11.694587707519531	61.0
11165	-3.2370780803005523	1.7480513087421752	-11.648116111755371	61.0
11184	-3.393319494483203	1.5340430991946403	-11.46032428741455	61.0
11204	-3.5499284897355405	1.6989779579291147	-11.44637680053711	61.0
11223	-3.8597829262894816	1.6773725771681969	-11.451241493225098	61.0
11243	-4.0837585281860935	1.6804741163085624	-11.416399002075195	61.0
11263	-4.23609932636384	1.6470571729151684	-11.63085651397705	61.0
11282	-4.4596578824054625	1.4629170707626817	-11.596275329589844	61.0
11301	-4.2759553933325956	1.3073207361844077	-11.742281913757324	61.0
11321	-4.223260823830054	1.0489609460995533	-11.420148849487305	61.0
11342	-4.001154725540124	1.045029229809604	-11.384481430053711	61.0
11360	-3.9099341889826933	0.8167175179083523	-11.47463321685791	61.0
11379	-4.030582989890225	0.6127970843950458	-11.350972175598145	61.0
11398	-4.26750912426659	0.4315075485886685	-11.52303695678711	61.0
11418	-4.403914596937919	0.20884852464964335	-11.206266403198242	61.0
11438	-4.561641013816949	0.14943524400871733	-11.26754379272461	61.0
11458	-4.78093606720858	0.07640275555887759	-11.257043838500977	61.0
11476	-5.096269513471823	0.09973052036881724	-11.303544044494629	61.0
11495	-5.221493611670754	-0.13517593887680895	-11.43624210357666	61.0
11515	-5.52104542908729	-0.3551656328211949	-11.341147422790527	63.0
11534	-5.719201067772995	-0.37605840524023326	-11.283950805664062	63.0
11554	-5.674066946100545	-0.5925478598316729	-11.055861473083496	63.0
11574	-5.812448071327479	-0.8863818281227213	-11.385249137878418	63.0
11593	-5.76163935117417	-0.9840998222316927	-11.35619831085205	63.0
11612	-6.005582359929419	-1.2586027627176688	-11.435049057006836	63.0
11631	-5.839282321908772	-1.6009284456879451	-11.494715690612793	63.0
11651	-6.4709508081738125	-1.652047573636319	-11.41158676147461	63.0
11670	-6.676114044114171	-1.4549531176324848	-11.306753158569336	63.0
11691	-6.673204198182809	-1.4494460742088906	-11.809796333312988	63.0
11710	-6.691083615473494	-1.399742549157675	-11.967267990112305	63.0
11729	-6.268224527608916	-0.936988918370286	-11.946836471557617	63.0
11749	-6.3045487034487175	-0.969658430257326	-11.996696472167969	64.0
11769	-5.9449335192805925	-1.1362471545197619	-12.131403923034668	64.0
11789	-5.986591121498349	-1.089493513051727	-12.51025390625	64.0
11809	-5.6598820229225195	-1.1076768099610756	-12.433941841125488	64.0
11827	-5.6598820229225195	-1.1076768099610756	-12.433941841125488	64.0
11846	-5.536325996693432	-1.4966064533323031	-12.757349014282227	64.0
11865	-5.429383625139703	-1.2612448947511206	-12.361001968383789	64.0
11885	-5.60293950913137	-1.8646413327763145	-12.150922775268555	64.0
