9	-23.292091039037256	4.17974192379108	-28.548931121826172	22.0
29	-22.495995483986647	3.392920676784887	-29.417892456054688	22.0
48	-21.409097397307725	2.3030975837563807	-30.584930419921875	22.0
68	-20.690475143128694	1.761241147255619	-31.007261276245117	22.0
87	-20.93676464978674	2.254461246634677	-30.810802459716797	22.0
107	-21.885086393466246	3.5644432480387325	-30.09710121154785	22.0
128	-22.585781316183382	4.416091055715349	-29.59226417541504	22.0
149	-22.64821661636883	4.636022520070603	-29.50535774230957	22.0
176	-22.730666279161362	5.018190296097031	-29.14411163330078	22.0
191	-22.3810403708587	4.757830854141532	-29.34550666809082	22.0
206	-22.3810403708587	4.757830854141532	-29.34550666809082	22.0
225	-22.138095293448472	4.614827295382298	-29.513626098632812	22.0
244	-22.353941647908186	4.850529960477456	-29.157512664794922	22.0
263	-23.223414608673114	3.8932597757869583	-28.754512786865234	22.0
288	-22.731333437328257	2.661278518341008	-29.264862060546875	22.0
307	-20.812376244932658	2.4657734480458804	-30.497495651245117	22.0
323	-21.05490554403917	3.9522184262024433	-30.41818618774414	22.0
340	-22.009080585201072	4.730625863444677	-29.794754028320312	22.0
359	-22.119997228502676	6.928473464375623	-29.311588287353516	22.0
381	-23.051537663039767	7.121432835394333	-28.639793395996094	22.0
400	-22.438401819953157	7.902328394230007	-29.090896606445312	22.0
418	-20.682745955300113	5.815476728592344	-30.589649200439453	21.0
438	-19.87012470302214	2.1850907247642226	-31.255399703979492	21.0
457	-19.079744251564573	-0.24567247660420166	-31.560806274414062	21.0
477	-17.369594030609314	-1.6386494774275946	-32.0202751159668	21.0
498	-18.138913867060683	-1.7617186970399255	-31.453449249267578	21.0
517	-18.74933493421151	0.6469478510233901	-30.90224838256836	21.0
535	-19.075429265313893	3.146436034621645	-30.38774871826172	21.0
554	-19.913419428989737	4.81108061476142	-29.799684524536133	21.0
574	-19.205729296045853	7.240224204953632	-29.663028717041016	21.0
592	-19.823103714778174	7.0858036305603544	-29.59735679626465	21.0
613	-20.8749763667939	8.03355373681652	-28.754846572875977	21.0
632	-20.246976535510907	10.35754609684733	-28.665071487426758	21.0
651	-20.14769437481016	10.397766215336468	-28.92513084411621	24.0
670	-21.598949478703595	8.56705415675825	-28.853105545043945	24.0
690	-22.325477930542903	6.421938735917906	-28.84429931640625	24.0
709	-22.46408606233612	3.6896858452268297	-28.890695571899414	24.0
730	-23.449556493357896	-0.39013470650844695	-28.199447631835938	24.0
750	-24.29750691767998	-2.8099612304376658	-27.075950622558594	24.0
768	-24.69143682917919	-5.2523480640658775	-26.52239418029785	24.0
788	-25.03854767152409	-5.2363829556448485	-26.24113655090332	24.0
806	-24.064369036523193	-4.234923364022061	-27.206939697265625	24.0
828	-22.33492574556511	-3.9880822068649118	-28.07962417602539	24.0
853	-22.035848863298053	-5.622290890981361	-28.15548324584961	24.0
868	-23.176184860564145	-7.667393487195471	-26.769193649291992	24.0
888	-23.176184860564145	-7.667393487195471	-26.769193649291992	24.0
905	-22.30920165453467	-7.93187448687351	-27.877628326416016	24.0
924	-19.727926650779388	-5.514417040963209	-30.359682083129883	24.0
944	-19.102841840342997	-3.1099108423029764	-30.937076568603516	24.0
965	-20.229374533258433	-0.6054631095281853	-30.36968994140625	24.0
983	-21.128376998864983	1.4217623663480354	-29.419536590576172	24.0
1003	-21.87932385541686	1.0610594205069406	-29.241390228271484	24.0
1022	-22.36710044339878	0.530813444857291	-28.864513397216797	24.0
1041	-21.433022350395373	2.309896256506819	-29.453784942626953	24.0
1059	-22.038780377784413	2.791376328232678	-28.34905242919922	24.0
1080	-21.28138233873617	2.788846470971494	-28.97513198852539	24.0
1099	-20.286065796003943	1.2435708066618274	-29.84248924255371	24.0
1119	-20.534621951059737	-0.1483536967082051	-29.417171478271484	25.0
1137	-19.385084593917224	1.932812400386954	-30.220958709716797	25.0
1157	-18.455603331018384	4.040114555796191	-30.556663513183594	25.0
1176	-19.50334165588484	4.008205175935076	-29.94119644165039	25.0
1197	-20.509487342775195	3.4503017996647385	-29.317794799804688	25.0
1215	-21.133861894341504	3.7371664265011706	-29.07757568359375	25.0
1235	-21.343072937832233	4.662891319556462	-29.015798568725586	25.0
1254	-21.67409135128566	5.357504176280608	-28.60147476196289	25.0
1273	-21.763323314084907	5.095429950039723	-28.618152618408203	25.0
1294	-21.37529874216538	4.5033151670718095	-28.953550338745117	25.0
1313	-20.824701745998205	3.4155117375042336	-29.45265007019043	25.0
1332	-20.04353467205237	2.9777201740472723	-29.904645919799805	25.0
1351	-19.808252204995938	3.2058051889726107	-30.015220642089844	25.0
1371	-19.804091837783606	3.226834375217207	-29.927989959716797	26.0
1391	-19.858627909031537	3.6172196788740587	-29.685049057006836	26.0
1410	-19.440251844759924	4.143050015299429	-29.71731948852539	26.0
1429	-17.817642053105647	4.930383597445955	-30.678104400634766	26.0
1448	-19.391481207216962	3.7340045414993175	-30.128644943237305	26.0
1468	-20.270044451932037	3.695076100229545	-29.742433547973633	26.0
1488	-19.09941666506598	4.72425793787872	-30.22368812561035	26.0
1507	-20.67424169081108	2.8607894357607484	-29.240020751953125	26.0
1527	-21.638784270418583	1.3239540984517721	-28.475906372070312	26.0
1548	-20.97553217783313	1.6078331858118038	-28.577049255371094	26.0
1567	-22.070856852804	1.162179068391367	-27.995758056640625	26.0
1587	-22.458613079701657	0.8051460980216195	-27.401473999023438	26.0
1605	-22.419068383358947	0.7928747618064034	-27.23955535888672	26.0
1624	-22.419068383358947	0.7928747618064034	-27.23955535888672	26.0
1643	-22.192678080090413	1.1250163449131427	-27.058835983276367	26.0
1663	-23.190334340836436	-0.12868096380684452	-26.31796646118164	26.0
1682	-23.64631089315561	-0.5346103888750965	-25.921390533447266	26.0
1702	-23.700862581546446	0.17971772598102884	-26.092487335205078	26.0
1721	-22.833338903657534	-0.3362608554137463	-27.09156608581543	26.0
1740	-21.592614972844277	-0.07388433259945966	-28.002843856811523	26.0
1760	-21.37120010614168	1.427921444741194	-28.303239822387695	26.0
1780	-20.52265242176181	1.7116458122625213	-28.780288696289062	26.0
1800	-19.624910384910443	1.7987760710286607	-29.55887794494629	26.0
1818	-19.217038489259718	1.606699204309186	-29.66150665283203	26.0
1839	-20.869236513267577	1.8807298361739793	-28.676532745361328	26.0
1857	-21.919416237889752	1.62544539749428	-27.940282821655273	28.0
1877	-21.38187490791274	0.1135970655039415	-28.44277572631836	28.0
1896	-19.714905503997297	-1.4038371690828961	-29.655702590942383	28.0
1916	-19.36305924163181	-4.0019519435293285	-29.906665802001953	28.0
1935	-19.88468753058713	-4.841958718112438	-29.715166091918945	28.0
1956	-20.148284119861398	-3.6782910452713624	-29.80335235595703	28.0
1977	-22.16034458771753	-1.7663822892157999	-28.91010284423828	28.0
1995	-22.055528544700856	-2.608474534616133	-28.88694190979004	28.0
2013	-21.989163472679486	-4.208242603823345	-28.455129623413086	28.0
2032	-22.26246364950403	-5.275729259354291	-28.13051414489746	28.0
2051	-22.999756886863132	-6.313641300750096	-27.335683822631836	28.0
2071	-21.97178534719584	-6.0211092560636175	-28.288089752197266	28.0
2090	-21.856119449393514	-7.196897205421919	-27.992338180541992	30.0
2110	-22.171425665666757	-8.075159863304272	-27.49951171875	30.0
2130	-22.65706984006445	-8.022233036151281	-27.052255630493164	30.0
2148	-22.98342805856178	-7.0677861311812675	-26.9167423248291	30.0
2168	-22.541046396405548	-6.171172846418804	-27.563623428344727	30.0
2187	-22.487767506497967	-5.495653393602062	-27.63446617126465	30.0
2208	-22.18087715962226	-2.3544479839829293	-28.280738830566406	30.0
2226	-22.309304985502102	0.8156799130523388	-28.24164581298828	30.0
2247	-22.309304985502102	0.8156799130523388	-28.24164581298828	30.0
2267	-22.505936119583613	1.6280328182274142	-28.277557373046875	30.0
2318	-22.3008198359863	3.591966832964367	-28.369653701782227	30.0
2318	-22.3008198359863	3.591966832964367	-28.369653701782227	30.0
2325	-21.079150075511304	4.7939347557561724	-29.54066276550293	30.0
2343	-21.350341294072717	2.4871900116606462	-29.942676544189453	30.0
2362	-21.93589837800884	-0.08013234625541119	-29.93169403076172	30.0
2381	-21.850408725948775	-1.422528724947724	-30.136493682861328	30.0
2401	-21.57340398580824	-1.6432250568445548	-30.073680877685547	30.0
2421	-20.551289436279728	-0.07042643562122129	-30.543792724609375	30.0
2441	-20.406202043079297	0.7478828619701029	-30.555463790893555	30.0
2459	-21.506465650230123	0.5446737132494713	-29.562137603759766	30.0
2479	-22.052911151598522	0.09724172473740599	-28.772876739501953	30.0
2498	-22.255329473092406	0.5941940291020588	-28.197216033935547	30.0
2519	-22.62709458569629	0.4642527160572076	-28.102506637573242	30.0
2537	-22.217836557126805	-0.6356042181499747	-28.026885986328125	30.0
2557	-23.35663981343793	-2.099023209757413	-27.21843147277832	30.0
2576	-23.903420684708763	-2.5830313012795227	-26.77762222290039	27.0
2596	-23.247986935148027	-2.0627185866872977	-27.244497299194336	27.0
2615	-23.686195136952414	-3.690788707900121	-26.907203674316406	27.0
2635	-22.070677731978584	-2.2547663424211017	-28.794275283813477	27.0
2656	-22.07501682309312	-1.9604246649160373	-28.93679428100586	27.0
----------------출발----------------
2673	-21.83294117692307	-1.8178684698243683	-28.796802520751953	27.0
2693	-21.956581289218494	-2.3007397324617633	-28.874130249023438	27.0
2712	-22.093320531409645	-1.9310035100173777	-28.795671463012695	27.0
2731	-22.747351652274656	-1.7399662057492178	-28.372825622558594	27.0
2751	-23.375201498229185	-2.170017321377062	-27.778934478759766	27.0
2771	-23.468740643651863	-2.1512016905500095	-27.3900089263916	27.0
2790	-23.05632598129317	-1.8318036049160498	-27.461566925048828	27.0
2810	-23.135508071016943	-1.9946515389978472	-27.439800262451172	26.0
2829	-22.975231910411583	-2.0043356590647066	-27.620723724365234	26.0
2848	-22.22491504691934	-1.2329122821154492	-28.191743850708008	26.0
2868	-22.003672424558918	-0.4861868498512361	-28.418811798095703	26.0
2888	-21.593050013733595	-0.10210191350190476	-28.804109573364258	26.0
2908	-20.630179010999168	-0.5379549955208351	-29.527830123901367	26.0
2927	-22.278444497108783	0.05830826331329924	-28.278106689453125	26.0
2947	-22.278444497108783	0.05830826331329924	-28.278106689453125	26.0
2967	-20.732399778779804	0.37433833279188145	-29.247474670410156	26.0
2986	-20.732399778779804	0.37433833279188145	-29.247474670410156	26.0
3006	-20.38737132099619	0.8146677428401986	-29.41053009033203	26.0
3024	-19.25501212321239	2.4192255471646114	-29.985809326171875	26.0
3043	-20.522051260906544	1.7932091598481277	-28.82526397705078	25.0
3063	-21.673654369619804	1.1217541159984041	-27.806320190429688	25.0
3082	-20.8412643423621	2.0028523180437783	-28.27767562866211	25.0
3101	-20.382644774523474	2.9502013871688484	-28.838777542114258	25.0
3121	-20.927643888637203	3.919856252544803	-28.473628997802734	25.0
3140	-20.5968773644339	5.092228417465379	-28.495346069335938	25.0
3161	-21.83597857426923	2.0352272481960973	-27.99054718017578	25.0
3180	-21.71212954336616	2.209945693934503	-28.40493392944336	25.0
3198	-22.011253315311887	2.7599678129002414	-27.991985321044922	25.0
3218	-22.74264687919431	2.2171622523234347	-27.614643096923828	25.0
3239	-23.136837891122706	0.4193370973081006	-27.630430221557617	25.0
3257	-22.79207928442935	-1.153688736196173	-27.588119506835938	25.0
3277	-22.247975379283083	-0.742126035714832	-27.696609497070312	25.0
3296	-22.410614003437434	0.10365112367161647	-27.76563835144043	25.0
3316	-22.543737561383054	-0.23502450740344102	-27.531923294067383	25.0
3335	-22.66034835839743	-1.2883830615626481	-26.897499084472656	25.0
3355	-23.197863461962626	-1.9484705805842526	-26.642335891723633	25.0
3374	-24.276985958370833	-2.575763009866957	-25.640256881713867	25.0
3394	-24.277919993398196	-1.6296658339915173	-25.60299301147461	25.0
3413	-23.966875453819153	-0.17028622380216876	-26.039657592773438	25.0
3432	-23.174879862001948	1.1441904782119803	-27.073711395263672	25.0
3451	-22.635891577686703	1.1951466547676914	-27.61365509033203	25.0
3471	-22.231464140376225	1.851142454882113	-27.857532501220703	25.0
3491	-21.693879660906717	1.684392825284993	-28.525421142578125	25.0
3510	-20.83377254100097	1.3582331719776821	-29.29159164428711	25.0
3529	-20.88254909716921	1.177280689690621	-29.231281280517578	26.0
3548	-20.78025230354736	1.1474510121442967	-29.098690032958984	26.0
3568	-19.645003028412958	1.5419155259031354	-29.64591407775879	26.0
3589	-18.270898135454626	0.677945763350014	-30.33788299560547	26.0
3607	-18.153966535290404	0.18278277433296716	-30.388729095458984	26.0
3626	-18.24893830333304	-0.20462010067593778	-30.61819839477539	26.0
3646	-17.85168916790748	0.11092551285427124	-30.696739196777344	26.0
3666	-17.85168916790748	0.11092551285427124	-30.696739196777344	26.0
3686	-16.77239110950814	0.8921890119259706	-31.262868881225586	26.0
3706	-16.77239110950814	0.8921890119259706	-31.262868881225586	26.0
3725	-17.774429974849916	1.5795423374236246	-30.943214416503906	26.0
3743	-18.426141123410066	2.929132121947556	-30.50861167907715	26.0
3762	-18.29118565926721	4.1145453533998	-30.787382125854492	26.0
3782	-18.173190258167306	3.6759832366803686	-30.850017547607422	26.0
3801	-18.326915673681043	2.916990634569907	-30.32483673095703	26.0
3821	-18.991138488816237	2.8287340688353972	-29.84606170654297	26.0
3840	-18.186196062157613	3.4514873414033893	-30.1173038482666	26.0
3860	-17.24314544588595	3.650219736595478	-30.60314178466797	26.0
3880	-16.755088289998575	3.1015409856064293	-30.71728515625	26.0
3898	-16.520878144125426	3.154549600079635	-30.78326988220215	26.0
3918	-16.366547222750462	2.928638430552052	-30.84621810913086	26.0
3937	-16.23585699068726	1.905070412656947	-30.621623992919922	26.0
3958	-16.40046206276537	0.002856408412567038	-30.7825927734375	26.0
3976	-16.248863092675347	-1.8444047198467577	-30.88426971435547	26.0
3996	-16.21603092046891	-2.8784544216280867	-30.536792755126953	26.0
4015	-16.945749529174034	-2.656015450761092	-30.08425521850586	26.0
4037	-18.320596467754765	-1.1469971339197942	-29.391620635986328	26.0
4054	-18.239261181737476	-1.3231659370175946	-29.664779663085938	26.0
4073	-18.21532152676772	-0.3772463432613177	-29.449390411376953	26.0
4093	-18.418637747489004	-0.19601656126482223	-29.61760711669922	26.0
4112	-17.796773437585074	0.3668473621903709	-30.063148498535156	26.0
4132	-16.84686261975965	0.5677296301433489	-30.701946258544922	26.0
4153	-16.822592414501717	-0.6559419926639607	-30.90387535095215	26.0
4171	-16.830243651169344	-0.8613037751274666	-30.979686737060547	26.0
4190	-15.283875796228832	-0.6989034784835132	-31.58148765563965	26.0
4210	-14.117284958155555	0.45009203906845524	-31.69794464111328	26.0
4229	-14.767094515538387	0.8662086614091505	-31.4770450592041	26.0
4249	-17.11410131764967	0.5322002593396116	-30.240367889404297	26.0
4269	-18.172113693227292	-0.6890022154130978	-29.1171875	26.0
4289	-18.188154404730774	-1.891871981023856	-28.96855926513672	26.0
4307	-18.18342779441031	-1.8606854973377749	-29.106979370117188	26.0
4326	-16.89154744716499	-4.94709186815367	-29.1876220703125	26.0
4347	-16.059213300261042	-5.514648960022005	-29.67132568359375	26.0
4368	-14.732814363867059	-6.77618580162619	-30.333080291748047	26.0
4387	-15.345990728142251	-6.734048109846788	-30.113510131835938	26.0
4408	-16.59141564357846	-4.783997116510982	-29.6101016998291	26.0
4424	-16.59141564357846	-4.783997116510982	-29.6101016998291	26.0
4443	-16.437833782276964	-3.7278817661672305	-30.26443099975586	26.0
4463	-17.392358930759844	-4.283067477529929	-29.762849807739258	26.0
4482	-18.57743636363699	-11.165864047332983	-27.018566131591797	28.0
4504	-18.677129903825417	-12.510689488791721	-26.926633834838867	28.0
4522	-19.159848303817235	-7.317356118271071	-28.490976333618164	28.0
4540	-18.67319500973061	-0.9479346684558063	-29.587238311767578	28.0
4560	-17.57028923615934	0.341521627376417	-30.134521484375	28.0
4579	-16.318304644021605	0.7684602394365406	-31.333600997924805	28.0
4600	-16.658880186418774	-6.641364035900117	-30.28723907470703	28.0
4618	-15.32171897472593	-8.312829853620828	-30.501136779785156	28.0
4639	-14.140062685112493	-5.014225047221596	-31.702098846435547	28.0
4657	-12.660900354153654	-5.960563063093197	-32.10603332519531	28.0
4678	-12.386146566534887	-8.193445061233351	-31.419658660888672	28.0
4696	-11.345811391652212	-10.02454120679203	-31.256568908691406	28.0
4716	-10.266627670764354	-8.41901891171889	-32.01349639892578	28.0
4735	-8.740806030983522	-5.881320646179571	-32.7697868347168	26.0
4754	-8.648250656849482	-2.9000887820839676	-33.30044174194336	26.0
4773	-11.881880876338556	-8.396408818259104	-31.395118713378906	26.0
4793	-10.78517360308387	-5.477127569424047	-32.49412536621094	26.0
4812	-10.494752176575403	-2.5184702325342996	-32.910614013671875	26.0
4832	-10.007421260008693	-0.05031307024128293	-33.24319076538086	26.0
4851	-10.810062724827901	-0.35353424019296703	-32.74720764160156	26.0
4871	-9.838039599379377	-3.911846784228315	-32.990440368652344	26.0
4891	-8.282081245348513	-4.055020717226204	-33.38530349731445	26.0
4909	-9.481087180605913	-5.881596189327856	-32.573585510253906	26.0
4929	-9.855019517195247	-6.063186855747198	-32.45289611816406	26.0
4948	-10.17744048565829	-4.432162625501406	-32.6904296875	26.0
4968	-10.339635584355259	-5.1565972824253645	-32.283470153808594	28.0
4988	-10.784704944657507	-7.285500965469331	-32.09211349487305	28.0
5007	-9.077176419041113	-7.30248918299367	-32.78160095214844	28.0
5026	-8.531414726252311	-6.006004101696274	-32.910980224609375	28.0
5047	-8.38931264300694	-6.618268950897395	-32.785396575927734	28.0
5067	-8.269142616283656	-7.678296410545286	-32.661720275878906	28.0
5087	-8.269142616283656	-7.678296410545286	-32.661720275878906	28.0
5106	-9.639612093598863	-6.62778279187083	-32.24662780761719	28.0
5123	-9.639612093598863	-6.62778279187083	-32.24662780761719	28.0
5143	-10.004717765852902	-3.0691825962797252	-33.0106201171875	28.0
5163	-9.805533557299091	-0.0944301798056514	-32.89539337158203	28.0
5182	-9.736656534602634	0.2559526331574877	-33.05071258544922	28.0
5202	-10.43871743109985	-0.7333356324256588	-33.002105712890625	35.0
5221	-11.131141384932063	-1.6544462340508186	-32.755889892578125	35.0
5241	-10.468067282547533	-1.7625344985875329	-32.987308502197266	35.0
5260	-11.909701374783106	-3.732683057622091	-32.428932189941406	35.0
5280	-13.117446033894884	-4.981256338355353	-31.686084747314453	35.0
5300	-12.558573641257265	-5.03863440772883	-31.51830291748047	35.0
5321	-12.035857048470202	-5.01148983739881	-31.65726089477539	35.0
5338	-12.216463092284538	-4.753877841781731	-31.717607498168945	35.0
5358	-12.5315921086241	-5.248615707700736	-31.60254669189453	35.0
5376	-11.685099223568535	-5.476837979043978	-31.560184478759766	35.0
5397	-10.871670938259834	-5.341789126895185	-31.940044403076172	35.0
5415	-10.062814967154464	-4.9533643964975385	-32.17774200439453	35.0
5436	-9.523553396485578	-4.428479748999266	-32.41446304321289	35.0
5454	-9.347213264784719	-5.2032327107448255	-32.392234802246094	39.0
5474	-9.556863542455055	-4.084275376275991	-32.481319427490234	39.0
5493	-9.369988191136354	-3.3747407508475384	-32.31538391113281	39.0
5513	-9.566959472626122	-3.3942838655449017	-32.05282211303711	39.0
5532	-9.613122638380949	-2.442099840829493	-32.09600830078125	39.0
5552	-9.69188182399332	-1.6559210039122558	-32.02909851074219	39.0
5571	-9.896355690842572	-2.3022936615025476	-31.479156494140625	39.0
5590	-10.389091928459397	-2.9731049662136013	-31.11764144897461	39.0
5610	-10.163206930966933	-3.51898513036772	-30.667667388916016	39.0
5630	-9.801553803867503	-3.6934855826957134	-30.4693660736084	39.0
5650	-9.97772119089842	-4.161762772852685	-30.365901947021484	39.0
5668	-10.186963578614257	-3.8494588200822855	-30.100183486938477	39.0
5688	-10.733154488717737	-3.4673265547332286	-29.716896057128906	38.0
5707	-11.076949894489937	-3.5885801928324583	-29.08794403076172	38.0
5726	-11.047012240299946	-3.6464243650390857	-28.959033966064453	38.0
5747	-10.866180344356511	-2.8868376797972006	-28.928064346313477	38.0
5766	-10.866180344356511	-2.8868376797972006	-28.928064346313477	38.0
5787	-11.105000761894397	-4.072294699179243	-28.672222137451172	38.0
5806	-10.656074146787352	-3.58378133878736	-28.457168579101562	38.0
5823	-10.656074146787352	-3.58378133878736	-28.457168579101562	38.0
5843	-10.898737199100111	-2.4636996543726615	-28.35225486755371	38.0
5863	-11.041451694464508	-1.9511884482982969	-28.340023040771484	38.0
5882	-11.302289835622188	-2.0825093602331064	-28.157638549804688	38.0
5902	-11.450831308202767	-1.9366639785847544	-28.043787002563477	38.0
5921	-11.371054563364458	-1.6197310103752225	-27.729516983032227	38.0
5940	-11.663118178576697	-1.4787963823276287	-27.48546028137207	38.0
5960	-11.657926438763303	-1.7004402990136738	-27.215408325195312	38.0
5980	-11.737427419929068	-2.600644705178255	-26.839096069335938	38.0
6000	-12.318231531219242	-3.766366461077	-26.199800491333008	38.0
6018	-12.448633265225032	-3.8551281761164895	-25.68305206298828	38.0
6038	-12.306549548267881	-3.8433898863532563	-25.57505989074707	38.0
6057	-11.991084976962648	-3.8592664492338358	-25.43703842163086	38.0
6078	-11.787858073296828	-3.736398685667102	-25.41796875	38.0
6098	-11.299723613367652	-3.9771553935030126	-25.251789093017578	38.0
6117	-11.243420808071491	-3.7042407756656415	-25.036834716796875	38.0
6136	-11.766523673573502	-3.8018228366995293	-24.822616577148438	38.0
6155	-12.202706487468665	-4.000503547005061	-24.131654739379883	38.0
6174	-12.750357766607657	-3.1875972507401893	-23.652830123901367	38.0
6193	-12.413763727585627	-2.7387884367638167	-23.585538864135742	38.0
6215	-12.697883741258325	-3.192937991607528	-23.222070693969727	38.0
6232	-12.660662392527533	-3.747523297431519	-22.82483673095703	38.0
6251	-12.917710664794203	-3.8663788591963577	-22.75647735595703	38.0
6271	-13.046958908527573	-4.220489031789005	-22.56307601928711	38.0
6290	-12.869880896937813	-4.537356107214215	-22.433555603027344	38.0
6310	-12.688112204424785	-4.812532667025177	-22.365917205810547	38.0
6329	-12.18955872537904	-4.7396922145287546	-22.672454833984375	38.0
6348	-12.040856079252745	-4.56156157054397	-22.612167358398438	38.0
6368	-12.40922497507192	-3.9130006072175005	-22.322505950927734	38.0
6388	-12.565676418868813	-3.6331267939920107	-22.339242935180664	38.0
6407	-12.142850977958245	-3.3615528125956726	-22.287311553955078	39.0
6426	-11.967214965418215	-2.701082599236694	-22.420827865600586	39.0
6447	-11.891962293032783	-1.8375418827419083	-22.31574249267578	39.0
6467	-11.75050321997988	-1.3906606297905657	-22.167102813720703	39.0
6486	-11.982157250370717	-2.53120905080562	-21.960899353027344	39.0
6507	-11.638330659231459	-2.9433855408551173	-22.196453094482422	39.0
6524	-11.638330659231459	-2.9433855408551173	-22.196453094482422	39.0
6543	-11.327139622366214	-3.064956488432844	-22.260662078857422	39.0
6563	-11.38331383211355	-3.1691792026517733	-21.99418067932129	39.0
6582	-11.284045404021276	-3.152869345327044	-21.91274642944336	39.0
6602	-11.513194018096295	-2.771065007277063	-21.82504653930664	39.0
6621	-12.090945223745853	-2.680383466037779	-21.44778823852539	39.0
6641	-12.982701655242938	-3.805031119792203	-21.091064453125	39.0
6659	-13.444739383588807	-4.9572679196724785	-20.379451751708984	39.0
6681	-13.337176591557103	-5.422461866090445	-20.086442947387695	39.0
6699	-12.955646238294689	-4.871328763999652	-20.61066436767578	39.0
6719	-12.252167211323629	-4.205195692620192	-21.202159881591797	39.0
6739	-11.924511337395183	-3.780580255963514	-21.326839447021484	39.0
6757	-11.97780679113551	-3.879961548276321	-21.18543815612793	39.0
6776	-11.942680653974502	-4.6356187631879555	-20.91474723815918	39.0
6797	-11.920731905712358	-4.432998460470113	-20.65235710144043	39.0
6820	-11.207252180469936	-4.861807116940525	-20.90357780456543	39.0
6836	-10.457361356742977	-4.890709293894022	-21.238441467285156	39.0
6856	-10.470778981708927	-4.658966015271797	-21.110591888427734	39.0
6874	-10.745001621365182	-3.651937542845921	-21.182579040527344	39.0
6893	-11.849070113412516	-4.064650478892845	-20.734895706176758	37.0
6913	-12.326615544112025	-3.7052370960635046	-20.473764419555664	37.0
6932	-12.527712658635473	-3.363177002374343	-20.557207107543945	37.0
6952	-12.616268330458203	-4.033455033720383	-20.51001739501953	37.0
6972	-13.098200142996424	-4.099406200162013	-20.22470474243164	37.0
6990	-13.25598111423273	-3.7844351840200345	-20.282424926757812	37.0
7011	-12.90087761139271	-3.6684279794081753	-20.488201141357422	37.0
7029	-12.146288406748694	-4.096886971731034	-20.643360137939453	37.0
7048	-11.827904759601997	-4.351381188048598	-20.53193473815918	37.0
7068	-11.36669582868836	-4.87939629229594	-20.589889526367188	37.0
7088	-11.263302113442025	-4.841847216558873	-20.47177505493164	37.0
7107	-11.2925197228661	-4.451729944018898	-20.478946685791016	37.0
7127	-11.2925197228661	-4.451729944018898	-20.478946685791016	37.0
7147	-11.395447017023324	-4.649804637262088	-20.02652931213379	37.0
7167	-11.395447017023324	-4.649804637262088	-20.02652931213379	37.0
7187	-11.72026114490124	-4.961267223095335	-19.85260772705078	37.0
7207	-11.790267763071643	-4.630261548281684	-19.92781639099121	37.0
7223	-11.790267763071643	-4.630261548281684	-19.92781639099121	37.0
7245	-11.680149159549215	-4.311724006339189	-19.867332458496094	37.0
7263	-11.950389050268234	-4.252926133875649	-20.026803970336914	37.0
7282	-11.6065821402927	-3.897723599656241	-20.160362243652344	37.0
7302	-11.489226921890664	-3.995041853027114	-20.430587768554688	37.0
7321	-11.552507985158371	-4.642768296138961	-20.107656478881836	37.0
7341	-11.717815666090077	-4.674824455933397	-19.781570434570312	37.0
7360	-11.8189936492034	-4.3829122142802746	-19.811458587646484	37.0
7380	-11.523705563903894	-4.094402119738582	-19.972862243652344	34.0
7399	-11.490245039927284	-4.037301923918829	-19.96489715576172	34.0
7418	-11.548539885035993	-4.490003972158419	-19.895902633666992	34.0
7439	-11.644551013954946	-5.18732294584847	-19.576507568359375	34.0
7457	-12.059768402975827	-5.375031779403189	-19.133453369140625	34.0
7477	-12.601557460413373	-4.9481486806569075	-18.77164077758789	34.0
7497	-12.83010398907499	-5.104815374395935	-18.581268310546875	34.0
7517	-12.634611642291793	-5.312090979428143	-18.30963706970215	34.0
7535	-12.58990390075325	-5.348260349425436	-18.22188949584961	34.0
7555	-12.544238244622761	-5.276829270940408	-18.32901382446289	34.0
7574	-12.459608358737135	-5.093190600198904	-18.019527435302734	34.0
7593	-12.26555111115763	-5.693824617701528	-18.221088409423828	34.0
7613	-12.091739594491964	-5.831210103499526	-18.248998641967773	34.0
7632	-12.100780844019157	-5.592511572729761	-18.479167938232422	34.0
7652	-12.243270878549314	-4.968688373382618	-18.770971298217773	34.0
7671	-12.322796171931522	-5.344769612714392	-18.839929580688477	34.0
7691	-12.430321888481222	-5.819974556754187	-18.884838104248047	34.0
7710	-12.448663276312578	-5.619534578784759	-19.005237579345703	34.0
7730	-12.500339531284954	-5.327358442956787	-18.908239364624023	34.0
7749	-12.479010317925102	-5.405465620469997	-18.585554122924805	34.0
7768	-13.020606287680826	-5.428214032913008	-18.459209442138672	34.0
7788	-12.831649857035837	-5.251123162124155	-18.730144500732422	34.0
7808	-12.654621240149298	-5.3874782397077245	-18.402374267578125	34.0
7827	-12.675274730268026	-5.394662737486935	-18.430707931518555	34.0
7847	-12.619727486362583	-5.32997727402269	-18.218250274658203	33.0
7867	-12.574854313223415	-4.946985692377419	-18.189380645751953	33.0
7887	-13.107567552017944	-4.907958129454763	-18.12950325012207	33.0
7907	-13.013338821834713	-4.989613637640508	-18.248558044433594	33.0
7926	-13.013338821834713	-4.989613637640508	-18.248558044433594	33.0
7945	-12.804428550615887	-5.758388014589859	-17.89583969116211	33.0
7964	-12.910261322528635	-5.8376130888715725	-17.82398796081543	33.0
7982	-12.601181004612357	-5.186653378192771	-18.492528915405273	33.0
8002	-12.639535987949442	-5.096726251751885	-18.46288299560547	33.0
8022	-13.02401307794535	-5.187064778030288	-18.095352172851562	33.0
8041	-13.146713000898641	-5.035846196985264	-17.91443634033203	33.0
8060	-12.857933298065072	-4.85603043937304	-17.737276077270508	33.0
8080	-12.793012900437601	-4.936982942828505	-17.695907592773438	33.0
8099	-12.806491435468846	-5.032077994888157	-17.564428329467773	30.0
8119	-12.756342308661724	-5.007328762644591	-17.419801712036133	30.0
8139	-12.441836055330375	-5.397258712409675	-17.249330520629883	30.0
8160	-12.365573476800888	-5.81363188836653	-17.16827392578125	30.0
8177	-12.603890468834164	-6.068805400443068	-16.7450008392334	30.0
8198	-12.875978879782817	-6.033177498822184	-16.861480712890625	30.0
8216	-12.841474400137656	-5.320752455477739	-17.39906120300293	30.0
8237	-13.187505926871625	-4.95183162371298	-17.452709197998047	30.0
8255	-12.99941431630324	-6.74286064255617	-17.07868003845215	30.0
8277	-12.780526836159797	-6.90982255853783	-17.253376007080078	30.0
8295	-12.627802299133922	-5.17558472427276	-17.900524139404297	30.0
8313	-12.452295353885537	-4.948386684254343	-17.93175506591797	30.0
8333	-12.299557855888725	-5.031627618233136	-17.983112335205078	29.0
8353	-12.18314630235108	-5.0772591673722465	-17.69590950012207	29.0
8372	-12.032170427616473	-4.778835317281017	-17.80384063720703	29.0
8391	-11.710100231407756	-4.408094608580951	-17.99802017211914	29.0
8411	-11.660933242799032	-4.610947016182159	-17.898038864135742	29.0
8430	-11.481795824539153	-4.6899770471803786	-17.928983688354492	29.0
8449	-11.969670911220389	-4.78091579932001	-17.663814544677734	29.0
8468	-11.882505529921373	-4.790200686969269	-17.57623291015625	29.0
8489	-11.706390863197731	-4.567744128213318	-18.066024780273438	29.0
8507	-11.747712279475902	-4.468328361584667	-18.267982482910156	29.0
8528	-11.596586471528084	-4.724234435585132	-18.271501541137695	29.0
8548	-11.67151586509812	-5.059003793043261	-18.161922454833984	29.0
8567	-11.98835484898049	-4.759182954684175	-18.01024627685547	30.0
8587	-12.029974840966451	-4.3892413039673235	-18.136714935302734	30.0
8607	-11.973691430598484	-4.2988014115955595	-18.441219329833984	30.0
8626	-11.973691430598484	-4.2988014115955595	-18.441219329833984	30.0
8646	-11.988795023844212	-4.659178035644416	-18.466899871826172	30.0
8663	-12.062493100869741	-4.895225201131891	-18.341552734375	30.0
8684	-12.223093341342263	-5.066161752535405	-18.178569793701172	30.0
8703	-12.212707707255795	-4.563870935828679	-18.321857452392578	30.0
8722	-11.997610841188514	-4.285659768826565	-18.26939582824707	30.0
8742	-12.425641780459191	-5.159789255998306	-17.966577529907227	30.0
8761	-12.358759138427892	-5.37228454324474	-17.83612823486328	30.0
8780	-12.343564922034904	-5.367410874082887	-17.722978591918945	30.0
8800	-12.3796468461327	-5.304290468113762	-17.576793670654297	30.0
8819	-12.340082711215166	-5.133599152830642	-17.54656219482422	32.0
8840	-12.578690786089176	-4.767161046814022	-17.51495933532715	32.0
8858	-12.71262682562955	-5.110221461829185	-17.172176361083984	32.0
8878	-12.333476599517395	-5.019018509734038	-17.557403564453125	32.0
8896	-12.202167251635382	-5.21055591832824	-17.388137817382812	32.0
8917	-12.17074712853767	-5.573630609514485	-17.293052673339844	32.0
8935	-12.084080245222294	-5.580046124091911	-17.351703643798828	32.0
8958	-11.93609606843871	-5.96299631130735	-17.373260498046875	32.0
8975	-11.832777059293065	-5.554097529464071	-17.584060668945312	32.0
8994	-11.947749034989357	-5.379529423088223	-17.48248291015625	32.0
9013	-12.009064376334344	-5.247832799348679	-17.380115509033203	32.0
9033	-12.242216241119735	-5.074588046414857	-17.36855697631836	32.0
9053	-12.272863933032703	-4.940275812392503	-17.72210693359375	33.0
9072	-12.14837823810132	-5.1913182993031555	-17.776660919189453	33.0
9091	-12.282022829694993	-4.957881348225017	-17.820541381835938	33.0
9111	-12.158065624817151	-4.817294672173177	-18.031967163085938	33.0
9130	-12.386269629138624	-4.919308216614924	-17.975833892822266	33.0
9150	-12.516901846817357	-4.999905435224114	-18.139291763305664	33.0
9169	-12.639695811515585	-5.1115906573514955	-18.056324005126953	33.0
9189	-12.329232664017256	-5.422821215757695	-18.041637420654297	33.0
9208	-12.02226732458727	-5.245329089870749	-18.038209915161133	33.0
9227	-12.002760870786206	-4.700754856085107	-17.854488372802734	33.0
9247	-11.768120738054131	-5.092773152085936	-17.655683517456055	33.0
9268	-11.768120738054131	-5.092773152085936	-17.655683517456055	33.0
9287	-11.466960085624137	-5.490370805341292	-17.43600082397461	33.0
9309	-11.299082609212176	-5.566603310858329	-17.30450439453125	33.0
9326	-11.326942254670227	-5.292382966593523	-17.529817581176758	33.0
9344	-11.326942254670227	-5.292382966593523	-17.529817581176758	33.0
9365	-11.428353518526901	-5.249335099142053	-17.622116088867188	33.0
9383	-11.350938515618852	-5.4994956947233025	-17.856346130371094	33.0
9403	-11.283447371586574	-5.881789021160705	-17.830841064453125	33.0
9422	-11.271906013482297	-5.833770734947401	-17.95116424560547	33.0
9441	-11.406362724751336	-5.326378942716706	-18.153316497802734	33.0
9460	-11.547524816278324	-5.277477906795021	-17.869800567626953	33.0
9481	-11.667513674250216	-5.158423529563243	-17.710819244384766	33.0
9499	-11.828371558097668	-4.932779630006288	-17.33195686340332	33.0
9519	-11.878916334220545	-4.684165395746952	-17.280384063720703	33.0
9538	-11.733304333358923	-4.821004977941074	-17.216629028320312	31.0
9559	-11.811412264790482	-4.7614098891733905	-17.214099884033203	31.0
9577	-11.735206026521942	-4.593285706510632	-17.299346923828125	31.0
9597	-11.459749131468726	-4.604850134136532	-17.2963809967041	31.0
9616	-11.297783970277653	-4.789371919058778	-17.469560623168945	31.0
9635	-11.203505809511327	-4.381125957709751	-17.72924041748047	31.0
9655	-11.410254517290406	-4.219260320646759	-17.86892318725586	31.0
9674	-10.951862970385816	-4.183240586674801	-18.289976119995117	31.0
----------------도착----------------
9694	-10.072270158899132	-5.6550379066322325	-18.157548904418945	31.0
9714	-10.15075342476774	-5.283784330548126	-18.379241943359375	31.0
9732	-10.795677812597363	-4.719172719647254	-18.154890060424805	31.0
9752	-10.861514042304687	-4.739342495221459	-18.234920501708984	31.0
9772	-11.046216808191334	-4.317483029463973	-18.401859283447266	31.0
9791	-10.811064057211837	-4.505152567716345	-18.691390991210938	31.0
9810	-10.823163693331587	-5.10464532242374	-18.595327377319336	31.0
9830	-10.785803818871715	-5.821104606920509	-18.534420013427734	31.0
9849	-10.889080890680567	-5.882486101638824	-18.426902770996094	31.0
9870	-11.116427963475545	-5.846337590376555	-18.513011932373047	31.0
9888	-11.361437109196693	-5.369904860407673	-18.673397064208984	31.0
9907	-11.695652788160048	-4.916907420358126	-18.608959197998047	31.0
9927	-11.784991483614816	-4.824592379342882	-18.551258087158203	31.0
9946	-11.896912245248044	-4.674255668775069	-18.15331268310547	31.0
9967	-11.63831898296908	-4.939954260224711	-18.486495971679688	31.0
9986	-11.63831898296908	-4.939954260224711	-18.486495971679688	31.0
10007	-11.347622321551343	-5.142178555956176	-18.33349609375	33.0
10025	-11.253746130004012	-5.696878137085193	-17.92257308959961	33.0
10045	-11.253746130004012	-5.696878137085193	-17.92257308959961	33.0
10063	-10.874828397024997	-5.393000971399422	-18.111835479736328	33.0
10083	-11.369366536735694	-5.171527639473581	-18.130943298339844	33.0
10102	-11.547735738601553	-4.957656802155651	-18.029399871826172	33.0
10122	-11.912300730326274	-5.398419712902972	-17.924753189086914	33.0
10141	-11.979499060950442	-5.386328141053256	-17.767759323120117	33.0
10160	-12.223750332936397	-5.073586038324523	-18.2550048828125	33.0
10180	-12.500986810821088	-4.687752701651639	-18.271236419677734	33.0
10199	-12.459690558312367	-4.199582256596101	-18.436546325683594	33.0
10219	-12.325301877174732	-4.6317496581247335	-18.464244842529297	33.0
10239	-11.978411224922267	-5.4863535010841735	-18.533126831054688	33.0
10258	-11.679531871226745	-6.355724166448138	-18.272981643676758	34.0
10277	-11.062377018667041	-6.47525822748116	-18.461040496826172	34.0
10296	-10.543385068669005	-6.806360345508042	-18.293716430664062	34.0
10316	-10.507906009492709	-6.7995973177443965	-17.95131492614746	34.0
10336	-10.399634104793748	-7.27391489884201	-17.903968811035156	34.0
10356	-11.135226431258749	-7.045567272527105	-17.70722770690918	34.0
10374	-11.244023071585314	-5.720536079426989	-18.011844635009766	34.0
10393	-10.877986837598632	-4.786093612762722	-18.233057022094727	34.0
10413	-11.442578050042584	-4.815305813954365	-17.955345153808594	34.0
10432	-11.235531324718695	-4.2630209313109955	-18.11760711669922	34.0
10452	-11.175094774683888	-3.559863166293041	-18.623512268066406	34.0
10471	-10.871221127042057	-4.0503618815635765	-18.57207679748535	34.0
10491	-10.84578608822073	-4.633213304283796	-18.329727172851562	33.0
10511	-11.369289074325387	-5.202978768931938	-17.739355087280273	33.0
10530	-11.735051560541448	-5.16987319856784	-17.640945434570312	33.0
10549	-11.813031392056677	-4.345955221012268	-17.95880699157715	33.0
10569	-11.658292905887775	-4.27849832073269	-18.41080093383789	33.0
10588	-12.161837026333552	-4.912447725303871	-18.383750915527344	33.0
10607	-11.865867340785423	-5.501275974375152	-18.349185943603516	33.0
10627	-11.67824796011511	-6.780805044991608	-18.450170516967773	33.0
10646	-11.418878692415616	-8.262530353239804	-18.07724952697754	33.0
10667	-11.53152806511683	-9.02558023628949	-17.821252822875977	33.0
10688	-12.052219077105585	-9.259096099734723	-17.40631103515625	33.0
10707	-13.013157163241916	-8.853614874652871	-16.937793731689453	33.0
10726	-13.013157163241916	-8.853614874652871	-16.937793731689453	23.0
10743	-13.639879867534786	-8.564237893767821	-16.369110107421875	23.0
10765	-13.610331940664064	-7.481392273828052	-16.33458709716797	23.0
10782	-13.917707925304283	-6.910517602767494	-16.353017807006836	23.0
10802	-13.593272557372961	-7.3119414397042535	-16.159000396728516	23.0
10822	-13.37702360579116	-7.567189491110511	-16.498945236206055	23.0
10841	-12.847296303250943	-7.916703968732992	-16.673891067504883	23.0
10860	-12.247246546788025	-9.487509278480982	-16.324188232421875	23.0
10880	-12.142475867121053	-10.20209061959306	-15.728385925292969	23.0
10900	-12.615359935133894	-10.101380426882194	-15.71414852142334	23.0
10920	-13.140183235865342	-9.407577037790269	-15.904094696044922	23.0
10938	-13.116643083319103	-8.701962304567317	-16.31647491455078	23.0
10958	-13.487353810949072	-8.070101165629914	-16.41407012939453	23.0
10977	-13.513467091680589	-7.840479482544163	-16.143800735473633	20.0
10997	-13.8249738399825	-7.604750767081869	-15.8928804397583	20.0
11016	-14.006955169643566	-7.1865096233624985	-15.647489547729492	20.0
11037	-14.071377437543841	-7.878615207763752	-15.157445907592773	20.0
11055	-13.555526492009479	-8.48310263803897	-14.405200004577637	20.0
11074	-13.600994838928655	-9.344130860169475	-13.936994552612305	20.0
11093	-13.601641250756304	-9.346419514553624	-13.940933227539062	20.0
11113	-13.477569620734801	-8.844737078197205	-14.153644561767578	20.0
11133	-13.59507681104741	-8.91857904519419	-14.197296142578125	20.0
11153	-13.486082725891709	-9.257647988396505	-13.854663848876953	20.0
11172	-13.569200961773921	-9.74313193369159	-13.703283309936523	20.0
11190	-13.643855961897646	-9.774720462324433	-13.6802339553833	20.0
11210	-13.761721387762577	-9.610951975365984	-14.322748184204102	22.0
11230	-13.66866401920064	-9.822206110755587	-14.416674613952637	22.0
11249	-13.745606345031911	-10.173957302094935	-14.129342079162598	22.0
11269	-13.781855644028582	-10.705775024369045	-14.07545280456543	22.0
11288	-13.758916900849554	-11.03092374746905	-13.824728012084961	22.0
11308	-13.93950341574392	-10.984474649984826	-14.297779083251953	22.0
11327	-13.852327241411661	-10.876543293570524	-14.476780891418457	22.0
11347	-14.119700119692592	-11.21750389640356	-14.253266334533691	22.0
11368	-14.084281246462597	-11.415393961202758	-13.84879207611084	22.0
11388	-14.11871984620933	-11.460449164262126	-13.700695037841797	22.0
11407	-14.466893724147239	-11.003019008786431	-13.935964584350586	22.0
11424	-14.466893724147239	-11.003019008786431	-13.935964584350586	22.0
11446	-14.001451373244826	-9.015778557296727	-15.32065200805664	25.0
11464	-14.001451373244826	-9.015778557296727	-15.32065200805664	25.0
11483	-13.100554095037891	-9.427887975255606	-15.515519142150879	25.0
11503	-12.297508631464918	-10.24302830960601	-15.58782958984375	25.0
11522	-12.149022290678458	-10.103906631281887	-15.778227806091309	25.0
11541	-12.900614423057498	-9.827561331384398	-15.574457168579102	25.0
11560	-13.776669490728304	-8.313882087526771	-15.743596076965332	25.0
11581	-14.183270522361331	-7.978266536102019	-15.270240783691406	25.0
11599	-14.179135060111134	-7.531747039005391	-15.190025329589844	25.0
11619	-14.051652632729885	-7.009650881971166	-15.883522033691406	25.0
11639	-13.78144449891162	-7.313902887515878	-15.983135223388672	25.0
11658	-13.3299967067108	-8.089329179014657	-15.694540023803711	25.0
11677	-12.757593172167908	-9.694855371920324	-15.169114112854004	25.0
11697	-12.621906614120837	-9.942920906387014	-15.120625495910645	32.0
11716	-12.50966855826206	-10.09805264779438	-15.149059295654297	32.0
11736	-12.547044255880161	-10.082622630307037	-15.302330017089844	32.0
11755	-12.654696301900671	-9.84950682439954	-15.318719863891602	32.0
11774	-13.191467033948378	-8.965955552217775	-15.425933837890625	32.0
11794	-13.646490662871175	-7.804152132511494	-16.03384017944336	32.0
11814	-13.83470844127618	-7.025340363546665	-16.488418579101562	32.0
11834	-14.396005005627185	-6.68829011803569	-16.05367088317871	32.0
11852	-14.477667162427814	-6.2007473198650676	-16.185317993164062	32.0
11872	-14.128910596169245	-5.75336414615108	-16.782854080200195	32.0
11891	-13.579792074943969	-6.146199759069003	-16.85076332092285	32.0
11910	-13.65237525293408	-6.447004183493385	-16.5715389251709	32.0
11930	-13.101090518441612	-6.491687975926801	-17.0549373626709	36.0
11950	-13.009586187558495	-7.439887158683943	-16.49156379699707	36.0
11968	-13.07083362704615	-7.424813653824356	-16.35230255126953	36.0
11988	-12.75953978970679	-8.277216231736155	-16.451339721679688	36.0
12007	-12.21920676304693	-9.046162279591469	-16.49225616455078	36.0
12027	-11.845244792401576	-8.775735919370458	-16.336801528930664	36.0
12047	-11.823265786784097	-8.114427160692115	-16.381994247436523	36.0
12067	-12.25868805898666	-7.43477849183955	-16.32136344909668	36.0
12087	-12.796931767899208	-7.261146951505547	-15.811624526977539	36.0
12107	-13.182198376344335	-6.853015953503915	-15.582684516906738	36.0
12126	-13.235640382967862	-6.972040262341046	-15.564483642578125	36.0
12144	-13.235640382967862	-6.972040262341046	-15.564483642578125	36.0
12166	-13.43963206096284	-6.806482328468775	-15.066194534301758	36.0
12183	-13.250529380211361	-7.104653999402069	-14.948490142822266	36.0
12202	-13.4390249391791	-7.159601664671026	-14.7867431640625	36.0
12222	-13.433903353437744	-6.886127880559529	-14.910245895385742	36.0
12242	-13.62562505968817	-6.085375334003839	-15.128652572631836	36.0
12260	-13.718591638401083	-4.910940917479658	-15.474974632263184	36.0
12280	-13.334170323739045	-4.4080353304030115	-15.582216262817383	36.0
12301	-13.37755931103067	-4.2038532003155025	-15.430678367614746	36.0
12319	-13.155137602863437	-4.10182503630285	-15.528740882873535	36.0
12338	-13.391819622311871	-3.7414827272494477	-15.455841064453125	36.0
12358	-13.64563874971769	-2.946300693572374	-15.37033462524414	36.0
12377	-14.034185071582003	-2.5817462683989905	-15.598756790161133	36.0
12398	-13.723638594259198	-2.601464514586978	-15.633162498474121	36.0
12416	-13.82888296021785	-2.7465023793451557	-15.542015075683594	33.0
12436	-14.269961249628782	-3.242967165246148	-15.47400188446045	33.0
12455	-14.870949781587676	-3.2428818503879593	-14.64101505279541	33.0
12474	-14.914256880304182	-2.732139333674724	-14.627889633178711	33.0
12496	-15.522200925532854	-2.308290399994198	-14.475008010864258	33.0
12514	-15.093763832084612	-2.952582865830856	-14.728034019470215	33.0
12532	-14.895659741481083	-2.49302656542224	-14.651477813720703	33.0
12552	-14.648116170745544	-1.6719849875219488	-14.938358306884766	33.0
12572	-13.873997169116105	-1.9528567271406694	-15.265694618225098	33.0
12591	-13.776066122002378	-2.403651837477769	-15.088037490844727	33.0
12610	-14.4485123209647	-2.0381729549636756	-14.805758476257324	33.0
12630	-14.285489152593723	-1.3118760017354651	-15.24315357208252	33.0
12649	-13.850598265958629	-1.171861987142459	-15.284520149230957	33.0
12669	-14.0457576286914	-1.0733708608887507	-15.48663330078125	33.0
12688	-13.977323291099273	-1.3652900664634533	-15.324883460998535	33.0
12707	-14.220360680169467	-2.119422808344499	-15.225118637084961	33.0
12728	-14.307134842852482	-1.9628395778917718	-15.48198413848877	33.0
12748	-14.463466377547457	-1.6274121442820142	-15.414566040039062	33.0
12767	-14.74656979581391	-1.519049622119739	-15.2987699508667	33.0
12787	-14.420824174768365	-1.29842756471464	-15.71761703491211	33.0
12807	-14.17428068011506	-1.4243505659059743	-15.755204200744629	33.0
12826	-13.902038356029387	-1.8211966026611695	-15.877678871154785	33.0
12844	-13.902038356029387	-1.8211966026611695	-15.877678871154785	33.0
12864	-13.35997965458972	-2.207588023317865	-16.56368637084961	33.0
12883	-13.301432944438856	-2.2871573892638914	-16.357568740844727	33.0
12902	-13.539488861186351	-1.6078996259581373	-16.01186180114746	36.0
12922	-13.879269376423863	-1.1373859317534987	-15.706550598144531	36.0
12941	-14.14659648201529	-0.5893792633405648	-15.553914070129395	36.0
12961	-14.237394083823848	-0.1890290240300653	-15.796948432922363	36.0
12980	-13.947041983850998	-0.2245566057025492	-16.32552719116211	36.0
13000	-13.595222702475574	-0.11339774917357315	-16.48699378967285	36.0
13019	-13.5458510260248	-0.2483617286315524	-16.604999542236328	36.0
13039	-13.445093462802207	0.013200572849740421	-17.02274513244629	36.0
13058	-13.365321730200199	0.038371550855878324	-17.356643676757812	36.0
13078	-13.263547347670105	0.513175899059228	-17.30518913269043	36.0
13097	-13.161930976162177	0.5402543818700599	-17.22167205810547	36.0
13116	-13.45217491362982	0.6369373453595092	-16.668048858642578	36.0
13136	-13.996985187009003	0.5152870872820339	-16.151500701904297	37.0
13156	-14.502445670406432	0.619864101390075	-15.828052520751953	37.0
13174	-14.9347375304789	0.794152323469373	-15.535233497619629	37.0
13195	-14.592174462211272	0.5205613599242281	-15.694841384887695	37.0
13213	-14.291251925374704	0.7555116515961509	-15.91698932647705	37.0
13232	-13.764029190168666	0.7771557462906797	-16.514774322509766	37.0
13252	-13.653041967599922	0.07361202766413026	-16.68423843383789	37.0
