8	-9.532556623111184	-16.24808868730497	-20.384571075439453	113.0
28	-8.263839966079662	-16.497996896852698	-20.532569885253906	113.0
47	-8.320356434607325	-16.792657961386922	-20.5225887298584	113.0
66	-8.875361874186385	-16.761293235575216	-20.18718147277832	113.0
88	-8.823857874052106	-16.822199232702076	-20.045034408569336	113.0
105	-8.10690943871443	-17.586292036750514	-19.766319274902344	110.0
125	-7.683502204240184	-17.722861428058483	-19.8275146484375	110.0
144	-8.014090895216189	-17.116827306540245	-19.945154190063477	110.0
164	-8.541435599471969	-16.868171875826818	-19.899261474609375	110.0
183	-8.631335269852103	-16.905095808463013	-19.83646583557129	110.0
203	-8.39198304020247	-16.830671477183472	-19.926549911499023	110.0
222	-8.440907634152301	-16.66187753084415	-19.816232681274414	110.0
241	-8.750875771806895	-16.72609399667681	-19.684005737304688	110.0
261	-8.699943990778802	-16.613410123541946	-19.588409423828125	110.0
284	-7.942055635081867	-16.749374180873293	-19.383758544921875	110.0
300	-7.498219423675751	-16.836586087855622	-19.431684494018555	110.0
319	-7.610415001394176	-17.061433123746387	-19.58913803100586	110.0
339	-8.440753172305387	-16.874294717916996	-19.612382888793945	110.0
357	-8.924707021001563	-16.32237836224872	-19.625967025756836	110.0
377	-9.342862099572637	-15.90216147200362	-19.870025634765625	110.0
396	-9.775306627318217	-15.71245044802884	-19.58429527282715	110.0
416	-9.922156610939563	-15.606011687432456	-19.748817443847656	110.0
436	-9.340361594593391	-15.651537873492103	-20.173707962036133	110.0
455	-9.311077433534575	-15.631118370311922	-20.305309295654297	110.0
475	-9.438267978770975	-15.78273208129906	-20.008337020874023	110.0
494	-9.39623525005912	-15.78518394568793	-20.182790756225586	110.0
514	-8.827392090743663	-16.587053776932823	-19.911794662475586	110.0
533	-8.545869681549625	-17.190065060698082	-19.46978187561035	110.0
554	-8.492894254000214	-17.35606023482214	-19.672338485717773	110.0
572	-8.193253592377342	-16.975296057336486	-19.977622985839844	112.0
591	-7.987758213353424	-16.740690019421027	-20.521656036376953	112.0
613	-8.638779723051062	-16.697541412098712	-20.71084976196289	112.0
631	-8.927501825120455	-16.661970482009806	-20.85951805114746	112.0
652	-7.930691630850776	-16.933886511474054	-20.7221622467041	112.0
669	-7.930691630850776	-16.933886511474054	-20.7221622467041	112.0
688	-9.731335771458085	-16.542592156538195	-20.370141983032227	112.0
707	-9.345191776958826	-16.881456605911286	-20.444976806640625	112.0
727	-8.84239610726797	-16.49481611775024	-20.93782615661621	112.0
746	-8.863304938048776	-16.704423607413013	-21.04160499572754	112.0
766	-9.167818535902073	-16.72620904220529	-20.63770294189453	112.0
785	-9.086683041769673	-16.445194446842457	-20.374286651611328	112.0
805	-8.980236816651427	-16.51506406150728	-20.322181701660156	112.0
824	-9.17909319859398	-16.520917119885368	-20.40311622619629	121.0
844	-9.247712953960393	-16.466493665749223	-20.205078125	121.0
863	-9.326296126262363	-16.22561295400693	-20.159088134765625	121.0
883	-9.134665305991678	-16.331432901557353	-19.727937698364258	121.0
902	-8.795805656287431	-16.290279352575432	-19.665775299072266	121.0
922	-8.810589412391016	-16.253781323287544	-19.794391632080078	121.0
941	-8.876577649724982	-16.19993349188103	-19.866676330566406	121.0
961	-8.549219441967164	-16.459075094695127	-19.655195236206055	121.0
980	-8.355082430624066	-16.37421588319204	-19.920055389404297	121.0
999	-8.248998241876059	-16.51738162424544	-20.134502410888672	121.0
1019	-8.403261115867654	-16.85187471624202	-20.11937141418457	121.0
1038	-8.654425846947522	-16.525061631847848	-20.439922332763672	121.0
1057	-8.74913152262742	-16.69939958927339	-20.190942764282227	128.0
1077	-8.998789542694599	-16.719272262100162	-19.919279098510742	128.0
1096	-8.958003037931407	-17.09316880831416	-20.04348373413086	128.0
1115	-8.794182806981214	-17.119977343313067	-20.2042179107666	128.0
1135	-8.79771221801585	-17.112435415770427	-20.195768356323242	128.0
1154	-9.111317696670145	-16.899295135579177	-20.101579666137695	128.0
1174	-9.141527266711476	-16.95336443696897	-20.023784637451172	128.0
1195	-8.783269638553787	-17.071773444608564	-20.352800369262695	128.0
1213	-8.582775824053583	-17.269135964097423	-20.520954132080078	128.0
1232	-8.680508553615757	-17.29663038876476	-20.89688491821289	128.0
1252	-8.576990266347133	-17.283912881621273	-20.569177627563477	128.0
1271	-8.620427745568675	-17.269677912193185	-20.61371612548828	128.0
1292	-8.211902592981334	-17.547933822562886	-20.753231048583984	126.0
1311	-7.368696357714721	-17.873781613091477	-20.932079315185547	126.0
1332	-7.24223408343254	-17.741505988522537	-20.843711853027344	126.0
1352	-7.728126548778614	-17.588942285934635	-20.621593475341797	126.0
1370	-7.728126548778614	-17.588942285934635	-20.621593475341797	126.0
1388	-7.931069045658865	-17.610932439165765	-20.58437728881836	126.0
1407	-7.395755799700879	-18.150168961797338	-20.099760055541992	126.0
1427	-7.234622079195705	-18.309916276238706	-20.086421966552734	126.0
1447	-7.483995921489166	-18.23969587490861	-20.20122528076172	126.0
1466	-8.088367693573352	-17.560028288382146	-20.676958084106445	126.0
1486	-8.807891540888608	-16.716628299913044	-20.622303009033203	126.0
1505	-8.630745253096034	-17.18994859468142	-20.8043155670166	126.0
1524	-7.9095533696048905	-17.886375165627058	-20.59696388244629	126.0
1544	-7.413106495082915	-18.40034357501852	-20.270692825317383	120.0
1563	-7.3498452232176295	-18.481198163471976	-20.292858123779297	120.0
1583	-7.367603280344526	-18.373897232115535	-20.54253578186035	120.0
1603	-7.865433776030837	-18.098547391525273	-20.205015182495117	120.0
1621	-7.854513085350705	-17.915930617679876	-20.02008056640625	120.0
1641	-7.771589541022673	-18.14609346086984	-20.325965881347656	120.0
1661	-6.904405407712877	-18.837278735588	-19.97818374633789	120.0
1680	-6.2678006965284	-19.255272803873595	-20.091148376464844	120.0
1699	-6.866040824600573	-18.523908058861075	-20.70616340637207	120.0
1720	-7.891343784106621	-17.80228792701854	-20.99416160583496	120.0
1738	-8.177292327488939	-17.728315253832942	-20.910621643066406	120.0
1758	-8.545100688195445	-17.890610722597486	-20.988367080688477	120.0
1777	-7.365625406042938	-18.600314814362974	-20.675987243652344	115.0
1797	-7.3169421474124325	-19.130303197106734	-20.375642776489258	115.0
1816	-6.6130020350526015	-18.995282780573984	-20.578847885131836	115.0
1835	-6.609895862136674	-18.63299485744447	-20.729944229125977	115.0
1855	-6.226408345031282	-18.68502688054976	-20.79981803894043	115.0
1874	-6.497510631986094	-18.64158650698796	-20.815391540527344	115.0
1894	-6.14186870269321	-18.746813482062514	-20.97369384765625	115.0
1913	-6.2433361012912005	-18.85792928840626	-21.06189727783203	115.0
1933	-6.73509638985624	-19.031638862717504	-21.03413963317871	115.0
1952	-6.565369328548935	-18.989109046692523	-21.13290786743164	115.0
1971	-6.3719643446066785	-19.30212982086826	-20.916255950927734	115.0
1992	-6.480110316097317	-19.640566485440377	-20.859636306762695	115.0
2013	-6.728143280888711	-19.35972151879747	-21.166027069091797	112.0
2031	-6.728143280888711	-19.35972151879747	-21.166027069091797	112.0
2052	-7.379119685875304	-18.653416305657604	-21.199947357177734	112.0
2070	-7.379119685875304	-18.653416305657604	-21.199947357177734	112.0
2088	-7.023762651792315	-18.51914013707599	-20.974464416503906	112.0
2109	-6.73044845405521	-18.584966828806746	-21.08504867553711	112.0
2127	-6.987240536704892	-18.584807565943333	-21.1379451751709	112.0
2147	-7.539199243374062	-18.359544542181613	-21.110713958740234	112.0
2166	-7.179602538792066	-18.314867801744175	-21.116653442382812	112.0
2186	-7.241868392558916	-18.293770734527726	-20.850934982299805	112.0
2206	-6.944791386335805	-18.232682441935957	-20.874177932739258	112.0
2226	-6.976592252279199	-18.258634912674964	-20.759727478027344	112.0
2245	-7.041650812075199	-18.160320956388485	-20.85051155090332	112.0
2263	-6.968169751512893	-18.069925721233222	-20.963016510009766	116.0
2283	-7.074082890239439	-17.947222597772775	-20.881500244140625	116.0
2302	-6.8587148743152735	-18.013109313290048	-21.027463912963867	116.0
2322	-6.547024442199982	-18.007602501897182	-21.037704467773438	116.0
2342	-6.283234216635944	-18.365898789253507	-20.96321678161621	116.0
2361	-6.415491809622981	-18.053761004364517	-21.205120086669922	116.0
2380	-6.644074299597299	-18.216898998920037	-21.188556671142578	116.0
2399	-6.718584484624546	-18.76723109863208	-21.11248016357422	116.0
2419	-6.638105873582299	-18.971846727078816	-20.83769416809082	116.0
2438	-6.578256203145786	-18.805372770300657	-21.026987075805664	116.0
2458	-6.82341830910681	-18.732136830993635	-20.849876403808594	116.0
2477	-7.112259954445506	-18.78440608161762	-20.99732780456543	116.0
2497	-7.089018922064604	-18.48195250645194	-20.970182418823242	113.0
2516	-7.115185119903658	-18.72050070200131	-20.678503036499023	113.0
2535	-6.850525645589661	-18.679973880439302	-20.624536514282227	113.0
2555	-6.832319275055678	-18.520853001634087	-20.798931121826172	113.0
2575	-6.569014053622998	-18.474714619930356	-21.038095474243164	113.0
2594	-6.683159350020574	-18.49165501203813	-21.073318481445312	113.0
2613	-6.547161850482	-18.48496881287205	-21.119537353515625	113.0
2633	-6.628675563557048	-18.22890465372136	-21.272859573364258	113.0
2652	-7.081303818093651	-18.082185822800025	-21.4814453125	113.0
2671	-6.993949588554581	-18.137682241072074	-21.713573455810547	113.0
2691	-6.812479164764892	-18.20964175522253	-21.767642974853516	113.0
2711	-6.625349351555847	-18.091026340334036	-21.71431541442871	113.0
2732	-6.74581616286507	-17.950647665071884	-21.7291259765625	110.0
2751	-6.346236689416388	-18.178728788705985	-21.625255584716797	110.0
2770	-6.346236689416388	-18.178728788705985	-21.625255584716797	110.0
2788	-6.257711956322067	-18.471028240990442	-21.627321243286133	110.0
2807	-6.3535020189715254	-18.626342615551827	-21.306352615356445	110.0
2827	-6.02459997330105	-18.748720054211894	-21.355592727661133	110.0
2847	-6.374920912729971	-18.811776934652077	-21.534427642822266	110.0
2866	-6.516899078259337	-18.587009592830277	-21.704036712646484	110.0
2886	-6.677904301650985	-18.711522230989026	-21.45195770263672	110.0
2905	-6.594965355725022	-18.78055727650466	-21.17110824584961	110.0
2925	-6.568579734488953	-19.00252113997309	-20.912782669067383	110.0
2944	-6.525301020311628	-18.903429754948657	-20.863731384277344	110.0
2963	-6.37189898493617	-18.780586590399956	-21.117897033691406	110.0
2982	-6.927372490026118	-18.60488686021847	-21.131437301635742	108.0
3003	-6.687448153693831	-18.575756229385036	-20.874557495117188	108.0
3022	-6.805568593797321	-18.54274161727603	-20.57886505126953	108.0
3041	-6.715744290322497	-18.29579007237363	-20.872392654418945	108.0
3061	-6.676641847533451	-18.48219589149915	-21.246511459350586	108.0
3080	-6.2627462288448275	-18.314495170428287	-21.496784210205078	108.0
3099	-6.2768520078340035	-18.415628012782637	-21.258750915527344	108.0
3119	-6.337513837073609	-18.18112179387109	-21.024925231933594	108.0
3139	-5.968209028954008	-17.925847905586927	-20.886837005615234	108.0
3158	-5.979748444921611	-17.76924020608348	-21.0489501953125	108.0
3177	-6.034487482421151	-17.83433324381199	-21.33360481262207	108.0
3197	-5.819795579756028	-18.299375249017018	-20.819196701049805	108.0
3216	-6.041200709024875	-18.249998387502874	-20.740215301513672	110.0
3235	-6.344862396291654	-18.071612617208103	-20.8786678314209	110.0
3256	-6.451187362940571	-18.079262437342894	-20.937894821166992	110.0
3274	-6.756511707714092	-18.000721201141065	-21.266115188598633	110.0
3294	-7.210179615338651	-18.11340717055066	-21.394189834594727	110.0
3313	-7.110745798528492	-18.076504214169187	-21.5364933013916	110.0
3333	-7.212724433096057	-18.23956929599239	-21.413284301757812	110.0
3353	-7.0481175862903624	-18.290287144375124	-21.338533401489258	110.0
3372	-6.989250558589081	-18.502952157637296	-21.19272804260254	110.0
3391	-6.8318672567324965	-18.480002890602	-21.274198532104492	110.0
3412	-6.889354063368954	-18.341302158000357	-21.10625457763672	110.0
3432	-6.6094717679760056	-18.309249865876854	-21.213504791259766	110.0
3452	-6.5209304872850975	-18.321666328625327	-21.264543533325195	110.0
3471	-6.714577418194382	-18.475791326664876	-21.06550407409668	115.0
3489	-6.714577418194382	-18.475791326664876	-21.06550407409668	115.0
3509	-6.525374338337448	-18.416192484273942	-21.000778198242188	115.0
3528	-6.570814773029079	-18.530506317076835	-21.0164852142334	115.0
3547	-6.681418189072209	-18.012762702955982	-21.13382911682129	115.0
3567	-5.735270434044724	-18.333166631640186	-20.91604232788086	115.0
3586	-6.306175806458621	-18.451614640174974	-21.124479293823242	115.0
3606	-6.0576540804500345	-18.496142679366333	-21.073795318603516	115.0
3625	-6.188711065808121	-18.231100360464637	-21.139060974121094	115.0
3645	-5.959402944851501	-18.170799016392724	-21.193382263183594	115.0
3663	-6.1761517881821755	-18.052413251523912	-21.416704177856445	115.0
3683	-6.357828446923087	-17.887537217232726	-21.232622146606445	115.0
3702	-6.371831342875555	-18.205468461432144	-20.864933013916016	118.0
3723	-6.121746615338397	-18.303292126324493	-20.737531661987305	118.0
3741	-6.43878470155229	-17.542315308320667	-20.845407485961914	118.0
3761	-6.724232932015064	-17.382993275232057	-20.955541610717773	118.0
3780	-6.640514611114791	-17.297117914621026	-21.276165008544922	118.0
----------------출발----------------
3799	-6.599174239608199	-17.32601917345762	-21.32879638671875	118.0
3820	-6.285930989200484	-17.291566808399853	-21.142393112182617	118.0
3839	-6.156026242041528	-17.262910395695364	-21.298463821411133	118.0
3858	-5.990811579770387	-17.595898208812265	-21.11432647705078	118.0
3878	-5.918177122310854	-17.874029053786167	-21.07868003845215	118.0
3898	-6.511641386412588	-17.709027768128237	-21.131271362304688	118.0
3916	-6.344023817212108	-17.711569418407418	-20.961742401123047	118.0
3936	-6.022764074771663	-17.820976227326565	-20.627452850341797	113.0
3955	-5.464717762111412	-17.667112005577117	-20.708267211914062	113.0
3974	-5.586400036278584	-17.781773088107858	-21.068504333496094	113.0
3994	-6.001207488754697	-17.91219207652885	-21.071510314941406	113.0
4013	-6.021990890460225	-17.727977320109478	-21.1248779296875	113.0
4033	-6.269255150612886	-17.578996046098897	-21.157411575317383	113.0
4054	-6.303002007830601	-17.610971608902467	-21.17372703552246	113.0
4072	-6.396509776404402	-17.69435999700914	-21.107465744018555	113.0
4092	-6.402140907113503	-17.597914423123854	-21.258302688598633	113.0
4112	-6.461846494529136	-17.47301235476586	-20.976154327392578	113.0
4131	-6.177523484960997	-17.212396952908264	-20.684803009033203	113.0
4151	-6.060093235777493	-17.01258600111092	-20.546154022216797	113.0
4171	-6.060093235777493	-17.01258600111092	-20.546154022216797	113.0
4189	-5.81073746015851	-16.683202658150666	-20.67250633239746	111.0
4208	-5.480637293655532	-16.380148078834093	-20.575685501098633	111.0
4227	-5.522978649638463	-16.092561801713313	-20.526769638061523	111.0
4247	-5.553941417593336	-15.742799120821656	-20.597902297973633	111.0
4266	-5.4772570231615925	-15.716435839504545	-20.616825103759766	111.0
4286	-5.507517463317642	-15.59267996226185	-20.651885986328125	111.0
4306	-5.184911428461885	-15.75894540619613	-20.875879287719727	111.0
4325	-4.8671059222591975	-15.63149125094376	-21.01198387145996	111.0
4344	-4.893623987119933	-15.571267165789848	-21.00893211364746	111.0
4364	-5.004830032679375	-15.67328686936351	-21.084117889404297	111.0
4383	-4.70578985617259	-15.76457557816396	-21.20368003845215	111.0
4403	-4.4997124370826755	-15.70015661177343	-21.216514587402344	111.0
4422	-4.479136134834941	-15.634971507817347	-20.89398765563965	115.0
4441	-4.367839817651587	-15.748710519481914	-20.912076950073242	115.0
4461	-4.4086742545651205	-15.767196693793814	-20.563594818115234	115.0
4480	-4.739531740453887	-15.869000339424735	-20.520000457763672	115.0
4499	-4.908060891017666	-15.885311530937035	-20.610267639160156	115.0
4521	-5.406240008540512	-15.343648367608768	-20.597143173217773	115.0
4539	-5.392665563626727	-15.125149380543759	-20.940034866333008	115.0
4558	-5.1329160860438705	-15.116597830087237	-21.008886337280273	115.0
4577	-5.078824362086946	-14.94792172494326	-21.104660034179688	115.0
4597	-5.013981613057201	-14.827955667363685	-20.914194107055664	115.0
4616	-4.8868809652069904	-14.658202107853606	-21.224550247192383	115.0
4636	-4.646459139984955	-14.66836661901607	-21.173948287963867	115.0
4655	-4.742606658040084	-14.374081250423277	-20.82935333251953	118.0
4675	-4.6659883306360515	-14.291528514566817	-21.040851593017578	118.0
4694	-4.617451833738037	-14.128601372497712	-20.764114379882812	118.0
4713	-4.8290967189819085	-13.975136155842396	-20.714937210083008	118.0
4733	-4.573882057199435	-14.049292840473704	-20.736907958984375	118.0
4753	-4.471252552326953	-14.326162687153754	-20.770709991455078	118.0
4773	-4.5696187248908124	-14.117621822480274	-20.49692153930664	118.0
4791	-4.192019301388253	-13.886105467341611	-20.422405242919922	118.0
4812	-4.133152619667414	-13.979362414614602	-20.649446487426758	118.0
4832	-4.147186547917482	-14.106256858529832	-20.38964080810547	118.0
4853	-4.196740347303429	-14.104709162892107	-20.420230865478516	118.0
4870	-4.196740347303429	-14.104709162892107	-20.420230865478516	118.0
4889	-3.937823302597376	-14.14657269012691	-20.327733993530273	118.0
4908	-3.887996852127344	-14.08646387190747	-20.211284637451172	124.0
4928	-3.789618132070312	-14.085900326129288	-20.322492599487305	124.0
4947	-3.8266595269748938	-13.878574842340567	-20.131507873535156	124.0
4967	-3.877342166527375	-13.953710656160231	-20.446645736694336	124.0
4986	-3.830975249383278	-13.47332631543262	-20.413450241088867	124.0
5005	-3.7133825495694777	-13.304966994719724	-20.478191375732422	124.0
5025	-3.584541067742458	-13.083054776650725	-20.56519317626953	124.0
5044	-3.6022474687056314	-12.92707261772451	-20.976552963256836	124.0
5063	-3.763156971787498	-12.741349228556036	-20.98113441467285	124.0
5083	-4.001888353543187	-12.517723731938794	-20.91483497619629	124.0
5102	-3.9824034831676878	-12.428859116668022	-21.403783798217773	124.0
5122	-4.162084210467358	-12.035658890957846	-21.23011016845703	124.0
5141	-4.305170442813905	-12.077417994445113	-21.318401336669922	120.0
5161	-4.389164534972118	-11.942731769974284	-21.355876922607422	120.0
5180	-4.208039080119785	-11.884117427456912	-21.47298812866211	120.0
5200	-4.071375204985732	-11.599895283144752	-21.323009490966797	120.0
5219	-4.1299505939973	-11.418703010756497	-21.52522850036621	120.0
5238	-4.05154157283913	-11.380224531347388	-21.593584060668945	120.0
5258	-3.9577444307627525	-11.290689851214061	-21.57269287109375	120.0
5277	-3.941069644756845	-11.285335285756958	-21.541460037231445	120.0
5297	-3.7489468765403413	-11.245218212252539	-21.513919830322266	120.0
5317	-3.664066317295797	-11.398140445122282	-21.363828659057617	120.0
5336	-3.254530755315568	-11.662373605443845	-21.062271118164062	120.0
5356	-3.21585656799544	-11.776962233695198	-20.669322967529297	120.0
5374	-3.4603722482062356	-11.75527383270147	-20.536733627319336	117.0
5394	-3.4803766605916318	-11.097921450964389	-20.805662155151367	117.0
5414	-3.871698562365918	-10.491892644769461	-21.082929611206055	117.0
5433	-3.771040824720786	-10.07523354205675	-21.16747283935547	117.0
5453	-3.4711385100084295	-9.940485261084369	-21.163171768188477	117.0
5472	-3.4929873373947515	-9.951142903268122	-21.319116592407227	117.0
5492	-3.3537434754253583	-10.219320475749909	-21.239023208618164	117.0
5512	-3.39564825146385	-10.379541104618642	-21.593013763427734	117.0
5533	-3.256886254155874	-10.053693171578741	-21.607023239135742	117.0
5552	-3.3998284801126655	-10.024162481257006	-21.746856689453125	117.0
5571	-3.3602996006852037	-9.666439985635673	-21.755434036254883	117.0
5589	-3.3602996006852037	-9.666439985635673	-21.755434036254883	117.0
5608	-3.722310739168366	-9.747368336521518	-21.7302188873291	117.0
5627	-3.2637550638827664	-9.722092006248708	-22.084121704101562	121.0
5648	-3.300229733210949	-9.612704820858882	-21.66716766357422	121.0
5666	-3.354727322232243	-8.98785617673158	-21.90587043762207	121.0
5686	-2.8874549468939317	-8.669692760385217	-21.91714096069336	121.0
5705	-3.0803621136548256	-8.250319440429	-22.01617431640625	121.0
5725	-3.316930565290723	-8.406538883638929	-21.977861404418945	121.0
5744	-3.1455777670533434	-8.87569151671719	-21.908153533935547	121.0
5765	-2.7305366455876317	-8.814692286195271	-22.02874755859375	121.0
5783	-2.782580918100563	-8.482549447176126	-21.842269897460938	121.0
5804	-2.543514144377087	-8.253127754771555	-22.1412353515625	121.0
5822	-2.324212182035619	-8.420407067570705	-22.08724594116211	121.0
5842	-2.3816716131255173	-8.677655987151217	-22.14637565612793	121.0
5861	-2.3411905026452287	-8.502364880299869	-22.349288940429688	123.0
5882	-2.349683187952366	-8.055790152867026	-22.169204711914062	123.0
5900	-2.3186075173518033	-7.484349379216573	-22.155967712402344	123.0
5919	-2.293360021364553	-7.3988561663811	-21.961231231689453	123.0
5939	-2.3608089403561485	-7.325002996753745	-21.994688034057617	123.0
5958	-2.3183450912829215	-7.188969988983829	-21.887767791748047	123.0
5978	-2.5883036492732314	-7.014189084774999	-21.85631561279297	123.0
5998	-2.380698489217715	-6.894173159720413	-21.857057571411133	123.0
6017	-2.369922283380031	-6.690734273680443	-21.636865615844727	123.0
6036	-2.3680312917693196	-6.568868363168543	-21.594985961914062	123.0
6055	-2.2308078156313087	-6.477868055257709	-21.50313377380371	123.0
6075	-2.221004541508114	-6.465014853802318	-21.80339813232422	123.0
6094	-1.992143840230982	-6.281426513054159	-21.764713287353516	131.0
6114	-1.9587407455823742	-6.564689468270673	-21.666988372802734	131.0
6133	-1.6276644230602877	-6.817792808035856	-21.60108184814453	131.0
6152	-1.1950066192855906	-6.74883481944872	-21.372802734375	131.0
6172	-0.8772788428435355	-6.860296747959287	-21.42516326904297	131.0
6191	-0.8135814883913761	-6.693446026639103	-21.4813232421875	131.0
6215	-0.9737733896751686	-6.868482695877473	-21.499408721923828	131.0
6232	-0.769605277010891	-6.708990878489077	-21.020206451416016	131.0
6252	-0.2545512898294315	-6.661527321306501	-20.74744987487793	131.0
6271	0.041854477263115246	-6.22784097577117	-20.677379608154297	131.0
6289	0.041854477263115246	-6.22784097577117	-20.677379608154297	131.0
6308	0.5077163285484446	-5.745142638455409	-20.592334747314453	131.0
6328	0.337096226661245	-5.604357630819042	-20.527202606201172	131.0
6347	0.20770185130599253	-5.382364126436518	-20.314319610595703	132.0
6366	0.18459281119336557	-5.562701897024049	-20.050533294677734	132.0
6386	0.4526218363326716	-5.238708821708843	-19.65040397644043	132.0
6406	0.31290722944614335	-5.080352642953479	-19.740201950073242	132.0
6425	0.15776390842777532	-4.926190990249315	-20.019760131835938	132.0
6445	0.12505405685101734	-5.066237110240482	-20.075096130371094	132.0
6464	0.20459843436342876	-5.301186335600879	-19.63758659362793	132.0
6484	0.27772287714793265	-5.078737407532604	-19.494503021240234	132.0
6503	0.13979129990611835	-4.9600567891752005	-19.455020904541016	132.0
6523	0.20916463188579773	-4.94125974478854	-19.504024505615234	132.0
6541	0.3107001483738612	-4.989037424490448	-19.688657760620117	132.0
6561	0.041439870798660204	-4.8313208733079245	-19.579975128173828	132.0
6581	0.01974635253716866	-4.933911498585467	-19.416059494018555	125.0
6600	0.1679437504350641	-4.799822848272505	-19.348716735839844	125.0
6619	0.22463704665512585	-4.425267643532164	-19.519081115722656	125.0
6638	0.03272898906378401	-4.512800301761184	-19.117856979370117	125.0
6658	0.37485161966244035	-4.609873316006147	-19.059162139892578	125.0
6679	0.5321709614534694	-4.443552712100581	-18.77840805053711	125.0
6697	0.49183925048141236	-4.220828237708985	-18.518375396728516	125.0
6717	0.37455987013446124	-4.2354328257902365	-18.252342224121094	125.0
6736	0.5127532403042134	-4.149711583757166	-18.007064819335938	125.0
6755	0.27978114522271724	-4.247130572931045	-17.594045639038086	125.0
6775	0.3875108361511391	-4.517083746168411	-17.5495662689209	125.0
6795	0.46214015365995575	-4.48738964086246	-17.523897171020508	125.0
6815	0.2357516242835699	-4.139532957964886	-17.37044906616211	125.0
6833	0.10711457953622561	-4.114295570742106	-17.050445556640625	125.0
6853	0.11792550068722829	-4.209165012382096	-17.13642692565918	125.0
6872	0.13226266883477858	-4.050120859371738	-17.25550651550293	125.0
6892	0.07193523961209335	-4.0665604488905895	-17.151443481445312	125.0
6913	0.2764482595269232	-3.943327131108811	-17.3187198638916	125.0
6934	0.043593924758150555	-3.5531160436224365	-17.310867309570312	125.0
6952	-0.15210243383102304	-3.4537525424655287	-17.33707618713379	125.0
6971	2.1483276749076257E-4	-3.5166982518441996	-17.285024642944336	125.0
6989	2.1483276749076257E-4	-3.5166982518441996	-17.285024642944336	125.0
7008	-0.040063147450922085	-3.5568834139806254	-17.223691940307617	125.0
7029	-0.08286643266558835	-3.5508728393541427	-16.97881507873535	125.0
7047	-0.03965856545410061	-3.202932485600692	-16.940664291381836	125.0
7066	-0.4058112024626019	-2.8727323451721327	-16.711767196655273	126.0
7085	-0.39190732824965885	-2.783727338134425	-16.655628204345703	126.0
7105	-0.30003474401506836	-2.94837004269631	-16.523012161254883	126.0
7125	-0.4804157944267711	-2.826648247582631	-16.507354736328125	126.0
7145	-0.7323806107709357	-3.1550696025031226	-16.245990753173828	126.0
7163	-0.9651901843040687	-3.268739300263241	-16.1220703125	126.0
7183	-1.0453070483972384	-2.9126688047753166	-16.27765464782715	126.0
7203	-1.1792356999729543	-3.0258358597956763	-16.147785186767578	126.0
7222	-1.317106191650465	-3.117057080320463	-16.373998641967773	126.0
7241	-1.4538390136385235	-3.057480971644269	-16.226577758789062	126.0
7261	-1.2899073317297831	-2.7751238220357193	-16.11853790283203	126.0
7280	-1.4765891398056634	-3.0779309904770242	-16.243961334228516	126.0
7299	-1.4335729299871247	-2.8240815393281715	-16.44871711730957	130.0
7319	-1.6451041364318841	-2.7423297364884798	-16.577978134155273	130.0
7338	-2.07089652746655	-2.999472026943264	-16.11414337158203	130.0
7357	-1.9264971846367132	-2.8817343942821245	-16.27495574951172	130.0
7377	-1.9550062334344462	-2.7592363292614293	-15.963844299316406	130.0
7397	-2.152959633788742	-2.6937797358246978	-15.868236541748047	130.0
7416	-2.512181253576304	-2.679877824967498	-15.918745040893555	130.0
7435	-2.736574801535274	-2.4199774731620876	-15.754034042358398	130.0
7455	-2.9057940365942483	-2.471625510044651	-15.766242980957031	130.0
7474	-2.9370063144046994	-2.5076783923348587	-15.908296585083008	130.0
7494	-2.9573256592338346	-2.406746024988997	-16.081457138061523	130.0
7513	-2.994605582094008	-2.4851981877578275	-15.67623519897461	130.0
7533	-3.0021629080579886	-2.5130905645013426	-15.656357765197754	128.0
7552	-2.9453912023532434	-2.5430440506620515	-15.673656463623047	128.0
7572	-2.893730600490056	-2.6011534266863543	-15.688608169555664	128.0
7591	-2.884139508419999	-2.521830984143067	-15.339133262634277	128.0
7611	-2.813168731906917	-2.4207965804638367	-15.174464225769043	128.0
7631	-2.7514697043733953	-2.2842418066694186	-15.030534744262695	128.0
7652	-2.852663367711579	-2.3937397553147832	-15.118281364440918	128.0
7671	-3.1112618140912947	-2.3057596375876264	-15.238852500915527	128.0
7688	-3.1112618140912947	-2.3057596375876264	-15.238852500915527	128.0
7710	-2.8760719089769418	-2.1762779700728663	-15.462937355041504	128.0
7728	-2.9972870634391557	-1.9781271569515646	-15.436262130737305	128.0
7747	-3.3329037785823155	-1.8313198024050767	-15.590956687927246	128.0
7766	-3.307000553140909	-1.6095362764907877	-15.620254516601562	128.0
7786	-3.50522196669867	-1.5641147267506657	-15.79903793334961	122.0
7805	-3.7936198358199134	-1.5720371591710962	-15.824240684509277	122.0
7825	-3.7751906709017686	-1.5028025602010473	-15.78266716003418	122.0
7844	-3.743159987385343	-1.9141080658497531	-15.95400619506836	122.0
7864	-3.9840093988428693	-2.1024079399824602	-16.00988006591797	122.0
7883	-4.143817680195098	-2.108952053021761	-16.130834579467773	122.0
7902	-3.7834712673296047	-2.090360873887056	-16.134891510009766	122.0
7922	-3.8975064250474607	-2.246534786745837	-16.64980697631836	122.0
7941	-4.037419226039993	-2.4795580743232484	-16.778675079345703	122.0
7961	-4.206470756017872	-2.398202845322362	-17.00214385986328	122.0
7980	-4.107371032204794	-2.242768814648423	-17.078392028808594	122.0
7999	-3.999290050016027	-1.9338113209916339	-17.035444259643555	122.0
8019	-3.9214783305958876	-1.7124531032361823	-17.110912322998047	122.0
8038	-4.028306897096969	-1.8414601467559142	-17.026548385620117	122.0
8058	-4.3472813119888105	-1.9274337899384724	-16.811559677124023	122.0
8081	-4.6793023842256165	-1.7558026790187646	-16.722976684570312	122.0
8097	-4.554153850254158	-1.706036539726158	-16.798959732055664	122.0
8116	-4.3946054854330185	-1.836138444593147	-16.535520553588867	122.0
8136	-4.583512151377513	-2.0624202768703195	-16.61221694946289	122.0
8155	-5.18581656013773	-2.0823843305841088	-16.909461975097656	122.0
8176	-5.111746596711577	-2.293225230215021	-17.109333038330078	122.0
8195	-4.904274654847269	-2.4858101262682424	-17.450782775878906	122.0
8213	-4.698222908048948	-2.550965366402415	-17.606616973876953	122.0
8233	-4.668024581717435	-2.6093006148298876	-17.545001983642578	122.0
8252	-4.368886404399566	-2.686982270721622	-17.5218448638916	124.0
8271	-4.685659131218857	-2.6431321352544908	-17.42966079711914	124.0
8291	-4.631798010075633	-2.3859796934133963	-17.60633659362793	124.0
8313	-4.271924458223791	-2.3026909423288737	-17.379831314086914	124.0
8331	-4.271924458223791	-2.3026909423288737	-17.379831314086914	124.0
8351	-4.1947141105248225	-2.2839911150008065	-17.10968017578125	124.0
8372	-4.1947141105248225	-2.2839911150008065	-17.10968017578125	124.0
8388	-4.292438771280593	-2.3911004043705284	-17.06441879272461	124.0
8408	-4.19621176218665	-2.3235046470266876	-17.065942764282227	124.0
8427	-3.9457591300539163	-2.521126295902247	-16.86712646484375	124.0
8447	-3.7909225561156354	-2.541958311829322	-16.92291831970215	124.0
8466	-3.8930678895340183	-2.4648388861842374	-16.959980010986328	124.0
8486	-3.787782219559232	-2.5317600417193002	-16.971698760986328	124.0
8505	-3.721615895421373	-2.282570014654455	-16.856983184814453	130.0
8525	-3.8017869616769486	-2.5340848576569175	-16.939157485961914	130.0
8545	-3.58697814740043	-2.29048510594979	-17.059011459350586	130.0
8564	-3.8826149921458613	-2.396508651275479	-17.14786148071289	130.0
8583	-3.815301311979147	-2.2031526497212757	-17.393505096435547	130.0
8603	-3.938421091167288	-2.18105195412254	-17.41315269470215	130.0
8622	-4.006341738511189	-2.255204133371724	-17.21784019470215	130.0
8642	-4.372112769358506	-2.1741323827853183	-17.1994571685791	130.0
8661	-4.377420280128131	-2.209094374577906	-17.32176399230957	130.0
8680	-4.332246160314937	-1.9257280614219705	-17.435949325561523	130.0
8699	-4.457419392787093	-2.1025365312989255	-17.459396362304688	130.0
8719	-4.420998940487088	-2.1248635629775747	-17.477092742919922	130.0
8739	-4.263987193647858	-2.2876610289410957	-17.508268356323242	122.0
8758	-4.272877528924494	-2.6239218260427033	-17.623552322387695	122.0
8777	-4.2280419728067855	-2.5613267930023986	-17.8336181640625	122.0
8797	-4.170743790183286	-2.312043679430215	-17.965343475341797	122.0
8816	-3.9636467198230445	-2.0467388886820412	-17.88142204284668	122.0
8835	-3.8998160170138356	-2.2671913184988868	-18.013248443603516	122.0
8856	-3.7955885892393186	-2.238378075597268	-17.960962295532227	122.0
8875	-4.055267519323137	-2.3999856978917613	-17.97287940979004	122.0
8894	-4.155102328887032	-2.450308813514021	-17.86385154724121	122.0
8913	-4.279065548217545	-2.540352783731047	-17.854982376098633	122.0
8933	-4.535377651934448	-2.6572863604160055	-17.58945655822754	122.0
8953	-4.489742304217978	-2.7105660698390897	-17.584548950195312	122.0
8974	-4.650316245796989	-2.600849905090541	-17.752910614013672	122.0
8991	-3.9668758130285617	-2.9709633044033263	-17.73379135131836	122.0
9011	-4.57960541735585	-2.761267410674435	-17.61000633239746	122.0
9033	-5.140988617737372	-1.8522714785904233	-17.4589900970459	122.0
9051	-5.140988617737372	-1.8522714785904233	-17.4589900970459	122.0
----------------도착----------------
9071	-4.989782426708923	-2.2884371436910005	-17.320302963256836	122.0
9090	-4.989782426708923	-2.2884371436910005	-17.320302963256836	122.0
9108	-4.090580994841669	-2.4296889594413225	-17.611955642700195	122.0
9127	-5.632478365104688	-1.6718223990786263	-17.378684997558594	122.0
9148	-5.346058307505944	-2.26496156880769	-17.346786499023438	122.0
9166	-5.228673234436026	-2.4672539711813544	-17.361515045166016	122.0
9186	-4.969590222240421	-2.35070398366488	-17.69896125793457	122.0
9205	-4.910473935194323	-2.510440574095399	-17.78879165649414	122.0
9225	-4.68843824770116	-2.2698082180731514	-18.040058135986328	122.0
9244	-4.657895009565492	-2.3768953256459486	-17.900367736816406	122.0
9264	-4.366757321356208	-2.3392686942470604	-17.665088653564453	122.0
9283	-3.8357547429191023	-2.3621025674998366	-17.714414596557617	122.0
9303	-3.8287984409885025	-2.0821603051889706	-17.572898864746094	122.0
9322	-3.496026765696269	-2.166732855481977	-17.566757202148438	122.0
9341	-3.247605370833998	-1.9677119242674022	-17.238780975341797	122.0
9361	-3.2451479744449023	-2.0450619676527113	-17.195619583129883	122.0
9380	-3.283549311928623	-2.1679115119254107	-17.35618782043457	122.0
9400	-3.23669319581807	-1.8291117594160364	-17.613292694091797	122.0
9419	-3.5457513332844606	-1.9489011931756566	-17.782474517822266	122.0
9439	-3.9514957543451352	-2.074025892450969	-17.52281951904297	122.0
9458	-3.8692351778761447	-2.1213683213820933	-17.809385299682617	125.0
9478	-4.036112951825815	-2.0163546919357263	-18.041309356689453	125.0
9497	-4.257023940004388	-2.1965105057147025	-18.198030471801758	125.0
9516	-4.2314051604315965	-2.2034514907118976	-18.239013671875	125.0
9538	-4.3386808842882845	-2.2514617064413303	-18.052824020385742	125.0
9555	-4.269691511132282	-2.2550780183738226	-18.170501708984375	125.0
9575	-4.323020078760165	-2.100802323460219	-18.28386688232422	125.0
9594	-3.9928448259636733	-1.9882709729160915	-18.56018829345703	125.0
9613	-4.069275439047901	-2.1462377100208854	-18.63058090209961	125.0
9633	-4.185525305735386	-1.8207248897504158	-18.492603302001953	125.0
9653	-4.039215596798283	-1.8214298828985072	-18.805421829223633	125.0
9672	-4.121381392547133	-1.656756831715017	-18.967674255371094	125.0
9691	-4.007487496912328	-1.5550773407080274	-19.044692993164062	125.0
9711	-4.1315456108087405	-1.3102857468181741	-19.029476165771484	133.0
9732	-4.387391468267844	-1.0232329670559113	-18.98416519165039	133.0
9752	-4.715650140459524	-1.3643660924576526	-18.872909545898438	133.0
9771	-4.715650140459524	-1.3643660924576526	-18.872909545898438	133.0
9789	-4.673218610859309	-1.4932591985976527	-18.741558074951172	133.0
9808	-4.394938269704074	-1.9102614857755496	-18.83720588684082	133.0
9827	-4.67564205686272	-1.9669202315134175	-18.660123825073242	133.0
9847	-4.685452463337513	-2.0493669635964875	-18.631975173950195	133.0
9866	-4.770578931464701	-2.3505962976753936	-18.55345916748047	133.0
9887	-4.710764562015453	-2.45556794687429	-18.483200073242188	133.0
9905	-4.402736219112116	-2.6425998389288012	-18.388248443603516	133.0
9925	-4.374465910456898	-2.5157772286606708	-18.5526123046875	133.0
9944	-4.537816645103964	-2.3012184402841607	-18.673124313354492	129.0
9964	-4.649009766454351	-2.1493122916873912	-18.502822875976562	129.0
9984	-4.746283148272219	-2.16694649959833	-18.458765029907227	129.0
10002	-4.428615303469945	-2.3327102310177237	-18.242591857910156	129.0
10022	-4.406171489342132	-2.275999331906036	-18.333293914794922	129.0
10042	-4.379059876332985	-2.294188743623004	-18.185562133789062	129.0
10061	-4.552092871999213	-2.1235298104073355	-17.996532440185547	129.0
10080	-4.585230558751173	-2.1182572679311003	-17.88350486755371	129.0
10099	-4.269422277581419	-1.9531085631724832	-17.653888702392578	129.0
10120	-4.379390363265348	-2.075954069644623	-17.73937225341797	129.0
10139	-4.09921094013535	-2.3889957634669683	-17.70745849609375	129.0
10158	-4.387027643200398	-2.535296324383248	-17.794208526611328	129.0
10177	-4.471956209426512	-2.4633225115787782	-17.54769515991211	125.0
10197	-4.72114442441532	-2.707781854610317	-17.686199188232422	125.0
10216	-4.734917222190252	-2.5503332853050003	-17.994796752929688	125.0
10236	-4.701547408158355	-2.5402037772852903	-18.080259323120117	125.0
10255	-4.530599146391831	-2.305575288651768	-18.08281707763672	125.0
10274	-4.532358257176018	-2.0449507305438983	-17.883005142211914	125.0
10294	-4.667185744290836	-1.884397115463785	-18.111385345458984	125.0
10313	-4.568969879494585	-1.7494765331982447	-18.06964111328125	125.0
10334	-4.463754605805379	-1.9333748551400591	-18.065202713012695	125.0
10353	-4.4138198948238925	-1.5482511222781496	-17.978931427001953	125.0
10372	-4.604934093807438	-1.5621065988878038	-17.862899780273438	125.0
10391	-4.601287789528818	-1.6256468177116465	-17.767154693603516	125.0
10411	-4.739359172115092	-1.8993565028083736	-17.712390899658203	125.0
10431	-4.920357376726261	-2.2515369910252008	-17.887163162231445	125.0
10451	-4.544130816556711	-2.0452991318129428	-17.57765007019043	125.0
10471	-4.544130816556711	-2.0452991318129428	-17.57765007019043	125.0
10489	-4.68947118186036	-2.2220796678804695	-17.538774490356445	125.0
10508	-4.574621993518174	-2.4911694748525615	-17.752443313598633	125.0
10528	-4.51664671897343	-2.643148865097921	-17.921058654785156	125.0
10547	-4.654021870694786	-2.4241807409150335	-17.99729347229004	125.0
10568	-4.498072011347653	-2.388598398894575	-17.954923629760742	125.0
10586	-4.431928472183903	-2.5505982678030263	-18.29682731628418	125.0
10606	-4.282429478582433	-2.341879036611259	-18.385818481445312	125.0
10625	-4.513746898560238	-2.430730405528568	-18.562788009643555	125.0
10645	-4.488785769183211	-2.123851448031107	-18.531225204467773	125.0
10663	-4.534634558163932	-1.9051412492955517	-18.501262664794922	127.0
10684	-4.351783505233297	-2.034887263194491	-18.349878311157227	127.0
10703	-4.216048027396855	-2.198840871584619	-18.398826599121094	127.0
10722	-4.262183320262152	-2.144235310503843	-18.582134246826172	127.0
10741	-4.569224993895681	-2.248524344762015	-18.303728103637695	127.0
10761	-4.571096123480103	-2.271781357069102	-18.302982330322266	127.0
10780	-4.427783154908239	-2.4038016497150556	-18.25726318359375	127.0
10800	-4.297020509705068	-2.563433858096755	-18.048282623291016	127.0
10820	-4.467307119602243	-2.695453023033571	-17.979780197143555	127.0
10839	-4.437197607008769	-2.8164028941923154	-18.290969848632812	127.0
10858	-4.235340996724602	-2.869789658026029	-18.283885955810547	127.0
10877	-4.256260807389123	-2.793660484198384	-18.284828186035156	127.0
10897	-4.181149767804759	-2.598689526576932	-18.255783081054688	134.0
10917	-4.180866422417065	-2.6499677876665997	-18.17935562133789	134.0
10936	-4.169285273280825	-2.5671875310584853	-18.380769729614258	134.0
10955	-4.277935240016573	-2.4700585348661144	-18.634246826171875	134.0
10974	-4.390777092051263	-2.2300684511216997	-18.584421157836914	134.0
10994	-4.429334183620645	-2.188474506235436	-18.470802307128906	134.0
11013	-4.662044520670183	-2.4684877288541824	-18.186983108520508	134.0
11033	-4.755298032500136	-2.3867552402442462	-18.086164474487305	134.0
11053	-4.700179046378003	-2.3975587176146758	-18.11847496032715	134.0
11072	-4.631172891352443	-2.3879537042166907	-18.000751495361328	134.0
11091	-4.596333357268589	-2.4468755841083945	-17.79914665222168	134.0
11111	-4.374409176002637	-2.1713016645545857	-17.870176315307617	134.0
11132	-4.164992368023316	-2.2362611055986767	-18.00396728515625	133.0
11151	-4.103599432720586	-2.0754984592635375	-17.751815795898438	133.0
11171	-3.9886954668357477	-1.8943000006184219	-17.87374496459961	133.0
11189	-3.9886954668357477	-1.8943000006184219	-17.87374496459961	133.0
11208	-4.289414680532657	-1.7608837999431393	-17.73672866821289	133.0
11227	-4.348330425353366	-1.819486004005239	-17.747732162475586	133.0
11247	-4.172099859297836	-1.7439951245304832	-17.999923706054688	133.0
11267	-4.192303515263278	-1.8159668137328782	-18.02085304260254	133.0
11286	-4.511210537513757	-1.8885070443452692	-18.047935485839844	133.0
11305	-4.6022661807804335	-1.7791541308227967	-18.161720275878906	133.0
11325	-4.572460129014126	-2.0595071416305726	-18.27280044555664	133.0
11344	-4.921261143195849	-2.2402358993726477	-18.33455467224121	133.0
11364	-4.765394516442424	-2.557213236717463	-18.4390869140625	133.0
11383	-4.659945836642611	-2.71211836084663	-18.462793350219727	128.0
11403	-4.512469460101389	-2.801812732005742	-18.352075576782227	128.0
11422	-4.4428922200754375	-2.563728531612598	-18.461334228515625	128.0
11441	-4.195004522216429	-2.8813840255679946	-18.254150390625	128.0
11461	-4.14410850227913	-2.893525905222563	-18.298084259033203	128.0
11481	-4.055391174388031	-2.9139843527411307	-18.58652687072754	128.0
11501	-3.725183647037419	-2.7382765596972387	-18.70124053955078	128.0
11519	-3.60952460645462	-2.483530719498502	-18.61382484436035	128.0
11539	-3.594225494266221	-2.2935322075713866	-18.65142250061035	128.0
11558	-3.871811777115219	-2.4299589072717636	-18.54515838623047	128.0
11578	-3.628957203836188	-2.657027343940837	-18.353065490722656	128.0
11597	-3.7615935831392977	-2.5134426786813107	-18.592483520507812	128.0
11617	-3.8732405015326137	-2.3401409414605503	-18.002849578857422	129.0
11636	-4.0528177738987194	-2.2235770128209063	-17.907833099365234	129.0
11655	-4.046982933183836	-2.140508839611182	-17.651649475097656	129.0
11675	-4.185479585614827	-2.407655926893586	-17.85338592529297	129.0
11695	-4.132336427488167	-2.2318819766944817	-17.983173370361328	129.0
11714	-3.9240646866142885	-2.174221891384989	-17.852720260620117	129.0
11733	-4.266839962152531	-2.3612404419872535	-17.91814613342285	129.0
11753	-3.924871789008621	-2.367013710821177	-17.70709800720215	129.0
11772	-3.894952423375397	-2.4358391456883592	-17.93285369873047	129.0
11792	-3.6660390799130447	-2.4167794073308677	-17.908618927001953	129.0
11811	-3.748340458677085	-2.3560733159743497	-17.91777801513672	129.0
11832	-3.7339533951351647	-2.364397586696727	-17.722015380859375	129.0
11852	-3.994824137088438	-2.5602898110114145	-17.6026668548584	132.0
11871	-4.3389034184246045	-2.5912547513460553	-17.795745849609375	132.0
11891	-4.069720683627126	-2.628500465271741	-17.742595672607422	132.0
11908	-4.069720683627126	-2.628500465271741	-17.742595672607422	132.0
11928	-4.174604544876209	-2.4667310661457686	-18.01014518737793	132.0
11947	-4.161239332687375	-2.496960510288463	-18.097396850585938	132.0
11967	-4.163266385319526	-2.6578297954467165	-18.036823272705078	132.0
11987	-4.222947817394223	-2.803535409217001	-18.06199836730957	132.0
12006	-4.196481947123125	-2.4896847519614136	-18.094892501831055	132.0
12025	-4.193179970289825	-2.3912138199626183	-18.28675651550293	132.0
12047	-3.8369831163857104	-2.5154834388522715	-18.128129959106445	132.0
12064	-3.8832086205933014	-2.495797409234062	-18.259445190429688	132.0
12084	-3.926263506695764	-2.293078791171304	-18.22800636291504	132.0
12103	-4.135081324774871	-2.185381362503072	-18.312786102294922	137.0
12123	-4.506996534772153	-2.1306670120591544	-18.26055335998535	137.0
12142	-4.285276060019406	-2.2208798550290156	-18.394325256347656	137.0
12164	-4.654915529554567	-2.455823231002766	-18.345712661743164	137.0
12181	-4.930050512457203	-2.4611432306285725	-18.148279190063477	137.0
12200	-5.092817043199759	-2.3316995815350903	-18.24977684020996	137.0
12220	-4.9783842873635376	-2.2284085006667516	-18.22541046142578	137.0
12239	-4.953908733672623	-2.4731935181241615	-18.208986282348633	137.0
12259	-4.8145648559865375	-2.687837512810886	-18.415746688842773	137.0
12279	-4.629133702645841	-2.7584448765749348	-18.184226989746094	137.0
12298	-4.78884646876301	-2.6543790919653154	-18.126422882080078	137.0
12317	-4.369647597465939	-2.584424712343171	-18.063764572143555	137.0
12337	-4.262859947188566	-2.261055179921689	-18.089563369750977	137.0
12356	-4.123912667458617	-2.448302494065279	-18.18403434753418	137.0
12375	-4.21760834092885	-2.5701753104952787	-18.18937110900879	137.0
12396	-4.150122048049781	-2.4358238313618124	-17.878555297851562	137.0
12414	-4.368203366676667	-2.2055208594183555	-17.627138137817383	137.0
12434	-4.586080594802593	-1.9933100129858603	-17.784042358398438	137.0
12454	-4.552137058478384	-2.3726538917180653	-17.672060012817383	137.0
12473	-4.816736588759745	-2.521278303181363	-17.752830505371094	137.0
12492	-5.095209065312255	-2.9703579231198614	-17.444751739501953	137.0
12512	-5.066422978721819	-3.048562273998875	-17.36337661743164	137.0
12532	-5.164918989401845	-3.5329706088568185	-17.103479385375977	137.0
12552	-4.960427096143361	-3.5254822524398346	-17.498106002807617	137.0
12572	-4.960427096143361	-3.5254822524398346	-17.498106002807617	137.0
12591	-4.448504611710925	-3.4317229056971237	-17.620319366455078	139.0
12610	-4.448504611710925	-3.4317229056971237	-17.620319366455078	139.0
12628	-4.357880379147145	-2.999499301130188	-17.76462745666504	139.0
12648	-4.017805611450029	-3.398315651522937	-17.50176429748535	139.0
12667	-4.254937964795261	-3.2604226025744776	-17.56237030029297	139.0
12687	-4.1588958698011576	-3.009372661688217	-17.729829788208008	139.0
12706	-4.400163369155622	-2.5400809279198886	-17.900901794433594	139.0
12725	-4.429849253442296	-1.84680140511207	-17.88901710510254	139.0
12745	-4.70246791333943	-1.5046692997915634	-17.5895938873291	139.0
12765	-4.6905325415854895	-1.2534516591941758	-17.7030029296875	139.0
12784	-4.692844168181773	-1.250864755642985	-17.727783203125	139.0
12803	-4.569323302718018	-0.6162214281867893	-17.939592361450195	139.0
12823	-5.000961873291445	-0.4030378344992564	-17.996585845947266	147.0
12843	-5.001429102654718	0.133037678298387	-18.127273559570312	147.0
12861	-4.801899806035985	0.2606926877475249	-18.16935920715332	147.0
12882	-4.637401545813915	0.027068652167816773	-18.308103561401367	147.0
12900	-4.367065298985815	-0.2390361416493656	-18.6914119720459	147.0
12921	-5.2805171532204715	-0.5021486166921311	-18.538116455078125	147.0
12940	-5.848757627410249	-0.5372229601735512	-18.489768981933594	147.0
