4	22.037367557366593	-15.19671978498202	-30.551488876342773	217.0
24	23.008768296714184	-16.544093228852002	-28.977767944335938	217.0
43	22.168155245399547	-15.872942575863938	-29.776195526123047	217.0
63	21.339356175595118	-15.67788953533966	-30.300537109375	217.0
84	20.967463164841746	-15.539726723484717	-30.78563117980957	217.0
102	20.85726209759421	-15.756494793277012	-30.806591033935547	217.0
124	21.054780199701522	-16.027286495677977	-30.380882263183594	217.0
141	21.338018732628598	-15.932770598160973	-29.885499954223633	217.0
160	21.511041264780495	-15.65208122326723	-29.75165557861328	217.0
180	21.616990632143462	-15.555288084620312	-29.703968048095703	217.0
199	22.00455859628183	-15.760802321577213	-29.603546142578125	217.0
218	22.551535012852764	-15.883033331190216	-29.462947845458984	217.0
239	22.898549857400575	-15.906103345928585	-29.19237518310547	217.0
257	22.61302195497725	-15.706203983516058	-29.55426597595215	217.0
277	21.546628301803988	-14.807209933186446	-30.836151123046875	217.0
296	19.966694364509607	-14.324942523139185	-32.17291259765625	217.0
316	20.2533261926955	-14.485183251161997	-32.1859130859375	217.0
335	21.709996061675117	-14.899718013692638	-31.283676147460938	217.0
355	22.192529588889638	-15.381746186526973	-30.830671310424805	217.0
374	21.78269437996248	-15.650012049545104	-30.688465118408203	217.0
393	21.62610762246129	-15.762216871396928	-30.811182022094727	217.0
413	21.51828373811067	-15.751137700307549	-30.632041931152344	217.0
434	21.30879043417749	-15.705842922827946	-30.938085556030273	217.0
452	21.569249823041925	-15.786522048361801	-31.035499572753906	217.0
472	21.706913507281637	-16.05748098310815	-31.070125579833984	217.0
492	21.488042504627767	-16.09155844573578	-30.93052864074707	217.0
511	21.460608198024836	-15.919573372891694	-30.776100158691406	217.0
530	21.57004737912617	-15.758570633211079	-30.76263999938965	217.0
551	21.660749049151978	-15.739495320042964	-30.600231170654297	217.0
568	21.66941477078501	-15.722186557848014	-30.657716751098633	217.0
589	21.672870911507026	-16.031004575643603	-30.36241912841797	217.0
607	21.81766716319641	-16.219785026973106	-30.00714111328125	217.0
627	21.922850919528127	-16.019407659701905	-29.740612030029297	217.0
647	22.07628093830886	-16.00813703167031	-29.74713897705078	217.0
667	21.928028641768236	-16.277670797921147	-29.829952239990234	217.0
689	21.85843043898365	-16.64801472140707	-29.749601364135742	217.0
705	21.85843043898365	-16.64801472140707	-29.749601364135742	217.0
725	21.79078739169373	-16.7904968885472	-29.746610641479492	217.0
746	21.73298898757355	-16.312314745922627	-30.07894515991211	217.0
763	21.64466105363617	-16.08991682252139	-30.469755172729492	217.0
783	21.576567119699092	-15.970695300166318	-30.418203353881836	217.0
805	21.674581943463746	-15.982824207499844	-30.712783813476562	217.0
822	21.66762703879493	-15.99538756614073	-30.98625946044922	217.0
842	21.855503455847916	-15.875247322776096	-30.97654914855957	217.0
860	21.69812731662756	-15.699474381989138	-30.9848690032959	217.0
880	21.63390415574326	-15.614994827908198	-31.033586502075195	217.0
900	21.775767865693478	-15.774509759056986	-30.726499557495117	217.0
920	22.069216999554957	-15.797668958364081	-30.616193771362305	217.0
938	21.80604046710879	-16.04568299657131	-30.723630905151367	217.0
958	21.538187410754524	-16.244782663792826	-30.54672622680664	217.0
977	21.734589275910036	-16.39714580872481	-30.328655242919922	217.0
997	21.77992996499479	-16.29580319351028	-30.295129776000977	217.0
1016	21.849172348431367	-16.192653848998507	-30.35955047607422	217.0
1038	21.636960366446427	-16.237412815551505	-30.35141944885254	217.0
1055	21.692215551952184	-16.151675382475684	-30.527729034423828	217.0
1075	21.729253792818678	-15.950145066238262	-30.098472595214844	217.0
1094	21.943798193604216	-15.784346867965244	-30.253982543945312	217.0
1114	21.968889322235334	-15.836927643113912	-30.17832374572754	217.0
1133	21.984140972656576	-15.961996666183225	-30.1383113861084	217.0
1152	21.926117347192022	-15.945475402233221	-30.114282608032227	217.0
1173	21.970662035942787	-15.810424713746949	-30.16815948486328	217.0
1192	21.843112341979463	-15.700096226058502	-30.196264266967773	217.0
1212	21.564734938322662	-15.753548388830133	-30.391225814819336	217.0
1231	21.578187643058822	-15.992039215563993	-30.4499568939209	217.0
1250	21.475616907064893	-15.964885856829643	-30.467758178710938	217.0
1269	21.415135326448965	-16.005835140390918	-30.70125389099121	217.0
1291	21.287097393088743	-16.09604902656728	-30.426864624023438	217.0
1310	21.420034852959546	-16.01706964007826	-30.369047164916992	217.0
1327	21.602408960265535	-16.204921024624856	-30.23402214050293	217.0
1347	21.711109679733948	-16.025613158864743	-30.328500747680664	218.0
1367	21.552142725773006	-16.014897369004157	-30.49516487121582	218.0
1387	21.595351795267316	-16.015662549682432	-30.427898406982422	218.0
1405	21.595351795267316	-16.015662549682432	-30.427898406982422	218.0
1426	21.517228685445318	-15.587692522248428	-30.716951370239258	218.0
1445	21.517228685445318	-15.587692522248428	-30.716951370239258	218.0
1463	21.718624897003163	-15.121269181347255	-30.79914093017578	218.0
1483	21.65356839168525	-15.600265330228135	-30.514860153198242	218.0
----------------출발----------------
1503	21.90705575616943	-16.181209360239553	-30.05329132080078	218.0
1521	22.02226921506708	-16.392168839052292	-29.917804718017578	218.0
1542	21.712697718052173	-15.532517153574133	-30.527671813964844	218.0
1561	21.177292858233447	-15.098547416659525	-31.008203506469727	219.0
1581	21.07239948716981	-15.433753900667865	-30.71163558959961	219.0
1600	21.188404640682847	-15.755575901059526	-30.08475685119629	219.0
1619	21.28714877576646	-16.13293513186252	-29.904804229736328	219.0
1640	21.613172629806318	-15.801338565423308	-29.961069107055664	219.0
1659	21.69001374288522	-15.818684863194092	-29.784608840942383	219.0
1678	21.45722762735822	-15.784641132819678	-29.982458114624023	219.0
1696	21.252565725233808	-15.76067315948864	-30.008790969848633	219.0
1717	21.377366161232317	-15.829621369431289	-30.03119468688965	219.0
1736	21.570934787206046	-15.916787203589704	-29.94097328186035	219.0
1756	21.63554999536976	-16.254107120579512	-29.853145599365234	220.0
1775	21.652341577801256	-16.14038504377254	-29.750102996826172	220.0
1795	21.441612243814784	-16.03355626341123	-29.993946075439453	220.0
1814	21.168001505658864	-15.869920834626965	-30.046710968017578	220.0
1834	21.46066881555971	-15.73963490387157	-30.105148315429688	220.0
1852	21.321698353254597	-15.652464099434123	-30.08514404296875	220.0
1873	21.227616815267613	-15.773549397417693	-29.890348434448242	220.0
1893	21.34103359912558	-15.461438444726284	-29.89673614501953	220.0
1912	21.54030391813479	-15.200379477450062	-30.000391006469727	220.0
1931	21.44288399904932	-15.206018910458273	-30.435457229614258	220.0
1950	21.264219862141235	-15.445381368044954	-30.268409729003906	221.0
1970	21.444534342808904	-15.49841916847218	-30.303895950317383	221.0
1990	21.485822882659928	-15.412110934576283	-30.14188575744629	221.0
2010	21.596348931178138	-15.20248199276051	-30.11089324951172	221.0
2029	21.81267174718132	-15.020993771347527	-30.456729888916016	221.0
2048	21.741758222797266	-15.096648420662042	-30.624711990356445	221.0
2066	21.494650283233852	-14.942001513082937	-30.72960090637207	221.0
2087	21.42792399020318	-14.355924790110071	-30.835922241210938	221.0
2109	21.58445704896419	-14.057900325631664	-31.054706573486328	221.0
2126	21.58445704896419	-14.057900325631664	-31.054706573486328	221.0
2146	21.6598451909468	-14.230547401590597	-30.83989906311035	220.0
2166	21.22076712076186	-14.286385244680876	-31.27348518371582	220.0
2185	21.22076712076186	-14.286385244680876	-31.27348518371582	220.0
2204	21.243703613975285	-14.203195375471882	-31.012901306152344	220.0
2224	21.244355466509766	-14.25039165214421	-30.75118637084961	220.0
2242	21.131851318187177	-14.483857357059138	-30.752416610717773	220.0
2262	20.72124610585464	-14.78360161661508	-30.715675354003906	220.0
2281	20.13999945158182	-14.86976964838584	-30.896501541137695	220.0
2301	19.684296322087395	-15.124906402066257	-30.812721252441406	220.0
2320	19.787828058106093	-14.923970141968857	-30.614818572998047	220.0
2339	19.66054019251091	-14.800244205289628	-30.672388076782227	220.0
2359	19.34396862632596	-14.521240382921567	-30.965938568115234	220.0
2378	19.315325625638017	-14.354544480583957	-31.151351928710938	220.0
2398	19.295767441854736	-14.271420523109944	-30.981884002685547	220.0
2418	19.008582186071326	-13.967353150114576	-31.23513412475586	220.0
2436	18.643036575143764	-13.827197085713502	-31.509916305541992	220.0
2458	19.213268474766878	-13.813928935881993	-31.624000549316406	220.0
2477	19.825322528062568	-13.962981833504823	-31.45287322998047	220.0
2495	20.140014408720102	-13.99180942643268	-31.634584426879883	220.0
2514	19.78961608343852	-14.109485051278549	-31.996570587158203	220.0
2534	19.926572173393147	-14.444479329804455	-31.790817260742188	220.0
2554	19.910474196048906	-14.356123522227369	-32.16999435424805	220.0
2575	19.922169236357483	-14.318264520676784	-32.39091491699219	220.0
2593	19.829857271583496	-14.006466319197045	-32.5650520324707	220.0
2611	19.562883525873254	-13.788404852057344	-32.5185546875	220.0
2631	19.394364178455668	-13.831332476347363	-32.44184875488281	220.0
2651	19.457119409808705	-13.838662388564329	-32.15824508666992	220.0
2671	19.980132952776376	-13.927676664329907	-31.682453155517578	220.0
2689	19.973367026114946	-13.68665914726183	-31.66289520263672	220.0
2710	20.070175249993582	-13.386868125458623	-31.56492042541504	220.0
2729	19.637045600281564	-13.359867656977	-31.656932830810547	220.0
2748	19.508360909306184	-13.444015184678696	-31.579660415649414	219.0
2767	19.924262393129442	-13.024425609593798	-31.75932502746582	219.0
2787	19.764284940998863	-12.538651119077414	-32.24284362792969	219.0
2807	19.270051355754077	-12.27555005419448	-32.697059631347656	219.0
2829	18.81825463931202	-12.242688843137469	-32.89274597167969	219.0
2846	18.81825463931202	-12.242688843137469	-32.89274597167969	219.0
2865	19.22617062149618	-12.458089193633748	-32.78496170043945	219.0
2885	19.081021106676232	-13.246297331857214	-32.47334289550781	219.0
2904	19.153838465670525	-13.395306331715645	-32.3602180480957	219.0
2922	19.286387269095616	-13.06983886342448	-32.37467956542969	219.0
2943	18.75000374905493	-13.239044290109883	-32.324588775634766	219.0
2961	18.589253761564425	-13.051428036498757	-32.230506896972656	218.0
2982	19.036157468546868	-12.799659220297835	-31.659719467163086	218.0
3002	19.408362305142237	-12.711109307223712	-31.513946533203125	218.0
3021	18.413005807004364	-13.324487298535816	-31.543853759765625	218.0
3040	17.30470809513076	-13.550842892751598	-31.804271697998047	218.0
3061	17.029415330836084	-12.779735702290704	-32.39535140991211	218.0
3079	16.680110804217737	-12.010243121769431	-33.043949127197266	218.0
3099	16.243397045588893	-11.388582709168618	-33.446956634521484	218.0
3118	15.990592399881876	-11.069050117729695	-33.539066314697266	218.0
3138	16.023591075876066	-10.74051027886026	-33.86289978027344	218.0
3157	15.886078973183118	-11.27032231066074	-33.839908599853516	216.0
3176	16.12642745261701	-11.909142206555474	-33.55171203613281	216.0
3196	16.535983543847127	-11.932855199536853	-33.588966369628906	216.0
3216	16.602820340931064	-11.64397563749903	-33.50450897216797	216.0
3235	16.241467072455062	-11.64228752862412	-33.492942810058594	216.0
3255	15.989825717938835	-11.545348584157306	-33.85749053955078	216.0
3274	15.925709778377605	-10.834220067766404	-34.199012756347656	216.0
3297	15.93196143884924	-10.55740429438047	-34.27808380126953	216.0
3313	15.964692132828615	-10.50247813250496	-34.21717834472656	216.0
3333	15.543525064662598	-10.419166984766012	-34.52330017089844	216.0
3352	15.4062803908341	-10.094265457649419	-34.53046798706055	215.0
3373	15.077483573506395	-10.03532583929854	-34.438720703125	215.0
3392	14.875838328815783	-9.93069585468469	-34.59615707397461	215.0
3412	14.837205572479716	-9.66180618615104	-34.64112854003906	215.0
3430	15.026997578457005	-9.202511051909521	-34.456573486328125	215.0
3450	14.920156318396854	-9.30097215092706	-34.49077606201172	215.0
3469	14.544706470345345	-9.54026638746084	-34.38782501220703	215.0
3488	14.10936861776063	-9.524212022298931	-34.40402603149414	215.0
3508	14.137002649151617	-9.344761972340972	-34.605525970458984	215.0
3528	13.797029556470383	-9.689645373935416	-34.83826446533203	215.0
3547	13.797029556470383	-9.689645373935416	-34.83826446533203	215.0
3567	13.606535038913746	-9.688013819161412	-34.94960021972656	214.0
3586	13.508874889483302	-9.439734333094203	-34.89699172973633	214.0
3605	13.362037349912336	-9.481627454433461	-34.994842529296875	214.0
3625	13.302430356062674	-9.564719060321146	-34.91215133666992	214.0
3644	13.201795893879545	-9.631051249742656	-34.904361724853516	214.0
3665	12.795542657290854	-9.590563467109995	-34.99540328979492	214.0
3682	12.342602872628149	-9.474723256597294	-35.062862396240234	214.0
3703	12.578929135243557	-9.360670367664309	-35.02728271484375	214.0
3722	12.781656666573465	-9.304934809157414	-34.73685073852539	214.0
3740	12.681291165758703	-9.102299175799805	-34.814117431640625	214.0
3760	12.231066043661484	-8.922712853289084	-34.9866828918457	214.0
3784	12.295101764431559	-8.4890974585869	-35.02108383178711	214.0
3800	12.515160202905111	-8.33876737233815	-34.897212982177734	214.0
3819	12.354385681939391	-8.55746608436063	-34.62190246582031	214.0
3838	12.011722107404958	-8.734601627561833	-34.81352996826172	214.0
3858	11.754592498582253	-8.551128862744775	-34.837100982666016	214.0
3877	11.68355704741084	-8.626614451953149	-34.861202239990234	214.0
3895	11.752614976249061	-8.941247791679475	-34.560523986816406	214.0
3917	11.711751116669692	-8.861042644002415	-34.639041900634766	214.0
3935	11.310491681163578	-8.816127880145164	-34.6778564453125	214.0
3955	10.912610590220748	-8.862966742012583	-34.75949478149414	214.0
3974	10.810892362192702	-8.828777585744044	-35.01277160644531	214.0
3995	10.795158258477771	-8.775188876177449	-34.839111328125	214.0
4014	10.6577435971091	-8.757453693013783	-34.68949890136719	214.0
4034	10.50777799239871	-8.58411232346613	-34.64128494262695	214.0
4052	10.195257620519467	-8.461669533585432	-34.43692398071289	214.0
4072	10.077866292973521	-8.759492292796622	-34.2327880859375	214.0
4091	9.947713098576436	-8.642111918397886	-34.04623794555664	214.0
4111	9.978268004825345	-8.311673268172415	-33.7757568359375	214.0
4132	9.79997184453014	-8.37023130173785	-33.54522705078125	214.0
4149	9.573919535393069	-8.546001348258171	-33.46997833251953	214.0
4169	9.504504671067146	-8.502048337258922	-33.310367584228516	214.0
4188	9.467552290444573	-8.34460768235825	-33.21217346191406	214.0
4208	9.345357709579837	-8.250319512031167	-33.47003173828125	214.0
4227	8.886279456602612	-8.203979539162317	-33.326515197753906	214.0
4248	8.948181660102927	-8.399744292759657	-33.07217025756836	214.0
4272	8.948181660102927	-8.399744292759657	-33.07217025756836	214.0
4286	8.998879347711746	-8.893911776468894	-32.69313049316406	214.0
4306	8.690246415157917	-8.59147039028889	-32.34514236450195	214.0
4325	8.690246415157917	-8.59147039028889	-32.34514236450195	214.0
4345	8.801507777483884	-8.757334271333935	-32.31793975830078	214.0
4364	8.855769720275138	-8.79887421083366	-32.12904357910156	215.0
4387	8.678655289042723	-8.566918498404354	-31.870634078979492	215.0
4402	8.588979491864729	-8.383024368838745	-31.821271896362305	215.0
4422	8.228254614424948	-8.231184434670665	-31.603862762451172	215.0
4441	8.304501095290373	-8.239998080354457	-31.24488639831543	215.0
4461	8.534597566499949	-8.243716523766475	-31.00794219970703	215.0
4480	8.413078300508714	-8.146150032065227	-31.00870704650879	215.0
4503	8.120745617792123	-8.051722737095139	-30.584489822387695	215.0
4519	7.9250049582486755	-8.10978009908215	-30.120635986328125	215.0
4539	7.702604958684798	-8.690578798416048	-29.726903915405273	215.0
4558	7.438216250938666	-8.712116823250648	-29.408077239990234	215.0
4577	7.49829916822264	-8.887219445733214	-29.1855525970459	215.0
4597	7.355322745818109	-9.256674301223658	-28.89942169189453	215.0
4621	7.27723469406411	-9.51977622228634	-28.52663803100586	215.0
4636	7.791064991459523	-9.556299464893788	-27.901636123657227	215.0
4655	8.141222992171874	-8.55764731377166	-27.984209060668945	215.0
4675	7.662455563163113	-7.939282295507415	-28.14476203918457	215.0
4695	7.279555091846513	-7.605439526272317	-28.235279083251953	215.0
4714	7.948222470967549	-7.719172016831388	-27.720680236816406	215.0
4735	8.844412501623303	-8.284613996819925	-26.802766799926758	215.0
4753	8.133703914415785	-9.08555546763474	-26.5391902923584	216.0
4772	6.997094192444858	-9.560984630511378	-26.40118980407715	216.0
4792	7.224482464558267	-9.579500460750781	-25.747892379760742	216.0
4811	7.373489193788792	-8.609349167830482	-25.682796478271484	216.0
4831	6.632207335153916	-7.285300868508933	-26.01177406311035	216.0
4855	6.214285426298207	-6.799813481033299	-25.79257583618164	216.0
4869	6.862164358137964	-7.072308982769433	-25.505205154418945	216.0
4890	7.169397388041974	-7.835325180287667	-25.19724464416504	216.0
4908	6.982565604040825	-8.224204412099336	-24.841100692749023	216.0
4928	6.6621489042815645	-8.169118309466219	-24.342859268188477	216.0
4947	7.083966189993872	-8.210166017776318	-24.384746551513672	217.0
4968	7.465266396855102	-8.341722991765021	-24.029481887817383	217.0
4988	7.346158110909654	-8.651464112453736	-23.659305572509766	217.0
5006	7.346158110909654	-8.651464112453736	-23.659305572509766	217.0
5026	6.357974343890401	-8.35972762897981	-24.146730422973633	217.0
5044	6.91314536672978	-8.546519576319099	-23.728744506835938	217.0
5065	7.783732684412977	-8.324879921631894	-23.251117706298828	217.0
5087	8.207548068957156	-7.8826103384272415	-23.26627540588379	217.0
5104	8.437164500603386	-7.706215598298804	-23.596826553344727	217.0
5122	8.089378878865443	-7.790217700059754	-23.448427200317383	217.0
5142	8.463040973520313	-7.731033056999188	-23.429872512817383	217.0
5161	8.853140717823907	-7.673412664267992	-23.476375579833984	217.0
5181	8.971047000449897	-7.294132438660432	-23.036550521850586	217.0
5202	8.985871768267451	-6.670706453806442	-22.87108612060547	217.0
5222	8.481435292474092	-6.788345375432283	-22.9683895111084	217.0
5241	8.002040221169052	-6.855839175681112	-23.071643829345703	217.0
5259	8.409993807023946	-6.723119017237383	-22.69808578491211	217.0
5277	9.377074069936485	-6.500665814303645	-22.431489944458008	217.0
5298	9.26377640239283	-6.457026804634376	-21.945430755615234	217.0
5317	8.985892409529495	-6.441652340489375	-21.789936065673828	217.0
5337	9.13070948249108	-6.738419063888418	-21.593950271606445	217.0
5356	9.408807662445048	-6.884189427663838	-21.491987228393555	217.0
5374	9.628706084258164	-6.707642087174088	-21.40420150756836	217.0
5395	9.64211365148809	-6.89391459443376	-21.177167892456055	217.0
5414	9.555958611641376	-6.850309360203531	-21.069137573242188	217.0
5434	9.442441833528955	-6.463839150191605	-21.206331253051758	217.0
5453	9.47202149168778	-6.323158557994331	-21.299152374267578	217.0
5474	9.634088168431147	-6.134251945055676	-21.12354850769043	217.0
5492	9.572322485387621	-6.055706447880131	-21.25874137878418	217.0
5512	9.393229446109384	-5.977127145227278	-21.385623931884766	217.0
5530	9.516415641274197	-5.956141073466437	-21.279338836669922	217.0
5550	10.01752667398199	-5.569752761582418	-21.14170265197754	218.0
5570	10.370136576615039	-5.557642072768122	-21.006887435913086	218.0
5594	10.46266228279933	-5.586875643285258	-20.941326141357422	218.0
5608	10.138853791517914	-5.6504967243362	-20.930418014526367	218.0
5628	9.997309308007555	-5.6574332213321945	-20.978105545043945	218.0
5647	9.940732499208329	-5.395132715618589	-20.803205490112305	218.0
5667	10.361153118448563	-5.279384955077765	-20.565656661987305	218.0
5692	10.223793035991218	-5.0664352905764405	-20.482341766357422	218.0
5706	10.14317462489772	-5.084979669770723	-20.34703826904297	218.0
5726	10.076050310454926	-5.045570391679576	-20.343307495117188	218.0
5746	10.076050310454926	-5.045570391679576	-20.343307495117188	218.0
5764	10.204955050172504	-5.3607975097886325	-20.249570846557617	219.0
5784	10.449609796409105	-5.474716601945297	-20.277244567871094	219.0
5804	10.794807280337011	-5.268302703195281	-20.13800048828125	219.0
5822	11.084899216634621	-5.176228627593197	-20.048324584960938	219.0
5843	11.011871161645843	-5.023733049517889	-19.824756622314453	219.0
5862	11.411512552508048	-4.733051421963378	-20.118223190307617	219.0
5881	11.412200107517291	-4.456887027311504	-20.031564712524414	219.0
5900	11.475318336912563	-4.3807388161152705	-19.772451400756836	219.0
5919	11.416497140313819	-4.233052340072583	-19.498836517333984	219.0
5940	11.414640756921946	-4.257999066183926	-19.293956756591797	219.0
5959	11.218003387355925	-4.42581700145854	-19.143360137939453	220.0
5979	11.224977372676324	-4.233224979185768	-19.054195404052734	220.0
5998	11.137066766658238	-4.268905816843793	-19.335039138793945	220.0
6017	10.897710641735733	-4.340736290354964	-19.060338973999023	220.0
6039	10.949474060499112	-4.420279990618014	-19.068395614624023	220.0
6057	11.04738690607556	-4.651073895933102	-19.246517181396484	220.0
6076	11.109620888848756	-4.872460353863758	-19.323335647583008	220.0
6095	11.299267012040419	-4.8679942732578585	-19.292959213256836	220.0
6115	11.730511248161655	-4.897785509460171	-19.391483306884766	220.0
6133	12.266021701615836	-4.924540840762337	-19.191699981689453	220.0
6158	12.784253794693587	-4.738324894634006	-18.902219772338867	221.0
6173	12.868062189271145	-4.7715992947983334	-18.887943267822266	221.0
6193	12.89131462212955	-4.705625200717881	-19.0425968170166	221.0
6212	12.825503150170501	-4.387197862748128	-18.908479690551758	221.0
6232	12.775814374947092	-4.236987747636701	-18.719892501831055	221.0
6250	12.830629395886715	-4.341233434884358	-18.74617576599121	221.0
6270	12.849368752945582	-4.22523337038316	-18.717193603515625	221.0
6291	12.452891068515662	-4.39646459382526	-18.767807006835938	221.0
6312	12.28444645402256	-4.361939613825637	-18.558879852294922	221.0
6329	12.394986871653487	-4.238954954821136	-18.239364624023438	221.0
6348	12.365673723442615	-4.205802243017654	-18.139097213745117	221.0
6368	12.410506814184627	-4.0999472967395825	-18.21234893798828	221.0
6389	12.50067339427967	-4.265487889604794	-18.197479248046875	221.0
6407	12.51324776623698	-4.355600279742277	-18.064605712890625	221.0
6427	12.266367817721815	-4.475268368806287	-18.057161331176758	221.0
6446	12.266367817721815	-4.475268368806287	-18.057161331176758	221.0
6467	13.09783915058532	-4.636370126590765	-18.214038848876953	221.0
6484	13.09783915058532	-4.636370126590765	-18.214038848876953	221.0
6506	13.15578576544775	-5.081057049046683	-18.381526947021484	221.0
6527	13.22276035612088	-5.184264075961046	-18.51780891418457	221.0
6545	13.318152358946021	-5.191697417470394	-18.462007522583008	221.0
6562	13.050543974797451	-5.393598161453044	-18.563980102539062	221.0
6582	13.038048323265995	-5.39353580110559	-18.552568435668945	221.0
6601	13.130532243128052	-5.023970417118763	-18.375778198242188	221.0
6620	12.85085952534209	-4.463530923444948	-18.226322174072266	221.0
6640	13.006415042107593	-4.55269684551821	-18.131040573120117	221.0
6659	12.928088176624517	-4.423257943848509	-18.03892707824707	221.0
6680	12.667487639478152	-4.394473919021051	-17.89302635192871	221.0
6701	12.551326774786373	-4.630559321379527	-17.74867057800293	221.0
6717	12.420535119464983	-4.7932552154677674	-17.6472225189209	221.0
6737	12.261712805941333	-4.830493788030503	-17.693857192993164	221.0
6757	12.286850778715621	-4.661566650991088	-17.781349182128906	221.0
6778	12.922818997285628	-4.833993959605001	-17.56987762451172	221.0
6796	13.109726864182564	-4.827969177816177	-17.077882766723633	221.0
6814	12.925251519480295	-4.78081058145574	-17.063140869140625	221.0
6835	12.750452137534397	-4.757896933842377	-17.31144905090332	221.0
6854	12.661516025289467	-4.919291774628352	-17.385677337646484	221.0
6875	12.725634816494276	-4.65137073378816	-17.497220993041992	221.0
6895	12.793675440542199	-4.34409496651255	-17.647384643554688	221.0
6912	12.657930671128051	-4.208234363420469	-17.865947723388672	221.0
6932	12.363411853404154	-4.49124756128939	-17.85405921936035	221.0
6951	12.215648974274295	-4.898227988311511	-18.021564483642578	221.0
6971	12.375093438153934	-5.121427748837326	-18.143136978149414	221.0
6993	12.504762761603565	-4.95268167406714	-17.997875213623047	221.0
7009	12.431000481257202	-4.8188397033136035	-18.181926727294922	221.0
7029	12.62347119958833	-5.013217804932916	-18.140878677368164	221.0
7048	12.720921268042682	-4.953648709863088	-18.283567428588867	221.0
7068	12.732184063221597	-4.964423223966748	-18.45393180847168	221.0
7087	12.806250514650728	-4.870765541723764	-18.547090530395508	221.0
7107	12.914931247227559	-4.688394894007759	-18.353269577026367	221.0
7128	12.934640696900631	-4.617708235368679	-18.236413955688477	221.0
7146	12.934640696900631	-4.617708235368679	-18.236413955688477	221.0
7166	13.46825350444298	-4.646976794753186	-18.21910858154297	220.0
7185	13.46825350444298	-4.646976794753186	-18.21910858154297	220.0
7205	13.736534519693787	-4.715085367674585	-18.292722702026367	220.0
7224	13.46910748813983	-4.804105520696452	-18.05573272705078	220.0
7246	13.318334923339544	-4.98319019856016	-18.02889633178711	220.0
7262	13.56973089697869	-4.787294918051283	-18.078027725219727	220.0
7282	13.605980792764877	-4.750832147326282	-18.460891723632812	220.0
7301	13.230036103388969	-4.729562286250499	-18.67601776123047	220.0
7321	13.135400522080081	-4.760327872415677	-18.78671646118164	220.0
7340	13.26323868855749	-4.718557873380812	-18.740032196044922	220.0
7361	13.129386488758424	-4.850089814472541	-18.329357147216797	219.0
7381	13.21464340271204	-5.092588943326176	-18.32350730895996	219.0
7399	13.315454430308893	-5.018184053648731	-18.303409576416016	219.0
7419	13.295014614039975	-5.183314466282846	-18.261898040771484	219.0
7437	13.265263600653762	-5.251358800698864	-18.166074752807617	219.0
7456	13.477643284139956	-5.335220570547047	-18.13670539855957	219.0
7477	13.398832801654704	-5.209286669887009	-18.20069694519043	219.0
7496	13.248017572991042	-5.0636424454577345	-18.092777252197266	219.0
7517	13.248829054834776	-4.852340650720028	-18.323034286499023	219.0
7535	13.172935059096433	-4.7890100817261665	-18.431528091430664	219.0
7555	13.087934177541024	-4.669317622778638	-18.400634765625	218.0
7574	12.945661762945573	-4.619643746331688	-18.349042892456055	218.0
7593	12.903721810736881	-4.53161878843156	-18.235700607299805	218.0
7613	12.934166072753126	-4.563572348949572	-18.317726135253906	218.0
7632	12.862947798027358	-4.667011246404501	-18.346139907836914	218.0
7652	13.038240078033608	-4.593218508878177	-18.181106567382812	218.0
7672	12.893318519054281	-4.759332316075003	-17.93170738220215	218.0
7690	12.977065366588814	-4.614832626097822	-17.800460815429688	218.0
7710	12.950427583681133	-4.690111739171749	-18.048250198364258	218.0
7731	12.925582088253067	-4.6588377605329985	-18.142986297607422	218.0
7749	12.983906031517982	-4.946799019434421	-18.1385440826416	217.0
7768	13.024737484915592	-4.785865305386356	-17.85556411743164	217.0
7787	13.110180823796679	-4.651173950549724	-17.604970932006836	217.0
7807	13.370231048708623	-4.786483266635731	-17.33295249938965	217.0
7828	14.006715911161066	-5.021115291660136	-16.83700942993164	217.0
7846	13.634331279902126	-5.155808884870703	-17.285741806030273	217.0
7866	12.929500417489947	-4.674515058686047	-17.70747184753418	217.0
7885	12.929500417489947	-4.674515058686047	-17.70747184753418	217.0
7905	12.816695500782927	-4.5544654122612895	-17.826478958129883	217.0
7924	12.734656205827923	-4.74059146276157	-17.767902374267578	217.0
7943	12.838228331174788	-4.953411311216038	-17.85477066040039	217.0
----------------도착----------------
7965	13.058889243629789	-5.394858609661819	-17.836639404296875	217.0
7982	13.220898504752377	-5.455825172867984	-17.956300735473633	217.0
8002	12.867096637112502	-4.980806316996804	-18.34812355041504	217.0
8021	12.59230941104484	-4.945726938880542	-18.35698127746582	217.0
8041	12.912881711177901	-5.01712877181015	-18.40436553955078	217.0
8060	13.368875407038852	-5.118663854907097	-18.154582977294922	217.0
8079	13.46990675151963	-5.207400656414681	-18.01844596862793	217.0
8100	13.585179617804549	-5.455641423092585	-17.964744567871094	217.0
8118	13.619059939875749	-5.300299105317152	-17.7567195892334	217.0
8138	13.219428501419742	-5.246235049218575	-17.59271240234375	217.0
8158	13.307449622798872	-5.218740855514365	-17.791215896606445	217.0
8177	13.427760883963142	-5.181753732964364	-17.8244571685791	217.0
8196	13.26352093101227	-5.6108138310520985	-17.582632064819336	217.0
8216	13.26699793657485	-5.70306668381505	-17.446880340576172	217.0
8235	12.999142165586429	-5.56057760157749	-17.646560668945312	217.0
8255	12.637060016085078	-5.468066359578326	-17.879987716674805	217.0
8275	12.713395968947939	-5.234074772713397	-18.160547256469727	217.0
8293	12.875970527033546	-5.394232834834275	-18.213584899902344	217.0
8313	12.83009879845316	-5.797103426507575	-18.101341247558594	217.0
8332	13.01926486715345	-5.828171397653588	-17.9443416595459	217.0
8352	12.98757426567867	-5.738383710487025	-18.19028091430664	217.0
8372	12.616003838450176	-5.768009347367462	-18.3243408203125	217.0
8391	12.850981089115605	-5.67304323736686	-18.170564651489258	217.0
8410	12.754684061238814	-5.286868074480127	-18.15584945678711	217.0
8430	12.53844056014606	-5.483181813161823	-17.885229110717773	217.0
8449	12.367614874384184	-5.471329859102447	-17.882862091064453	217.0
8469	12.56063737401412	-5.064940070498308	-17.898414611816406	217.0
8489	12.483977910746484	-4.873041133135189	-17.695388793945312	217.0
8508	12.45097459319649	-5.121184080598478	-17.379905700683594	217.0
8526	12.236810698713892	-5.176957893919458	-17.533302307128906	217.0
8546	12.157868351533558	-5.331845239538621	-17.948543548583984	217.0
8567	12.686320024848055	-5.651406007153969	-17.681224822998047	217.0
8587	12.686320024848055	-5.651406007153969	-17.681224822998047	217.0
8605	12.749319375235116	-5.736406592604431	-17.873188018798828	217.0
8626	12.833372855333792	-5.585905784263685	-18.198760986328125	217.0
8644	12.607632843031897	-5.578373784789799	-18.385984420776367	217.0
8664	12.500940644475822	-5.596629813890603	-18.77967071533203	217.0
8683	12.60928590362235	-5.4018121102985	-18.834741592407227	217.0
8701	12.683482363114509	-5.478351710893479	-18.74615478515625	217.0
8722	12.557349354234729	-5.321663273955473	-18.685569763183594	217.0
8741	12.509696040526933	-5.3929278081838286	-18.503808975219727	217.0
8760	12.590478185551461	-5.425307429840299	-18.552946090698242	217.0
8781	12.65444311181585	-5.376179358118627	-18.383649826049805	217.0
8799	12.700595414172003	-5.436086911827941	-18.257978439331055	217.0
8819	12.630556580078418	-5.501135907381673	-18.527706146240234	217.0
8838	12.458102770705024	-5.5413336825302375	-18.5976619720459	217.0
8858	12.244038634665303	-5.530897640207842	-19.06160545349121	217.0
8878	12.331070557080693	-5.467708497755461	-19.148929595947266	217.0
8897	12.711926417663266	-5.376963997658703	-19.268321990966797	217.0
8916	12.930381740007125	-5.332758609647189	-19.216598510742188	217.0
8935	12.9317532446181	-5.472354164047816	-19.316974639892578	217.0
8956	13.14750297139853	-5.559479084905341	-19.396564483642578	217.0
8975	13.253229843196559	-5.332152460313233	-19.03891372680664	217.0
8994	13.36853937533932	-5.285266485225186	-19.211435317993164	217.0
9013	13.417246392919527	-5.162310320080394	-18.876840591430664	217.0
9033	13.382512818431515	-5.218394030511334	-18.75005531311035	217.0
9052	13.146268509394384	-5.208925510229253	-18.673538208007812	217.0
9072	13.031601570688226	-5.126250598216995	-18.675373077392578	217.0
9092	12.97534444509382	-5.1900059935466505	-18.52227783203125	217.0
9111	12.936521499632272	-5.011268475859484	-18.31757354736328	217.0
9132	13.074719880277751	-5.101329325384755	-18.57291030883789	217.0
9150	13.239583736681329	-4.976557104217147	-18.276559829711914	217.0
9170	13.119712424245108	-5.217675339421768	-18.402475357055664	217.0
9188	13.051378830956464	-5.27601192795197	-18.411542892456055	217.0
9208	12.815294728602957	-5.288947323654647	-18.57566261291504	217.0
9227	12.675512223196572	-5.530696090571421	-18.68523597717285	217.0
9246	12.752009518166618	-5.583486973814312	-18.55290412902832	217.0
9268	12.630753241356425	-5.710407691248422	-18.78095245361328	217.0
9287	12.592088539023095	-5.604583316375852	-18.493547439575195	217.0
9306	12.592088539023095	-5.604583316375852	-18.493547439575195	217.0
9326	12.400452001228352	-5.844514694540258	-18.643354415893555	217.0
9347	12.539901063939578	-5.893930677249069	-18.686527252197266	217.0
9364	12.473735420394666	-5.982268874753468	-18.702754974365234	217.0
9383	12.581538713369556	-5.9231102230425785	-18.74822998046875	217.0
9402	12.900624016904985	-5.686835583217669	-18.733667373657227	217.0
9422	12.984181119203939	-5.705877683589067	-18.937030792236328	217.0
9442	13.043507426466116	-5.808853287579157	-18.69298553466797	217.0
9461	12.985938899018315	-5.841819834497486	-18.679418563842773	217.0
9481	13.108883295588496	-5.959989085597989	-18.597795486450195	217.0
9500	12.982741417702831	-6.014784532325386	-18.451326370239258	217.0
9523	12.915500834823323	-5.776239723944699	-18.35701560974121	217.0
9539	13.019658324286326	-5.905830935966755	-18.437458038330078	217.0
9559	12.923790783729949	-6.11645297408885	-18.511682510375977	216.0
9578	12.969146917453914	-6.136818102716673	-18.31053924560547	216.0
9598	13.040798963533886	-6.046165281934726	-18.322914123535156	216.0
9618	13.063488068592983	-5.934943771233666	-18.573137283325195	216.0
9637	13.054065168571826	-5.931614398559505	-18.42232322692871	216.0
9655	13.132426519198503	-5.75068010021664	-18.330326080322266	216.0
9676	13.040035849536675	-5.845912252679399	-18.584205627441406	216.0
9694	13.004994011056441	-5.74551703603677	-18.406375885009766	216.0
9715	12.951264813124787	-5.681947395261423	-18.199684143066406	216.0
9738	12.840305590461382	-5.647505156000733	-18.434837341308594	216.0
9753	12.828403306145496	-5.647392566031956	-18.540857315063477	216.0
9773	12.845685328286272	-5.817351268970662	-18.537921905517578	216.0
9792	13.004344783872098	-5.870243389286915	-18.704181671142578	216.0
9812	13.180119854439946	-5.690230635800012	-18.919933319091797	216.0
9832	13.311223405899014	-5.600006533955269	-19.047460556030273	216.0
9851	13.071227336320224	-5.588528795137702	-19.331960678100586	216.0
9871	12.87236797664008	-5.810074044184721	-19.464876174926758	216.0
9890	13.050869524794546	-5.868948680572524	-19.382829666137695	216.0
9909	13.254937760575045	-5.950882849196258	-19.12898826599121	216.0
9929	13.322060838712279	-5.95465975874699	-18.856185913085938	216.0
9955	13.31990783659745	-5.790901112895918	-18.983169555664062	216.0
9967	13.318078217963036	-5.8974493616408	-18.98311424255371	216.0
9987	13.07591286741206	-5.786402942549864	-18.65462303161621	216.0
10008	13.038834172153914	-5.8909007418587	-18.625486373901367	216.0
10028	13.038834172153914	-5.8909007418587	-18.625486373901367	216.0
10046	12.898438828480348	-5.8273298870554395	-18.48924446105957	216.0
10066	12.98762607664914	-5.616903711656974	-18.348543167114258	216.0
10083	12.804975990932974	-5.74692335720717	-18.710142135620117	216.0
10103	12.624778325155573	-5.791968555819449	-18.909616470336914	216.0
10123	12.598635552015434	-5.733931113926573	-18.731008529663086	216.0
10143	12.490192675284476	-5.544944033680655	-18.794771194458008	216.0
10161	12.868202222245564	-5.537224338275544	-19.016334533691406	215.0
10182	12.888295255751686	-5.486076970074755	-18.906160354614258	215.0
10200	12.839520579365319	-5.335861873924064	-19.135345458984375	215.0
10221	12.854609353109808	-5.507292142198079	-19.133502960205078	215.0
10240	13.00928977172287	-5.368080593922748	-19.013437271118164	215.0
10259	13.061690910942017	-5.417018269470906	-19.14390754699707	215.0
10279	12.97045006810201	-5.6664584392640585	-19.322811126708984	215.0
10298	13.018575840814842	-5.8864396118139375	-19.552040100097656	215.0
10318	12.658765069853848	-5.916122038804003	-19.401050567626953	215.0
10339	12.735945016467133	-6.065802872882539	-19.554792404174805	215.0
10356	13.158918623634456	-6.13185672155599	-19.380674362182617	215.0
10375	13.426538486552364	-5.697541696268743	-19.11602020263672	215.0
10395	13.011040770541502	-5.603502630530009	-19.233633041381836	215.0
10415	12.739052954604652	-6.203399344207852	-19.17435073852539	215.0
10434	12.761374233142046	-6.256116742810112	-19.071533203125	215.0
10455	12.614203002801274	-5.932210587615056	-19.0487003326416	215.0
10473	12.928624926065895	-5.566631042795925	-19.410444259643555	215.0
10493	12.789930668491433	-5.330657907553488	-19.311641693115234	215.0
10513	12.82743901560309	-5.4476110172475805	-19.17352294921875	215.0
10532	13.198228268145781	-5.4442530640617735	-19.075645446777344	215.0
10553	13.433366852109135	-5.5300175127131395	-19.018098831176758	214.0
10572	13.530271513855313	-5.448763603653155	-19.103609085083008	214.0
10595	13.527074821195406	-5.358330814580485	-19.223176956176758	214.0
10609	13.743847203034811	-5.302754266394768	-19.194440841674805	214.0
10629	13.657404373747967	-5.332716876234263	-19.05986213684082	214.0
10649	13.65758555720255	-5.449574042982191	-19.043779373168945	214.0
10667	13.745530194850202	-5.383721408369971	-19.31009864807129	214.0
10686	13.826008555639783	-5.481471528020816	-19.56390380859375	214.0
10706	13.849442183720726	-5.3765184351315725	-19.643848419189453	214.0
10727	13.382153226053108	-5.385664234778295	-19.598403930664062	214.0
10746	13.382153226053108	-5.385664234778295	-19.598403930664062	214.0
10766	13.235975789488979	-5.513285377598169	-19.488046646118164	214.0
10786	12.966635613465586	-6.048348988697319	-19.240955352783203	214.0
10805	12.966635613465586	-6.048348988697319	-19.240955352783203	214.0
10824	13.051643735963752	-6.007391375101247	-19.405006408691406	214.0
10842	12.956951171998236	-6.252528923864026	-19.350658416748047	214.0
10862	12.79550641844143	-6.094351741684683	-19.439668655395508	214.0
10881	12.891650457421829	-5.73443068776954	-19.31210708618164	214.0
10901	13.297129725212388	-5.732850727524368	-19.415117263793945	214.0
10922	13.342315347596223	-5.954638380239151	-19.43718719482422	214.0
10945	13.60302533664981	-5.965027615382727	-19.496700286865234	214.0
10960	13.897725721672616	-5.796183957669739	-19.46402359008789	214.0
10980	13.861592868353382	-5.760803677257108	-19.42333221435547	214.0
10998	13.829154305883863	-5.6544827397962765	-19.31678581237793	214.0
11018	14.099877641361058	-5.610496703819875	-19.13674545288086	214.0
11037	14.007821110128052	-5.573354240682705	-19.131982803344727	214.0
11057	13.9495527753151	-5.638570049342542	-19.20337677001953	214.0
11077	13.893191469114033	-5.5770566955383405	-19.252479553222656	214.0
11095	13.745888077892415	-5.32052952413936	-19.12108039855957	214.0
11115	13.494159376246166	-5.194379291740941	-19.01429557800293	214.0
11134	13.48740374101369	-5.292202766776499	-19.0679988861084	214.0
11159	13.2919766370867	-5.336548385779819	-19.114225387573242	215.0
11174	13.649008873570045	-5.5234363410850555	-18.79616928100586	215.0
11193	14.05114095351136	-5.562124989654509	-18.645971298217773	215.0
11213	13.970451442746631	-5.3152558340077265	-18.81589126586914	215.0
11232	13.71568763778959	-5.206840199916833	-18.983259201049805	215.0
11251	13.309092641238013	-5.330373068854002	-19.266437530517578	215.0
11273	13.450640401781522	-5.312861722829806	-19.6214542388916	215.0
11290	13.519685541263609	-5.300886556145856	-19.68744468688965	215.0
11311	13.602043035946043	-5.384080499397415	-19.663957595825195	215.0
11330	14.201610239500457	-5.509123350664613	-19.43209457397461	215.0
