4	-16.195122766232632	36.429144222688464	-28.23975372314453	116.0
22	-16.276963061845564	36.64655381990835	-28.311912536621094	116.0
42	-16.564170739028683	37.15880229378661	-28.229604721069336	116.0
62	-16.62917154894131	37.619696382912	-27.60653305053711	122.0
81	-16.79403214566578	38.06755402405448	-27.21662712097168	122.0
100	-17.27565967341272	37.88481751353821	-27.096338272094727	122.0
120	-17.3942818653923	37.93028223048065	-27.43100929260254	122.0
140	-17.52921618932763	38.14100645703433	-27.178098678588867	122.0
160	-17.254643156340542	38.52777572075754	-27.083616256713867	122.0
180	-17.011441426529625	38.91438912770453	-27.186185836791992	122.0
202	-17.166187390817377	39.01775494966246	-27.48780059814453	122.0
217	-17.23674265808193	39.02000507402645	-27.665693283081055	122.0
236	-17.614309565771656	39.05000298052845	-27.39665412902832	122.0
255	-17.711320857538524	39.192716930114756	-27.18278694152832	127.0
276	-18.02021428399453	39.49990357997704	-26.789011001586914	127.0
295	-17.867568581741544	39.541072503247044	-26.970346450805664	127.0
315	-17.930147716473854	39.88671071159538	-27.028423309326172	127.0
333	-18.25749838513342	39.85787773227902	-26.992183685302734	127.0
353	-18.081241668331355	39.74415104156178	-26.988067626953125	127.0
372	-17.918413514788647	39.73441505071157	-27.38623809814453	127.0
392	-17.802775325857485	39.683346184576166	-27.725753784179688	127.0
412	-18.01150198853077	39.88164203701512	-27.83515167236328	127.0
431	-17.947458592201873	40.48479000035361	-27.47687530517578	127.0
452	-18.035939619345466	41.017534113188226	-26.917394638061523	127.0
470	-17.980107653761443	41.160847004480864	-26.871952056884766	132.0
491	-18.16866315043921	41.08423243764117	-27.152109146118164	132.0
511	-18.301419583104362	41.40680700853371	-27.242158889770508	132.0
530	-18.301419583104362	41.40680700853371	-27.242158889770508	132.0
550	-18.364498178510473	41.48051825288795	-27.339736938476562	132.0
568	-18.41973978343418	41.84513677859253	-27.212696075439453	132.0
587	-18.50638936643566	42.23195977904517	-27.147674560546875	132.0
606	-19.00866912450366	42.23765365949083	-27.38409423828125	132.0
626	-19.44649734004295	42.654084466916025	-27.088899612426758	132.0
646	-19.475302287776984	43.0043223258167	-26.790390014648438	132.0
668	-19.185280864761953	43.39234274717028	-26.753101348876953	136.0
685	-19.27034819130917	43.711362042982074	-26.331192016601562	136.0
704	-19.56767908365366	44.40185635276592	-25.841236114501953	136.0
723	-19.745950784199536	44.92046466497114	-25.87980079650879	136.0
743	-19.799228929719735	44.99342574264488	-26.307571411132812	136.0
762	-20.145559743126526	44.92195946307311	-26.992162704467773	136.0
783	-20.26037584996437	45.37823819372208	-27.029890060424805	136.0
801	-20.724471794348133	46.09174399321926	-26.27948760986328	136.0
822	-21.323606902713053	46.85162740714836	-25.06797218322754	136.0
841	-21.489457680316036	47.40290150922733	-24.97818946838379	136.0
860	-21.239578977508472	47.05750295194218	-26.352035522460938	136.0
880	-21.03677838934319	46.569830867222855	-27.808557510375977	136.0
899	-20.984533886915578	46.35845058749085	-28.789886474609375	136.0
919	-21.050761179813794	46.563316722006775	-28.70101547241211	136.0
937	-21.26355124495494	46.699109189310285	-28.396156311035156	136.0
957	-21.64594622571398	46.74906913690663	-28.18147850036621	136.0
976	-22.2360015821132	46.66596215730364	-27.738611221313477	136.0
996	-23.26271692698614	46.45785446778886	-26.965259552001953	136.0
1015	-23.6983486914457	46.585899278014374	-26.002376556396484	136.0
1035	-23.757031091436797	46.840039223169136	-24.995479583740234	136.0
1054	-23.334307471544637	47.10389944872248	-24.680408477783203	136.0
1073	-23.20970052752625	47.11160355341859	-24.783843994140625	136.0
1092	-23.076375561066346	47.12578010280129	-25.123065948486328	136.0
1113	-22.710666655461925	47.31087460389156	-25.94919204711914	136.0
1132	-22.498379520246115	47.72801335157839	-26.760326385498047	136.0
1152	-22.362245343015765	48.48271846793482	-26.578121185302734	136.0
1171	-22.41612055305767	49.13991797897439	-26.646343231201172	136.0
1190	-22.505899923437777	49.55961418483161	-27.025697708129883	136.0
1212	-23.142673197785868	50.024870904217785	-27.413265228271484	136.0
1231	-23.41199798437679	50.64568714465597	-27.333423614501953	136.0
1251	-23.41199798437679	50.64568714465597	-27.333423614501953	136.0
1272	-23.810938010524975	51.20909395373892	-27.211261749267578	136.0
1288	-24.229194880767853	51.67404151126302	-27.050498962402344	136.0
1308	-24.61645663247747	52.17559803849671	-26.70832061767578	136.0
1327	-24.80188812217216	52.619513508006435	-26.380002975463867	136.0
1345	-25.110920409984022	53.08784356616681	-26.243396759033203	136.0
1366	-25.332587946628298	53.422678450119655	-26.312274932861328	136.0
1386	-25.120016860616527	53.69953429077775	-26.321372985839844	136.0
1404	-25.0193094368969	54.2768685165905	-26.076745986938477	136.0
1423	-25.12743230622127	54.692740810888395	-26.107643127441406	136.0
1444	-25.305302343569398	54.85310620081353	-26.207477569580078	136.0
1463	-25.51865193251097	55.301918570701645	-26.255064010620117	136.0
1483	-25.730726003520484	55.466094635683675	-26.631439208984375	136.0
1503	-25.61970468184001	55.76877822531859	-26.944782257080078	136.0
1522	-25.453894431938373	56.41104909006497	-26.914512634277344	136.0
1542	-25.715761238567023	56.64051574972835	-26.93238067626953	136.0
1561	-25.809059283546983	56.881701898575045	-26.944904327392578	136.0
1580	-25.783511542585696	57.2839584600151	-26.88544273376465	136.0
1600	-26.04285500451612	57.56193151051735	-26.71489715576172	136.0
1620	-26.063654115324063	57.672453021152684	-26.532333374023438	136.0
1639	-25.786729214067638	58.06825167532156	-26.25844383239746	136.0
1657	-25.899189919772205	58.353833089560396	-25.968191146850586	136.0
1677	-25.934008738235203	58.31099730887233	-25.88427734375	136.0
1697	-25.904935510737467	58.62732025708619	-26.055513381958008	136.0
1716	-26.024682593851786	58.97950961781362	-26.016021728515625	136.0
1736	-26.131239308729462	59.35262233377726	-25.96198272705078	136.0
1756	-26.064901921376116	59.825671366203395	-25.75739860534668	136.0
1775	-26.379167663632558	60.42683399736746	-25.825326919555664	136.0
1794	-26.738305478712547	61.19087943057008	-25.58169174194336	136.0
1813	-27.055945747021582	61.94515171157537	-25.28793716430664	136.0
1833	-27.631132270207534	62.464399762699436	-25.11726188659668	136.0
1853	-28.013766164658453	62.87041319940776	-25.07840347290039	136.0
1873	-28.497671501862815	63.244671094078505	-25.150028228759766	135.0
1891	-29.130805986149852	63.72382970995253	-24.944236755371094	135.0
1911	-29.82787537507799	64.14963817238066	-24.81290054321289	135.0
1931	-30.416179851236823	64.48040781664741	-24.71075439453125	135.0
1950	-31.081926185802946	64.72318417204107	-24.874126434326172	135.0
1972	-31.081926185802946	64.72318417204107	-24.874126434326172	135.0
1989	-31.722679314877446	65.0024337087021	-24.757808685302734	135.0
2009	-32.28841323366262	65.60963387487469	-24.54593276977539	135.0
2027	-32.880090867359065	65.96427661838388	-24.543468475341797	135.0
2048	-33.61649255949712	66.27799425708851	-24.549640655517578	135.0
2066	-34.04180027754439	66.53520564605734	-24.567665100097656	134.0
2090	-34.79060259641088	66.55975496102808	-25.059202194213867	134.0
2106	-35.505994247476266	66.61096373249984	-25.153175354003906	134.0
2125	-36.13507105768647	66.98227926151533	-24.786975860595703	134.0
2145	-36.590479655688185	67.14398447691129	-24.411911010742188	134.0
2164	-37.335685111568615	67.37075828898749	-24.755958557128906	134.0
2183	-38.08793546568228	67.55702742488884	-24.834304809570312	134.0
2202	-39.011297458822995	67.8037129703656	-24.574058532714844	134.0
2223	-40.10224253337616	67.9070880735201	-24.30805206298828	134.0
2241	-40.858688263127526	68.25905198937906	-24.196487426757812	134.0
2261	-41.56610233260035	68.40373229867119	-24.297182083129883	133.0
2281	-42.57431458009921	68.38326209904184	-24.133739471435547	133.0
2300	-43.55324212897914	68.67937343584352	-24.038145065307617	133.0
2320	-44.56961563301562	68.70294980173868	-23.948715209960938	133.0
2340	-45.55272501186468	68.56812420352207	-24.42670440673828	133.0
2359	-46.22511560831794	67.96153758594069	-25.774517059326172	133.0
2378	-46.99818102099963	67.74280988916857	-26.580354690551758	133.0
2396	-47.735377885465034	67.43469895882978	-27.37890625	133.0
2417	-48.52837162950255	67.88105021361734	-26.1894474029541	133.0
2437	-49.11473888481898	69.08039641870124	-23.38789176940918	133.0
2455	-49.43838576967744	69.23481307964332	-23.125429153442383	132.0
2475	-49.73642663750353	69.01556304430038	-23.434215545654297	132.0
2493	-50.1831859601763	68.89420818134586	-24.040807723999023	132.0
----------------출발----------------
2513	-50.51516068116718	68.75235573968686	-25.05731201171875	132.0
2532	-50.80746320470911	69.1785004611654	-24.060497283935547	132.0
2554	-50.748357478540775	69.71560856175707	-23.1864013671875	132.0
2571	-50.731947238359076	70.09351179554379	-22.809642791748047	132.0
2591	-50.69006946951839	69.83976771617361	-23.702808380126953	132.0
2610	-50.85144909499036	69.78985798682886	-24.377403259277344	132.0
2630	-50.588978847911875	70.1340164162295	-24.11544418334961	132.0
2652	-50.28017404429598	70.16446519508978	-24.102073669433594	132.0
2670	-50.28017404429598	70.16446519508978	-24.102073669433594	132.0
2689	-50.133094057502944	70.41508799359659	-23.353267669677734	132.0
2710	-49.90323917578558	70.48994358480209	-23.1314754486084	132.0
2727	-49.59205342500858	70.45610327545381	-23.25827980041504	132.0
2747	-49.191937281588636	70.42903738822675	-23.456829071044922	132.0
2767	-49.125803327023434	70.5322274849826	-23.248329162597656	132.0
2786	-48.56850919426768	70.45159499311225	-23.192108154296875	132.0
2806	-48.13374066991079	70.54583437453842	-23.42962646484375	132.0
2825	-47.92013959034538	70.52623322398082	-23.407634735107422	132.0
2844	-47.63069744117579	70.39429868543333	-23.52830696105957	132.0
2864	-47.17824883935541	70.44263008448507	-23.73999786376953	132.0
2883	-46.953164791496704	70.37471751976624	-24.022869110107422	132.0
2903	-46.56154698368984	70.21416827756566	-24.031030654907227	132.0
2923	-46.24017606128505	70.15778882145409	-23.87405014038086	132.0
2941	-45.81809596485136	70.19831413521709	-24.15861701965332	132.0
2962	-45.68369117470918	69.81122758843298	-24.34522247314453	132.0
2981	-45.272803914929526	69.4854550481413	-24.559276580810547	132.0
3000	-45.17292602041013	69.31701974390799	-24.7061710357666	132.0
3020	-45.001722043803746	68.93381992898018	-24.639686584472656	132.0
3038	-44.50996868296922	68.75549485520945	-24.527034759521484	132.0
3058	-44.49736878087366	68.46680991264408	-24.462562561035156	132.0
3077	-44.1129215162075	67.99744823784518	-24.605806350708008	132.0
3097	-43.998646574702015	67.42274990548773	-24.688447952270508	132.0
3116	-43.78800899239963	66.85744659422262	-25.165637969970703	132.0
3136	-43.77681716933492	66.63546112329374	-24.967008590698242	132.0
3156	-43.36773150896603	66.41958282071474	-23.91426658630371	132.0
3175	-42.87168966682683	66.59469711113553	-23.049259185791016	132.0
3194	-42.62844094396775	66.22385383238795	-23.636985778808594	132.0
3213	-42.19368360846213	65.58177351813973	-24.96761131286621	132.0
3234	-41.93310128312931	65.115496866257	-25.312000274658203	132.0
3253	-41.54536717553834	64.90278720667648	-25.413116455078125	132.0
3272	-41.04978984197417	64.97254117017546	-25.046173095703125	132.0
3292	-40.55854503381492	64.93460764706435	-24.532466888427734	132.0
3311	-40.05254978517927	64.90953249820842	-24.6607723236084	132.0
3331	-39.504039392011784	64.24547888745691	-25.54204559326172	132.0
3350	-38.68429564514657	63.84823763879196	-25.802337646484375	132.0
3372	-38.04894537594517	63.512132557970226	-25.91242218017578	132.0
3392	-38.04894537594517	63.512132557970226	-25.91242218017578	132.0
3410	-37.12986863901847	62.829090708392656	-26.461917877197266	132.0
3429	-36.8159402534065	62.69812681551961	-26.1409912109375	132.0
3447	-36.8159402534065	62.69812681551961	-26.1409912109375	132.0
3467	-36.36386830861116	62.700878278667474	-25.749919891357422	132.0
3486	-35.81966495779456	62.57765932304627	-25.587648391723633	132.0
3506	-35.101563586322236	62.47178265782118	-25.66299057006836	132.0
3525	-34.6331606292191	62.13579924082371	-25.93337059020996	132.0
3545	-34.09443220795343	61.63283837032559	-26.39458465576172	132.0
3564	-33.46778075578013	61.41082057029748	-26.41585922241211	132.0
3585	-32.91096097716828	61.30856391175418	-26.394254684448242	132.0
3602	-32.18222322264182	60.98366879052499	-26.414913177490234	132.0
3622	-31.571679286490827	60.630772740744895	-26.586679458618164	132.0
3642	-31.207495751158035	60.258342519786275	-26.84046173095703	132.0
3662	-30.72863604902556	60.1808600868877	-26.773162841796875	132.0
3681	-30.62919353863128	60.05538106028692	-26.684886932373047	132.0
3701	-30.15418580054086	59.75563987360569	-27.322418212890625	132.0
3720	-29.51280002878942	59.714203473426686	-27.863136291503906	132.0
3739	-29.083084948812548	59.65284226510754	-27.666648864746094	132.0
3759	-28.652316258180925	59.52919263366936	-28.047222137451172	132.0
3779	-28.166307221237165	59.33702150268826	-28.27018165588379	132.0
3798	-27.39733157529288	59.26732555722766	-28.39806365966797	132.0
3817	-27.26351880175649	59.04090340203544	-28.377988815307617	132.0
3837	-26.727986697110932	58.851383554977396	-28.432743072509766	132.0
3856	-26.301802312299635	58.785042574043885	-28.506568908691406	132.0
3875	-26.04868153753419	58.42202290143623	-28.740009307861328	132.0
3895	-25.794929842055588	58.2365921079239	-29.156370162963867	132.0
3914	-25.527918755979144	58.1108504243216	-29.17963218688965	132.0
3933	-25.04348056320507	58.06601194946632	-29.459911346435547	132.0
3953	-24.766079720343022	57.868653466157106	-29.797027587890625	132.0
3973	-24.090770173530434	57.72953626935056	-30.26158332824707	132.0
3992	-23.624968116882364	57.7094997555805	-30.46860122680664	132.0
4013	-23.683660991798938	57.65595911284689	-30.12058448791504	132.0
4032	-23.300345776634284	57.89399924016415	-29.754301071166992	132.0
4051	-22.75821153759194	57.831209229138544	-29.789052963256836	132.0
4072	-22.29036787705486	57.56551500462039	-30.33458709716797	132.0
4093	-22.253879221556694	57.37773486655999	-30.605125427246094	132.0
4117	-21.948240938220312	57.19255471237437	-30.750553131103516	132.0
4131	-21.73762778731013	57.13637537785387	-30.91966438293457	132.0
4149	-21.697828942039504	57.10767154054087	-31.061458587646484	132.0
4168	-21.697828942039504	57.10767154054087	-31.061458587646484	132.0
4187	-21.0107249735814	57.15562605127544	-31.05379867553711	132.0
4219	-20.575251365780595	56.93703675857234	-31.203968048095703	132.0
4230	-20.184049446422694	56.72677684150801	-31.198453903198242	132.0
4245	-19.738591374375073	56.45336508229309	-31.28299331665039	132.0
4265	-19.135691307292383	56.26003895807137	-31.265928268432617	132.0
4284	-18.793701761286087	56.200974366704024	-31.167640686035156	132.0
4304	-18.26070436038998	56.15062089675921	-30.969562530517578	132.0
4323	-17.70234572017459	56.047288000438485	-30.496509552001953	132.0
4345	-17.087316164381765	56.077424887535564	-30.1020450592041	132.0
4362	-16.672017022552634	56.007195382327865	-29.945207595825195	132.0
4383	-16.21843237522432	55.86538875056187	-29.617027282714844	132.0
4402	-15.398712245148232	55.96436240126599	-29.080902099609375	132.0
4421	-14.766312227450914	55.654738360776726	-28.98475456237793	132.0
4441	-13.98980477768241	55.05684790717033	-29.183792114257812	132.0
4459	-13.476343841020881	54.513326792229115	-29.35485076904297	132.0
4480	-12.791592029537165	53.83477787881451	-28.957454681396484	132.0
4500	-12.21707708008486	53.084319851329425	-28.983675003051758	132.0
4518	-11.873491729820673	51.96008720068965	-29.31735610961914	132.0
4538	-11.486039748229404	51.211465560147595	-29.578662872314453	132.0
4558	-11.157202681542	50.65768149312656	-29.18326187133789	132.0
4578	-10.243826084922963	50.40908140235194	-28.66126251220703	132.0
4595	-9.453146130854078	49.99654514411808	-28.31468963623047	132.0
4616	-8.474762343862963	49.44482610409947	-27.816184997558594	132.0
4634	-7.604510204688759	49.04954058774307	-27.572132110595703	132.0
4653	-7.075699210479576	48.398545112011114	-27.571516036987305	132.0
4673	-6.4314434934689215	47.662644678557776	-27.651151657104492	132.0
4693	-5.856547867832296	46.80320490892405	-27.39229965209961	132.0
4714	-5.134453600909916	45.90936136533918	-27.285215377807617	132.0
4732	-4.106826209753249	45.09851845148817	-26.999561309814453	132.0
4751	-3.1326130828657908	44.40691025694786	-26.426349639892578	132.0
4771	-2.4763488641249602	43.72999619855646	-25.813169479370117	132.0
4792	-1.720380988172967	42.74822246781902	-26.08477020263672	132.0
4810	-1.720380988172967	42.74822246781902	-26.08477020263672	132.0
4830	-1.226969750235832	41.1963764918041	-26.542865753173828	132.0
4850	-0.24384632178339735	38.486597902022794	-26.96675682067871	132.0
4869	-0.24384632178339735	38.486597902022794	-26.96675682067871	132.0
4889	0.38043922261734237	37.82496660170748	-26.633102416992188	132.0
4907	0.9793755775981339	36.81345302889555	-26.543781280517578	132.0
4927	1.4225480038469474	35.87024753329033	-26.54583740234375	132.0
4947	1.9035472226111159	35.03989837361387	-26.477218627929688	132.0
4966	2.068811341910616	33.97176998860764	-26.484533309936523	132.0
4985	2.587214726645815	33.373305854715994	-26.48314666748047	132.0
5005	3.094264531968031	32.89407968967194	-26.41001319885254	132.0
5024	3.5141884969517223	32.52195644545313	-26.562448501586914	132.0
5043	3.8047025474429113	32.097916613797395	-26.58038330078125	132.0
5064	4.102721599257762	31.72280007345637	-26.534486770629883	132.0
5083	4.488411581087039	31.428572858283	-26.426219940185547	132.0
5102	4.776941690500931	31.0416881663379	-26.36339569091797	132.0
5120	5.075451062555519	31.053048717970714	-26.064699172973633	132.0
5140	5.5458918083977835	30.880732662697607	-26.08869743347168	132.0
5160	5.88753582775671	30.793291032158017	-26.03165626525879	132.0
5180	6.226920141153512	30.27406308846016	-25.895784378051758	132.0
5200	6.537750059150905	29.899832295774722	-25.541595458984375	132.0
5218	6.687402165858026	30.045350939181073	-24.981651306152344	132.0
5237	7.09208227443764	29.885476595295092	-24.619800567626953	132.0
5257	7.622476363311547	29.71008531471949	-24.3546142578125	132.0
5277	7.956901692375091	29.566056134932264	-23.959468841552734	132.0
5297	7.829635522315908	29.25439173550811	-23.728296279907227	132.0
5316	7.859732932657352	28.90790759961973	-23.61372184753418	132.0
5335	8.004981917361379	29.29283085514084	-23.165355682373047	132.0
5354	8.075810469382818	29.38512104531956	-23.0966854095459	132.0
5373	8.173531368290055	29.311186462114822	-22.797969818115234	132.0
5393	8.335302666306909	29.404986827231745	-22.60802459716797	132.0
5413	8.342800601908984	29.509491479833706	-22.594078063964844	132.0
5432	8.526299414975755	29.30543661814438	-22.491655349731445	132.0
5453	8.664968219600322	29.24404587892111	-22.162450790405273	132.0
5471	8.82794566948497	29.169696507366137	-21.938623428344727	131.0
5491	8.590237664997664	29.074322978377946	-21.772724151611328	131.0
5511	8.401844405086063	28.704117153881015	-21.799278259277344	131.0
5533	8.208052505245075	28.32474750724681	-21.859619140625	131.0
5550	7.91611004306161	28.058776261571325	-21.710901260375977	131.0
5570	7.91611004306161	28.058776261571325	-21.710901260375977	131.0
5589	7.66688998212942	27.716799296343314	-21.43679428100586	131.0
5608	7.331404763329662	27.561511086940367	-21.4373836517334	131.0
5627	7.0044351761407615	27.232276422658384	-21.379138946533203	131.0
5650	6.615545296587091	26.67676939343603	-21.53582000732422	131.0
5666	6.312177948561125	26.22159345337911	-21.598968505859375	130.0
5685	6.076117727443261	25.95641577397017	-21.471233367919922	130.0
5704	6.121451515736696	25.684167467144928	-21.484722137451172	130.0
5724	5.8237292680782575	25.317932852396225	-21.48660659790039	130.0
5744	5.456662112060169	25.05294561507848	-21.743600845336914	130.0
5765	4.988090458571841	24.901559447996792	-21.837133407592773	130.0
5788	4.516490156889116	24.746092125577853	-21.972246170043945	130.0
5802	4.238263895516073	24.69226421740979	-22.08686637878418	130.0
5822	3.751655130400018	24.621198937837363	-22.16985321044922	130.0
5841	3.1134608342314913	24.504832548117697	-22.486629486083984	130.0
5861	2.2790196132837433	24.64533887002265	-22.741931915283203	129.0
5882	1.602863766314357	24.949676768436117	-22.921836853027344	129.0
5903	0.9345800566597425	25.197015018427447	-22.983348846435547	129.0
5918	0.47154393220655194	25.07018394775795	-23.35126495361328	129.0
5938	-0.05580552805683296	25.36599266684957	-23.709381103515625	129.0
5959	-0.5409430369293556	25.699514231585752	-24.010757446289062	129.0
5978	-0.9329157599749862	25.70057976408842	-24.436466217041016	129.0
5997	-1.624880383566718	25.54800410087395	-25.014629364013672	129.0
6016	-1.855141249997192	25.512312110555328	-25.26795196533203	129.0
6035	-2.2458320081215892	25.63809190444155	-25.72511100769043	129.0
6055	-2.686817777775	25.523435057914323	-26.51277732849121	128.0
6074	-3.0670908623471247	25.716365832934006	-27.39576530456543	128.0
6093	-3.392337015460499	25.82845321447142	-28.201404571533203	128.0
6115	-3.997860159713123	25.928917466678104	-28.9620361328125	128.0
6134	-4.477675256098907	26.302338817610345	-29.732927322387695	128.0
6152	-4.607609412617491	27.107487821280813	-30.594364166259766	128.0
6171	-5.0426695476696235	27.425030533237237	-31.882747650146484	128.0
6191	-5.156181344295914	27.575127919447407	-33.042137145996094	128.0
6210	-5.25259434850208	28.291952404374285	-33.978973388671875	128.0
6231	-5.150185274551926	29.149314180476367	-34.7408332824707	128.0
6251	-4.911066489024749	30.315292379891122	-35.302696228027344	128.0
6270	-4.911066489024749	30.315292379891122	-35.302696228027344	128.0
6290	-4.257590545183417	32.582734124530305	-36.85169219970703	128.0
6309	-4.257590545183417	32.582734124530305	-36.85169219970703	128.0
6328	-4.163579566458087	33.407888536559916	-37.684574127197266	128.0
6347	-3.834430542133223	34.61630046844599	-38.339107513427734	128.0
6371	-3.5671030990575363	36.57498954241903	-38.38750457763672	128.0
6386	-3.6906255216434323	38.12827324110014	-38.26400375366211	128.0
6405	-3.6786367802998248	39.210173621379795	-38.560546875	128.0
6425	-3.64342259547311	40.03729887870407	-39.11073303222656	128.0
6445	-3.7383639186107223	41.147758003424016	-39.29172897338867	128.0
6463	-3.333334168353405	42.414866807241836	-38.96539306640625	128.0
6485	-3.009383741884667	43.887747959738185	-38.13166809082031	128.0
6502	-2.634158921918416	45.283817993895944	-37.34716033935547	128.0
6521	-2.4997970364585846	46.18987437728793	-36.71535873413086	128.0
6543	-2.425932216356505	47.00508589688133	-36.40913772583008	128.0
6560	-2.604188386064463	47.75378830099025	-35.7958984375	128.0
6582	-2.618404149195397	48.2261128903278	-35.26838302612305	128.0
6600	-2.46223000369751	48.635220154885	-34.62056350708008	128.0
6620	-2.483636040672997	49.20440826571269	-33.705535888671875	128.0
6640	-2.5870805725451547	49.64314039472663	-32.774024963378906	128.0
6658	-2.485165974074529	49.84692997414165	-32.43524932861328	128.0
6679	-2.5170604957884075	49.79519291355957	-31.952144622802734	128.0
6700	-2.7125923324844274	50.02235278500673	-31.11907196044922	128.0
6724	-2.8282120427578468	50.36017638572718	-30.238826751708984	128.0
6738	-2.7579425768276526	50.58610737547607	-29.339279174804688	128.0
6755	-2.7434434190216113	50.69679704025156	-28.91887664794922	128.0
6775	-2.85537953713126	50.93144249115245	-27.89971160888672	128.0
6795	-2.8855226626296373	51.12903213275017	-26.893169403076172	128.0
6813	-3.043989236542144	51.003247893974056	-26.448226928710938	128.0
6837	-3.027472199604553	51.21680878338044	-26.142780303955078	128.0
6854	-3.0489360410462027	51.251480336277524	-25.5343017578125	128.0
6872	-2.733205932798759	51.17992417541303	-24.968496322631836	129.0
6891	-2.669984596681798	50.91895983634203	-24.674936294555664	129.0
6911	-2.7930646563766737	50.65284118845824	-24.228805541992188	129.0
6931	-2.9162941754589946	50.45310201166623	-23.862062454223633	129.0
6952	-2.7052645165973916	50.25510940824079	-23.432952880859375	129.0
6970	-2.7052645165973916	50.25510940824079	-23.432952880859375	129.0
6989	-2.707606058780483	50.13704912123016	-22.616710662841797	129.0
7010	-2.69209201347916	49.639716172626784	-22.083049774169922	129.0
7029	-2.533708847869754	49.529891148374176	-21.37459373474121	129.0
7047	-2.4232930267973316	49.16867845801486	-21.18956756591797	129.0
7067	-2.6314927004419846	49.002299023389746	-20.691173553466797	130.0
7087	-2.6451191930592173	48.74628098124356	-20.237241744995117	130.0
7106	-2.644751247332618	48.65078302922805	-19.894065856933594	130.0
7125	-2.68980364226642	48.5721484865954	-19.59024429321289	130.0
7145	-2.226162994035234	48.40087746238963	-19.28199005126953	130.0
7165	-2.5302177648783473	48.347021857311105	-18.723556518554688	130.0
7191	-2.3859078674814236	48.10877220304411	-18.53118133544922	130.0
7202	-2.5021400206980373	47.91208892411474	-18.380945205688477	130.0
7223	-2.2721406903031083	47.63403783407044	-18.427505493164062	130.0
7242	-2.080589300263405	47.580960978951985	-17.797245025634766	130.0
7262	-2.0246579580412494	47.38355410058459	-17.216903686523438	132.0
7281	-2.1378409259796864	47.276063789904654	-16.718135833740234	132.0
7301	-2.4033010141209457	47.007840038353606	-16.38397979736328	132.0
7321	-2.3079631946277006	46.8948053893316	-16.32354736328125	132.0
7340	-2.41752860026501	46.62913989897829	-15.993446350097656	132.0
7359	-2.6046820427712474	46.46183260741294	-15.870983123779297	132.0
7379	-2.682738618416302	46.478441496350044	-15.408863067626953	132.0
7399	-2.8009390052084027	46.43093795257464	-15.046965599060059	132.0
7425	-2.79602899897885	46.3067439717765	-14.820728302001953	132.0
7441	-2.9180552949459	45.933315974177695	-15.122749328613281	132.0
7457	-2.9832342115557116	45.704029310785124	-15.399600982666016	132.0
7476	-2.963362849220193	45.554280507328585	-15.009981155395508	132.0
7494	-3.3202375731425726	45.606463231778406	-14.624332427978516	132.0
7514	-3.310100847748731	45.29653005012563	-14.391825675964355	132.0
7534	-3.811290448825719	44.956227456557784	-14.499654769897461	132.0
7553	-4.174369758770626	44.688124988555664	-14.44740104675293	132.0
7573	-4.466514682880428	44.33562432204452	-14.281942367553711	132.0
7592	-4.685007295294258	44.175147058038675	-14.37396240234375	132.0
7612	-5.134486732662171	43.89176455733463	-14.107795715332031	132.0
7632	-5.522010311953214	43.765121122671935	-14.119291305541992	132.0
7652	-5.653694728412652	43.52681690211814	-14.3599271774292	132.0
7673	-6.002333952868571	43.46970595724331	-14.307170867919922	132.0
7693	-6.083174573706575	43.176646150715584	-14.151659965515137	132.0
7709	-6.083174573706575	43.176646150715584	-14.151659965515137	132.0
7730	-6.3273182422977365	42.826723327184496	-14.109591484069824	132.0
7748	-6.513669990302849	43.005744066926475	-14.179856300354004	132.0
7767	-6.771802326514804	42.684193559607394	-14.677528381347656	132.0
7786	-6.950058437258906	42.481615097671465	-15.699671745300293	132.0
7807	-7.123972738992455	42.45266008297425	-14.998374938964844	132.0
7826	-7.097726297881994	42.88595369927706	-13.598764419555664	132.0
7844	-7.3399034454871295	42.95542142287262	-13.39601993560791	132.0
7864	-7.549551793796474	43.09838192204382	-13.734735488891602	132.0
7884	-7.663885311909026	43.039893816345995	-14.268983840942383	132.0
7904	-7.8579370746279205	42.9747531771733	-14.585831642150879	132.0
----------------도착----------------
7924	-7.919234901564449	43.00163330268542	-14.7249116897583	132.0
7942	-8.098534872626615	42.922403231086825	-14.495729446411133	132.0
7962	-8.248212060269271	43.19447511684807	-13.898394584655762	132.0
7982	-8.748692898554724	43.41698159437512	-13.16647720336914	132.0
8001	-8.737390510972526	43.486309580739544	-12.762540817260742	132.0
8021	-8.841505187460251	43.52011220600782	-13.17487907409668	132.0
8039	-9.34878804967715	43.511201171722135	-13.386956214904785	132.0
8059	-9.718861807313763	43.51704983360633	-13.545984268188477	132.0
8078	-9.980539359359561	43.5839823607426	-13.554243087768555	132.0
8098	-10.122286485143357	43.72479728510785	-13.730424880981445	132.0
8118	-10.361834281840705	43.90621613646357	-13.843177795410156	132.0
8138	-10.550725316434363	43.62616713370973	-14.132631301879883	132.0
8156	-10.620940921478063	43.77865695927524	-14.447216987609863	132.0
8176	-10.691701716962902	43.670697535546694	-14.332574844360352	132.0
8195	-10.549693480911255	43.84722760039121	-14.147954940795898	132.0
8215	-10.541713378336842	43.852374444523385	-13.898078918457031	132.0
8234	-10.766565100774306	43.69631816160838	-13.910041809082031	132.0
8254	-11.009567306271249	43.565541363819165	-14.056461334228516	132.0
8273	-11.177529656018615	43.40100396795793	-14.549627304077148	132.0
8293	-11.130183632881794	43.570670958786316	-14.46242904663086	132.0
8311	-11.453200766940874	43.68217348412908	-14.214085578918457	132.0
8331	-11.66114973395605	43.83735752888208	-14.001029968261719	132.0
8352	-11.935246912334389	43.987393457057706	-13.626049041748047	132.0
8369	-12.099564994689372	44.00101695316457	-13.481302261352539	132.0
8392	-12.054115424479178	44.01464504018566	-13.691926002502441	132.0
8410	-12.054115424479178	44.01464504018566	-13.691926002502441	132.0
8429	-12.059685848434155	43.84566925591516	-14.082401275634766	132.0
8449	-12.164775004672663	44.07807586731623	-13.724283218383789	132.0
8469	-12.134373478100516	44.37512483600904	-13.814699172973633	132.0
8489	-11.9378420433188	44.34725777743792	-13.900304794311523	132.0
8506	-11.635052786437535	44.46551643973627	-14.0451078414917	132.0
8527	-11.337062143583562	44.38961975641847	-14.627008438110352	132.0
8546	-10.919361251564196	44.539660522929594	-15.084662437438965	132.0
8565	-10.43653748622245	45.04219599020663	-14.644088745117188	132.0
8584	-9.681095399310033	46.08821011374249	-12.976470947265625	132.0
8604	-8.74658157336332	45.990986294732025	-13.213272094726562	132.0
8623	-7.9080625939576805	45.52472444400506	-15.097600936889648	132.0
8643	-7.456591398937967	45.45317892214212	-15.405939102172852	132.0
8663	-6.7368627094198645	46.075078394000684	-14.068914413452148	132.0
8681	-5.5530812454672756	46.6498036243084	-13.259109497070312	132.0
8702	-4.549510598059962	46.57557754069599	-13.351700782775879	132.0
8720	-3.7944066815069655	46.0614102754348	-14.017473220825195	132.0
8740	-3.413107009501003	45.42141134563568	-15.33010196685791	132.0
8759	-2.995700262029377	45.20630439744846	-16.26190948486328	132.0
8778	-2.6904164798181642	45.05834779229389	-16.348848342895508	132.0
8799	-2.2951994880264337	45.03555242789971	-16.031940460205078	132.0
8817	-1.978689146836404	44.94944757991025	-15.693670272827148	132.0
8841	-1.7443595898746243	44.77977274549008	-14.903711318969727	132.0
8857	-1.6120001771720722	44.72544087438729	-14.448440551757812	132.0
8876	-1.540733095365953	44.69305044963708	-14.585042953491211	132.0
8895	-1.4271010642736044	44.470212045290246	-14.942850112915039	132.0
8915	-1.5877532276075816	44.374827889188374	-15.296650886535645	132.0
8935	-1.5473422363216636	44.16151141043398	-15.163789749145508	132.0
8954	-1.7430407788732756	44.109811453315366	-15.145004272460938	132.0
8973	-2.115905469345344	43.90352938369485	-14.971866607666016	132.0
8993	-2.3857104171899826	43.88109905103598	-15.246505737304688	132.0
9013	-2.6047004377438396	43.691288027904854	-15.488912582397461	132.0
9031	-2.904112169930307	43.41766782652217	-15.206925392150879	132.0
9052	-3.277744842715328	43.42273149865963	-14.889339447021484	132.0
9071	-3.2875098166821815	43.27474564154269	-14.76203727722168	132.0
9091	-3.491393093450396	43.18302915330214	-14.868208885192871	132.0
9110	-3.747046316199111	43.079790429504754	-14.737784385681152	132.0
9131	-3.9848259796657444	42.94471227057239	-14.742427825927734	132.0
9149	-3.9848259796657444	42.94471227057239	-14.742427825927734	132.0
9169	-4.474860129429515	42.76303677353537	-14.813425064086914	132.0
9188	-4.996088685330952	42.72658311625258	-14.403165817260742	132.0
9210	-5.261346644361036	42.62849964690952	-14.697628021240234	132.0
9226	-5.573173392237152	42.382618861564595	-14.694568634033203	132.0
9246	-6.005011596436275	42.336679888113615	-14.36025619506836	132.0
9266	-6.253780354603129	42.27238328567006	-14.452681541442871	134.0
9285	-6.829568164793254	42.07226752507508	-14.63839340209961	134.0
9304	-7.457730298764969	42.108272906305004	-14.674761772155762	134.0
9326	-7.84393555360466	42.04087225357222	-14.607162475585938	134.0
9343	-8.173477667122317	41.91881770384121	-14.935630798339844	134.0
9363	-8.68645113944168	41.96672229117691	-14.912351608276367	134.0
9382	-9.017547459830574	41.806953180734105	-14.943183898925781	134.0
9403	-9.118200041313736	41.7314196629326	-14.840080261230469	134.0
9422	-9.493306438597942	41.68963131159017	-14.27607250213623	134.0
9443	-9.885717742374922	41.631952561115284	-13.852476119995117	134.0
9461	-10.199090640770068	41.31534702455329	-14.060808181762695	137.0
9480	-10.488476161409919	41.04952286496287	-14.231924057006836	137.0
9500	-10.844052708022721	40.77541470978338	-14.428951263427734	137.0
9518	-11.226876821768451	40.51420601627882	-14.708633422851562	137.0
9538	-11.505592351865964	40.525290805542134	-14.62407112121582	137.0
9558	-12.234710188010176	40.38288169351565	-14.3119535446167	137.0
9577	-12.880465455578667	40.18602906710516	-14.220029830932617	137.0
9597	-13.173390387008046	40.11154809955438	-14.535730361938477	137.0
9616	-13.651744014363013	40.16637803212347	-14.277717590332031	137.0
9636	-14.096159717819132	40.062242353488905	-14.269495010375977	137.0
9656	-14.553401882714	40.1245605256	-14.249654769897461	140.0
9674	-14.824407641485944	39.881232710305575	-14.37791633605957	140.0
9694	-15.306230204198638	39.73250670383225	-14.498567581176758	140.0
9713	-15.6417147027495	39.59267431752742	-14.336206436157227	140.0
9732	-15.956543597752631	39.65336625569952	-14.114311218261719	140.0
9752	-16.27753964945719	39.506169902000465	-13.964702606201172	140.0
9772	-16.492034459073423	39.33043958769204	-13.997819900512695	140.0
9791	-16.99703012190446	39.1552689189895	-13.882389068603516	140.0
9811	-17.16718291778902	38.99750019647828	-13.763473510742188	140.0
9830	-17.16718291778902	38.99750019647828	-13.763473510742188	140.0
9852	-17.539576653576113	38.899961268116314	-13.955158233642578	140.0
9869	-17.539576653576113	38.899961268116314	-13.955158233642578	145.0
9889	-17.508666242141715	38.92875597422981	-14.244671821594238	145.0
9909	-17.857259856081473	38.8573592330808	-14.230607986450195	145.0
9928	-18.048028326413206	39.173906130262104	-13.781055450439453	145.0
9946	-17.85182719417648	39.3722381902493	-13.662521362304688	145.0
9966	-17.429045602003423	39.6153875777737	-13.661659240722656	145.0
9986	-17.356413457702352	39.53171526966501	-13.921470642089844	145.0
10006	-17.1593399901791	39.784462432869425	-13.889225006103516	145.0
10026	-16.992892775460913	39.88937868270439	-13.505851745605469	145.0
10045	-17.036637783137785	40.1185406696591	-13.098146438598633	145.0
10063	-16.67832943243157	40.36664007948017	-13.244821548461914	148.0
10082	-16.27319168840903	40.377743632303996	-13.370258331298828	148.0
10103	-16.288644042896763	40.62901648417164	-13.234012603759766	148.0
10121	-16.142858776314455	40.82199682442404	-13.171377182006836	148.0
10142	-16.05950033563947	41.140688275143255	-13.261039733886719	148.0
10161	-15.855222100766987	41.3226790896066	-13.502138137817383	148.0
10180	-15.736878362925358	41.518441727656736	-13.57900333404541	148.0
10201	-15.398561903331542	41.89332697412845	-13.421676635742188	148.0
10220	-15.358791469278056	42.43746418735004	-12.987911224365234	148.0
10238	-15.188440531464057	42.8240958755216	-13.081402778625488	148.0
10258	-14.884928816537528	43.25785584613149	-13.156999588012695	150.0
10277	-14.690464562230556	43.72948846712511	-13.41563606262207	150.0
10297	-14.61733685160286	44.084033414828106	-13.554098129272461	150.0
10316	-14.610053289134111	44.638719722180504	-13.304237365722656	150.0
10337	-14.289856321665875	45.12455927066039	-13.134847640991211	150.0
10355	-14.18660643270371	45.460483323565434	-13.029233932495117	150.0
10374	-13.788505506406562	45.75823763626592	-13.14343547821045	150.0
10394	-13.645516910057596	45.88700403041554	-12.996867179870605	150.0
10413	-13.217953396714574	45.797125429944266	-13.192384719848633	150.0
10434	-12.978657996518294	45.581663494677656	-13.22064208984375	150.0
10452	-12.292995558878708	45.38221902168052	-13.074723243713379	150.0
10472	-11.957378349432053	45.15166383443118	-13.047626495361328	152.0
10491	-11.519061775357123	45.07408361611165	-12.967411041259766	152.0
10511	-11.062053109874833	45.027597416433444	-12.915899276733398	152.0
10533	-10.815270499501139	44.782415387648065	-12.99989128112793	152.0
10552	-10.58401343409374	44.86132838107382	-13.330744743347168	152.0
10571	-10.773325921889333	44.74269714990121	-13.019533157348633	152.0
10590	-10.80903406120336	44.65858925352476	-13.083537101745605	152.0
10609	-10.80903406120336	44.65858925352476	-13.083537101745605	152.0
10627	-11.085510728737404	44.46602897928922	-13.101284980773926	152.0
10648	-11.298460265399358	44.480455420570614	-12.921154022216797	152.0
10666	-11.782085509162304	44.228522578059874	-12.965564727783203	153.0
10686	-12.284840989705874	43.83786947067871	-13.141630172729492	153.0
10706	-12.781568026809564	43.63620127931289	-13.011089324951172	153.0
10724	-13.483741657552365	43.395148604629185	-12.725380897521973	153.0
10748	-13.983348172720305	43.309386025447246	-12.88532829284668	153.0
10764	-14.43869052010353	43.350053014277066	-12.875726699829102	153.0
10783	-15.039223909859928	43.487271526440125	-13.027828216552734	153.0
10803	-15.601644592964925	43.490452570628385	-13.02032470703125	153.0
10823	-16.340718298977635	43.559921012861935	-12.70749282836914	153.0
10841	-16.974557015627624	43.65071367896198	-12.838127136230469	153.0
10865	-17.542626538876807	43.733979568675366	-12.982952117919922	156.0
10880	-18.014947542091292	43.6161424344724	-13.115774154663086	156.0
10901	-18.56713459655413	43.75376232555271	-13.027132034301758	156.0
10920	-19.272825138359167	43.737036428649695	-12.800435066223145	156.0
10939	-19.580048982279123	43.570883236356906	-13.057947158813477	156.0
10959	-20.0131484149048	43.584453188372485	-13.085872650146484	156.0
10982	-20.02624872494441	43.767042273667585	-12.95547103881836	156.0
10998	-20.2366058442524	43.71743845890299	-12.698628425598145	156.0
11017	-20.513184788364033	43.66144154291362	-12.849555969238281	156.0
11036	-20.46235867741447	43.90649596893196	-12.727437973022461	156.0
11056	-20.504321616704324	43.95895986742289	-12.680337905883789	157.0
11076	-20.538537932118363	43.85917340028886	-12.827617645263672	157.0
11098	-20.49298066780607	43.946243877899946	-12.953727722167969	157.0
11114	-20.448911107091423	43.7587219667078	-13.299125671386719	157.0
11133	-20.632618712787796	43.824248436095566	-13.602840423583984	157.0
11153	-20.72452448878853	44.0795961807302	-13.85331916809082	157.0
11172	-20.569979020783503	44.12635481010198	-13.746650695800781	157.0
11193	-20.512772114768243	44.039575187895124	-13.500819206237793	157.0
11215	-20.209183328279444	44.06164625111931	-13.088602066040039	157.0
11231	-19.89631780518499	44.1785862804621	-13.025524139404297	157.0
11251	-19.515434393422627	44.25100159829942	-12.887516021728516	157.0
11270	-18.943453067278508	44.31782291409201	-12.874578475952148	160.0
11291	-18.434715402530706	44.23130035939048	-12.790231704711914	160.0
11310	-17.70684204936784	44.264867320200786	-12.587722778320312	160.0
11329	-17.70684204936784	44.264867320200786	-12.587722778320312	160.0
11349	-16.927926396044676	44.3166911412569	-12.48901653289795	160.0
11367	-16.574616867412715	44.07503242870716	-12.734148025512695	160.0
11386	-16.07137359168223	44.041959144911445	-13.09185791015625	160.0
11406	-15.762096421732783	44.03172067220038	-13.361079216003418	160.0
11425	-15.63478178861536	43.909039527422216	-13.509035110473633	160.0
11444	-15.487727977338333	43.907561923183344	-13.446439743041992	160.0
11466	-15.052252196976786	43.985213295222934	-13.57857894897461	163.0
11484	-14.75745684351259	43.94850673634799	-13.697049140930176	163.0
11503	-14.849570181318056	43.80928404638571	-14.098467826843262	163.0
11523	-14.62484514892432	44.0543253466413	-14.09058952331543	163.0
11544	-14.539266928955112	44.12706549776433	-13.91436767578125	163.0
11561	-14.294126295108768	44.1563774035481	-13.895286560058594	163.0
11583	-13.97303803050809	44.0953523287952	-13.789422988891602	163.0
11600	-13.618670966259039	44.14440002406286	-13.81546401977539	163.0
11621	-13.578949584971745	43.90729306616931	-13.764817237854004	163.0
11640	-13.656433802926706	43.770718153568986	-13.58370590209961	163.0
11659	-13.571848916055673	43.74416576879454	-13.461502075195312	163.0
11680	-13.507194418839893	43.27931041815811	-13.665092468261719	163.0
11701	-13.434051094174821	42.921265514738366	-13.76523208618164	163.0
11718	-13.101806870237382	42.79475666499116	-13.513507843017578	163.0
11737	-13.036140215440037	42.65459147907848	-13.533181190490723	163.0
11756	-12.997913140758927	42.00835798629252	-13.80126667022705	163.0
11776	-12.89649523177398	41.4006872142642	-14.651857376098633	163.0
11795	-12.705786023142354	41.09802225188888	-14.698583602905273	163.0
11815	-12.444181624455084	40.61214028080831	-14.789319038391113	163.0
11834	-12.446193058217549	40.329729377145604	-15.151664733886719	163.0
11853	-12.352230628315452	40.02716306392092	-15.188114166259766	163.0
11872	-12.401426580041873	39.45439275285074	-15.179594039916992	163.0
11893	-12.405182808006913	38.87391058447369	-15.19517707824707	163.0
11911	-12.400810635488194	38.52785006386905	-15.24474811553955	163.0
11933	-12.234863560954764	38.17263799276815	-15.128274917602539	163.0
11951	-12.48145735677453	37.50529101532642	-15.25961685180664	163.0
