10	-35.73755164420846	5.027404922023793	-25.3380069732666	130.0
30	-35.88757391470443	3.8902047665990414	-25.38935089111328	130.0
49	-34.62170348697707	3.513551313662965	-27.37822723388672	130.0
68	-34.774364121816504	3.609138343482865	-27.242197036743164	130.0
89	-36.034816938871515	4.797192213717396	-25.832740783691406	130.0
107	-36.76858225749581	6.139036844679768	-24.547515869140625	130.0
128	-36.33901122290374	8.048777653651008	-24.46375274658203	130.0
147	-35.73231137579343	9.328899898386366	-24.903432846069336	130.0
166	-36.453132685734836	10.483533965564998	-23.14261817932129	130.0
185	-37.45093742092554	12.514410443699468	-20.563316345214844	130.0
206	-38.33005486175524	13.817500517246792	-18.319055557250977	130.0
225	-38.69500646748088	13.663323805468464	-17.806121826171875	130.0
244	-37.47912498085423	12.314458266597745	-20.597585678100586	130.0
265	-36.18419122287166	10.668500777486958	-23.371002197265625	127.0
283	-35.50473254611089	10.714119097137155	-24.2926025390625	127.0
302	-35.83019494570951	11.148481698511738	-24.057048797607422	127.0
321	-36.0946979356609	11.27403161027346	-23.795494079589844	127.0
340	-36.16767906956748	11.401626740638768	-23.84258460998535	127.0
361	-35.690161820678675	12.58120394846585	-24.02812957763672	127.0
379	-35.46842349443642	13.162023905893808	-24.59056282043457	127.0
399	-35.5376027801557	12.801884031172804	-25.25295066833496	127.0
418	-36.03092966691868	12.47740394909776	-24.95180320739746	127.0
439	-37.49274975132877	12.72376013150477	-23.167247772216797	127.0
460	-38.69781708079362	12.877820866277874	-21.075428009033203	127.0
480	-38.93257517891634	13.071020088057233	-20.653987884521484	127.0
498	-38.3997021412548	12.799476325784653	-21.71339988708496	131.0
515	-38.3997021412548	12.799476325784653	-21.71339988708496	131.0
535	-37.47027164111246	11.976877205501074	-23.4827880859375	131.0
556	-37.0316894316077	11.72214192643228	-24.080577850341797	131.0
575	-37.66933765496934	11.692373162845897	-23.61426544189453	131.0
595	-37.96956206745675	12.143922168940009	-22.73551368713379	131.0
614	-38.42614405811956	12.06579857551553	-21.998729705810547	131.0
634	-38.89668469550541	12.440019171346629	-21.30779457092285	131.0
652	-39.28866165274248	12.546515284329342	-20.75344467163086	131.0
672	-39.268840469791165	12.524879877824159	-21.25408363342285	131.0
691	-39.19137197850863	12.785155164003651	-21.613868713378906	131.0
712	-39.423685499568215	13.242120844793813	-21.108495712280273	131.0
730	-39.4723541112098	13.174730038405908	-20.489826202392578	137.0
750	-39.556399388817184	12.629089915951944	-21.32563591003418	137.0
776	-39.10766959764161	12.355669908697543	-21.994611740112305	137.0
790	-39.26218433020938	12.661354309132735	-21.91948127746582	137.0
809	-39.188179126740444	13.314976877981232	-21.43342399597168	137.0
829	-39.221891204053755	13.555195111760563	-21.034828186035156	137.0
847	-39.39492948717579	12.669649287979984	-21.595624923706055	137.0
866	-39.767137398292505	12.264572060807838	-21.148710250854492	137.0
886	-39.93146624677855	12.24640654214327	-21.179338455200195	137.0
905	-39.7554659567091	11.676232475651528	-21.932363510131836	137.0
927	-39.31269358276675	11.265284802114307	-22.97793960571289	137.0
944	-39.050297855125	10.70834315028813	-23.59750747680664	137.0
964	-39.231069842942766	10.817618827276085	-23.641210556030273	137.0
982	-39.80727544254543	10.283814033372309	-23.616191864013672	136.0
1002	-39.88812094819915	10.640316918517891	-23.424381256103516	136.0
1021	-40.20253800464627	11.368288823563685	-23.267976760864258	136.0
1041	-40.08143623545032	11.542504612499542	-23.647308349609375	136.0
1062	-39.95205800455659	12.4695708027844	-23.47675323486328	136.0
1080	-40.33823732083717	13.02000259651157	-23.232507705688477	136.0
1099	-40.65942350322937	13.45638258317638	-22.548919677734375	136.0
1119	-41.50761892092642	12.80930505890184	-21.896726608276367	136.0
1138	-41.792269302728116	12.593800911513734	-21.184961318969727	136.0
1159	-41.83915539059827	11.971502983293464	-21.429119110107422	136.0
1179	-41.27084809116459	11.888980280504745	-22.3409366607666	136.0
1198	-41.27084809116459	11.888980280504745	-22.3409366607666	136.0
1216	-40.99656632044697	11.326732356647025	-23.14853286743164	136.0
1235	-40.36371067583718	10.771256359347255	-24.845455169677734	136.0
1255	-39.84773620698835	10.795335187722854	-26.084123611450195	136.0
1275	-39.36273274086311	11.426455190422876	-26.20673942565918	136.0
1294	-39.79913846800554	11.743735663093934	-25.64035415649414	136.0
1313	-40.83397037324383	12.178372558385343	-24.02496337890625	136.0
1332	-41.85597461086344	12.711896808779297	-22.080427169799805	136.0
1352	-42.49823916413063	13.293351226990714	-20.337318420410156	136.0
1371	-42.9927331280026	12.556264965646756	-20.229524612426758	136.0
1392	-43.02300955183569	11.43708746511485	-20.536855697631836	136.0
1411	-42.55553315029096	10.210361320410327	-21.99578857421875	136.0
1430	-42.10287481304099	8.952242057281634	-23.90753936767578	136.0
1449	-41.92423467196931	7.772667535885171	-24.43784523010254	130.0
1469	-42.3754617815727	7.44954107119949	-24.22605323791504	130.0
1489	-42.461438098774885	7.6708409488234555	-24.21042251586914	130.0
1507	-42.40751605822174	8.393071969442696	-24.007781982421875	130.0
1528	-42.03281162580401	8.675915223698667	-24.11654281616211	130.0
1547	-41.922636192545816	9.529166335655292	-24.253185272216797	130.0
1566	-42.26028761676614	13.131575644330534	-21.36043357849121	130.0
1585	-43.022585645886394	14.11939921004548	-19.578088760375977	130.0
1604	-43.1066466419688	13.833799508983397	-19.58477783203125	130.0
1625	-42.56229637128017	11.051615831073446	-21.854108810424805	130.0
1645	-41.84025351319635	9.342115860070976	-24.256155014038086	130.0
1663	-42.137505891320714	8.537060863599569	-24.401798248291016	130.0
1683	-42.840859889585396	8.446150223792682	-23.11483383178711	130.0
1702	-43.5854431035954	7.789124069281526	-22.347515106201172	127.0
1722	-43.56376485576784	7.418493742014656	-22.98063087463379	127.0
1741	-42.68961803890917	7.826425225879634	-24.196359634399414	127.0
1761	-42.33135835822696	7.727779291584782	-25.196853637695312	127.0
1779	-42.655064179200785	7.1839100484604055	-25.486398696899414	127.0
1799	-42.63836297032762	6.617009384331283	-25.844106674194336	127.0
1819	-42.58935099152132	5.954335750875156	-26.264455795288086	127.0
1839	-43.15351251255063	5.964901767230037	-26.22086524963379	127.0
1859	-43.4888656557931	6.5900565271178575	-24.976381301879883	127.0
1879	-43.638423404433944	6.677106582785643	-25.138715744018555	127.0
1898	-44.06673507081564	7.160491434918501	-24.42470359802246	127.0
1915	-44.06673507081564	7.160491434918501	-24.42470359802246	127.0
1935	-44.176119553013116	7.954337630292335	-24.076669692993164	128.0
1955	-43.88679934049652	7.92219151741026	-24.632062911987305	128.0
1974	-43.71291624322153	7.572379092182624	-25.0234375	128.0
1994	-43.620342876818846	7.563883532452581	-25.130823135375977	128.0
2013	-43.43110115038092	7.548941947249543	-25.210153579711914	128.0
2033	-43.62119614031755	6.915068571482407	-25.40494728088379	128.0
2052	-43.728779383321246	6.997701031369821	-25.073875427246094	128.0
2073	-43.855715701011654	6.704488829747018	-25.136499404907227	128.0
2091	-43.56000806017952	6.714383050955798	-25.42469024658203	128.0
2110	-43.44936643295001	7.105200504112166	-25.22959327697754	128.0
2130	-43.75205395562934	7.47197205779771	-24.440013885498047	128.0
2149	-43.67635671742052	7.558775698137466	-24.7073917388916	128.0
2169	-43.399937052773545	7.645123398762362	-25.28310775756836	128.0
2189	-43.45384164120543	7.688234823641406	-25.63973617553711	128.0
2209	-43.57324454151182	7.791314614590817	-25.362689971923828	128.0
2227	-44.036635277018036	7.516982948063338	-24.575885772705078	128.0
2247	-44.53005783805283	7.723885345270853	-24.040563583374023	128.0
2267	-43.93597697037917	7.035364895875036	-25.11760139465332	128.0
2285	-43.7902355422807	6.6553940936818785	-25.5172176361084	128.0
2305	-43.644724673722855	6.208150865178899	-25.50202751159668	128.0
2324	-43.66501850069779	6.021163417696647	-25.58000946044922	128.0
2347	-43.09919542718546	6.218171765115197	-26.279375076293945	128.0
2363	-42.848136750201576	6.079356773573886	-26.686290740966797	128.0
2382	-42.91456242595485	6.125581842239335	-26.53203773498535	128.0
2402	-43.14029570104775	6.164118342017954	-26.089448928833008	128.0
2422	-43.56332992141816	6.237787565029369	-25.521705627441406	131.0
2442	-43.39568262908503	6.397491244820746	-25.36888313293457	131.0
2460	-43.52020247703286	6.364257968540965	-25.378185272216797	131.0
2480	-43.38318018083654	6.5493918389730235	-25.27275848388672	131.0
2499	-43.56563829797048	6.92279976147247	-24.744733810424805	131.0
2519	-43.49069229190792	6.995847841320544	-24.938072204589844	131.0
2539	-43.348164110482074	6.811712506040422	-25.43383026123047	131.0
2559	-43.348164110482074	6.811712506040422	-25.43383026123047	131.0
2579	-43.21717269174723	6.93645829538281	-25.343931198120117	131.0
2598	-43.10222115392052	7.400742658300702	-25.663707733154297	131.0
2616	-43.10222115392052	7.400742658300702	-25.663707733154297	131.0
2635	-42.942832980007836	7.068730283537929	-25.54802703857422	131.0
2655	-42.954078864497724	7.644219356860419	-25.132516860961914	128.0
2675	-42.73205646492588	7.2793217292089105	-25.487728118896484	128.0
2694	-42.6515854556711	6.959357938963475	-25.23577308654785	128.0
2712	-42.64546969409985	7.440012862078032	-24.778261184692383	128.0
2732	-42.63101807984634	6.793919679323975	-24.958389282226562	128.0
2752	-42.10177892421454	6.005243881184059	-25.706708908081055	128.0
----------------출발----------------
2775	-41.576195070064216	6.815599020184351	-26.10105323791504	128.0
2791	-41.31435785070471	5.2447579902424994	-26.851961135864258	128.0
2810	-41.56636619903933	5.280899012496236	-26.542377471923828	128.0
2830	-41.93770819236797	6.255598116518812	-25.487262725830078	128.0
2850	-42.08893029784981	7.29117151402396	-24.782398223876953	128.0
2869	-42.10903687316185	8.001712009007742	-24.517606735229492	128.0
2889	-42.18005474460024	8.02829973802244	-24.182571411132812	128.0
2907	-41.903873456785696	7.507369590548369	-24.94610023498535	120.0
2927	-42.0935353435303	6.481708710999628	-24.965389251708984	120.0
2947	-42.16719327668099	6.7354696172113355	-24.625001907348633	120.0
2966	-41.55832331053681	6.688448490194208	-25.428937911987305	120.0
2986	-41.037500233253155	6.4604229300012745	-25.8442440032959	120.0
3005	-41.26017556700783	6.512405772273711	-25.73245620727539	120.0
3024	-41.42762589811528	7.457013266977108	-24.88724708557129	120.0
3044	-41.751371697143036	7.9928548961929975	-24.51744270324707	120.0
3063	-41.60088788151342	8.239392174780958	-24.187477111816406	120.0
3084	-41.21535664456611	8.666588339807868	-24.040912628173828	120.0
3103	-41.01782255430104	8.44207711874048	-24.53294563293457	120.0
3123	-40.83111282818019	7.984729274843216	-24.90468978881836	120.0
3141	-40.950920958508675	8.0156947291726	-24.91053581237793	121.0
3160	-40.42057898607595	8.418763174024155	-24.862852096557617	121.0
3180	-40.096004889505075	8.617892551992151	-24.87581443786621	121.0
3199	-39.6702552611254	8.154100807030977	-24.873029708862305	121.0
3221	-39.87057674297743	7.980015852605596	-25.010583877563477	121.0
3239	-39.89750821311976	7.983843292486139	-25.331867218017578	121.0
3259	-39.763496609624006	7.8132229434539795	-25.344301223754883	121.0
3280	-40.08240457229538	7.683919149994366	-24.809953689575195	121.0
3298	-40.43532310755415	7.559009495878498	-24.299137115478516	121.0
3317	-40.43532310755415	7.559009495878498	-24.299137115478516	121.0
3336	-40.707800849121696	7.581452589328237	-24.286048889160156	121.0
3356	-40.414268525468145	7.024932214488017	-25.22541618347168	121.0
3375	-39.66621599769495	6.713312892991547	-26.15586280822754	125.0
3394	-38.94337159270973	6.827633915895385	-26.283554077148438	125.0
3413	-38.67649624722604	6.48307350257974	-26.097991943359375	125.0
3432	-38.376580489964994	6.05595305194682	-26.22230339050293	125.0
3453	-38.469803819159864	6.062649705495114	-25.910240173339844	125.0
3472	-38.4654919417127	5.872377727891108	-26.166269302368164	125.0
3491	-38.21007958773347	5.947633863814227	-26.098766326904297	125.0
3511	-37.9494527910988	6.037926887656209	-26.0000057220459	125.0
3529	-38.165283877416464	6.08775833874427	-25.614734649658203	125.0
3549	-38.34046472861917	6.157581622146558	-25.978822708129883	125.0
3569	-38.05631982230985	6.4848503708273935	-26.480131149291992	125.0
3589	-37.95220665852543	6.932095825946794	-26.66094970703125	125.0
3608	-37.99373277967141	7.088998337568135	-26.242843627929688	125.0
3627	-37.66504366004687	7.246142609527034	-25.835453033447266	130.0
3647	-37.454580531186025	6.9904193910129715	-26.04615020751953	130.0
3666	-37.22499826634999	7.3324137974753	-26.15596580505371	130.0
3686	-36.95464335852528	7.754662222424131	-26.097169876098633	130.0
3705	-37.438677485608935	7.712297821718225	-24.527597427368164	130.0
3724	-37.727115491775564	7.729564285313767	-23.726057052612305	130.0
3744	-37.167933380363024	7.502217463384904	-24.108903884887695	130.0
3763	-36.259551499496666	8.169885514457	-24.965087890625	130.0
3784	-35.54870792478312	8.570557639828044	-25.571243286132812	130.0
3803	-34.8852708646592	8.667447963573201	-25.881275177001953	130.0
3821	-34.74372317419526	8.156770856124961	-25.67694091796875	130.0
3841	-34.4932943571765	8.472650439097288	-25.845598220825195	130.0
3860	-33.74582447997165	8.820657624365426	-26.632598876953125	130.0
3880	-33.70927132343272	8.952392856751036	-26.930734634399414	130.0
3900	-33.6656565995668	9.339065486660253	-26.57594108581543	130.0
3920	-32.985458300463364	9.507151203437177	-26.9315128326416	130.0
3939	-32.34561386093629	9.656407203564775	-27.280012130737305	130.0
3959	-32.74308464556421	9.997814088875275	-26.603910446166992	130.0
3979	-33.38567359807774	10.026477775072307	-25.802963256835938	130.0
3999	-33.45670435524356	9.850676293057722	-25.26040267944336	130.0
4016	-33.45670435524356	9.850676293057722	-25.26040267944336	130.0
4035	-32.84536225184336	9.685431920475338	-25.89240264892578	130.0
4055	-32.39038079810566	9.927310974750341	-25.607791900634766	130.0
4074	-32.43238706297663	9.812373886392976	-25.45242691040039	130.0
4094	-32.956473055372456	9.30892794023217	-25.098230361938477	128.0
4113	-32.871908229698455	8.820972962999885	-25.45928382873535	128.0
4133	-32.09767576534519	8.63327802652531	-26.175355911254883	128.0
4153	-31.45391439165541	8.593677780067988	-26.33993148803711	128.0
4171	-31.374921559017707	8.590321363296505	-26.252849578857422	128.0
4191	-31.055249514755044	8.727047798898896	-26.058149337768555	128.0
4211	-30.796663733474485	8.436021393969583	-26.19980812072754	128.0
4230	-30.54403450988522	7.9168389416224025	-26.19570541381836	128.0
4249	-29.911896704021473	7.832232370647964	-26.438560485839844	128.0
4274	-29.17681745893137	7.855288982737351	-26.451879501342773	128.0
4289	-27.868139350762743	7.5406831097096925	-27.277809143066406	128.0
4308	-27.325527079352014	7.254638765229609	-27.871057510375977	128.0
4327	-26.000876883769	7.143419676639734	-28.894306182861328	128.0
4346	-25.876169534659162	6.3129718554863405	-28.939281463623047	136.0
4366	-25.915312488369366	6.157395231065274	-28.486019134521484	136.0
4385	-25.804906555989575	6.2387178474959475	-28.388019561767578	136.0
4405	-25.25664101127487	6.384267243756091	-28.356449127197266	136.0
4424	-24.93182003402711	5.963397223749576	-28.69099235534668	136.0
4444	-24.92940629638852	5.906089197170657	-28.650192260742188	136.0
4463	-24.803328319364866	5.503025111514098	-28.539546966552734	136.0
4484	-24.286665382958606	5.272601906769147	-28.43132781982422	136.0
4502	-23.565841089444127	4.974104580777926	-28.711597442626953	136.0
4522	-23.315266639746593	4.550574654024309	-28.83323860168457	136.0
4541	-23.049598580070793	4.3186360666811145	-28.554174423217773	136.0
4561	-22.811934687310263	3.916222785868734	-28.455053329467773	136.0
4582	-22.190053545252056	3.9408921975630378	-28.244033813476562	138.0
4599	-21.943008309679982	3.801999298557908	-28.210289001464844	138.0
4619	-21.391717018475436	3.6303583012000185	-28.046268463134766	138.0
4640	-21.01318395432042	3.5020696481781513	-28.333415985107422	138.0
4658	-20.710719343724413	3.0897256046447836	-28.34055519104004	138.0
4679	-20.007766211330292	3.060876357307193	-28.275564193725586	138.0
4698	-19.258043839626858	2.7077981358425673	-28.355825424194336	138.0
4716	-19.258043839626858	2.7077981358425673	-28.355825424194336	138.0
4735	-18.353503078569517	2.5238009002065263	-28.448476791381836	138.0
4755	-17.380331509374567	2.861172505253593	-28.894634246826172	138.0
4775	-16.65945989330594	2.09313263092824	-29.013296127319336	138.0
4793	-16.676859945832177	1.2491480106552748	-28.855621337890625	138.0
4814	-16.502548800421188	0.04657428079400747	-28.41682243347168	134.0
4833	-16.037239655611298	-0.35842100457497217	-28.351274490356445	134.0
4852	-15.760226256035809	-0.6945385044787258	-28.22269058227539	134.0
4871	-15.326560979498053	-0.8344402667016971	-28.137845993041992	134.0
4892	-13.707167841779853	-1.2110485809695697	-28.78423500061035	134.0
4910	-11.95373831941313	-1.5715934778652503	-29.207931518554688	134.0
4930	-11.436322810261892	-1.9149325283818397	-29.11762809753418	134.0
4949	-11.786411014734446	-2.131023405504926	-28.367921829223633	134.0
4969	-11.603196792186804	-2.1629906662072473	-28.29145050048828	134.0
4988	-11.06698549007044	-2.2224882712494503	-28.052061080932617	134.0
5008	-10.398186948064525	-1.957867892407584	-27.98674774169922	134.0
5027	-9.896616450438543	-1.7406642512816053	-27.645610809326172	134.0
5047	-10.146088393493217	-1.7655795531823326	-26.903383255004883	134.0
5067	-9.872238115103524	-1.9837739874158908	-26.6750545501709	124.0
5086	-9.432396072493964	-2.3239081559043617	-26.290992736816406	124.0
5105	-8.78064720516429	-2.404911807169181	-26.33279800415039	124.0
5124	-8.074309312761907	-2.9904051687190316	-25.959674835205078	124.0
5144	-7.539370903392005	-3.181014936747847	-25.761430740356445	124.0
5164	-7.192856700619647	-3.2490548886162074	-25.6645565032959	124.0
5183	-6.9805825507720085	-3.6617481999542716	-25.6182918548584	124.0
5202	-6.817330647600951	-3.6873554253698764	-25.70473289489746	124.0
5221	-6.801290157446644	-4.181850990434787	-25.02974510192871	124.0
5242	-6.753564511427084	-4.494836307946543	-24.707843780517578	124.0
5261	-6.620067492215176	-4.8139140527353685	-24.54473876953125	124.0
5280	-6.697195260480408	-4.905874058944759	-24.350196838378906	124.0
5299	-6.864777413337718	-5.025565312084002	-24.081024169921875	126.0
5319	-6.828351071700684	-5.093874178724823	-23.74520492553711	126.0
5339	-6.271397775066522	-5.076579936439203	-23.679216384887695	126.0
5359	-6.084596260281799	-5.431057032250915	-23.37833595275879	126.0
5379	-7.265089438232548	-5.368478875531087	-22.783870697021484	126.0
5399	-8.060594989781803	-5.199284404560678	-22.459165573120117	126.0
5416	-8.060594989781803	-5.199284404560678	-22.459165573120117	126.0
5435	-6.177253213448299	-5.646926234825322	-22.334314346313477	126.0
5455	-2.993819272327377	-6.7091793876415915	-22.471349716186523	126.0
5474	-1.3311549615729703	-7.836696847373439	-21.92275619506836	126.0
5494	-1.574581177933049	-8.010163165858103	-21.518234252929688	126.0
5514	-1.0483937980812252	-7.242682245199467	-21.702070236206055	126.0
5532	-0.5849829481662612	-7.538148711207502	-21.386354446411133	131.0
5552	-1.159170907816637	-7.842438325365392	-21.241384506225586	131.0
5572	-2.0661818422998888	-7.043861442022113	-21.1881046295166	131.0
5591	-2.5265927511748054	-5.997002821004913	-21.59122085571289	131.0
5611	-2.4038682795152777	-5.326639254330243	-21.659873962402344	131.0
5630	-2.2249070059151697	-6.223066375977941	-21.32343292236328	131.0
5650	-2.389027869899986	-7.397214458203571	-20.856121063232422	131.0
5669	-2.558923785996202	-7.954290929801737	-20.393169403076172	131.0
5688	-3.141294769636387	-7.353963572493834	-20.483112335205078	131.0
5707	-3.6741049280106997	-7.93102401232586	-20.252405166625977	131.0
5727	-3.7994905791653544	-8.704110821435432	-19.693069458007812	131.0
5747	-3.578600510571964	-8.502897611852397	-19.746231079101562	131.0
5768	-4.080493184429879	-8.944024814559794	-19.244169235229492	131.0
5785	-4.1950724581340015	-8.353612871102372	-19.40713119506836	148.0
5805	-3.8981680911598313	-8.89949980283272	-19.05810546875	148.0
5824	-3.705500692612673	-8.850642483005492	-18.7834529876709	148.0
5844	-2.3951108490854662	-9.702360256752968	-18.64165496826172	148.0
5864	-1.479832982595883	-9.801319109273278	-18.05373764038086	148.0
5883	-1.0238345905211332	-9.73609404649407	-17.787883758544922	148.0
5902	-0.828362650041722	-9.842877259793987	-17.403888702392578	148.0
5922	-1.1987224088609778	-9.465022618586678	-16.98965835571289	148.0
5941	-1.1442258017603202	-9.232680981259518	-16.52128028869629	148.0
5961	-1.0956333044531705	-8.731123277670171	-16.159372329711914	148.0
5981	-0.8232931608284088	-8.340605191210628	-16.076147079467773	148.0
5999	-0.7425821081027558	-8.207019854362112	-15.48923110961914	148.0
6019	-0.7643718203864394	-8.214172792464087	-15.236104011535645	152.0
6039	-1.1359671692935982	-7.4502467193949204	-15.33419132232666	152.0
6059	-1.1578423066885704	-6.539706667994107	-15.20569896697998	152.0
6079	-0.9045033090473275	-6.135269980445369	-15.376984596252441	152.0
6098	-1.0391117783010282	-6.069298055973939	-15.125192642211914	152.0
6116	-1.0391117783010282	-6.069298055973939	-15.125192642211914	152.0
6135	-1.3202291526024414	-6.158721128909785	-15.190774917602539	152.0
6155	-1.1637914972481604	-5.160786024895351	-15.324904441833496	152.0
6174	-1.1858949623189405	-3.8123283805171244	-15.462203979492188	152.0
6194	-1.0502143652091664	-2.601485526086599	-15.715389251708984	152.0
6213	-1.0236058916235764	-1.979935107962992	-15.598490715026855	152.0
6233	-1.1469188803195574	-1.3519782381611147	-15.767180442810059	152.0
6252	-1.4498273163431703	-0.47336988660479795	-15.895783424377441	126.0
6274	-1.1227254531582938	0.28633062854512303	-16.131729125976562	126.0
6293	-1.0309453964471846	1.1470550694599901	-16.175321578979492	126.0
6311	-1.102299246083162	1.702613519133266	-16.12966537475586	126.0
6330	-0.9196065146223921	1.907139535199152	-16.246274948120117	126.0
6350	-0.9644367823103456	1.5968811262016511	-16.297534942626953	126.0
6370	-0.7656237245053663	1.3220523169752283	-16.410654067993164	126.0
6388	-0.38142935402065276	1.6833966638145024	-16.57986068725586	126.0
6409	-0.21062654801040012	1.9670748441461543	-16.443532943725586	126.0
6427	-0.1477103491415551	2.747251634382651	-16.38200569152832	126.0
6446	-0.040995638203370946	3.1926303045416407	-16.410398483276367	126.0
6466	-0.10144961152119848	3.569198435172511	-16.388914108276367	126.0
6485	-0.5863256436323466	3.5563848541754153	-16.4274959564209	126.0
6505	-0.265837236525974	4.253636503067615	-16.476858139038086	127.0
6525	0.06422418670874284	4.850509652955926	-16.50319480895996	127.0
6545	0.048614275857270135	5.382715643926944	-16.334182739257812	127.0
6563	0.4639506671955313	5.7757147831321465	-16.1198673248291	127.0
6583	0.3098118032414566	6.243840518025808	-15.873698234558105	127.0
6602	0.630758102688974	6.970994212237751	-15.603620529174805	127.0
6622	1.0281419937448022	7.40144247173397	-15.600696563720703	127.0
6642	1.3399570315127227	7.7063716296354805	-15.572251319885254	127.0
6661	1.9474556840833621	7.771193909244304	-15.274198532104492	127.0
6680	2.027035064557632	8.079905858697494	-15.265567779541016	127.0
6699	2.233879093867467	8.461351519943586	-14.889911651611328	127.0
6719	1.9394069354894212	8.961161855613609	-15.031355857849121	127.0
6740	1.9326969525113837	9.084637835968879	-15.253046035766602	131.0
6759	1.7536837293948004	9.21839017910221	-15.177125930786133	131.0
6778	1.7536837293948004	9.21839017910221	-15.177125930786133	131.0
6799	1.1999229299195575	9.965983104974672	-14.915445327758789	131.0
6816	1.1999229299195575	9.965983104974672	-14.915445327758789	131.0
6835	0.7648315967671236	10.400180213840832	-14.713571548461914	131.0
6855	0.6982718046800597	10.834892463451112	-14.321943283081055	131.0
6874	0.4248414368913623	10.95237981700877	-14.49789047241211	131.0
6894	0.2828469891071671	11.153207213078417	-14.535321235656738	131.0
6913	0.05766690051719357	11.302266944227364	-14.427070617675781	131.0
6933	-0.24974545148236083	11.546600823606315	-14.32255744934082	131.0
6952	-0.19058765393755958	11.870125779821146	-14.030712127685547	131.0
6971	-0.15917730416045256	12.226511165203481	-14.086627960205078	136.0
6991	-0.1186378786018018	12.52208026945332	-14.287070274353027	136.0
7011	-0.10943014866411942	12.832012342253623	-13.955836296081543	136.0
7030	-0.4872733448006213	13.235516213044281	-14.056537628173828	136.0
7049	-0.4513088811080171	13.27188276131977	-13.812949180603027	136.0
7069	-0.6464403992582884	13.323067249888686	-13.907391548156738	136.0
7089	-0.4529241902299467	13.744460308231323	-14.06936264038086	136.0
7108	-0.5694162931860859	14.10336621297664	-13.780750274658203	136.0
7127	-0.4594626101520688	14.15024883288493	-13.782599449157715	136.0
7147	-0.23220153796744622	14.24420762980426	-13.470974922180176	136.0
7166	-0.5773095335971022	14.580167513638655	-13.520978927612305	136.0
7185	-0.7094425799703346	14.606227478481102	-13.532230377197266	136.0
7205	-0.737870227350251	15.02295682803612	-13.571853637695312	136.0
7225	-0.7189247757230429	15.133574658457947	-13.581289291381836	135.0
7244	-1.013853185575799	15.192342213676099	-13.628978729248047	135.0
7263	-1.812002935829324	15.262305855631432	-13.816240310668945	135.0
7283	-3.019546166109122	15.11917285591662	-13.787837982177734	135.0
7302	-3.1098648445234445	15.260910523792962	-13.983662605285645	135.0
7322	-3.055089685822894	15.519276445266456	-13.730644226074219	135.0
7342	-2.8841560126459718	15.652490194068658	-13.584382057189941	135.0
7361	-3.210426772747818	15.238180315583161	-13.589815139770508	135.0
7380	-3.469040084414926	15.144457073613601	-13.661880493164062	135.0
7399	-3.39445753821065	14.939578805389582	-13.371458053588867	135.0
7418	-2.946916800085362	15.059196312011832	-13.240401268005371	135.0
7439	-2.7197349947194147	14.955516540094928	-13.398185729980469	135.0
7459	-2.397719098559461	15.156641681490854	-13.36659049987793	129.0
7479	-2.9022743836077263	14.661030200233514	-13.622159004211426	129.0
7498	-2.9022743836077263	14.661030200233514	-13.622159004211426	129.0
7516	-3.567820006181716	14.614670465657683	-13.437919616699219	129.0
7535	-3.5639492136356608	15.11516479824176	-13.465144157409668	129.0
7555	-3.493548381356562	15.258731775939257	-13.483586311340332	129.0
7575	-3.4966927956201985	15.62318506964055	-13.179146766662598	129.0
7594	-3.7919883109109556	15.607631479863288	-13.239890098571777	129.0
7613	-4.0085813173812745	15.870232425595889	-13.463932037353516	129.0
7632	-4.5209193842575335	15.805578636984515	-13.446520805358887	129.0
7652	-4.84654830990336	15.875681043348079	-13.318982124328613	129.0
7672	-4.989294885958785	15.99862757194458	-13.308345794677734	129.0
7692	-5.018454408725134	15.7158051877341	-13.578143119812012	129.0
7711	-5.1639917329708265	15.480329386969476	-13.652092933654785	129.0
7730	-4.973622753134435	15.311251763267371	-13.978743553161621	129.0
7749	-5.005022135378754	15.345364610650034	-13.947237014770508	129.0
7774	-5.07717570591998	15.12331821487318	-13.817776679992676	129.0
7789	-5.274476402878249	14.87931940637613	-13.623189926147461	129.0
7808	-5.265641359895965	15.079014894828918	-13.940506935119629	129.0
7827	-5.126398626670653	15.099723048801822	-13.711573600769043	129.0
7847	-5.49519989108877	15.152677878765724	-13.581588745117188	129.0
7866	-5.614562552245605	15.090606635162441	-13.406652450561523	129.0
7885	-5.72009138598953	15.224209495007011	-13.334190368652344	129.0
7905	-5.692026914450588	15.08902870326658	-13.263140678405762	129.0
7924	-5.604610991569589	14.96961880081153	-13.471925735473633	129.0
7944	-5.64312758652027	15.290104965651667	-13.420000076293945	131.0
7963	-5.898050337315597	15.422634728559702	-13.090824127197266	131.0
7983	-6.261477346485064	15.287332291429497	-13.3124418258667	131.0
8003	-6.168388453204257	15.350351419478674	-13.370931625366211	131.0
8022	-6.107147526665926	15.26641386521423	-13.752652168273926	131.0
8041	-6.126459400211739	15.134197665598391	-14.016029357910156	131.0
8060	-6.098604246349668	15.389868198324878	-13.931396484375	131.0
8081	-6.350939584311108	15.446798981952302	-14.057629585266113	131.0
8099	-6.596150008855943	15.292167570878432	-14.218759536743164	131.0
8119	-6.572921733541773	15.105972735569125	-14.224095344543457	131.0
8139	-6.767875762889043	15.283236183762385	-13.967289924621582	131.0
8158	-6.7865470122553955	15.199447991895159	-13.97194766998291	131.0
8179	-6.820704287244813	15.313831697402053	-13.805341720581055	137.0
8200	-7.045576208658099	15.51779477662	-13.61483383178711	137.0
8216	-7.045576208658099	15.51779477662	-13.61483383178711	137.0
8236	-8.242977567801129	14.545486349491647	-14.091621398925781	137.0
8255	-7.961855330270435	15.033697707974353	-13.279643058776855	137.0
8275	-8.015355803500048	15.409560830728404	-12.90374755859375	137.0
8294	-8.147255590002468	15.443297591607243	-12.72198486328125	137.0
----------------도착----------------
8313	-7.952356220011166	15.196787236361176	-13.062021255493164	137.0
8333	-8.069461319434792	15.15037248075299	-12.743237495422363	137.0
8353	-7.7135714389404	15.416555710765323	-12.766661643981934	137.0
8373	-7.453617355179574	15.157307190064738	-12.820560455322266	137.0
8391	-7.6234874428999015	15.125157764167588	-12.772140502929688	137.0
8410	-7.5952792544635175	15.248108535592088	-12.954036712646484	133.0
8430	-7.558560665524102	14.947028311575812	-13.083817481994629	133.0
8450	-7.619246498946709	15.089836142959678	-13.296603202819824	133.0
8469	-7.713844990978076	14.898103412191	-13.521464347839355	133.0
8489	-7.649529986548593	15.068315952960868	-13.797700881958008	133.0
8508	-7.6217595127726625	14.990261695526849	-13.927838325500488	133.0
8528	-7.6758253844591176	14.984425064345315	-14.003373146057129	133.0
8547	-7.676255175204959	14.77162702686317	-14.019145965576172	133.0
8566	-7.864927282217882	14.740060168683634	-13.671623229980469	133.0
8586	-7.913348615081986	14.998755888885709	-13.344592094421387	133.0
8605	-7.687623378685305	14.812375665291924	-13.056976318359375	133.0
8624	-7.444811662688959	14.893524275900965	-12.747295379638672	133.0
8644	-7.720377432649771	14.699874958798631	-12.749996185302734	133.0
8664	-8.01338348048963	14.503099893783057	-12.61788558959961	126.0
8684	-7.8759898546389735	14.43608129304001	-12.607939720153809	126.0
8703	-7.980827806699571	14.495526629539944	-12.657063484191895	126.0
8722	-7.951487595270315	14.232697705445457	-12.772418975830078	126.0
8741	-7.716333635697923	13.946543657438646	-13.130317687988281	126.0
8761	-7.962514001980243	14.010937038961327	-13.25576114654541	126.0
8780	-7.875406080306265	13.941109565644448	-13.415691375732422	126.0
8800	-7.66712323372839	13.64468643725655	-13.42467975616455	126.0
8819	-7.594346092255542	13.724286279214708	-13.545342445373535	126.0
8839	-7.698302467526931	13.708179114196978	-13.469011306762695	126.0
8859	-7.864077971323473	13.356216276923492	-13.311508178710938	126.0
8878	-8.265532250572221	13.345996093485734	-13.21410083770752	126.0
8898	-8.452546838573992	13.424216837070695	-13.153242111206055	128.0
8916	-8.452546838573992	13.424216837070695	-13.153242111206055	128.0
8936	-8.44505600735044	13.13080060451316	-13.348501205444336	128.0
8955	-8.511106940762428	13.072643220106862	-13.124208450317383	128.0
8974	-8.620957250889697	13.267484955105173	-13.249335289001465	128.0
8994	-8.412584364313156	13.386766764624506	-13.09083366394043	128.0
9014	-8.495970708137843	13.51876361880158	-13.015493392944336	128.0
9033	-8.312888308289098	13.658689794120079	-13.08275032043457	128.0
9053	-8.260024859257781	13.754182820264765	-13.060037612915039	128.0
9072	-8.180185779581022	13.935648494871108	-12.619685173034668	128.0
9091	-8.280653044083722	14.003927340796755	-12.179128646850586	128.0
9110	-8.422923798997202	13.963757011254657	-12.22817611694336	128.0
9131	-8.494680601231687	13.74373419860489	-12.160836219787598	135.0
9150	-8.514669801831975	13.593371586591525	-12.250126838684082	135.0
9169	-8.310862188491562	13.737645779908668	-12.451570510864258	135.0
9188	-8.535995993951062	13.94395565484512	-12.452147483825684	135.0
9208	-8.585812811187374	13.978368476258433	-12.346385955810547	135.0
9227	-8.721179498921567	14.03186679889325	-12.197239875793457	135.0
9247	-8.742147204623018	14.023637252562459	-12.160728454589844	135.0
9267	-8.811482796679597	14.120365931804974	-12.104795455932617	135.0
9286	-8.557805161102157	14.487725311847711	-11.913818359375	135.0
9305	-8.44542375993542	14.532564986276478	-11.599567413330078	135.0
9325	-8.466965809290068	14.529290161844052	-11.262950897216797	135.0
9344	-8.341680180475318	14.497830088719613	-11.12862491607666	135.0
9364	-8.410061363071929	14.299376808850361	-11.191713333129883	135.0
9383	-8.513488780358538	13.911990369062721	-11.43008041381836	135.0
9403	-8.62264532129298	13.993454093035211	-11.510283470153809	135.0
9422	-8.289078045284496	14.173714889100337	-11.235106468200684	135.0
9441	-8.047868104540667	14.10691855147421	-11.33952522277832	135.0
9460	-8.139883742130602	13.747308643675304	-11.761682510375977	135.0
9481	-8.06722299320763	13.362425226235487	-11.874039649963379	135.0
9500	-7.940186033973382	13.223499344707838	-11.869081497192383	135.0
9519	-7.897541192531955	13.198484510794355	-11.925760269165039	135.0
9538	-7.935856447070167	13.418498557767188	-11.613452911376953	135.0
9559	-7.815162241800125	13.688762432911757	-11.372230529785156	135.0
9579	-7.990206844195015	13.897954210090571	-11.482114791870117	135.0
9599	-7.990206844195015	13.897954210090571	-11.482114791870117	135.0
9616	-8.255685540268518	14.078648929953808	-11.007169723510742	134.0
9636	-8.42110141170935	14.548299423932797	-10.57176399230957	134.0
9655	-8.69301339179968	14.91607173460129	-10.521366119384766	134.0
9674	-8.706967968933533	14.963486033665815	-10.668949127197266	134.0
9694	-8.626538001229637	14.92357657740638	-11.076404571533203	134.0
9714	-8.611552004799194	14.559779749636762	-11.776740074157715	134.0
9733	-8.541067595879172	14.355459732687045	-12.15083122253418	134.0
9752	-8.410725375792788	14.148397738753857	-11.919137954711914	134.0
9774	-8.498606237198725	14.370762322275139	-12.062182426452637	134.0
9791	-8.318491960171144	14.473943453044575	-12.199569702148438	134.0
9811	-8.094368245760958	14.547448831278983	-11.714648246765137	134.0
9830	-7.948273754776591	14.733896314347612	-11.310046195983887	134.0
9850	-8.405513929957943	14.704780087500355	-11.250978469848633	131.0
9869	-8.432572956775813	14.905887933190215	-11.005473136901855	131.0
9889	-8.273624023362162	14.887393841421277	-10.871376037597656	131.0
9908	-8.162391506962933	14.982922402328017	-11.105944633483887	131.0
9927	-7.886829980457923	14.770317242147518	-11.346758842468262	131.0
9947	-8.087028939556786	14.489465059426797	-11.3641939163208	131.0
9966	-8.255153169009644	14.543064617572837	-11.341022491455078	131.0
9985	-8.40397431306079	13.98683205266378	-12.13326644897461	131.0
10005	-8.112188401138976	14.060774278395018	-12.218052864074707	131.0
10024	-8.110615827651687	14.187579004517826	-12.234108924865723	131.0
10044	-7.981596644970542	14.398330232015933	-12.06021785736084	131.0
10064	-8.081422631037602	14.382712144545033	-11.888291358947754	131.0
10083	-8.052855630183855	14.720725818393849	-11.537630081176758	131.0
10103	-8.351568060252735	15.055933293674395	-11.326536178588867	134.0
10122	-8.494288828892333	15.07705854688985	-10.996973991394043	134.0
10141	-8.876702914120857	14.976907244671775	-10.517740249633789	134.0
10161	-8.632280854739152	14.824934703280432	-10.564497947692871	134.0
10181	-8.432526914142903	14.501781398065189	-10.703939437866211	134.0
10200	-8.419145091020107	14.192983685103538	-11.453993797302246	134.0
10219	-8.455804740598948	14.274037043613097	-11.582590103149414	134.0
10238	-8.93995141647512	13.88494830532901	-11.531034469604492	134.0
10259	-8.793984624092639	13.270927945210252	-11.340956687927246	134.0
10279	-8.703635540591753	13.550253753268148	-11.14454460144043	134.0
10299	-8.703635540591753	13.550253753268148	-11.14454460144043	134.0
10316	-8.52492330517895	13.690657109756462	-11.47800350189209	134.0
10335	-8.402799807166101	13.499325262688895	-11.637123107910156	128.0
10356	-8.112173312749528	13.187966928594388	-12.201726913452148	128.0
10374	-7.921773409734948	12.99141898253803	-12.20506477355957	128.0
10394	-7.654588716557534	13.243565662377902	-11.979379653930664	128.0
10413	-7.413135960907643	13.342017321001434	-11.897563934326172	128.0
10433	-7.697855309717996	13.519427376983236	-11.867712020874023	128.0
10452	-7.76085141525791	13.126719819166823	-12.08511734008789	128.0
10472	-7.636731886966457	13.080985107389308	-12.10139274597168	128.0
10493	-7.948963898778512	13.183094395274283	-12.037697792053223	128.0
10511	-8.167077372137095	13.364108516002743	-11.727527618408203	128.0
10531	-8.353889437873374	13.19536720084435	-11.519755363464355	128.0
10550	-8.384496469355447	13.02415994656379	-11.805752754211426	128.0
10569	-8.283359670830835	13.010928381770304	-12.18970012664795	128.0
10589	-8.23954321408896	13.036212376759257	-12.279797554016113	134.0
10608	-8.413913911238565	13.057153475647748	-12.119295120239258	134.0
10628	-8.419135048281163	12.926536195167563	-12.100350379943848	134.0
10647	-8.371855528803724	13.0878727231081	-12.2372465133667	134.0
10666	-8.434970226428076	12.87412925219172	-12.436596870422363	134.0
10686	-8.55767448063817	13.06386357790526	-12.504083633422852	134.0
10705	-8.545981123749659	12.894438120921757	-12.188214302062988	134.0
10724	-8.960796476156414	13.03049065671224	-11.549972534179688	134.0
10745	-9.090122478567253	13.193240448328051	-11.356470108032227	134.0
10764	-9.043933179470054	13.168563624887712	-11.49751091003418	134.0
10783	-9.093851123795298	13.097952843813914	-11.452495574951172	134.0
10802	-8.814029527606454	12.764645162565328	-11.479632377624512	134.0
10822	-8.6682693300633	12.706240148082632	-11.807649612426758	129.0
10841	-8.752660420500758	12.626475550988724	-11.541003227233887	129.0
10860	-8.759044243719316	12.597684720495582	-11.635881423950195	129.0
10880	-8.585350753152733	12.517197228076032	-11.928932189941406	129.0
10899	-8.530817672600898	12.479725705815962	-11.784002304077148	129.0
10919	-8.77943473346005	12.272225275884372	-11.534357070922852	129.0
10938	-8.894021768019293	12.255915539741101	-11.498223304748535	129.0
10959	-9.139352085418368	12.103684172264334	-11.483854293823242	129.0
10979	-9.114033530614241	12.044298936751547	-11.184464454650879	129.0
10999	-9.063374808839807	11.829361657346208	-11.52806282043457	129.0
11016	-9.063374808839807	11.829361657346208	-11.52806282043457	129.0
11035	-9.150409542325391	11.74916228271267	-11.524778366088867	129.0
11055	-9.237622299571306	12.117379843662073	-11.479455947875977	123.0
11075	-9.50383897991574	12.191332633092802	-11.225876808166504	123.0
11094	-9.687850299797052	12.292446753214113	-11.164591789245605	123.0
11113	-9.814951066887334	12.217214205902996	-11.170795440673828	123.0
11134	-9.867402432335238	12.127303296436022	-11.375028610229492	123.0
11152	-9.795057775684228	12.059953645878517	-11.64050579071045	123.0
11172	-9.7330545422387	12.330098144527192	-11.472848892211914	123.0
11191	-9.835802537743529	12.494771699751011	-11.276488304138184	123.0
11212	-9.454995781093254	12.093510653418427	-11.021522521972656	123.0
11230	-9.295032715080596	12.131246169615013	-11.172988891601562	123.0
11249	-9.208476206817357	12.252604912749584	-11.330764770507812	123.0
11274	-8.872132410463092	12.23784997255993	-11.500160217285156	123.0
11289	-8.592241805725253	12.072757814562634	-11.23599624633789	123.0
11308	-8.947434595942248	12.0084784218411	-11.036355018615723	123.0
11328	-9.058181494038015	11.631595477180896	-11.240764617919922	123.0
11347	-8.83255718742773	11.562009615897201	-11.504219055175781	123.0
11366	-9.024559076331231	11.56077972549218	-11.596494674682617	123.0
11386	-8.891796062771192	11.367033795610425	-11.658514976501465	123.0
11405	-8.595555163227658	11.304500749783296	-11.81528091430664	123.0
11425	-8.82570871300798	11.24916621559799	-11.877037048339844	123.0
11444	-8.910830144968257	11.596967782183704	-12.18904972076416	123.0
11464	-8.572647883133952	11.53680425052549	-12.045510292053223	123.0
11483	-8.249124584105449	11.738509527523288	-11.911898612976074	123.0
11502	-8.410314651566088	11.67362813418344	-11.874378204345703	123.0
11522	-8.430588189216435	11.67090174325886	-11.781389236450195	123.0
11542	-8.31559468826145	11.810076683779542	-11.451553344726562	125.0
11561	-8.520992275542975	11.59468704006736	-11.214015007019043	125.0
11580	-8.303902964809604	11.523094108616354	-11.370072364807129	125.0
11600	-8.331727744935113	11.175828237616862	-11.110028266906738	125.0
11619	-8.322077582062882	11.378220609033594	-11.215065002441406	125.0
11638	-8.628382612211078	11.194646914278156	-11.491790771484375	125.0
11659	-8.472559414653462	11.013593188247286	-11.5662260055542	125.0
11678	-8.548652521465335	11.25859527250952	-11.586004257202148	125.0
11698	-8.908629754597015	11.428546016650081	-11.867116928100586	125.0
11716	-8.908629754597015	11.428546016650081	-11.867116928100586	125.0
11735	-8.782222781002847	11.532915485745699	-11.815134048461914	125.0
11755	-8.569558219712915	11.26373244476125	-11.746801376342773	125.0
11774	-8.95862660703866	10.39716741122572	-11.97247314453125	131.0
11795	-8.784861779109328	10.748525410563564	-11.738826751708984	131.0
11813	-8.763454911314481	10.984035693103866	-11.698175430297852	131.0
11833	-8.770179934397003	11.157352748964843	-11.791656494140625	131.0
