6	-0.4576080929756139	-9.884620824303406	-19.986373901367188	187.0
26	-0.38555824707822306	-9.535187934270693	-20.057785034179688	187.0
45	-1.0252578064349147	-8.240141403059011	-20.434621810913086	187.0
67	-0.6975851120781364	-7.596628417058812	-20.617136001586914	187.0
86	-0.7930574763939139	-7.812958389691764	-20.26622200012207	187.0
104	-0.26646697327602176	-9.045227444164086	-19.73419189453125	187.0
125	-0.30511006953437186	-9.397596065393294	-19.47966766357422	187.0
144	-0.30511006953437186	-9.397596065393294	-19.47966766357422	187.0
162	-0.8305254954463165	-9.10500448582815	-19.380794525146484	185.0
182	-1.5415197340340276	-8.500368081387485	-19.466707229614258	185.0
202	-1.915527860189777	-7.629449862794625	-20.01398277282715	185.0
221	-1.8735198932907755	-7.271947265821448	-20.237037658691406	185.0
240	-2.12180658456957	-7.3451990275323285	-20.07575035095215	185.0
261	-2.194792531362028	-7.701769426763528	-19.81831169128418	185.0
280	-1.9133620059520402	-8.14801130809589	-19.535104751586914	185.0
299	-1.466205087672162	-8.305459894610383	-19.53724479675293	185.0
318	-1.2324154949349224	-8.178339211993181	-19.805526733398438	185.0
337	-1.5783239616004612	-7.276091837053228	-20.15420913696289	185.0
357	-1.6648973135840277	-6.5523903657453895	-20.178194046020508	185.0
376	-1.7313294873095868	-6.447056418941329	-20.106924057006836	185.0
396	-1.5697784577850555	-6.858625326696983	-20.00682830810547	180.0
415	-1.561991054989873	-7.405382958038636	-19.96167755126953	180.0
435	-0.6533871055947642	-7.4894950890076855	-19.98905372619629	180.0
455	0.25764466531547764	-6.713583228668804	-20.034399032592773	180.0
473	-0.1742094127525462	-5.920073865054413	-20.276966094970703	180.0
493	-0.27652431833286734	-5.979629121667706	-20.04734230041504	180.0
514	-0.23483758311858574	-8.022929171455038	-19.326847076416016	180.0
534	-0.5783310223639357	-8.730264929542885	-18.869667053222656	180.0
552	-0.9812604833356858	-7.771572162641166	-19.166412353515625	180.0
572	-1.2399295669508767	-6.4014879561839075	-19.61455535888672	180.0
591	-0.7152914299472958	-5.911909586566535	-19.847415924072266	180.0
611	-0.7075908893679455	-5.90523419548055	-19.511093139648438	180.0
631	-0.13007118924125877	-5.907881145020343	-19.321836471557617	184.0
650	0.08374404383651413	-6.175393911545654	-19.19072151184082	184.0
670	-0.10368552858454633	-6.404519977753289	-19.127559661865234	184.0
689	-0.8769969158404448	-6.948169227975155	-19.241018295288086	184.0
709	-0.8406276860736062	-8.023993989644174	-18.819910049438477	184.0
726	0.0013039780402626406	-9.892550904181196	-18.10731315612793	184.0
748	-1.8661033588199654	-8.338446369190578	-18.593746185302734	184.0
770	-4.1520984192834725	-6.306011981286799	-19.417428970336914	184.0
786	-2.870483404445611	-7.216481325832314	-19.410823822021484	184.0
807	-0.6795791140924632	-7.523398699451853	-19.729806900024414	184.0
827	-0.47177564614272316	-7.280340708247493	-19.658262252807617	184.0
847	-0.682520916372506	-7.275100376277195	-19.701351165771484	184.0
864	-0.682520916372506	-7.275100376277195	-19.701351165771484	184.0
882	-1.9970999653349766	-7.409878453416807	-19.833471298217773	187.0
904	-3.2907100150490174	-7.004945685748721	-19.814273834228516	187.0
923	-4.072981699709114	-6.449090281410767	-19.976032257080078	187.0
942	-3.874091571276606	-6.308878456177302	-20.165576934814453	187.0
961	-3.7342485336477607	-6.762163835699484	-20.215370178222656	187.0
980	-3.6284701030826425	-7.158084182302857	-19.808605194091797	187.0
1000	-3.878638631855017	-7.808844173376336	-19.557968139648438	187.0
1020	-4.026724584939572	-7.231897589092618	-19.505088806152344	187.0
1038	-4.321308619679961	-7.2557128768215975	-19.10733413696289	187.0
1057	-4.217115205982643	-7.888923948321103	-18.839515686035156	187.0
1076	-4.115144325712521	-8.721202483158473	-18.471532821655273	187.0
1099	-3.738689973183024	-8.903541455718463	-18.363431930541992	187.0
1116	-3.9217705311551856	-8.641831772355825	-18.440593719482422	191.0
1135	-5.40003120624935	-7.522213083111963	-18.920516967773438	191.0
1154	-6.459822811609573	-6.786664057306211	-19.07056427001953	191.0
1174	-6.101927289200241	-7.482494881330834	-18.861553192138672	191.0
1193	-3.812602033744582	-9.203421929098578	-18.960927963256836	191.0
1213	-3.8620386874076242	-9.172139698939764	-19.046110153198242	191.0
1232	-5.024777929945027	-8.1853705369197	-18.98420524597168	191.0
1252	-5.456709501730253	-8.394062226054082	-18.912769317626953	191.0
1271	-5.2575577778820275	-8.879165767555598	-18.648035049438477	191.0
1290	-4.716059901634712	-8.99220401418655	-18.766868591308594	191.0
1310	-4.366869378022968	-8.574439336158672	-18.697128295898438	191.0
1330	-4.9536792889905925	-8.086909668811598	-18.973751068115234	191.0
1349	-5.4879799689334625	-7.7244309010993835	-19.009157180786133	183.0
1368	-5.690141269511836	-7.472915730466705	-18.916250228881836	183.0
1387	-5.401138675527157	-7.520702885131697	-19.086978912353516	183.0
1407	-4.998440988044842	-7.797183427311148	-18.938356399536133	183.0
1427	-4.5576392897814095	-8.302355584985957	-18.76508903503418	183.0
1446	-4.444297743341184	-7.942574529001721	-18.99554443359375	183.0
1466	-4.271165062420144	-7.536290772998397	-19.307796478271484	183.0
1485	-4.15453971690819	-7.842946298792938	-18.843605041503906	183.0
1505	-4.649557287283421	-8.134980527533774	-18.481550216674805	183.0
1525	-4.822604808718458	-8.450890063400532	-18.357236862182617	183.0
1545	-4.694361825114722	-8.684852566650402	-18.38705825805664	183.0
1564	-4.694361825114722	-8.684852566650402	-18.38705825805664	183.0
1582	-4.6646418410727	-8.38913349439856	-18.42304801940918	183.0
1602	-4.814245920059936	-8.241600996655015	-18.670249938964844	178.0
1622	-4.845179715600238	-8.214725201117213	-18.62932586669922	178.0
1641	-4.544050333985007	-8.328104124897559	-18.67680549621582	178.0
1662	-4.396727974001986	-8.626574892706866	-19.084787368774414	178.0
1680	-4.1184121706306005	-8.843108820001442	-19.12134552001953	178.0
1700	-4.321931706295823	-8.545621367009366	-19.136709213256836	178.0
1719	-4.775177333879602	-7.979982962102564	-19.12234878540039	178.0
1739	-4.801139587704305	-8.313551261915872	-19.290786743164062	178.0
1758	-4.386151506532073	-8.445711363249478	-19.06167221069336	178.0
1776	-4.098520746846459	-8.659920021773907	-18.8035831451416	178.0
1796	-4.294690922096951	-8.365092193876709	-18.851835250854492	178.0
1815	-4.465835036389895	-7.949899340738935	-18.760740280151367	178.0
1835	-4.561280153251458	-7.923506851436814	-18.747177124023438	187.0
1854	-4.1469449836962715	-7.9992847977074195	-18.83441734313965	187.0
1874	-3.958400740525385	-8.542692394344211	-18.855947494506836	187.0
1893	-4.109010312104206	-8.356492051494604	-18.792871475219727	187.0
1915	-4.874432824301985	-7.937404979914186	-18.931095123291016	187.0
1934	-4.866284226087881	-7.917090565129531	-18.88383674621582	187.0
1952	-4.886891499094962	-8.146200482383565	-18.931232452392578	187.0
1972	-4.38423445383328	-8.10097036858409	-19.04466438293457	187.0
1991	-4.422001359117575	-7.991413592261804	-19.213943481445312	187.0
2011	-4.876620929966398	-7.9290734725107965	-18.948944091796875	187.0
2032	-4.816071782613239	-8.011758176182637	-19.004562377929688	187.0
2050	-4.30992194493833	-7.992534660113984	-19.108675003051758	187.0
2070	-4.130468517779599	-8.497325987340387	-18.683805465698242	195.0
2087	-4.159792508410591	-9.827707991930172	-18.005096435546875	195.0
2107	-3.8265818380647283	-8.745762038300457	-18.678611755371094	195.0
2127	-4.452226253710824	-8.211488219425233	-18.919836044311523	195.0
2146	-4.591673872332776	-8.133022827735893	-18.651365280151367	195.0
----------------출발----------------
2166	-4.583912933139269	-8.658779899215975	-18.453508377075195	195.0
2184	-4.187148731022604	-9.097416942860363	-18.28687286376953	195.0
2205	-4.927228938264367	-8.432116741456216	-18.405540466308594	195.0
2226	-5.029506522984533	-8.20267967046841	-18.916889190673828	195.0
2246	-4.363004213843727	-8.29333694207995	-19.266103744506836	195.0
2272	-4.363004213843727	-8.29333694207995	-19.266103744506836	195.0
2284	-3.8880521525160265	-8.72202429997241	-18.959192276000977	195.0
2304	-3.573092150958166	-8.791634959651681	-18.722492218017578	195.0
2321	-3.7032433653461365	-8.718286524525045	-18.810749053955078	206.0
2341	-4.446574846625148	-8.350591222570355	-18.955228805541992	206.0
2361	-5.543643225882282	-7.9473068575974155	-18.791255950927734	206.0
2380	-5.810391359402811	-7.86188879160174	-18.673511505126953	206.0
2398	-5.76008291344343	-7.756649819680354	-18.59442138671875	206.0
2418	-5.540906077467054	-7.881405886290029	-18.45081901550293	206.0
2437	-5.281687491826119	-8.268148740071744	-18.495506286621094	206.0
2459	-5.439166722772158	-8.546767727799084	-18.632761001586914	206.0
2478	-5.207914644448698	-8.609584409671381	-18.79631805419922	206.0
2497	-5.327608573665258	-8.382112955334534	-18.810651779174805	206.0
2516	-5.746555821061443	-8.307478556532876	-18.62027931213379	206.0
2535	-5.7131785967155295	-8.23361739923706	-18.893985748291016	206.0
2554	-5.3600334071231535	-8.172844951385308	-18.991209030151367	205.0
2573	-4.9735886033528205	-8.304717426321613	-19.042015075683594	205.0
2594	-4.467714693444376	-8.094607503253345	-19.41459846496582	205.0
2613	-4.4140424883753635	-8.200285103921638	-19.425495147705078	205.0
2632	-4.649936910513395	-8.266952836376705	-19.42986297607422	205.0
2651	-4.810329927989608	-8.317115244277296	-19.479650497436523	205.0
2671	-5.032624188609195	-8.330662227439142	-19.383373260498047	205.0
2690	-5.165359810840704	-8.196125793683246	-19.0188045501709	205.0
2710	-5.013639411124046	-8.274967522534764	-19.041322708129883	205.0
2729	-4.915234805731698	-8.153589745993026	-19.169178009033203	205.0
2749	-4.46096565517199	-8.104568573837858	-19.000648498535156	205.0
2768	-4.4767058028329805	-7.851954923180704	-18.910812377929688	205.0
2788	-4.787577586241595	-7.334847179296861	-18.71615219116211	205.0
2808	-5.391102621638784	-6.806782467378711	-18.665224075317383	197.0
2827	-5.330385419019946	-7.003380446889156	-18.700910568237305	197.0
2847	-5.193857657585105	-7.392428462570474	-18.848915100097656	197.0
2866	-5.095401652082301	-7.260013913641569	-18.853178024291992	197.0
2885	-5.247966468487566	-7.122400562261135	-19.07609748840332	197.0
2905	-5.247966468487566	-7.122400562261135	-19.07609748840332	197.0
2926	-6.169020324396183	-7.114006783554879	-19.16339683532715	197.0
2945	-6.169020324396183	-7.114006783554879	-19.16339683532715	197.0
2962	-5.759813377480769	-7.8456109037866835	-19.110376358032227	197.0
2982	-5.32541131248346	-8.07998560251968	-19.165496826171875	197.0
3001	-5.615932289084426	-7.864105408399805	-19.037841796875	197.0
3021	-6.185020019517326	-7.471598867022599	-18.9271183013916	197.0
3041	-6.308108174728958	-7.284735128740442	-19.093053817749023	201.0
3061	-5.896304572717569	-7.51180771437304	-19.079116821289062	201.0
3079	-5.4937098315860755	-7.319781198985138	-19.161466598510742	201.0
3099	-5.008051343154749	-6.778735097009677	-19.1906681060791	201.0
3118	-5.474509169422134	-6.497734463604369	-18.97373390197754	201.0
3138	-5.77793112654554	-6.449058729291108	-18.832815170288086	201.0
3157	-6.285321134300598	-6.875033499125715	-18.663728713989258	201.0
3177	-6.570151443946283	-7.454120834812406	-18.49856185913086	201.0
3196	-6.473644042920489	-7.724655820937695	-18.202842712402344	208.0
3215	-6.211134733592022	-7.966623358681494	-18.19739532470703	208.0
3235	-6.009073490804661	-7.778163256496179	-18.234745025634766	208.0
3254	-5.9539276883765915	-7.973551881938786	-18.09009552001953	208.0
3274	-5.675498275762648	-7.825028278343329	-18.31357192993164	208.0
3294	-5.583624314397285	-7.954004319930429	-18.63520050048828	208.0
3313	-5.649054391255971	-8.02394118528577	-18.637187957763672	208.0
3332	-5.337592688225401	-8.388607325320363	-18.682859420776367	208.0
3351	-4.530747732398862	-8.89839853544826	-18.803932189941406	208.0
3371	-4.274249612646847	-8.551241297106971	-18.743427276611328	208.0
3390	-4.6902445800828145	-8.005149309336408	-18.89033317565918	208.0
3410	-5.172171333116614	-7.403285290956324	-19.231800079345703	208.0
3429	-5.619903512495357	-7.517237446682611	-19.025436401367188	210.0
3448	-5.570476227839626	-8.077019816620338	-18.489856719970703	210.0
3468	-5.020418354051786	-8.356532732139934	-18.313854217529297	210.0
3487	-4.84064114388193	-8.465982326063248	-18.128780364990234	210.0
3508	-5.066465683550455	-8.21255907688697	-18.097198486328125	210.0
3527	-5.180612150565569	-8.307167580429148	-18.176172256469727	210.0
3546	-5.035126841936058	-8.220402189852479	-18.24072265625	210.0
3565	-4.910640426703056	-8.027493273435125	-18.02259635925293	210.0
3584	-4.874792140387103	-8.20484784664973	-18.099607467651367	210.0
3605	-4.311263571913597	-8.570636026465433	-18.08063507080078	210.0
3625	-4.30655785380592	-7.903671607412311	-18.6667537689209	210.0
3645	-4.562937571028822	-7.557384408105448	-18.72824478149414	210.0
3664	-4.562937571028822	-7.557384408105448	-18.72824478149414	210.0
3682	-5.493229401041316	-7.538649797645546	-18.580739974975586	211.0
3703	-6.172074104338822	-7.047372036271806	-18.533811569213867	211.0
3721	-6.2536640987536725	-7.345854882907171	-18.535139083862305	211.0
3741	-5.8870502579526445	-7.821568709356605	-19.011619567871094	211.0
3760	-5.055893776808935	-8.02053329664013	-18.93742561340332	211.0
3781	-5.066773847650079	-7.71939109626685	-18.996437072753906	211.0
3799	-5.16403590521442	-7.897085150982239	-18.793642044067383	211.0
3818	-5.458066682257318	-7.984380502128568	-18.889480590820312	211.0
3838	-5.661319454548671	-7.834506245149818	-18.913366317749023	211.0
3859	-5.6866689451232	-8.053913853819141	-18.85099983215332	211.0
3876	-5.491490404767384	-8.123333809750026	-18.82407569885254	211.0
3896	-5.479650516282963	-8.543545139027824	-18.36408233642578	211.0
3915	-5.449988330233951	-8.630505423481937	-18.55767250061035	216.0
3934	-5.108462439229473	-8.995842560692832	-18.469684600830078	216.0
3955	-4.283889581096523	-9.125727532830021	-18.62944793701172	216.0
3974	-4.169808862597272	-8.348470948103106	-18.457883834838867	216.0
3993	-4.629770550592694	-8.092259434307376	-18.461463928222656	216.0
4012	-5.203032921045827	-7.851494870321357	-18.188495635986328	216.0
4033	-5.490478714034675	-7.841041231318975	-18.17606544494629	216.0
4052	-5.571239315291414	-7.7798485558560895	-18.448076248168945	216.0
4073	-5.796239083094519	-7.936233557183931	-18.37849235534668	216.0
4090	-5.740272421329547	-8.043735675911988	-18.254541397094727	216.0
4110	-5.641891201878721	-8.053198148434774	-18.244850158691406	216.0
4129	-5.4490141335110165	-8.217652319986426	-18.383060455322266	216.0
4149	-5.522751627752512	-7.9460024783226215	-18.18158531188965	214.0
4168	-5.725763376918001	-7.674722298669328	-18.459125518798828	214.0
4188	-5.782329726732973	-7.701634744578694	-18.457670211791992	214.0
4207	-5.6957888667992025	-7.329567761310859	-18.297555923461914	214.0
4227	-5.114592108816154	-7.427825245792061	-18.26837921142578	214.0
4246	-4.892558021925837	-7.334178589269564	-18.49935531616211	214.0
4265	-5.146648742801024	-7.2956786057816725	-18.54488182067871	214.0
4285	-5.355091667402708	-7.088354595202579	-18.439224243164062	214.0
4306	-5.486735126033005	-7.248530807941526	-18.51103401184082	214.0
4325	-5.517555834678259	-7.4546947923933455	-18.31732749938965	214.0
4344	-5.149989525346121	-7.584265899970248	-18.396543502807617	214.0
4364	-5.329266224363298	-7.9117292212779216	-18.459625244140625	214.0
4382	-5.329266224363298	-7.9117292212779216	-18.459625244140625	214.0
4402	-5.516115293803055	-7.856098405630141	-18.39991569519043	206.0
4422	-5.463102134395807	-7.981249973208303	-18.445751190185547	206.0
4443	-5.359056003639054	-7.789387993687088	-18.573230743408203	206.0
4460	-5.470076265568844	-8.305397973635388	-18.91428565979004	206.0
4479	-5.270469159539644	-8.298807592752132	-18.629934310913086	206.0
4499	-5.309379992766419	-8.013272212759771	-18.699359893798828	206.0
4518	-5.5695320273951765	-7.558703808620088	-18.5760555267334	206.0
4538	-5.401017465628014	-7.447840099405167	-18.75179672241211	206.0
4557	-5.251984092453387	-7.514032928450602	-18.83988380432129	206.0
4576	-5.140830078810501	-7.483522177355712	-18.756187438964844	206.0
4597	-4.7703822454274185	-7.604236720679024	-18.561676025390625	206.0
4616	-4.484639137952024	-7.608046158810597	-18.370853424072266	206.0
4639	-4.864621426454223	-7.568078350990745	-18.883426666259766	203.0
4657	-4.954454391776148	-7.563548574486375	-18.915895462036133	203.0
4674	-4.85543948310765	-7.68916735073237	-19.012413024902344	203.0
4693	-4.737962752732254	-7.605580605837748	-19.028724670410156	203.0
4712	-4.993982129786225	-7.365918785477517	-19.02975082397461	203.0
4732	-5.222223399300864	-7.573348459044426	-18.887317657470703	203.0
4751	-5.388058786552634	-7.48333204926026	-19.115015029907227	203.0
4771	-5.427168244414504	-7.532333854599275	-18.94736099243164	203.0
4790	-5.387167981168283	-7.639324395239659	-18.527219772338867	203.0
4810	-5.226435404631811	-7.394063199892927	-18.75400733947754	203.0
4829	-5.078590103211287	-7.112302392250222	-18.739797592163086	203.0
4848	-5.17233080032228	-7.2223961135059564	-18.549625396728516	203.0
4869	-5.292805092498615	-7.07403685612696	-18.378870010375977	203.0
4888	-5.612615401644055	-6.814778894986268	-18.62217140197754	206.0
4907	-5.938098690487419	-6.765580226513662	-18.555559158325195	206.0
4926	-5.79321097798163	-6.849723363999819	-18.48785400390625	206.0
4948	-5.780477920652482	-6.838661049449512	-18.59653091430664	206.0
4967	-5.624517228419946	-7.1875283151664195	-18.43927764892578	206.0
4985	-5.60569803769647	-7.418988036963314	-18.37746238708496	206.0
5005	-5.592093116609542	-7.4197883100938435	-18.211570739746094	206.0
5025	-5.720069897701171	-7.525229507115828	-18.24823760986328	206.0
5045	-5.7091164811434885	-7.5367167926554	-17.96786117553711	206.0
5065	-5.631570402516508	-7.750155026087964	-17.52822494506836	206.0
5083	-5.631570402516508	-7.750155026087964	-17.52822494506836	206.0
5102	-5.790111451296792	-7.731137731640746	-17.519075393676758	206.0
5122	-5.759879120827197	-7.768151683489398	-17.32721710205078	216.0
5140	-5.679317789960042	-7.935172394983994	-17.362960815429688	216.0
5160	-5.462907136547018	-8.029856573410505	-17.425817489624023	216.0
5180	-5.491825463907691	-8.09937173272112	-17.476390838623047	216.0
5199	-5.163793882619003	-8.217824376789205	-17.516542434692383	216.0
5218	-4.9647486933836875	-8.11881588883375	-17.780546188354492	216.0
5238	-5.157893423267041	-7.836946048787435	-17.969501495361328	216.0
5257	-5.209527950401853	-7.549609379485157	-17.92961311340332	216.0
5277	-5.2645416184760085	-7.565852437568604	-18.075477600097656	216.0
5296	-5.064839084289592	-7.08003666718118	-17.823394775390625	216.0
5315	-5.1541147338018	-7.161981560791899	-17.554344177246094	216.0
5335	-5.373723000100254	-7.0703444100794455	-17.662532806396484	216.0
5355	-5.672756257293999	-7.124841807431418	-17.575830459594727	222.0
5374	-5.848153919881603	-7.134683605308203	-17.539287567138672	222.0
5393	-5.606253002581127	-7.065999883147476	-17.431556701660156	222.0
5412	-5.606356369774452	-7.093633945736179	-17.48439598083496	222.0
5432	-5.434028433897415	-7.1689352165241775	-17.54133415222168	222.0
5452	-5.448421330497444	-7.536512357071288	-17.443279266357422	222.0
5472	-5.43056177171691	-7.628527090715374	-17.351337432861328	222.0
5491	-5.548779395440998	-7.537733553893131	-17.188642501831055	222.0
5510	-5.589030639948269	-7.483272635377014	-17.1440372467041	222.0
5529	-5.756945247599663	-7.44461891706728	-16.908742904663086	222.0
5551	-5.789504411120586	-7.767341464574383	-16.94881820678711	222.0
5568	-5.521089291328761	-7.95637437375404	-16.80011558532715	222.0
5588	-5.268360281747531	-8.085680223003594	-16.64607048034668	213.0
5607	-5.331713412016216	-8.049040797483471	-16.775104522705078	213.0
5627	-5.427207722923275	-7.824040217764563	-16.995223999023438	213.0
5646	-5.09948048413899	-7.752841094422652	-16.9837589263916	213.0
5666	-4.964453522224878	-7.7694051328818015	-16.732873916625977	213.0
5687	-4.773296314783019	-7.883438845811932	-16.6431884765625	213.0
5707	-4.781308766295903	-7.749652408178351	-16.31406593322754	213.0
5728	-4.878922253508002	-7.767171493308353	-16.148637771606445	213.0
5745	-4.999940070576019	-7.70845353199405	-16.230669021606445	213.0
5765	-5.0625626782154844	-7.5848851670428905	-16.329322814941406	213.0
5783	-5.0625626782154844	-7.5848851670428905	-16.329322814941406	213.0
5803	-5.180933392734166	-8.066474322496921	-15.985129356384277	213.0
5821	-4.987783662213543	-8.331167362122068	-15.905339241027832	213.0
5841	-5.1097243155059	-8.58629128252737	-15.99792194366455	205.0
5860	-5.246762118312101	-8.459369898927594	-15.9277982711792	205.0
5879	-5.440147470966858	-8.276686207823564	-15.967236518859863	205.0
5900	-5.768375362450487	-8.440228237622614	-16.187761306762695	205.0
5919	-5.8611057111399685	-8.615196419459988	-15.947708129882812	205.0
5938	-5.6438014416715525	-8.649845015797313	-15.93896198272705	205.0
5957	-5.567220783259999	-8.683956606523871	-15.960269927978516	205.0
5978	-5.899520870823924	-8.422154173680573	-15.857335090637207	205.0
5996	-5.968522819027435	-7.947573996974496	-15.669767379760742	205.0
6016	-6.061775063406044	-8.002107273311498	-15.724547386169434	205.0
6035	-6.313659100504007	-8.045789978020114	-15.750633239746094	205.0
6054	-6.157418104903387	-8.225087705980815	-15.58422565460205	205.0
6074	-6.09185399531557	-8.141372036639336	-15.452723503112793	210.0
6093	-6.304525684370651	-8.135380600494958	-15.219157218933105	210.0
6112	-6.508858496667948	-8.26889022635372	-15.359018325805664	210.0
6133	-6.182773094796777	-8.189051306861375	-15.382606506347656	210.0
6152	-6.158492417633103	-8.431177662068126	-15.449047088623047	210.0
6171	-6.175211779933356	-8.343938376810605	-15.49221134185791	210.0
6190	-6.151279398645434	-8.259510934292946	-15.59610652923584	210.0
6210	-6.155005137015986	-8.102508926813819	-15.394369125366211	210.0
6230	-6.3962027787126114	-7.92401143462695	-15.420177459716797	210.0
6249	-6.779323664191489	-7.765279489767169	-15.377342224121094	210.0
6269	-6.539100513774263	-7.859483058576952	-14.8514986038208	210.0
6287	-6.176806183268226	-8.372103059559075	-15.111083030700684	210.0
6308	-5.898172006263516	-8.254057242437435	-15.107588768005371	219.0
6326	-6.1786485476321324	-8.039069680408637	-15.073676109313965	219.0
6346	-6.337590235321468	-8.097998521774414	-14.909080505371094	219.0
6365	-6.25368089622115	-8.158192523577727	-14.861641883850098	219.0
6385	-5.627572266359985	-8.280852323744538	-14.648035049438477	219.0
6406	-5.54832653187354	-8.211860218151484	-14.65635871887207	219.0
6425	-5.54832653187354	-8.211860218151484	-14.65635871887207	219.0
6445	-6.146460652555481	-8.107214630541852	-14.662383079528809	219.0
6465	-6.5677793023327045	-8.59031629963057	-13.84744644165039	219.0
6484	-6.5677793023327045	-8.59031629963057	-13.84744644165039	219.0
6502	-6.4527700443184735	-8.641720354586358	-13.589601516723633	219.0
6521	-6.37367835855556	-8.438446035668768	-13.295450210571289	219.0
6540	-6.16584846353529	-8.429302310890552	-13.393159866333008	219.0
6560	-6.471604510697166	-8.546318162583065	-13.5255765914917	222.0
6580	-6.692984996288224	-8.80944368967238	-13.364729881286621	222.0
6600	-6.429167879544763	-8.717870652184203	-13.26412296295166	222.0
6618	-6.37716705518439	-8.598298222237492	-13.196638107299805	222.0
6638	-6.385619566256997	-8.432535460499633	-13.286088943481445	222.0
6657	-6.226255298405684	-8.39247127960375	-13.351582527160645	222.0
6677	-6.236860700978011	-8.407270447456122	-13.592108726501465	222.0
6696	-6.179077938680389	-8.475797377566629	-13.272004127502441	222.0
6716	-6.192633329452039	-8.375164157657407	-12.999558448791504	222.0
6735	-6.367730363451151	-8.222884631510322	-12.861366271972656	222.0
6754	-6.356022298143109	-8.148134524904544	-12.743292808532715	222.0
6774	-6.374247804574589	-8.024184583077371	-12.723468780517578	222.0
6793	-6.399495249634349	-8.122162368023965	-12.583405494689941	214.0
6813	-6.497267378645638	-8.31009636273295	-12.531420707702637	214.0
6833	-6.517058167803157	-8.560001793052056	-12.180761337280273	214.0
6852	-6.656838841310086	-8.52503732686003	-12.268723487854004	214.0
6871	-6.631873504340088	-8.590037638473648	-12.298104286193848	214.0
6890	-6.435165455463773	-8.385967688533782	-12.23678207397461	214.0
6909	-6.541416710680762	-8.550028432550603	-12.23370361328125	214.0
6929	-6.80301072791207	-8.36822238264529	-11.83281135559082	214.0
6949	-6.672841258508369	-8.375178502926548	-11.888273239135742	214.0
6968	-6.539484642759884	-8.087750307015353	-11.999103546142578	214.0
6988	-6.270886804032547	-8.269438694064686	-11.80073356628418	214.0
7007	-6.238676343046559	-8.356063766416838	-11.833794593811035	214.0
7027	-6.151216398014661	-8.587918955646062	-11.818852424621582	214.0
7047	-6.13264133517667	-8.55880011173608	-11.722443580627441	208.0
7066	-6.199530610850593	-8.77333454878969	-11.554340362548828	208.0
7085	-6.023341719699662	-9.159034427127258	-11.7654447555542	208.0
7105	-6.20235776496611	-9.013265946440304	-11.631570816040039	208.0
7125	-6.161791297184959	-9.21772391948991	-11.347728729248047	208.0
7145	-5.932651114318538	-9.237163296279352	-11.457281112670898	208.0
7164	-5.975810856686479	-8.91017861511608	-11.554458618164062	208.0
7183	-5.975810856686479	-8.91017861511608	-11.554458618164062	208.0
7202	-5.727285380137837	-8.799364162999883	-11.311599731445312	208.0
7222	-5.571516118499539	-8.931247663696448	-11.404996871948242	208.0
7240	-5.505975648901583	-8.925832506392192	-11.183305740356445	208.0
7260	-5.637184370894519	-8.636135482885614	-11.23218822479248	208.0
7280	-5.8264104153659515	-8.455967546674568	-11.446074485778809	217.0
7299	-5.893620491699062	-8.244505490334213	-11.649345397949219	217.0
7318	-5.980657945986727	-8.38047234800353	-11.549198150634766	217.0
7338	-5.857837704134281	-8.52586334083659	-11.470900535583496	217.0
7357	-5.642163486229937	-8.558615375134414	-11.692676544189453	217.0
7376	-5.481446402370443	-8.328946436893258	-11.713921546936035	217.0
7396	-5.427950688020035	-8.499825451215745	-12.038237571716309	217.0
7416	-5.450632305264589	-8.546347329415001	-11.999324798583984	217.0
7435	-5.233264204435497	-8.819367139458928	-11.541470527648926	217.0
7455	-5.297881252059633	-8.679311494066278	-11.293606758117676	217.0
7474	-5.143315261642672	-8.289136803650832	-11.561588287353516	217.0
7493	-5.098030325572487	-8.45809761601244	-11.621404647827148	217.0
7513	-5.269118407163172	-8.346090483210098	-11.556159973144531	227.0
7532	-5.289359086970377	-8.314218394689247	-11.572978973388672	227.0
7551	-5.102283836683427	-8.411405825369158	-11.2109375	227.0
7571	-5.0236504154836	-8.726387077996359	-11.245384216308594	227.0
7592	-4.895106492222263	-8.575806511527938	-11.440467834472656	227.0
7614	-4.615685247592749	-8.745408782657615	-11.69152545928955	227.0
7631	-4.633743649820803	-8.818792004741994	-11.82339859008789	227.0
7649	-4.400477908438621	-8.688675989821585	-12.004638671875	227.0
7668	-4.240934373987358	-8.86492547424281	-12.063131332397461	227.0
7687	-4.339085302278948	-9.109089238367819	-12.134286880493164	227.0
7707	-4.3669479504061375	-8.8459370038698	-12.446093559265137	227.0
7727	-4.153265913003074	-8.807492123457012	-12.370843887329102	227.0
7746	-3.970090499009495	-8.82756497912272	-12.718003273010254	227.0
7765	-3.680556834910093	-8.928132920304682	-12.808138847351074	220.0
7785	-3.5309578310466874	-8.990335937265986	-12.718071937561035	220.0
7805	-3.5323104110384356	-8.977492391446578	-12.611465454101562	220.0
7825	-3.755430470154387	-8.957457550225925	-12.764826774597168	220.0
7845	-3.6220338734645092	-9.00881016531359	-12.875082015991211	220.0
7865	-3.585267405686566	-8.933656951322906	-12.895520210266113	220.0
7882	-3.585267405686566	-8.933656951322906	-12.895520210266113	220.0
7902	-3.5208240424265766	-9.038521280665375	-13.142295837402344	220.0
7921	-3.778049883740189	-9.05733428707186	-13.071596145629883	220.0
7941	-3.840550231588431	-8.957979802184333	-13.317218780517578	220.0
7960	-3.9903088421303154	-9.003901230154716	-13.693912506103516	220.0
7980	-4.08774421114915	-9.199636505354404	-14.028918266296387	220.0
7999	-3.7714541564845936	-9.027305528413564	-14.31911849975586	211.0
8019	-3.6202092338077634	-9.15854008297073	-14.37308406829834	211.0
8037	-3.5895121146677806	-9.249576572137183	-14.609619140625	211.0
8057	-3.5480243677256214	-9.1188926488571	-14.77601432800293	211.0
8076	-3.2027551803884644	-8.952673385495368	-15.298823356628418	211.0
8097	-3.5100121642868847	-8.871107562690792	-15.311358451843262	211.0
8115	-3.5420715666581857	-8.961826883347635	-15.202022552490234	211.0
8135	-3.6926935048122265	-8.770867806372388	-15.399784088134766	211.0
8154	-3.944346821152945	-8.807406404574028	-15.414312362670898	211.0
8174	-3.798464410176486	-8.695546451729657	-15.640521049499512	211.0
8193	-3.5605259401031377	-8.724252139491835	-16.15128517150879	211.0
8214	-2.9426153076749673	-8.920188815717992	-16.49628448486328	211.0
8232	-2.8998838673031977	-8.782671725579666	-16.702579498291016	211.0
8251	-2.842937808031285	-8.850435310051328	-17.111093521118164	211.0
8271	-2.8461719691634695	-8.643935366247561	-17.538928985595703	211.0
8291	-2.6998581426516877	-8.712279138507038	-17.61191177368164	211.0
8310	-2.430465977201536	-8.704050428549747	-17.93791961669922	211.0
8330	-2.427239032436989	-8.519983790601884	-18.281543731689453	211.0
8349	-2.600207145037274	-8.169914796268873	-18.281394958496094	211.0
8368	-2.855452502967086	-7.811568181180939	-18.420974731445312	211.0
8388	-2.8767079665687647	-7.847567165795009	-18.40765953063965	211.0
8407	-2.575771370210652	-7.615458300393911	-18.54018783569336	211.0
8427	-2.501094544654424	-7.401547978849707	-18.66339683532715	211.0
8446	-2.3086654191537033	-7.304121097412745	-18.814022064208984	211.0
8466	-2.6033895129436653	-7.20054984888637	-18.824411392211914	211.0
8485	-2.4697369911973026	-7.333696744109436	-18.91387176513672	220.0
8505	-2.4697369911973026	-7.333696744109436	-18.91387176513672	220.0
8526	-2.25882300468844	-7.133702654300014	-19.623125076293945	220.0
8545	-2.25882300468844	-7.133702654300014	-19.623125076293945	220.0
8565	-1.8074356289505087	-7.390212853135908	-20.232515335083008	220.0
8582	-1.8074356289505087	-7.390212853135908	-20.232515335083008	220.0
8602	-1.8957763229835238	-7.581035636614566	-20.388320922851562	220.0
8622	-2.2162101451935743	-7.506759478877979	-20.419591903686523	220.0
8641	-1.9509503441116895	-7.4448864780216235	-20.672887802124023	220.0
8660	-1.8499682366201327	-7.207682490758247	-20.90894317626953	220.0
8679	-2.0288593406450177	-7.2956898699650035	-20.961729049682617	220.0
8699	-1.893696557493784	-7.139711954338277	-21.173828125	220.0
8720	-1.7456633018316048	-6.883651123934834	-21.227567672729492	229.0
8738	-1.5697975435280496	-6.900091256026909	-21.30145263671875	229.0
8757	-1.464047006694096	-6.669809827425447	-21.68038558959961	229.0
8777	-1.0789879449894133	-6.324187001953893	-22.1727294921875	229.0
8820	-1.0447050741585278	-6.177397469914891	-22.511011123657227	229.0
8822	-1.257131263983858	-6.079157787188308	-22.621749877929688	229.0
8835	-1.3130937443210127	-6.042240316203891	-22.714284896850586	229.0
8854	-1.478767940142767	-5.901188656168581	-22.81745719909668	229.0
8874	-1.9017048554832605	-5.785681332650329	-23.020235061645508	229.0
8893	-1.900538217986239	-5.589031688101274	-23.023771286010742	229.0
8913	-1.7140580823201113	-5.494599878586693	-22.86302947998047	229.0
8932	-1.5994222844134565	-5.392090383149056	-22.790372848510742	229.0
8952	-1.5768071649350701	-5.181878955195839	-22.799339294433594	229.0
8971	-1.5024791006355058	-4.906508139666338	-23.15808868408203	229.0
8992	-1.1788275185033066	-5.314824751670198	-23.158287048339844	216.0
9011	-1.1165531943175961	-5.129177008463757	-22.9931640625	216.0
9029	-1.1458955439068237	-4.8772408271296435	-23.0616455078125	216.0
9049	-1.3017782286108386	-4.44387545880625	-23.270137786865234	216.0
9070	-1.066796676751942	-4.38388574514675	-23.468814849853516	216.0
----------------도착----------------
9088	-0.9886401981471047	-5.030205952067565	-23.702350616455078	216.0
9107	-1.043622920392377	-4.956831618521322	-23.798133850097656	216.0
9127	-1.4520059388583422	-4.843443626231731	-23.837648391723633	216.0
9146	-1.3377465016389627	-4.4751249930737025	-23.932308197021484	216.0
9165	-1.2716013788706768	-4.687951092211493	-24.246280670166016	216.0
9185	-0.9703481153969647	-4.587810565319919	-23.816322326660156	216.0
9205	-1.0678880787924148	-4.838987041515276	-23.69039535522461	216.0
9226	-1.2802983384302034	-4.658719687560148	-23.691028594970703	216.0
9245	-1.3676061192009286	-4.4707528505631	-23.444433212280273	211.0
9264	-1.3871973380268037	-4.128218962656468	-23.64873695373535	211.0
9282	-1.3871973380268037	-4.128218962656468	-23.64873695373535	211.0
9302	-1.2223401074136	-3.8366412730510158	-23.316749572753906	211.0
9322	-0.9719326709082058	-4.14052351894258	-23.394479751586914	211.0
9341	-0.4841863463065408	-3.992396597648595	-23.07960319519043	211.0
9360	-0.5104914922856011	-3.9176399358081424	-23.358171463012695	211.0
9380	-0.46698618437121614	-3.8279570368413474	-23.680686950683594	211.0
9399	-0.4023631824794159	-3.846297029350793	-23.73822593688965	211.0
9418	-0.3137606999797061	-3.6978674684498505	-23.761293411254883	211.0
9438	-0.6897518719810116	-3.4343067228612663	-23.6749267578125	211.0
9458	-0.789269375307802	-3.2551636808910445	-23.875768661499023	211.0
9477	-1.132412049955153	-3.3256938676538996	-23.91611671447754	211.0
9496	-1.2068939526761224	-3.088541683144926	-24.165525436401367	211.0
9516	-1.3291638969116109	-3.1709933913406454	-24.20234489440918	211.0
9535	-1.4040938077367282	-3.158088411380122	-24.042648315429688	211.0
9554	-1.4484756833627594	-3.242595762144336	-23.855670928955078	211.0
9575	-1.408825371083128	-3.1690075202144614	-23.814342498779297	211.0
9593	-1.256443343123085	-2.917334637739326	-23.750080108642578	211.0
9613	-1.265122153407941	-2.99323631988777	-23.8300838470459	211.0
9632	-0.8608022818940838	-3.040788667953523	-23.719575881958008	211.0
9651	-0.7415239128869549	-3.099074268574502	-23.655004501342773	211.0
9672	-0.6510711408338018	-3.0555092121040395	-23.6052303314209	211.0
9691	-0.562726992847196	-2.8249645496676945	-23.6744327545166	211.0
9710	-0.7167896041753499	-2.4431490718546516	-23.8707332611084	225.0
9730	-0.8525445165389649	-2.450228539981129	-23.745559692382812	225.0
9749	-0.8613379893728662	-2.4478543634262206	-23.834922790527344	225.0
9768	-1.157412667534309	-2.281923651828744	-23.787063598632812	225.0
9789	-1.239242094912587	-1.7643939735086238	-23.665462493896484	225.0
9808	-1.3812597112937512	-1.8693049322309339	-23.591821670532227	225.0
9827	-1.3905347579556107	-1.4509147441330776	-23.579191207885742	225.0
9846	-1.6102538325379527	-1.5252195065450447	-23.407493591308594	225.0
9866	-1.6627531982553672	-1.791586363608228	-23.413665771484375	225.0
9885	-1.820397163132349	-1.7628496869617925	-23.601659774780273	225.0
9907	-1.8441849956055594	-1.6550781362642006	-23.364912033081055	225.0
9925	-1.669543699022545	-1.5048942330893316	-23.234758377075195	225.0
9946	-1.2380177234361713	-1.7515219829360476	-23.27472686767578	225.0
9965	-1.0394403058479338	-1.6726001350036555	-23.09353256225586	218.0
9983	-1.0394403058479338	-1.6726001350036555	-23.09353256225586	218.0
10002	-1.0034201920410613	-1.8849385389152393	-23.144107818603516	218.0
10022	-1.267922273352489	-1.819949151049333	-23.256288528442383	218.0
10041	-1.3440389872353475	-1.7576507031787976	-23.38924217224121	218.0
10060	-1.3558741596183486	-1.507944033918638	-23.445064544677734	218.0
10079	-1.3159185966425757	-1.7115450019240999	-23.511415481567383	218.0
10099	-1.1220887600165643	-1.7359327544320546	-23.71091079711914	218.0
10118	-1.0339692767697402	-1.3755476468413788	-23.664840698242188	218.0
10138	-1.010965890942639	-1.2157209559451343	-23.842819213867188	218.0
10157	-1.2175839259704964	-0.9407440062342846	-23.99370574951172	218.0
10177	-1.1474207588347307	-0.9314186899346452	-23.794605255126953	218.0
10196	-1.0692440540377117	-0.9352912366553799	-23.609159469604492	212.0
10216	-0.9136390042488537	-1.3008444895277778	-23.50503921508789	212.0
10235	-0.7872070498737839	-1.37282133275575	-23.51062774658203	212.0
10255	-0.7252539111549176	-0.9349578861686896	-23.658721923828125	212.0
10274	-0.8565994068469357	-0.8508398525731053	-23.827228546142578	212.0
10293	-1.165438369256498	-0.6626584330208376	-23.909460067749023	212.0
10313	-1.2793812855508422	-0.82893546526559	-23.959762573242188	212.0
10332	-1.2102786878984868	-0.5800317629051034	-23.99876594543457	212.0
10351	-1.5359948070767646	-0.4737619723413804	-23.92801856994629	212.0
10372	-1.3788035017919493	-0.5247186647645112	-23.80545997619629	212.0
10391	-1.3516383795176348	-0.5127297673336906	-23.915693283081055	212.0
10410	-1.2472615699962777	-0.8615356620645725	-23.65772247314453	212.0
10429	-1.7067085349971933	-0.859604990511303	-23.56534194946289	211.0
10449	-1.558246174206937	-0.7675722415231115	-23.511240005493164	211.0
10469	-1.428983830792678	-0.6156732432152116	-23.295015335083008	211.0
10488	-1.704641273227761	-0.6143999147679973	-23.3140926361084	211.0
10507	-1.497102933026744	-0.6899285570404249	-23.308292388916016	211.0
10526	-1.586766851971355	-0.4356382384134403	-23.246458053588867	211.0
10546	-1.4157858927633153	-0.35127347484793825	-23.20227813720703	211.0
10565	-1.6675810012213261	-0.235491577865276	-23.183937072753906	211.0
10585	-1.5244530137991268	-0.4601564356413961	-22.99355125427246	211.0
10605	-1.7563200481564871	-0.8606241104702357	-22.96183204650879	211.0
10626	-1.7125330664594238	-1.091270649128666	-22.85528564453125	211.0
10645	-1.2524999192283952	-1.0102235426206976	-23.034076690673828	211.0
10664	-1.2524999192283952	-1.0102235426206976	-23.034076690673828	211.0
10682	-1.2726439877726456	-0.8553418154229769	-22.84293556213379	218.0
10702	-1.5282563014231523	-0.9734955920843593	-23.043642044067383	218.0
10722	-1.7713087419368916	-0.9519517028537563	-23.04373550415039	218.0
10741	-1.7800502663800672	-1.0466322764674392	-22.933408737182617	218.0
10760	-1.6290753252656958	-1.3121745232151496	-23.296335220336914	218.0
10780	-1.7372686297837465	-1.151496629985114	-23.278331756591797	218.0
10799	-1.9663410458735113	-0.9588979497938059	-23.437744140625	218.0
10819	-1.8907867593208738	-1.058413012470525	-23.158864974975586	218.0
10839	-1.6504366946955977	-1.3178837203522225	-23.32732582092285	218.0
10858	-1.1468950264008833	-1.4442241306770764	-23.44646453857422	218.0
10876	-0.7715345018782876	-1.191804456011262	-23.35334014892578	218.0
10896	-0.5136878626386392	-1.0739457048454863	-23.480546951293945	218.0
10917	-0.7924953404996657	-0.7947049753410685	-23.26649284362793	227.0
10935	-1.0509466443267808	-0.8422081868425871	-23.177690505981445	227.0
10955	-1.5371527769918152	-0.8521979414530068	-23.160860061645508	227.0
10974	-1.9894539207262698	-1.0861281676563146	-23.384431838989258	227.0
10993	-1.7748240212241528	-1.0102829010311538	-23.522706985473633	227.0
11013	-1.801640979686829	-0.7496228481971058	-23.438983917236328	227.0
11032	-2.141476329767297	-0.5831119496410898	-23.63332176208496	227.0
11052	-2.2461614538041235	-0.45906254659560974	-23.748003005981445	227.0
11071	-2.0747225027001277	-0.5671332921190103	-23.877714157104492	227.0
11091	-1.8212283833346372	-0.5076221918818276	-23.9349422454834	227.0
11110	-1.6324845587684973	-0.5899411037686008	-23.83726692199707	227.0
11129	-1.3822770541470382	-0.42317787226624387	-23.586044311523438	227.0
11149	-1.88469384080755	-0.6368708960442514	-23.34971046447754	216.0
11169	-2.1060256259280172	-0.5808582355846339	-23.28817367553711	216.0
11188	-2.0224042393388184	-0.7066274926871929	-23.244312286376953	216.0
11208	-1.9808858851077047	-0.4393360547071123	-23.15488052368164	216.0
11226	-1.9013435435165384	-0.5094454246407442	-23.00308609008789	216.0
11246	-1.7982096713770244	-0.5195355440493667	-22.92925453186035	216.0
11266	-1.4454840828666573	-0.5154687779643936	-23.085651397705078	216.0
11285	-1.772573751729176	-0.6034029268749103	-23.299409866333008	216.0
11305	-1.772573751729176	-0.6034029268749103	-23.299409866333008	216.0
11325	-1.7398748645714732	-0.5235156656766847	-23.41097068786621	216.0
11345	-1.8919612065329139	-0.09586914445316477	-23.371204376220703	216.0
11365	-2.105418672101419	-0.1741888056715763	-23.220964431762695	216.0
11382	-2.105418672101419	-0.1741888056715763	-23.220964431762695	216.0
11402	-2.112926495246707	-0.12202264186555631	-23.247882843017578	211.0
11421	-1.8961880415037484	0.10096264440639986	-23.202909469604492	211.0
11441	-1.9582576337815134	-0.05603915493926674	-23.236940383911133	211.0
11461	-1.6778526368285058	0.08856085531168885	-23.32455062866211	211.0
11480	-1.4435102600803844	-0.058146733157095266	-23.155479431152344	211.0
11500	-1.477977020246269	-0.35885148486920865	-23.450712203979492	211.0
11518	-1.61965451368978	-0.6135302650759018	-23.341434478759766	211.0
11538	-1.6145413179914168	-0.4069294841561343	-23.40665626525879	211.0
11558	-1.5201069301083543	-0.451653871059661	-23.532596588134766	211.0
11577	-1.4877430004226535	-0.4668967454812957	-23.770315170288086	211.0
11596	-1.3034616566809736	-0.24850664044006862	-23.734573364257812	211.0
11616	-1.425100175494978	-0.3269190753757564	-23.657472610473633	211.0
11637	-1.6659073622475422	-0.29862019612786067	-23.723243713378906	211.0
11655	-1.6052679336157425	-0.6908477571700761	-23.493785858154297	211.0
11674	-1.2883873225616722	-0.6262597145953673	-23.458698272705078	211.0
11693	-1.3161183016773412	-0.4428400736033224	-23.353479385375977	211.0
11713	-1.404383622327884	-0.6452083092427118	-23.265380859375	211.0
11733	-1.4221477695044864	-0.46895488593691514	-23.184059143066406	211.0
11752	-1.4123963832644448	-0.49979373769309515	-23.268436431884766	211.0
11771	-1.4597423324100063	-0.507691684387952	-23.22458267211914	211.0
11791	-1.4476581692178079	-0.5944943674124498	-23.09699821472168	211.0
11810	-1.6359873091254076	-0.5841611998947527	-23.131484985351562	211.0
11829	-1.7625499242804543	-0.6297536501135529	-23.394458770751953	211.0
11849	-1.7331979695458666	-0.990247342625068	-23.602155685424805	211.0
11868	-1.4326638475065767	-0.8693231148481959	-23.404550552368164	225.0
11888	-1.3269504610932412	-1.1176830610834418	-23.305694580078125	225.0
11908	-1.5461551558437936	-0.7731291575021856	-23.25706672668457	225.0
11926	-1.8536446484493068	-0.965595535652889	-23.162681579589844	225.0
11946	-2.035681590768687	-0.824548042530029	-23.30792999267578	225.0
11965	-1.8663938303879744	-1.0233978931021126	-23.212913513183594	225.0
11985	-1.8278298588079143	-0.8979521450093599	-23.25313949584961	225.0
12005	-1.7767466381679207	-0.955428437600329	-23.160478591918945	225.0
12025	-1.881965870898311	-1.06145780496347	-23.08089828491211	225.0
12045	-2.1176307408208106	-1.2488917965315751	-23.298473358154297	225.0
12064	-2.1164166863296576	-1.3165994524022056	-23.126243591308594	225.0
12082	-2.1164166863296576	-1.3165994524022056	-23.126243591308594	225.0
12102	-1.659901853591974	-1.2240171581207708	-23.17046546936035	225.0
12122	-1.1949348393033965	-1.3528317970109174	-23.008577346801758	229.0
12141	-1.3665339071695712	-1.2270966300333537	-22.99812126159668	229.0
12160	-1.4205985916773458	-0.9361448146626344	-22.99591636657715	229.0
12180	-1.5270830548553698	-0.763446665714841	-23.13286590576172	229.0
12199	-1.576742208130557	-0.6993779300658602	-23.251413345336914	229.0
12218	-1.546640040501266	-0.5285566213159267	-23.271373748779297	229.0
12238	-1.5768162397933632	-0.5916649264669878	-23.327516555786133	229.0
12257	-1.981605250290237	-0.5122837522561521	-23.4101619720459	229.0
12277	-2.2042709536578067	-0.483840661844591	-23.761234283447266	229.0
12296	-1.9684908788507118	-0.47739877251603313	-23.65911102294922	229.0
12316	-1.815763305116988	-0.40611940386797113	-23.663501739501953	229.0
12335	-1.680713775498924	-0.6726201836133602	-23.61970329284668	229.0
12354	-1.7558073714839044	-0.705942470856163	-23.793176651000977	216.0
12374	-1.7471344651639524	-0.7130608964162571	-23.689695358276367	216.0
12393	-2.1279990729112366	-0.42915514716345154	-23.80946922302246	216.0
12414	-2.1465300897817237	-0.5878948434707979	-23.676401138305664	216.0
12433	-1.78157184635864	-0.5166531229355875	-23.31961441040039	216.0
12452	-1.6687643710494393	-0.4412770229502713	-23.65072250366211	216.0
12471	-1.7550282213716584	-0.7718138527232007	-23.48688507080078	216.0
12490	-1.6922028892940826	-0.5707435358964303	-23.527009963989258	216.0
12510	-1.6580837026603126	-0.7710903533795691	-23.432052612304688	216.0
12530	-1.7337058012153168	-0.6917247527972356	-23.530916213989258	216.0
12549	-1.8056138498659318	-0.7050603261332524	-23.31745147705078	216.0
12569	-1.7482317750271104	-0.7798443141790982	-23.241241455078125	216.0
12588	-1.7302229267358131	-1.044142444452223	-23.60860824584961	211.0
12607	-1.7196619587271227	-1.4055796568148535	-23.260549545288086	211.0
12628	-1.5459744339840413	-1.2641490045491495	-23.11738395690918	211.0
12648	-1.4504976693745433	-1.2363162778468821	-23.131505966186523	211.0
12666	-1.543974934729452	-1.0317471497236677	-23.18757438659668	211.0
12685	-1.2907979538401846	-1.0021088055845886	-23.18942642211914	211.0
12705	-1.280358394389623	-1.0930032759865371	-23.523143768310547	211.0
12725	-1.2400452404586335	-0.6561696981035461	-23.849214553833008	211.0
12746	-1.5081163607473085	-0.6685253253737408	-23.90654754638672	211.0
12765	-1.4968942833662868	-0.6033094320196782	-23.919130325317383	211.0
12783	-1.4968942833662868	-0.6033094320196782	-23.919130325317383	211.0
12802	-1.5934874980216998	-0.8148645580167805	-23.896562576293945	211.0
12821	-1.5476947636730918	-0.8946422566710495	-23.875457763671875	211.0
12841	-1.619148961866859	-0.9276844972711622	-23.834938049316406	211.0
12860	-1.7817229401287231	-1.0734957209555278	-23.729413986206055	211.0
12880	-1.8257931822525935	-0.7479580486409318	-23.67331314086914	211.0
12900	-1.6789709501923051	-1.0553189508072618	-23.47368812561035	211.0
12919	-1.3612361368088284	-0.9428781774507653	-23.241609573364258	211.0
12938	-1.472761343347922	-0.9399116839031888	-23.409273147583008	211.0
12957	-1.2905117112207836	-0.6345107974321724	-23.60807991027832	211.0
12977	-1.35612017410963	-0.6983879476375943	-23.460735321044922	211.0
12997	-1.3950166044036423	-0.3385685598920836	-23.387441635131836	211.0
13016	-1.5833748044398057	0.1545478956472735	-23.497087478637695	211.0
