5	12.468384385895314	-12.73520801701511	-25.81517791748047	103.0
25	12.012863193164126	-12.575329288145408	-26.32600212097168	103.0
44	12.188227405558635	-13.302869237745178	-26.017845153808594	112.0
64	11.52908196714048	-15.467682925254461	-25.0941104888916	112.0
83	11.68081652019903	-16.119828003102448	-24.138782501220703	112.0
103	12.131147132674972	-17.252485306383132	-22.958480834960938	112.0
121	13.067684856626569	-16.654608957718363	-22.74138832092285	112.0
141	13.419512477106718	-15.63447767863027	-23.230865478515625	112.0
161	12.870171979309477	-15.27629683929399	-23.50626564025879	112.0
181	12.328000456322089	-15.783460454113085	-23.481996536254883	112.0
203	12.212898592872108	-15.641901354729027	-23.666288375854492	112.0
220	12.66395049581707	-14.575028648498902	-23.824243545532227	112.0
239	13.212992208250128	-14.266180317927537	-24.389474868774414	112.0
258	12.953778669117693	-14.032607166037593	-24.637372970581055	112.0
278	12.617367359460266	-14.069424822693303	-25.239160537719727	133.0
298	11.901049070971892	-13.788320736381879	-25.296390533447266	133.0
317	11.599196194227881	-14.746396137706057	-24.790504455566406	133.0
337	11.599196194227881	-14.746396137706057	-24.790504455566406	133.0
356	10.527951880859602	-18.166773399387964	-22.572132110595703	133.0
378	9.696967339464374	-19.731848366570244	-21.915075302124023	133.0
398	7.695253811046766	-22.315609564282024	-20.000722885131836	133.0
414	7.695253811046766	-22.315609564282024	-20.000722885131836	133.0
434	8.626064306852621	-21.00451583117788	-21.247230529785156	133.0
454	9.040276655078019	-19.448779240422397	-22.03029441833496	133.0
473	9.248453519297454	-18.611753406261986	-23.161481857299805	133.0
490	8.933895603777868	-17.37660351180892	-24.458049774169922	133.0
511	8.549396272157464	-16.99068773802707	-24.7979679107666	133.0
531	8.413830851454074	-16.717291870192586	-24.752756118774414	162.0
551	8.333687987480761	-17.80445452243507	-23.7589111328125	162.0
570	7.808247230235232	-20.186829935993046	-21.76436424255371	162.0
588	7.427257670623524	-21.553823179537865	-20.121097564697266	162.0
608	7.566190009081532	-21.107764584955927	-20.868093490600586	162.0
631	7.538887520432262	-19.640784366282325	-22.241025924682617	162.0
646	7.0289267342868715	-19.707578187397278	-22.19194793701172	162.0
668	6.817754662146233	-19.38423420162309	-22.40283203125	162.0
687	6.756273971288164	-18.973945085307243	-22.627920150756836	162.0
707	6.4379452843534	-18.71620949443811	-22.828218460083008	162.0
724	6.188980505473515	-18.8963178695897	-22.41008758544922	162.0
746	6.364484525444181	-19.354015670251297	-21.96309471130371	162.0
764	7.147117786942343	-19.57253668023525	-21.09096336364746	176.0
783	7.497323973694221	-19.961669483226775	-20.195350646972656	176.0
803	8.07807112447172	-19.405180442117988	-20.149276733398438	176.0
822	8.72469807090133	-19.459507793195733	-20.16790199279785	176.0
842	9.103048786263027	-19.288998920104795	-20.315765380859375	176.0
861	9.389998466217397	-19.314034812283015	-20.6122989654541	176.0
881	9.272880460956925	-19.73678257027733	-20.795560836791992	176.0
900	9.023344503468659	-19.67126466405677	-21.08421516418457	176.0
920	8.97173591759599	-19.145835055006597	-21.61248779296875	176.0
939	9.111790661763674	-18.585178812556208	-22.10965919494629	176.0
957	9.182369458961853	-18.61473201449804	-22.171245574951172	176.0
977	9.420519506150555	-18.58563640694991	-21.907663345336914	176.0
997	9.273847929179619	-19.063014096301963	-21.712800979614258	176.0
1016	9.073271912425117	-19.224329918680606	-21.485849380493164	176.0
1036	9.335656722323879	-18.402554862618715	-21.622745513916016	176.0
1056	8.954516723067826	-18.257939423035364	-21.634557723999023	176.0
1076	8.606554214480566	-18.64542511724912	-21.297603607177734	176.0
1095	8.731111065465418	-18.631867965866185	-21.050025939941406	176.0
1115	8.731111065465418	-18.631867965866185	-21.050025939941406	176.0
1132	9.237637261193951	-17.662583292557535	-21.694644927978516	176.0
1152	9.072973964050478	-17.1711576645374	-22.06620979309082	176.0
1171	9.027167833090967	-17.317561271838862	-21.90440559387207	176.0
1191	9.26762100373654	-17.31496233276985	-21.65758514404297	176.0
1211	9.520230702492599	-17.62238504660534	-21.597379684448242	176.0
1231	9.10098417848924	-17.862250266539	-21.69167137145996	176.0
1249	8.718273726846975	-17.98517303049382	-21.86197280883789	174.0
1269	8.539514181240895	-18.172831407584592	-22.174116134643555	174.0
1288	8.347294686024677	-18.233529853724885	-22.149038314819336	174.0
1308	8.35814945629865	-18.332789742178797	-22.015275955200195	174.0
1328	8.508126550284988	-18.568936693287817	-22.070959091186523	174.0
1347	8.86755197253371	-18.778810468181447	-21.800552368164062	174.0
1366	9.147596700090764	-18.69514627768063	-21.55853843688965	174.0
1387	9.384574464654495	-18.432523172370324	-21.562589645385742	174.0
1404	9.110965696175551	-18.28632894939884	-21.685701370239258	174.0
1426	8.583559944757868	-18.459140261463556	-21.626985549926758	174.0
1444	8.561161403718373	-18.38971923743781	-21.967124938964844	174.0
1463	8.45907606461971	-18.33413738698213	-22.039627075195312	174.0
1482	8.65751392545324	-18.302739194791833	-21.89164161682129	191.0
1502	8.74813167281425	-18.275285902523198	-21.640365600585938	191.0
1522	8.802405984936962	-18.532891251991057	-21.641132354736328	191.0
1542	8.942754012590125	-18.434882856138483	-21.680301666259766	191.0
1561	8.806921304326837	-18.867323474092476	-21.552478790283203	191.0
1580	8.600492044737303	-19.03662875010086	-21.36457633972168	191.0
1599	8.673382532886821	-18.746485162613432	-21.430620193481445	191.0
1619	8.890438186922346	-18.671344159073147	-21.75059700012207	191.0
1638	8.724092406396204	-18.55971614525122	-21.71725845336914	191.0
1658	8.731451217820405	-18.872922204376138	-21.62571144104004	191.0
1678	8.646031492338894	-18.839780773566947	-21.403688430786133	191.0
1696	8.708978243781392	-18.734516410710235	-21.470460891723633	191.0
1716	8.66424440789397	-18.490001975636613	-21.536306381225586	193.0
1736	8.493644965636035	-18.66958925316801	-21.740882873535156	193.0
1756	8.504578680807787	-18.69832868904174	-21.74862289428711	193.0
1776	8.708760316270103	-18.43860502426697	-21.503414154052734	193.0
1796	9.003389218728696	-18.347137236671998	-21.34279441833496	193.0
1813	9.003389218728696	-18.347137236671998	-21.34279441833496	193.0
1835	8.93763847584748	-18.206339083046814	-21.444759368896484	193.0
1853	8.995044537098472	-18.295174046242458	-21.452075958251953	193.0
1871	9.094803152613142	-18.102499299436513	-21.51053237915039	193.0
1891	9.060943479044942	-17.735049097966247	-21.693796157836914	193.0
1912	8.364959225658248	-18.166348986849698	-21.29124641418457	193.0
1930	7.83965271887883	-18.206890726722598	-21.39784812927246	193.0
1949	7.7026481419827295	-18.17778499767616	-21.75362777709961	193.0
1968	8.247604766750856	-18.273540524799547	-21.777294158935547	183.0
1988	8.7029699799218	-18.441071172427808	-21.752483367919922	183.0
2008	9.203257547831203	-18.223588508410433	-22.0589542388916	183.0
2028	9.533693863825832	-18.000029860483785	-22.58831024169922	183.0
2047	9.131454381064565	-18.593069365035955	-22.4583683013916	183.0
2066	8.791596879244908	-18.946069213607633	-22.323888778686523	183.0
2085	8.833567413685207	-18.65108884956378	-22.87674903869629	183.0
2106	8.956518552758691	-18.12265335597477	-23.222217559814453	183.0
2125	8.589232152292162	-18.808903047185098	-22.76995086669922	183.0
2145	8.408905790851618	-19.200427703461422	-22.257083892822266	183.0
2163	8.281652007415014	-19.221337161436693	-21.98143768310547	183.0
2183	8.342497323228333	-19.157222988080942	-22.060871124267578	183.0
2202	8.52345803228805	-18.3769783109013	-22.440237045288086	178.0
2221	8.179750160866353	-18.17052864917924	-22.513715744018555	178.0
2241	7.7054284223157605	-18.569590116071105	-22.01027488708496	178.0
2261	8.057082294742804	-18.706111374074055	-21.731199264526367	178.0
2279	9.113577382906405	-18.355457882280113	-21.488637924194336	178.0
2299	9.483727183056075	-18.195841205871385	-21.329620361328125	178.0
2319	9.543956698502722	-18.36235002821995	-21.262449264526367	178.0
2338	9.095732680983536	-17.809802451153548	-21.27187156677246	178.0
2358	8.954347678043625	-18.285545861439456	-21.51567268371582	178.0
2377	8.488666857884484	-18.16863057300838	-22.304859161376953	178.0
----------------출발----------------
2396	8.652715934519517	-18.33404019567373	-22.024124145507812	178.0
2416	8.76185547180293	-18.590747342292243	-22.00204849243164	178.0
2436	8.398769906614573	-18.43776971269445	-22.348451614379883	181.0
2456	7.990071591608963	-19.199527734404885	-21.93035125732422	181.0
2477	7.627245744440926	-19.80863489465287	-21.497587203979492	181.0
2496	8.264779817009911	-19.48907889013061	-22.168922424316406	181.0
2516	8.264779817009911	-19.48907889013061	-22.168922424316406	181.0
2532	9.096131917033103	-17.900802146552177	-22.822616577148438	181.0
2554	8.930246867620513	-17.946305079853584	-22.697973251342773	181.0
2573	8.794389549955085	-18.398644577134334	-22.57303810119629	181.0
2592	8.208204663875954	-18.490418509895935	-22.214942932128906	181.0
2611	8.156660141554056	-18.200707293685355	-22.220380783081055	181.0
2630	8.146358128290455	-17.786952725511206	-22.645116806030273	181.0
2649	8.187307411111723	-17.82605114806617	-22.249155044555664	181.0
2669	7.681904218161127	-18.111727730906658	-22.10733413696289	181.0
2690	7.424907713159471	-18.747858002623925	-21.96404266357422	191.0
2708	7.139524656708216	-21.368755737467513	-19.285049438476562	191.0
2728	7.008672831125675	-21.596482423136447	-19.177162170410156	191.0
2747	8.15986205743592	-21.064688190314182	-19.466381072998047	191.0
2766	8.442954208128045	-20.351758055658095	-20.51780891418457	191.0
2785	8.188619962559423	-19.892927256321457	-21.204647064208984	191.0
2806	7.9574745057418275	-19.403786668962926	-22.181962966918945	191.0
2826	8.148680373562227	-18.764578056430828	-22.250837326049805	191.0
2844	8.613425415925557	-18.312669661460735	-22.041006088256836	191.0
2863	8.219101547764229	-18.522478558975674	-22.330331802368164	191.0
2882	7.585685217578358	-18.706687119034857	-22.131824493408203	191.0
2902	7.448240410859202	-18.711818149640074	-22.343852996826172	191.0
2922	6.957203266452977	-19.224649392144386	-22.122079849243164	187.0
2941	6.833661575245126	-19.377183288143932	-21.847326278686523	187.0
2961	6.752643626107635	-19.463867806110343	-21.43964958190918	187.0
2979	7.077835282851777	-19.417739379810936	-21.569412231445312	187.0
2999	7.210543229768999	-19.082655258809034	-21.798351287841797	187.0
3019	7.662492878816651	-18.45201921189115	-21.96723175048828	187.0
3038	7.876269888652268	-18.547434321733956	-21.93244743347168	187.0
3058	7.423507557046848	-18.92805633083786	-21.5517635345459	187.0
3077	7.351773714513112	-19.07313207963888	-21.09583282470703	187.0
3096	7.263974285194037	-19.22718065886037	-21.027530670166016	187.0
3116	7.438004696423692	-18.402108817664892	-21.71480369567871	187.0
3136	7.846280005246241	-17.096176833990867	-22.688093185424805	187.0
3156	8.446446975207143	-16.248286215427687	-23.24513053894043	177.0
3176	8.624892219599287	-16.293318966423662	-23.161399841308594	177.0
3195	8.655279856639794	-16.465032437441796	-23.106792449951172	177.0
3213	8.655279856639794	-16.465032437441796	-23.106792449951172	177.0
3234	7.914499939046817	-17.824479860578073	-22.347835540771484	177.0
3252	7.839287539546075	-18.631113752454592	-21.884675979614258	177.0
3272	8.03189512547433	-19.252712337650138	-21.2557430267334	177.0
3291	7.987878049947512	-20.275782079465152	-20.521146774291992	177.0
3310	8.223214709991133	-20.51238910887361	-19.936914443969727	177.0
3330	8.596535508928175	-19.9297465086473	-20.507108688354492	177.0
3349	8.856260421495998	-18.56434742060051	-21.564626693725586	177.0
3369	8.56881102260184	-18.08097474456996	-22.040693283081055	177.0
3388	8.037981044528577	-18.449566624766437	-22.134702682495117	177.0
3407	6.747772501917829	-19.15677505981734	-22.00387191772461	186.0
3427	6.341888583470889	-19.288856356177753	-21.983285903930664	186.0
3447	7.1537308771231505	-18.392692998140113	-22.33258056640625	186.0
3466	7.431678674416972	-18.012990027337626	-22.62261199951172	186.0
3485	7.169763971037471	-18.44819113861511	-22.33391761779785	186.0
3505	6.643699059080273	-19.29745050429689	-21.647310256958008	186.0
3524	6.178046273722358	-19.755894838667253	-21.179460525512695	186.0
3544	5.733794513660319	-19.9697466534513	-21.017244338989258	186.0
3563	5.962873070839623	-19.759720373507943	-21.208942413330078	186.0
3582	6.376146655118661	-19.55889892601145	-21.471729278564453	186.0
3603	6.327345191984389	-19.548468730936367	-21.435609817504883	186.0
3621	6.3121847890401375	-19.33456329756742	-21.408737182617188	186.0
3641	6.343741177707464	-19.048359705176143	-21.349720001220703	198.0
3660	6.1274168427370235	-18.868241861784504	-21.710309982299805	198.0
3680	5.804955547063249	-18.80448243390526	-21.818389892578125	198.0
3699	5.793621022891461	-19.11293910078203	-21.432924270629883	198.0
3719	6.072687132420502	-19.251814963419665	-21.529041290283203	198.0
3739	6.612268028217535	-18.931942156319813	-21.4273624420166	198.0
3757	7.095077255740565	-18.73014146454061	-21.669740676879883	198.0
3777	7.263406269384449	-19.147424281284167	-21.40810203552246	198.0
3796	6.978534342790709	-19.258587179783003	-21.19222068786621	198.0
3816	6.942152082115183	-19.110906595557154	-21.318077087402344	198.0
3837	6.93728881938758	-19.027186425077943	-21.515405654907227	198.0
3856	6.884184470486523	-18.804132977465276	-21.686674118041992	198.0
3876	7.193932667778085	-18.057590904810866	-21.9812068939209	220.0
3895	7.131383649638179	-17.70626503944671	-22.01822280883789	220.0
3914	7.131383649638179	-17.70626503944671	-22.01822280883789	220.0
3932	6.233898891164315	-18.337118371595878	-21.539798736572266	220.0
3953	6.497642389176157	-18.43485075845317	-21.379850387573242	220.0
3972	7.1835889049164505	-18.68741197727345	-21.136701583862305	220.0
3991	7.991485927646104	-18.71537056438633	-20.908313751220703	220.0
4010	8.442242176378493	-18.226304539773533	-20.938495635986328	220.0
4030	8.634016145913865	-17.38714341729314	-21.4705753326416	220.0
4050	8.138694826386882	-17.33644736264161	-21.181236267089844	220.0
4069	7.4458147280201326	-17.784755618640386	-21.102603912353516	220.0
4088	7.062632170162023	-17.67381863144917	-21.479106903076172	220.0
4108	7.132381034117141	-17.710930586207066	-21.51249122619629	220.0
4127	7.473878269713227	-17.994018905262738	-21.253337860107422	216.0
4147	8.069494131179647	-18.258429015158328	-20.78291130065918	216.0
4166	8.7470403236222	-18.608226780221653	-20.373414993286133	216.0
4186	9.178345904519333	-19.059224166005624	-20.2530517578125	216.0
4205	8.973711450893019	-19.655375011044406	-20.32084083557129	216.0
4225	8.456393100110347	-19.587196233201507	-21.022544860839844	216.0
4244	8.148509211783562	-19.93044448225843	-21.1527156829834	216.0
4263	7.938401879284463	-19.912932223346115	-21.097219467163086	216.0
4282	8.05728923625336	-19.78090588622454	-20.927326202392578	216.0
4303	7.925792235905865	-20.333210955152886	-20.459314346313477	216.0
4322	8.197418277715565	-20.720923878322207	-20.197412490844727	216.0
4341	9.043933827106875	-20.084836274627488	-19.901451110839844	216.0
4361	9.873697563395952	-19.363013930239116	-20.045743942260742	203.0
4380	10.306951993384166	-19.28168661068516	-19.534282684326172	203.0
4400	10.123676071507823	-19.21445447497649	-19.366626739501953	203.0
4419	9.970409759621623	-19.184613417203124	-19.73207664489746	203.0
4438	10.138486965838853	-18.756352251121978	-20.3656063079834	203.0
4458	10.398258933158605	-17.8603712885043	-20.940649032592773	203.0
4477	10.756549420250126	-16.536242115910884	-21.935382843017578	203.0
4497	10.842044008454957	-15.94691066280537	-22.56268882751465	203.0
4517	10.397960986685225	-16.155229312542524	-22.53170394897461	203.0
4536	10.380881167451623	-16.601576492723936	-22.653671264648438	203.0
4556	10.646414853243137	-17.049249993603834	-22.44326400756836	203.0
4576	11.036925125466027	-16.972553074657096	-22.380752563476562	203.0
4595	11.18000750266523	-16.569219084739657	-22.991939544677734	201.0
4613	11.18000750266523	-16.569219084739657	-22.991939544677734	201.0
4635	11.228207153794193	-14.38295992035134	-24.73777198791504	201.0
4652	11.040916429224177	-13.595740426672219	-25.224794387817383	201.0
4672	11.010976704140644	-13.27624039420846	-25.860177993774414	201.0
4691	11.366926796772328	-13.218975470640672	-25.86166000366211	201.0
4711	11.504602304783923	-14.71966287716917	-24.74416160583496	201.0
4730	11.64108198307099	-16.40164992290251	-23.409561157226562	201.0
4750	11.818032558636505	-17.22472894325401	-22.67504119873047	201.0
4769	11.627236455082116	-17.510420627540306	-22.2244815826416	201.0
4789	11.384632203712286	-17.838205728540014	-22.01399040222168	201.0
4807	10.707160002543255	-18.08487048084388	-21.912033081054688	201.0
4828	10.3812720354187	-17.94369775838404	-21.62369728088379	201.0
4847	10.408923569052623	-18.053982878155864	-21.69597816467285	201.0
4867	10.349721601768344	-17.71213289627341	-21.903013229370117	201.0
4885	10.050168720892346	-17.687710987792816	-21.89310073852539	201.0
4904	9.843865082419919	-17.843678163921563	-21.900896072387695	201.0
4924	9.726312631656171	-18.37298702312903	-21.28170394897461	201.0
4943	9.46910944785066	-18.33340303727702	-21.020292282104492	201.0
4963	9.75459685741291	-17.925649965151784	-21.37476921081543	201.0
4982	9.915767504594143	-17.90371822790015	-21.66356658935547	201.0
5002	10.280902619787703	-17.23641861868389	-21.736915588378906	201.0
5021	10.71251123451863	-17.286495773045957	-21.77130699157715	201.0
5040	10.594140772448764	-18.040352316803496	-21.281925201416016	201.0
5060	9.933845811062001	-18.580137246153765	-20.744047164916992	201.0
5080	9.983459872341006	-19.048862750693626	-20.459447860717773	208.0
5100	9.64735367918566	-19.184167670920747	-20.411943435668945	208.0
5119	8.997602076818103	-18.962711939928752	-20.861024856567383	208.0
5138	8.660437951658544	-18.405592611050434	-21.352548599243164	208.0
5157	8.676849506428571	-18.32307149697326	-21.285274505615234	208.0
5176	8.797408573410117	-18.21523377038823	-20.987937927246094	208.0
5196	8.58348455916287	-18.126274150977057	-21.203872680664062	208.0
5216	8.671566411965408	-18.096367649393112	-21.397424697875977	208.0
5235	8.423126232535061	-17.617568122007416	-21.85146141052246	208.0
5255	7.948688450026327	-17.391426300496335	-22.482406616210938	208.0
5275	8.10918502806951	-17.268024728827857	-22.50937271118164	208.0
5295	8.222777911657142	-17.408302985462207	-22.49214744567871	208.0
5313	8.222777911657142	-17.408302985462207	-22.49214744567871	195.0
5332	8.219765293323121	-17.499140487754236	-22.614652633666992	195.0
5352	8.283285610118375	-17.35992949725808	-22.76177978515625	195.0
5371	8.180605344888388	-17.46322762739674	-22.64373779296875	195.0
5390	8.100933573124896	-17.66671269126733	-22.4733829498291	195.0
5410	8.247734913060077	-17.87907268628096	-22.404067993164062	195.0
5431	8.471060881921414	-18.048000848595954	-22.138317108154297	195.0
5449	8.548319394522874	-18.307128423974614	-22.062602996826172	195.0
5468	8.687119758429999	-18.12678983086753	-22.176410675048828	195.0
5488	8.53521270760309	-17.970360057888218	-22.408254623413086	195.0
5507	8.210275951740554	-18.14012753589966	-22.58939552307129	195.0
5527	8.07065685484687	-18.20531636595408	-22.29336166381836	195.0
5547	7.896564279897076	-18.23271966200555	-22.258769989013672	195.0
5566	7.541698870800137	-18.510505511280368	-21.892269134521484	186.0
5586	7.606534166331799	-18.532479177490924	-21.769515991210938	186.0
5604	7.883314549611582	-18.323671804976176	-21.606693267822266	186.0
5625	8.237380564772774	-18.051808475507322	-21.573261260986328	186.0
5644	8.434699880916408	-17.855397795200794	-21.600645065307617	186.0
5663	8.260447648290397	-17.8385257692711	-21.410686492919922	186.0
5683	7.90799316731223	-17.644458609544802	-21.91637420654297	186.0
5702	8.484815428613558	-17.338764483713046	-22.15703773498535	186.0
5721	8.630963441700061	-17.316900616772216	-22.190532684326172	186.0
5741	8.651699592295653	-17.600201068359574	-21.923503875732422	186.0
5760	8.38500950254438	-17.58773622763981	-21.856704711914062	186.0
5780	8.130723064249919	-17.906571791372805	-21.55097007751465	186.0
5799	7.981381709275381	-18.16863065653615	-21.22893714904785	186.0
5819	8.044911077776476	-17.830379683511758	-21.48964500427246	186.0
5838	8.204583053757567	-17.559707333568866	-21.51929473876953	186.0
5857	7.996381866789956	-17.466389306859128	-21.80867576599121	186.0
5877	7.714335413321049	-17.511477238927174	-21.69546127319336	186.0
5896	7.680509025965831	-17.73747159739812	-21.425315856933594	186.0
5916	7.423375924877439	-18.402516314835868	-21.027238845825195	186.0
5936	7.564573028093785	-18.25381931494979	-20.94253921508789	186.0
5956	7.693134629281446	-18.20650276429932	-20.874919891357422	186.0
5976	7.752214327605992	-18.00087346615787	-20.93213653564453	186.0
5997	7.752214327605992	-18.00087346615787	-20.93213653564453	186.0
6014	8.061630842314486	-17.203009897593354	-21.36287498474121	186.0
6035	8.10203242830419	-16.827418328038384	-21.147979736328125	186.0
6052	8.853945201501643	-16.68956272673762	-20.938692092895508	190.0
6072	9.35427005771594	-16.70165258029136	-20.695640563964844	190.0
6091	8.91483060205589	-17.478031189729048	-20.263198852539062	190.0
6111	8.140478067007455	-18.104751101862142	-19.994478225708008	190.0
6130	7.401701409372226	-17.415163619602446	-20.847049713134766	190.0
6149	6.676065297983757	-16.660233809539125	-21.88410186767578	190.0
6169	5.956413425065815	-16.226415694049656	-22.31138038635254	190.0
6188	5.954764379312118	-15.893659401642884	-22.63640594482422	190.0
6207	6.095706535077336	-15.591511717177406	-22.781999588012695	190.0
6228	5.987247656456554	-15.426946737968773	-22.531879425048828	190.0
6247	5.942428457356917	-15.442089270920214	-22.37860870361328	190.0
6266	6.29578521801175	-15.35992378659971	-22.100692749023438	190.0
6286	7.146869815098209	-15.110425219344123	-21.923904418945312	208.0
6305	7.225176278701745	-15.239201640029286	-21.63820457458496	208.0
6324	7.271522265678571	-15.406218452790796	-21.41404914855957	208.0
6346	7.274915927897922	-15.300971778299042	-21.315319061279297	208.0
6363	7.398557960410039	-15.033996294444455	-21.234710693359375	208.0
6383	7.835434620306872	-15.027756169371557	-21.425628662109375	208.0
6402	8.044415102830065	-15.281320487078174	-21.173114776611328	208.0
6421	7.859455707806727	-15.252098436318102	-21.22311019897461	208.0
6441	7.710659675507643	-14.924102775658522	-21.359460830688477	208.0
6461	7.474596197164971	-14.425803194853927	-21.488487243652344	208.0
6480	7.386127513569726	-14.330120600996988	-21.547523498535156	208.0
6499	7.449344633351195	-14.54843964705783	-21.47933006286621	208.0
6519	7.41649266143013	-14.960539134312512	-21.405597686767578	212.0
6538	7.237084437338248	-14.995025448532619	-21.099306106567383	212.0
6557	7.274876706025263	-14.602360692207723	-21.159194946289062	212.0
6578	7.513759789496243	-14.191250302513984	-21.34269142150879	212.0
6597	7.620170348945036	-14.05542725263828	-21.419193267822266	212.0
6616	7.95880584869722	-13.639869043303676	-21.345489501953125	212.0
6637	8.419853504295553	-13.334815060164262	-21.503524780273438	212.0
6656	8.757362735221335	-13.147742256557672	-21.62114143371582	212.0
6676	8.756632311577851	-12.859922516991078	-21.3248233795166	212.0
6696	8.451043142300577	-12.886696394290105	-21.60980796813965	212.0
6715	7.559531319800776	-12.519877660532499	-22.041292190551758	212.0
6732	7.559531319800776	-12.519877660532499	-22.041292190551758	212.0
6753	7.345270079190889	-12.5645759682382	-22.036151885986328	212.0
6771	7.406919095416181	-12.397232839247652	-21.878713607788086	199.0
6792	7.260334435881819	-12.720806828001736	-21.87007713317871	199.0
6810	7.338649948261073	-12.45036281503073	-21.646968841552734	199.0
6830	7.462747890615728	-12.135952781852637	-21.549631118774414	199.0
6850	7.987884360527383	-12.437248903617638	-21.563432693481445	199.0
6869	8.181062256552352	-12.409469709260977	-21.445043563842773	199.0
6888	7.850136696208777	-12.552516480878475	-21.355932235717773	199.0
6908	7.668496275807515	-11.998941139375109	-21.62505531311035	199.0
6928	7.456586912332131	-11.79194451798683	-21.87424659729004	199.0
6948	7.539409556680695	-11.441849757519618	-21.848419189453125	199.0
6966	7.688583573383926	-11.176778549224325	-22.188663482666016	199.0
6985	7.5179859794712645	-11.022455668305781	-21.975746154785156	199.0
7005	7.073486082928609	-10.953307871420702	-21.63976287841797	202.0
7026	6.840381827093011	-10.953674006702238	-21.392446517944336	202.0
7044	6.9816297985011255	-10.75213771620835	-21.439393997192383	202.0
7064	7.169347838701565	-10.682183001020597	-21.35346031188965	202.0
7082	7.234591123267675	-10.497336987415569	-21.50937843322754	202.0
7102	7.073168017100286	-10.104381409993088	-21.860881805419922	202.0
7121	6.704029835132208	-9.552085527064106	-21.928321838378906	202.0
7141	6.475372391878058	-9.211998339126087	-21.8011417388916	202.0
7161	6.67548436869154	-9.324750461932569	-21.89020347595215	202.0
7179	6.7327334112846655	-9.329850495525356	-22.014812469482422	202.0
7199	6.499738160901785	-9.496949715281678	-22.314388275146484	202.0
7219	6.170688615392359	-9.183961550480653	-22.291929244995117	202.0
7238	6.479839261657043	-9.031085123367454	-22.041828155517578	207.0
7257	6.808039237561475	-9.129414350479156	-21.776477813720703	207.0
7277	6.890555999468546	-9.40797920711823	-21.60402488708496	207.0
7296	6.785762816499729	-9.51632899091168	-21.81548500061035	207.0
7316	6.560094016353796	-9.110822659355701	-22.03076171875	207.0
7336	6.498344745835224	-8.322538991512353	-22.16465187072754	207.0
7356	6.868985896539454	-7.917952666792038	-21.97924041748047	207.0
7376	7.349979333927001	-7.8369222990418805	-21.956439971923828	207.0
7396	7.467296911257894	-7.802108915125724	-21.958314895629883	207.0
7413	7.467296911257894	-7.802108915125724	-21.958314895629883	207.0
7432	7.2683805811917965	-7.358046756843368	-21.901472091674805	207.0
7452	6.981586020143301	-7.019361037873491	-22.058015823364258	207.0
7471	7.043372766367826	-6.8858693716654535	-22.243022918701172	207.0
7491	7.383288677467341	-6.963431282149104	-22.14493179321289	219.0
7511	7.524337039648412	-7.512095805569532	-22.035720825195312	219.0
7530	7.573094358540707	-7.660991993994292	-22.134607315063477	219.0
7549	7.299737664169732	-7.302694110769716	-22.516292572021484	219.0
7569	6.951414904279897	-6.289140214513115	-22.805620193481445	219.0
7589	6.926417351828929	-5.541407569635886	-23.18956184387207	219.0
7608	7.304656063272958	-4.938192613071772	-23.136211395263672	219.0
7627	7.497604711616437	-4.947238551796632	-22.923315048217773	219.0
7647	7.396768380863266	-5.067271234570356	-22.639495849609375	219.0
7668	7.427277249194099	-5.20600036813925	-22.545185089111328	219.0
7686	7.445377413876249	-4.3850954330427285	-22.335777282714844	219.0
7706	7.319264455866455	-3.8437474248235386	-22.187665939331055	219.0
7725	7.435108181813893	-3.638986446625328	-22.127368927001953	213.0
7745	7.21594817273922	-4.370790482660718	-21.901063919067383	213.0
7765	7.563707887978153	-4.470636697123623	-21.80877113342285	213.0
7783	7.627132517822009	-4.135898164729894	-21.84841537475586	213.0
7803	7.7320980900059615	-4.0819725831640215	-21.759117126464844	213.0
7823	7.775084646548253	-3.9950346502038827	-21.567550659179688	213.0
7841	7.651673170035484	-4.0127300444921055	-21.54451560974121	213.0
7861	7.5764977586165125	-3.7418165017294203	-21.676939010620117	213.0
7881	7.599771223347023	-3.451208757364308	-21.78117561340332	213.0
7900	7.72259372102453	-2.9966099379671802	-21.559146881103516	213.0
7919	7.916541426207718	-3.1428823209236914	-21.498977661132812	213.0
7939	7.848522097858371	-3.0641614435058564	-21.37868881225586	213.0
7957	8.04293141352649	-3.015676639330517	-21.499361038208008	204.0
7979	7.961514600848544	-3.0437826473350635	-21.424762725830078	204.0
7997	7.966254818584186	-2.814531847475831	-21.67940902709961	204.0
8017	8.10584584477348	-2.424367617074635	-21.682405471801758	204.0
8036	8.192946431279994	-1.9622585666541477	-21.672130584716797	204.0
8058	8.245524544467555	-1.7736961233471042	-22.027456283569336	204.0
8076	8.007290451233732	-1.7421809421315957	-21.748828887939453	204.0
8096	8.06982920507798	-1.754187480768428	-21.732065200805664	204.0
8114	8.06982920507798	-1.754187480768428	-21.732065200805664	204.0
8133	8.293645610313312	-1.6911463138594325	-21.457965850830078	204.0
8153	8.251104613161637	-1.344831740977019	-21.48456382751465	204.0
8172	8.1695475393084	-1.334307630209253	-21.206369400024414	204.0
8192	8.301968865166597	-1.4003041455092424	-20.908096313476562	204.0
8211	8.416968336182421	-1.5924941276917206	-20.790781021118164	204.0
8231	8.597279485589112	-1.627295063362727	-20.632471084594727	204.0
8250	8.732071618042427	-1.2075615219069102	-20.645334243774414	204.0
8270	8.640644556735849	-1.1360600635367124	-20.523378372192383	204.0
8289	8.569768938409448	-0.9601177342000325	-20.311748504638672	204.0
8308	8.534392979295854	-0.9796104718114013	-20.244112014770508	204.0
8327	8.596136427823996	-0.8046815741982122	-20.116060256958008	204.0
8347	8.632723757365525	-1.1976809631499958	-19.838834762573242	204.0
8366	8.277671236673395	-1.0654289421805838	-19.83187484741211	204.0
8387	7.76024874052172	-0.5061459841457816	-19.744674682617188	204.0
8406	7.577118675000842	-0.013333660494494607	-19.927936553955078	204.0
8426	7.8484976032889255	0.36349094217417643	-19.442073822021484	204.0
8445	7.824767500933249	-0.15676019646828385	-19.414297103881836	208.0
8465	7.989576956539625	-0.47620194921082337	-19.440113067626953	208.0
8484	7.921329941440366	-0.6216165698110749	-19.568607330322266	208.0
8503	7.67296335711995	-0.6474777788660641	-19.819351196289062	208.0
8521	7.751123902878698	-0.439590485660779	-19.828231811523438	208.0
8542	8.043185259303403	-0.5447513203958794	-19.88743019104004	208.0
8561	7.904950748186099	-0.6984080421867009	-19.746103286743164	208.0
8580	8.133517758928472	-0.6011566561621331	-20.06252098083496	208.0
8600	8.572448652622226	-0.869194974835077	-19.843425750732422	208.0
8620	8.380128508921032	-1.3973797932963938	-19.69700050354004	208.0
8639	8.216541913893412	-0.8856444894678803	-19.48818016052246	208.0
8658	8.152671338113214	-0.3706617263459069	-19.33749008178711	208.0
8677	8.006622786378962	-0.44777819663717316	-19.20452117919922	218.0
8696	7.490255453323696	-0.6532913483962443	-19.16835594177246	218.0
8717	7.228253496983217	-0.648089134953339	-19.161645889282227	218.0
8737	6.675652838888513	-0.7609132082304828	-19.205678939819336	218.0
8756	6.590503695833017	-0.5039152212165611	-19.10469627380371	218.0
8776	6.372348364643679	-0.0951300446289085	-19.29132080078125	218.0
8797	6.411134143552655	-0.6982205775559323	-19.129743576049805	218.0
8814	6.411134143552655	-0.6982205775559323	-19.129743576049805	218.0
8835	5.743692677324381	-1.9597780022026212	-19.2651309967041	218.0
8853	6.595994331332402	-0.7542547717753484	-19.142108917236328	220.0
8872	3.8695723072109627	-2.1845096229852996	-19.70855712890625	220.0
8891	4.873468724927324	-0.18591207654945474	-19.263992309570312	220.0
8912	4.568589953316522	-1.4785732564910032	-19.271007537841797	220.0
8931	4.2583173805269885	-3.8229658345452804	-19.088754653930664	220.0
8950	3.897824822232909	-5.28875901107523	-18.363943099975586	220.0
8969	4.689274336289812	-4.374080473823269	-18.340789794921875	220.0
8989	7.453465366854011	-0.6947353153766724	-17.906597137451172	220.0
9009	6.857340837427278	0.9062380573222587	-17.939725875854492	220.0
9028	6.399651766962906	-0.2867767019597178	-18.03028106689453	220.0
9047	5.378207026230904	-0.5180481564755076	-18.52413558959961	220.0
9066	5.180984971290668	-0.35474453005959306	-18.37639617919922	220.0
9086	6.228761638726141	0.5141515089493012	-17.805097579956055	219.0
9106	7.06385952615475	1.2478599473941177	-17.6350040435791	219.0
9124	6.329186790030811	1.0971100230889048	-18.14959144592285	219.0
9145	5.483269951784012	-0.13865309934834613	-18.2215518951416	219.0
9164	5.058567775703714	-0.9528121539474448	-18.18726921081543	219.0
9183	4.021277455600317	-1.3393830098938453	-18.51157569885254	219.0
9203	3.921345382753797	-1.8666262404755405	-18.590625762939453	219.0
9222	4.185924094760728	-2.481200115603259	-18.545440673828125	219.0
9242	4.305943110317499	-3.1327895984778347	-18.471923828125	219.0
9260	4.222522731560952	-3.7822982083598777	-18.1094970703125	219.0
9281	4.045943250224433	-3.6793890803996536	-17.9780216217041	219.0
9301	4.021180107534315	-3.33358298953334	-18.06695556640625	219.0
9331	3.6555624410718837	-4.06522951320404	-18.006433486938477	210.0
9339	3.481173419279885	-4.298298499096854	-17.73470687866211	210.0
9358	3.180205153497147	-4.34226900540591	-17.834781646728516	203.0
9377	2.8189425994171966	-4.214433038355594	-17.64299774169922	203.0
9397	2.546437633306637	-4.452539329117145	-17.710159301757812	203.0
9417	2.4366691570834953	-4.681065741865986	-17.780319213867188	203.0
9438	2.4366691570834953	-4.681065741865986	-17.780319213867188	203.0
9457	2.142516400935811	-5.000617984870583	-17.819093704223633	203.0
9476	2.025966666372	-4.895735150292941	-17.798477172851562	203.0
9496	2.3789902218295955	-4.713726612494834	-17.9019832611084	203.0
9515	2.3789902218295955	-4.713726612494834	-17.9019832611084	203.0
9534	2.620795736635448	-4.704286485225914	-17.633329391479492	203.0
9553	2.3713212477625665	-4.862688154657611	-17.79120445251465	203.0
9572	2.096797890163315	-4.704469956890389	-17.657821655273438	203.0
9591	2.4023673777624652	-4.717885472031856	-17.576969146728516	203.0
9611	2.4277976964811807	-4.805733735794657	-17.48605728149414	190.0
9631	2.1827395882792984	-5.060463568148209	-17.36542320251465	190.0
9650	1.9474183721155731	-5.190880425968416	-17.296581268310547	190.0
9670	1.8431323062465947	-5.060108716915839	-17.139263153076172	190.0
9689	1.7193377415260116	-4.983370047313542	-17.19495391845703	190.0
9709	1.6130178419604628	-5.393886743776951	-17.299169540405273	190.0
9728	1.7004390631548982	-5.559986977142862	-17.423873901367188	190.0
9748	1.0800504853719892	-5.639111227581111	-17.455020904541016	190.0
9767	0.9570748125528894	-5.809236478660526	-17.24135971069336	190.0
9786	0.7310264273863101	-5.780645069693309	-17.2977294921875	190.0
9805	0.821723947579054	-5.782644531676752	-17.356637954711914	190.0
9826	0.844652134469861	-5.8110197256256315	-17.315996170043945	190.0
9844	0.5909845157555809	-6.076593111832692	-17.211116790771484	186.0
9864	0.6322956812927922	-5.7207003328172155	-16.851301193237305	186.0
9883	0.4516484135827208	-5.539568960774484	-16.82642936706543	186.0
9903	0.852185330885257	-5.511027637098549	-16.641958236694336	186.0
9922	0.7516836504920019	-5.5840315180140285	-17.062789916992188	186.0
9941	0.843624494237782	-5.54931549670441	-17.125455856323242	186.0
9961	0.7562520032670872	-5.57241409887077	-16.812259674072266	186.0
9981	0.5594255187412441	-5.718469941711564	-16.85882568359375	186.0
10000	0.49082678538941726	-5.736544079256828	-16.721973419189453	186.0
10020	0.4742508444798705	-5.710440173314406	-16.95053482055664	186.0
10038	0.5710137735218784	-5.795802160259225	-16.852338790893555	186.0
10059	0.2315359449031957	-5.729300517935639	-16.811548233032227	186.0
10077	0.31285243767403376	-5.6462130752592925	-16.585819244384766	190.0
10097	0.027178547914011836	-5.650488555771109	-16.393564224243164	190.0
10119	0.19883857224260454	-5.654341211240906	-16.742774963378906	190.0
10137	0.41525169707792553	-5.682293599837874	-16.711162567138672	190.0
10157	0.6136116743439357	-5.719189832544432	-16.737815856933594	190.0
10177	0.3008077147946249	-5.879830390346441	-16.94940185546875	190.0
10197	-0.2656182173960788	-5.540370496306294	-17.18558120727539	190.0
10214	-0.2656182173960788	-5.540370496306294	-17.18558120727539	190.0
10235	-0.15731293141283245	-5.8653404249444065	-17.231489181518555	190.0
10252	-0.13889119142552603	-5.737312402742835	-17.205638885498047	190.0
10272	0.16406864020237658	-5.823239475921378	-17.205913543701172	190.0
10292	0.2213865334834968	-5.558146198374611	-17.242420196533203	190.0
10311	0.01503330504331757	-5.518084717182575	-17.109580993652344	190.0
10330	0.08479712143288648	-5.682933860197183	-17.397838592529297	200.0
10349	-0.2285726342542346	-5.802581497742818	-16.986663818359375	200.0
10369	0.1902298757341184	-6.229412034585798	-16.768390655517578	200.0
10390	0.3317140627235046	-6.185642088056426	-16.922000885009766	200.0
10409	0.5991123687159325	-5.996803602626543	-16.9376163482666	200.0
10429	0.6531814947085901	-5.462627992754122	-17.20110321044922	200.0
10447	0.6054955725766794	-5.866185744988026	-17.06645393371582	200.0
10466	1.050784567984189	-5.989444009412091	-17.139524459838867	200.0
10485	0.8688875091186711	-5.998317773727465	-17.088298797607422	200.0
10505	1.228069642635641	-6.001396698638918	-17.261455535888672	200.0
10524	0.7725012299336836	-6.228856479191289	-17.266225814819336	200.0
10544	0.5631295392032389	-6.646959649195225	-17.07444190979004	200.0
10563	0.20633913430297138	-6.706675016995143	-16.99263572692871	202.0
----------------도착----------------
10583	0.10853083339072607	-7.002106377664803	-16.87261390686035	202.0
10602	0.3167535484948541	-6.783196700426614	-16.61813735961914	202.0
10621	0.31915194725221396	-6.299124762807498	-17.018098831176758	202.0
10641	0.6598763868758972	-5.82745370929413	-16.83247184753418	202.0
10660	0.5993383914770802	-5.697157061529645	-16.514179229736328	202.0
10680	0.7124428442410966	-5.955590076897237	-16.413270950317383	202.0
10700	0.8208012488410696	-6.117380532390512	-16.36955451965332	202.0
10719	1.187212311061601	-5.8893562295128365	-16.528289794921875	202.0
10738	1.3968971482685024	-5.390039902724734	-16.601293563842773	202.0
10757	1.0324192772223426	-5.299275158458686	-16.92060089111328	202.0
10777	0.9464087234597558	-5.406335209844164	-16.776918411254883	202.0
10796	0.7860299455454679	-5.734070682883934	-17.033830642700195	191.0
10816	0.7199701262298129	-5.853835414035207	-17.36788558959961	191.0
10837	0.9877661834339774	-5.873108214368743	-17.526187896728516	191.0
10855	0.9634078489065223	-5.618146874423525	-17.64084243774414	191.0
10875	0.8729246561069149	-5.791121259556564	-17.78775405883789	191.0
10896	0.6967546313389229	-5.8676687748803555	-17.864049911499023	191.0
10913	0.6967546313389229	-5.8676687748803555	-17.864049911499023	191.0
10933	0.4626838472368755	-5.659229880547109	-17.974899291992188	191.0
10953	0.3316585313998605	-6.001021635989529	-17.885095596313477	191.0
10971	0.3149898337005173	-5.954491529827754	-17.840251922607422	191.0
10991	0.5458212705625886	-5.947700769887984	-17.878437042236328	191.0
11010	0.5096882817438604	-6.028294007880403	-17.506175994873047	191.0
11030	0.6154244419347975	-6.16374245901315	-17.384864807128906	191.0
11049	0.6110102945555609	-5.9398214793913695	-17.22637176513672	187.0
11069	0.8085646682588966	-6.110794244757417	-17.198787689208984	187.0
11088	1.0027463484832304	-6.285180348413369	-17.18245506286621	187.0
11108	1.2587533701264704	-6.531373790557107	-17.13076400756836	187.0
11127	1.2996326117017107	-6.367640121106294	-17.21816062927246	187.0
11148	1.2606530799887328	-6.2864746506473175	-16.901477813720703	187.0
11166	1.306577409908606	-6.385433706334286	-17.075645446777344	187.0
11186	1.0313467932453868	-6.523147677887588	-17.15907859802246	187.0
11204	1.0133614134413311	-6.480323041177433	-17.122034072875977	187.0
11225	0.6884809542704045	-6.2823402290603925	-17.091732025146484	187.0
11243	0.6419800701257533	-6.195880986535848	-17.05954933166504	187.0
11263	0.4326755616616319	-6.200673716754863	-16.973819732666016	187.0
11283	0.3241994411395763	-6.083887482563154	-16.746747970581055	195.0
11302	0.16422033068585146	-5.943300774971145	-17.083415985107422	195.0
11321	0.10959714036873817	-5.976365300406646	-17.086477279663086	195.0
11340	0.22088845233801446	-5.8739808035965435	-16.834321975708008	195.0
11361	0.35164473587463285	-6.074917436183701	-16.814319610595703	195.0
11380	0.553306210174993	-6.120519552067739	-16.772356033325195	195.0
11400	0.77111964110374	-6.119190551702351	-16.88661003112793	195.0
11418	0.787939589740363	-6.054268901391516	-16.911474227905273	195.0
11438	0.9466050523629181	-5.945017965400827	-17.022153854370117	195.0
11457	1.1016584406186747	-6.045985837444172	-16.843557357788086	195.0
11477	0.9894853205566576	-5.812967462447609	-16.730724334716797	195.0
11498	0.8697572457227047	-5.9577840541724365	-16.732189178466797	195.0
11516	0.7770889281915078	-5.683705423040008	-16.883207321166992	206.0
11536	0.8788600868666845	-5.736356291628305	-16.919715881347656	206.0
11556	0.9130484338009426	-5.795221491106224	-17.03643798828125	206.0
11576	0.8280239092261547	-5.741727005251837	-17.19452476501465	206.0
11596	0.8730339846740321	-5.93267284565781	-17.42780303955078	206.0
11614	0.8730339846740321	-5.93267284565781	-17.42780303955078	206.0
11633	0.7226808877250561	-6.1104973539982455	-17.6402530670166	206.0
11653	0.9271593333735604	-6.315692306590715	-17.502717971801758	206.0
11671	0.9824884370452118	-5.93514732736139	-17.67548370361328	206.0
11690	1.0292409660485469	-5.8116482807832535	-17.788888931274414	206.0
11711	1.03881050774701	-6.051489465183534	-17.61313247680664	206.0
11730	0.7823411496364742	-6.3836545042972315	-17.418537139892578	206.0
11749	0.8099773175822315	-6.468039262520572	-17.030460357666016	206.0
11769	0.7740635670919853	-6.288492617165491	-16.574129104614258	206.0
11788	0.8893055272414468	-6.091486040098026	-16.342912673950195	206.0
11807	0.43980120592495525	-6.12301076140652	-16.46542739868164	206.0
11828	0.7113062501711037	-6.278498797497119	-16.369674682617188	206.0
11847	0.7614506270964428	-6.124212392662798	-16.43568992614746	206.0
11867	0.7841571012589805	-6.161509743734515	-16.532119750976562	206.0
11886	0.834651633058997	-6.064092819584496	-16.472578048706055	206.0
11905	0.9760352007437695	-6.275662076197379	-16.713130950927734	206.0
11924	1.1414345906444603	-6.131930737273613	-16.83698081970215	206.0
11945	1.2488730438270608	-6.2605562377207695	-16.822772979736328	206.0
11963	1.5521917035605244	-6.195637119880048	-16.823686599731445	206.0
11982	1.3034314282465453	-6.1620355376339555	-17.01657485961914	206.0
12003	1.0876377724263884	-6.0138836632803185	-16.829038619995117	195.0
12022	0.9078387329103479	-6.035867431632424	-16.93858528137207	195.0
12041	0.6158503511145155	-6.101916735588416	-16.866268157958984	195.0
12061	0.5505006610764509	-5.860630739941952	-16.619651794433594	195.0
12080	0.6301998586722866	-5.988638738919385	-16.71066665649414	195.0
12099	0.7856672211649119	-5.813712915690607	-16.814529418945312	195.0
12119	0.44857019916982077	-5.708033752222226	-16.5677547454834	195.0
12138	0.5313492198403765	-5.612174768181805	-16.43267059326172	195.0
12157	0.6923374157443534	-6.031969063576118	-16.537452697753906	195.0
12177	0.9146105791433147	-6.146435487789233	-16.268814086914062	195.0
12197	1.038387757760743	-6.4046922894824325	-16.133899688720703	195.0
12215	1.0009263149992476	-6.69883525907485	-16.14327621459961	195.0
12236	0.6250337802359128	-6.809356096667694	-15.987975120544434	191.0
12256	0.2848309280983477	-6.765970616222598	-16.124568939208984	191.0
12276	0.2848309280983477	-6.765970616222598	-16.124568939208984	191.0
12295	1.053500780454726	-6.47637861586242	-16.24312973022461	191.0
12313	1.053500780454726	-6.47637861586242	-16.24312973022461	191.0
12332	1.4318988665526782	-6.17779489387671	-16.25206756591797	191.0
12352	1.4677526127187877	-5.841135595659522	-16.406667709350586	191.0
12372	1.3114002750656146	-5.918863933566661	-16.401535034179688	191.0
12391	0.8513381899973987	-6.289458970280263	-16.5356502532959	191.0
12410	0.9744071154549925	-6.570704482581279	-16.523239135742188	191.0
12431	1.1112651626612826	-7.054499108610718	-16.27603530883789	191.0
12449	1.2869490419783172	-7.011906938289527	-16.4764461517334	191.0
12469	1.301434237526453	-7.254446799189491	-16.616962432861328	191.0
12488	1.1173708552009873	-7.141051771052682	-16.83386993408203	191.0
12508	0.9674188346865522	-7.216570638299464	-16.80109214782715	191.0
12527	0.993483525963539	-7.075852951600811	-16.937082290649414	191.0
12547	1.227749916421525	-6.812474338666011	-16.829816818237305	191.0
12566	1.2378781008592008	-6.627582094116739	-17.06595802307129	191.0
12587	1.2137718690782338	-6.61686361760181	-16.972496032714844	191.0
12604	1.4582846489230699	-6.747880554673255	-17.184551239013672	191.0
12625	1.3962510930414622	-6.525587862648637	-17.159414291381836	191.0
12644	1.161296237514598	-6.397331840363663	-17.20055389404297	191.0
12663	1.386226703892985	-6.362845516190492	-17.261892318725586	191.0
12682	1.758142583388762	-6.2901221543750925	-17.108360290527344	191.0
12702	1.7316819446673486	-6.491417587260034	-17.0566349029541	191.0
12721	1.5241082622275046	-6.693566049477465	-16.8041934967041	199.0
12741	1.4622536321781014	-5.905985566920404	-16.81623077392578	199.0
12760	1.2070936060549495	-5.577661936011771	-16.88481903076172	199.0
12780	1.1124884633588885	-5.4650279056549484	-16.789794921875	199.0
12799	0.9727884376393422	-5.591751557176846	-16.64208221435547	199.0
12819	0.8539365245234425	-5.512815765803553	-16.557830810546875	199.0
12838	0.20340722319376847	-5.579889900931352	-16.590953826904297	199.0
12857	0.32150507007502926	-5.699426983357355	-16.29371452331543	199.0
12877	0.6906412786661383	-5.672497094994813	-16.37442970275879	199.0
12896	0.8925367894867778	-5.780470332903296	-16.72213363647461	199.0
12915	0.6445237245742157	-5.447072306505623	-16.796096801757812	199.0
12936	0.3766127060622775	-5.334178317381696	-16.959697723388672	199.0
12956	0.005638243175504889	-5.26851569470353	-17.131559371948242	202.0
12977	-0.3420045357541353	-5.490855135111284	-17.272432327270508	202.0
12996	0.38859626879888426	-6.2890398651299	-17.198524475097656	202.0
13014	0.38859626879888426	-6.2890398651299	-17.198524475097656	202.0
13032	1.0106382325598067	-6.402862454704686	-17.34880828857422	202.0
13052	1.0417615362332724	-6.481838554020603	-17.442941665649414	202.0
13071	1.0574118164561601	-6.5718165289007295	-17.298320770263672	202.0
13092	1.6383215183920574	-6.033479177662711	-17.623897552490234	202.0
13111	1.7710553761972558	-5.597529640700786	-17.761287689208984	202.0
13130	2.1845065725270008	-5.504463649815778	-17.57522201538086	202.0
13150	1.8957776453627675	-5.264288895431542	-17.72100067138672	202.0
13169	1.1117766008888406	-4.877578658130388	-17.75071144104004	202.0
13188	0.769870104255788	-5.317761461572387	-17.757253646850586	202.0
13209	0.9119391864368788	-5.707570018178653	-17.462360382080078	191.0
13227	1.3648517145700914	-6.385931724375438	-17.246124267578125	191.0
13246	1.7407501303635113	-6.897800608048977	-16.874282836914062	191.0
13267	2.397828082935143	-7.1841844055144	-16.840776443481445	191.0
13286	2.1800071362039324	-7.04191636522865	-16.976560592651367	191.0
13305	2.3477143170853716	-6.660433175468741	-17.257671356201172	191.0
13325	2.328156832920968	-6.584606145673345	-17.364662170410156	191.0
13344	1.7218880438887698	-8.571621461192992	-16.297348022460938	191.0
13363	0.5433923431498174	-7.568353916959355	-16.95643424987793	191.0
13382	1.0364246466300473	-6.562336522789592	-17.679527282714844	191.0
13402	0.8033937242122766	-6.4302964305540895	-17.78879165649414	191.0
13421	0.9097375566317066	-6.135758594352473	-17.66941261291504	191.0
13441	1.1057053566758075	-5.9957994426066055	-17.564245223999023	183.0
13461	1.4816300844724077	-5.72427168920731	-17.335834503173828	183.0
13479	1.6402666956332972	-5.698765442333643	-17.33528709411621	183.0
13499	1.4644916994408634	-5.74544489165953	-17.71078109741211	183.0
13518	1.1556813205564034	-5.568817675668315	-17.82689094543457	183.0
13538	0.903493233493541	-5.640301437939619	-17.38776969909668	183.0
13558	1.119380335079326	-5.713572293865537	-17.117027282714844	183.0
13577	1.2331602604465708	-5.708818857245261	-17.195194244384766	183.0
13597	1.403426929927068	-5.9975538653361635	-17.12119483947754	183.0
13616	1.2856755561125721	-6.34380271333163	-17.103647232055664	183.0
13636	1.2478900906559545	-6.346580356606519	-16.982086181640625	183.0
13658	1.495608531393023	-6.409171653198559	-16.842592239379883	183.0
13676	1.8087283937501513	-6.500750758562443	-16.96523666381836	186.0
13695	1.7149528587076042	-6.6927233528637915	-16.91251564025879	186.0
13715	1.7149528587076042	-6.6927233528637915	-16.91251564025879	186.0
13732	2.057753850658804	-6.862908646929165	-16.865524291992188	186.0
13752	2.3483577863805403	-6.918542633225369	-16.820459365844727	186.0
13771	2.323981148374995	-6.476932629814918	-16.92386817932129	186.0
13791	2.317463244918526	-5.959845518910053	-16.93509864807129	186.0
13810	2.1237530453843037	-6.052282040014786	-17.014385223388672	186.0
13830	1.6929417339424728	-5.864171741431965	-17.179916381835938	186.0
13849	1.5811884272537424	-5.763650774012015	-17.179697036743164	186.0
13869	1.8403994270564603	-6.246149493546825	-17.133249282836914	186.0
13888	2.033516449761686	-6.525069510194732	-17.330520629882812	186.0
13909	1.9840710031642113	-6.691586992747834	-17.432310104370117	186.0
13927	2.006221642710567	-6.892646311227698	-17.4702091217041	196.0
13947	1.936967366524914	-7.2898126455994285	-17.479633331298828	196.0
13966	1.9422339308220369	-7.104749471052718	-17.465579986572266	196.0
13987	2.39203543340204	-7.046493646865365	-17.400102615356445	196.0
14005	2.2790350015414194	-6.971990522781845	-17.27202033996582	196.0
14025	2.244001392323061	-6.8738619371269145	-17.31620979309082	196.0
14044	1.9088112705828881	-6.798850976262952	-17.141935348510742	196.0
14063	1.9609902081761288	-6.587552120438684	-17.128437042236328	196.0
14082	1.9165981072598777	-6.49107338413128	-17.01312828063965	196.0
14102	2.036518576319134	-6.52744928750153	-17.20218276977539	196.0
14122	1.8252717452040026	-6.4834823248552835	-17.398876190185547	196.0
14141	1.923333016775637	-6.587689585023331	-17.23358154296875	196.0
14161	1.9036205658367344	-6.612722309847407	-17.131738662719727	201.0
14180	1.9373137074191191	-6.675189454103707	-17.054805755615234	201.0
14199	2.147318764774274	-6.777022752278038	-16.90138053894043	201.0
14218	2.411494257169407	-6.697707814629645	-16.815196990966797	201.0
14238	2.5734624863023825	-6.657258927304849	-16.749658584594727	201.0
14258	2.334811580256818	-6.398733677953437	-16.639446258544922	201.0
14277	2.4584774730958596	-6.367086185846218	-16.352922439575195	201.0
14296	2.2975203806873665	-6.471433142439737	-16.319650650024414	201.0
14315	2.326137208898164	-6.611706886775533	-16.347259521484375	201.0
14337	2.2375917727632135	-6.849496585817153	-16.214757919311523	201.0
14356	2.18423900486954	-6.754126627769949	-16.433067321777344	201.0
14376	2.37568686000978	-6.605381270814028	-16.36379051208496	201.0
14395	2.5836487849922585	-6.386869172947609	-16.633543014526367	194.0
14414	2.5836487849922585	-6.386869172947609	-16.633543014526367	194.0
14434	2.019311554093243	-6.191974676526198	-16.734844207763672	194.0
14452	1.763672641641175	-6.195153977296363	-16.677518844604492	194.0
