10	8.486475333059516	3.0865136741104138	-30.37523078918457	53.0
31	7.936355952576074	2.092344348847783	-30.708858489990234	53.0
49	7.698905603140948	1.9697895474608158	-30.597484588623047	53.0
68	7.883784358592174	2.8995862497244853	-30.400318145751953	53.0
88	7.850684908798244	3.700106102575552	-30.241500854492188	52.0
109	7.87094148250133	3.180735436761992	-30.310199737548828	52.0
127	7.9286209535709276	3.0187586082169786	-30.359113693237305	52.0
147	7.9286209535709276	3.0187586082169786	-30.359113693237305	52.0
165	8.70039908215552	2.846026482818701	-30.01946258544922	52.0
184	9.174257652448832	2.7643654251958325	-30.04807472229004	52.0
204	9.325930596001115	2.6883103318403694	-29.75204086303711	52.0
225	8.790458182755646	2.334705127808528	-29.787769317626953	52.0
244	7.72618001915697	1.5855977809501733	-30.13578987121582	52.0
264	6.798108755029488	1.8384434862334393	-30.555496215820312	52.0
282	6.934832725577271	2.3853572674686636	-30.330833435058594	52.0
301	7.552491620484821	2.748165726620924	-30.26061248779297	52.0
322	7.220933299808178	2.8725714278541474	-30.377914428710938	52.0
340	7.03011541373937	1.7181803089259369	-30.56441307067871	52.0
360	6.8463025846289165	-0.2610651823781252	-30.754966735839844	52.0
380	5.888199097948412	-0.2924205635814012	-31.03171157836914	52.0
400	4.293786746563552	1.647819627226848	-31.21201515197754	52.0
418	1.4794966387614787	1.8255220313910194	-31.34181785583496	52.0
437	5.843118744141146	-2.2312105962916338	-30.970474243164062	52.0
457	15.78177522050947	-4.062934594669579	-27.0317325592041	52.0
477	19.136046554928313	-1.7113060335874628	-24.92330551147461	52.0
496	23.2500802587669	-1.3112828853878447	-21.049724578857422	52.0
517	20.661864424156544	-2.517813466471403	-23.316017150878906	52.0
536	3.54072098984948	7.072518690492907	-30.10042953491211	52.0
555	11.411905815457093	14.232245106205468	-25.308452606201172	54.0
574	13.025362132709208	16.637220865343174	-22.440675735473633	54.0
598	6.988416645655888	11.159727287415478	-27.44076156616211	54.0
615	8.020341532274296	0.7080992528472203	-29.18920135498047	54.0
633	14.215349420369476	7.35182239249159	-25.64536476135254	54.0
653	15.956678710265079	9.195946191653666	-23.947263717651367	54.0
671	13.675542014420799	8.734757762026804	-25.509540557861328	54.0
692	11.214845470631849	8.85285131953225	-26.601024627685547	54.0
711	9.578386868354773	8.251674638670961	-27.118526458740234	54.0
730	9.591389367142275	5.838393271328946	-28.02701187133789	54.0
751	9.058252842347382	3.0294390290225843	-28.767683029174805	54.0
770	8.829620252063688	2.395484232272357	-28.85318374633789	54.0
790	10.554179911714428	0.6767474100670331	-28.597139358520508	54.0
810	11.701866197700157	0.11905149000451484	-28.077411651611328	70.0
832	11.999146030013351	0.6324551573879869	-28.175548553466797	70.0
848	11.999146030013351	0.6324551573879869	-28.175548553466797	70.0
867	10.679129920705543	1.367254783328168	-28.946313858032227	70.0
885	10.312521476645598	2.3953309222808388	-29.310348510742188	70.0
906	10.232330604859765	2.174215621625406	-29.181316375732422	70.0
925	10.502405683617127	1.9842659605740263	-29.03458595275879	70.0
947	10.876822584475201	1.9910015559604208	-28.94662857055664	70.0
964	10.714147463094893	2.141068330317664	-28.648874282836914	70.0
984	10.577445972825867	2.4095542184633416	-28.641921997070312	70.0
1002	9.977787149773725	2.1869437836840224	-29.01888656616211	70.0
1021	9.302687475285971	2.2674554242845324	-29.03596305847168	70.0
1040	9.055498407056055	1.7864036062955035	-28.943086624145508	73.0
1061	8.951014610566165	1.5749665643112936	-29.050079345703125	73.0
1080	8.63087867884907	0.9500060920736633	-29.276180267333984	73.0
1098	8.144714092041223	0.7855937140448155	-29.434261322021484	73.0
1118	8.316504309842317	0.33247879278123393	-29.678577423095703	73.0
1140	8.439822155966482	0.30375879625451396	-29.780467987060547	73.0
1158	8.370748775847932	0.7450887522237246	-29.63274383544922	73.0
1177	8.646460276718182	1.2142519922895805	-29.603364944458008	73.0
1196	8.826779227863579	1.20136410889994	-29.422821044921875	73.0
1215	9.264559792552891	0.9352208937485901	-29.34744644165039	73.0
1234	9.407309047821315	0.9200871956366172	-29.529911041259766	73.0
1256	9.499551263614107	1.0034443401836934	-29.474136352539062	73.0
1275	9.57988288627564	1.3681357590731862	-29.324445724487305	69.0
1296	9.403254742605306	1.2126042747402992	-29.3817138671875	69.0
1313	9.242522061639672	1.0130333837929155	-29.38797950744629	69.0
1332	8.753325098091546	0.5080251475174765	-29.531795501708984	69.0
1352	8.136174278031518	0.4179380921631986	-29.895231246948242	69.0
1372	7.677989089983923	0.5746156503314503	-30.10462188720703	69.0
1392	6.969468859597065	0.8395782625731695	-30.02003288269043	69.0
1412	6.917801511905028	1.0353965472981408	-29.975669860839844	69.0
1430	6.550399646298585	1.2270750302984974	-30.107465744018555	69.0
1449	5.901642811496849	1.2961490401870261	-30.172107696533203	69.0
1469	6.361061457892656	1.2512708517115898	-30.223421096801758	69.0
1488	6.809750378751259	1.2552452474918345	-30.345951080322266	69.0
1510	6.809750378751259	1.2552452474918345	-30.345951080322266	69.0
1529	8.10367231914403	0.628109442118495	-30.089740753173828	67.0
1547	8.10367231914403	0.628109442118495	-30.089740753173828	67.0
1566	8.035411572640768	-0.7460402655446657	-30.279006958007812	67.0
1585	7.402809122792011	-1.2417480155540574	-30.623676300048828	67.0
1604	10.595285631954583	-1.2954951819123237	-29.840499877929688	67.0
1624	10.123491332496352	-1.7660524433540212	-30.016029357910156	67.0
1643	6.842159247545558	-0.7076927305603127	-30.78899383544922	67.0
1663	6.134544199532076	0.11437530308933763	-30.829727172851562	67.0
1682	7.01221916612679	-1.006334167794932	-30.813478469848633	67.0
1702	6.63718158820516	-1.4583092097502786	-30.67694854736328	67.0
1721	5.716319931962774	-1.517293223853311	-31.011343002319336	67.0
1741	5.524207600253385	-0.3425260647021616	-30.953950881958008	67.0
1760	6.692629615624514	1.0286796584413629	-30.4679012298584	57.0
1779	7.904500483999782	1.8826385771080723	-30.252765655517578	57.0
1798	7.9069306160126045	1.1683383292296894	-30.30734634399414	57.0
1820	7.61367027319274	1.131631277637852	-30.495092391967773	57.0
1839	7.313178440094517	0.9829372361925636	-30.470870971679688	57.0
1858	7.650179627296321	0.28107983037229706	-30.1363582611084	57.0
1877	8.034635282351555	0.22727525019716138	-29.800128936767578	57.0
1896	7.678510262453924	0.4012404469724875	-29.905498504638672	57.0
1916	6.590149702459332	0.42962549237139963	-30.23870849609375	57.0
1935	5.989499993977444	0.32908585382809435	-30.41305160522461	57.0
1955	6.343772329001805	-0.1119314356635686	-30.36455535888672	57.0
1975	6.463092285963668	-0.29887757408891635	-30.324798583984375	57.0
1993	6.246288232453261	-0.18987496554939715	-30.296772003173828	48.0
2013	6.180988867512751	-0.05010805023551913	-30.477970123291016	48.0
2032	6.3258741250495305	0.4055393779640301	-30.49856948852539	48.0
2052	6.541643011615458	0.9647730754663586	-30.172100067138672	48.0
2071	6.470582382640912	1.7999069102740912	-30.165664672851562	48.0
2091	7.0610870569423225	2.7541677869141634	-29.873458862304688	48.0
2111	7.940072615941755	3.16284235785661	-29.432025909423828	48.0
2130	8.462989874157874	3.374829693017668	-29.16244125366211	48.0
2150	8.638531141015045	3.419331486462941	-29.140207290649414	48.0
2169	8.272066850027871	3.23684304938342	-29.242332458496094	48.0
2190	7.4992471137823715	2.0230945222174657	-29.371360778808594	48.0
2209	6.778674176512457	0.9794871478872592	-29.600643157958984	48.0
2229	5.73562872425935	0.1454484275696008	-29.847749710083008	48.0
2247	5.73562872425935	0.1454484275696008	-29.847749710083008	46.0
2265	5.661835715978329	0.9781759255226706	-29.757537841796875	46.0
2285	5.639452377036628	1.2997687000726665	-29.905807495117188	46.0
2304	5.042480758347716	0.9021861387918343	-30.10772705078125	46.0
2324	5.445688589971123	0.9053310846287734	-29.812196731567383	46.0
2343	5.881656407553441	1.539493185665923	-29.588695526123047	46.0
2363	5.688879302209697	1.966809193333635	-29.692655563354492	46.0
2383	5.406920505978296	1.5814725099690445	-29.76873779296875	46.0
2405	5.676387245395022	1.5737788835141957	-29.356975555419922	46.0
2422	6.107961913007446	1.7950174317432381	-29.025114059448242	46.0
2441	5.868890983831927	1.9248560304054458	-28.937347412109375	46.0
2460	5.698994588936894	1.820202623798481	-28.850357055664062	46.0
2479	5.312485646075071	1.3597901681554203	-29.007190704345703	44.0
2500	4.429048898710927	1.3089153191448963	-29.170438766479492	44.0
2518	4.245863259590008	1.5479073181988994	-29.140710830688477	44.0
2538	3.9822902576656403	1.7645471651387896	-29.254690170288086	44.0
2558	3.9001131022231164	0.9274908542773669	-29.405506134033203	44.0
2577	3.8202771965399727	0.5912035915659553	-29.384300231933594	44.0
2596	3.905385181312509	0.9313724650311305	-29.45895004272461	44.0
2616	4.094449135144425	1.2061467841186888	-29.31670570373535	44.0
2635	4.396947787229152	1.5306120767832143	-29.17694091796875	44.0
2655	4.749987882935933	1.0754616226430596	-29.20261573791504	44.0
2674	3.68528318236149	0.685763270764503	-29.45022201538086	44.0
2693	2.9087359080554953	0.13024424627794295	-29.52967643737793	44.0
2713	2.3792613943703693	0.23341229957898638	-29.644153594970703	44.0
2732	2.6062333172897487	0.2241778398426054	-29.70086669921875	44.0
2751	3.1232372373132655	0.19158593171297	-29.30523109436035	44.0
2773	3.0797131232551536	0.39275038686876595	-29.109107971191406	44.0
2792	2.6994936775334324	0.28573831062298866	-29.18023109436035	44.0
2810	2.395183432173793	0.07206927736647677	-29.110492706298828	44.0
2830	2.653848882744528	0.31862017686889665	-28.90184211730957	44.0
2850	2.4842262766127896	0.4687903467270561	-28.970794677734375	44.0
2869	2.6575708354479746	0.5587466430089102	-29.029438018798828	44.0
2898	3.0519948959071206	0.9164582690182995	-28.895544052124023	44.0
2910	3.0519948959071206	0.9164582690182995	-28.895544052124023	44.0
2929	2.8635036397602947	1.0567436213259116	-29.180622100830078	44.0
2946	2.790416748738034	0.8756233502171811	-29.378738403320312	44.0
2966	2.550322745310037	0.6748730256063943	-29.463773727416992	41.0
2985	2.1438654603460376	0.4098314071390989	-29.48567771911621	41.0
3005	2.093494151896649	0.1804162777924126	-29.49677276611328	41.0
3024	2.1867352572342367	0.3186113761589412	-29.486726760864258	41.0
3043	2.26573684047752	-0.05084985558765726	-29.456605911254883	41.0
3063	2.460536666208683	0.08869060080489383	-29.659435272216797	41.0
3082	2.3796930272669603	0.1612575395899462	-29.90406036376953	41.0
3102	2.0552449823049566	0.2661276658010674	-29.902015686035156	41.0
3121	2.058188330484381	-0.4378197012742889	-29.995607376098633	41.0
3141	1.9070054328646555	-0.7534805628586543	-30.30424690246582	41.0
3161	2.2309228149268736	-0.30641158507631083	-30.383708953857422	41.0
3179	2.4710991514356526	0.14270969474237655	-30.18822479248047	41.0
3199	2.255593567587393	0.7227465814334026	-29.915721893310547	40.0
3218	1.8335310184418196	0.4156914067162271	-29.989025115966797	40.0
3238	1.5577473472376262	0.14854563989904218	-29.5546932220459	40.0
3258	1.4238687970063775	0.0028454934362074197	-29.52054214477539	40.0
3276	1.3254811512972577	0.004796810180225132	-29.388397216796875	40.0
3296	1.4785785237304023	-0.2872713175609751	-29.267566680908203	40.0
3316	1.7420724809974983	-0.28461572657476786	-29.153911590576172	40.0
3335	1.4164864627903153	-0.28480791440625436	-29.49761199951172	40.0
3354	0.7884660624720612	-0.44353070234144915	-29.98149871826172	40.0
3375	0.6038478420701614	-0.43879127405891943	-29.85090446472168	40.0
3393	0.7689396810163904	-0.38447872951191625	-30.211524963378906	40.0
3413	1.176388053202049	-0.42718383162126694	-30.593708038330078	40.0
3432	1.3322921322625685	-0.4391611791751974	-30.567657470703125	39.0
3456	1.363627835842388	-0.36648379939673653	-30.762603759765625	39.0
3471	1.160529943146325	-0.454718289321318	-30.70537567138672	39.0
3490	1.0790659803407139	-0.6244674738556104	-30.588542938232422	39.0
3510	1.6193013939560381	-0.9551675512073039	-30.440292358398438	39.0
3530	1.652221590595789	-1.0428373594128166	-30.663124084472656	39.0
3549	1.6806154221077987	-1.2005710641599956	-30.455520629882812	39.0
3570	1.6090217388881192	-1.2478421566606441	-30.112751007080078	39.0
3590	1.5297931347760716	-0.9600873758813716	-30.384254455566406	39.0
3609	1.637381823861596	-1.0151432904238655	-30.257829666137695	39.0
3628	1.5693223827966976	-1.546212726808644	-30.612953186035156	39.0
3646	1.5693223827966976	-1.546212726808644	-30.612953186035156	39.0
3665	1.3916122648489306	-1.8488693619754866	-30.320608139038086	39.0
3686	1.0573056475640725	-1.86714079509993	-30.513118743896484	40.0
3705	1.0055058201635478	-1.5493984314989926	-30.35067367553711	40.0
3724	0.8971132033723178	-1.3465797388742984	-30.22976303100586	40.0
3743	0.8814455099118258	-1.5160546988218053	-30.298377990722656	40.0
3763	0.9266653132162084	-1.731906578555413	-30.27719497680664	40.0
3783	0.5517716730071395	-2.0055557946821523	-30.082059860229492	40.0
3802	0.8942843058211757	-1.9120934878463272	-29.82830810546875	40.0
3821	1.0088974082556073	-1.72305818459206	-30.130905151367188	40.0
3841	1.2996730522274313	-1.8176303578920932	-30.068359375	40.0
3860	1.4263697091286902	-1.910286401021213	-30.146345138549805	40.0
3880	1.1498357557936039	-2.017789719710114	-30.328224182128906	40.0
3899	0.9469311932355073	-1.8850853588938739	-30.422000885009766	40.0
3918	0.7046202594941797	-2.001240476360417	-30.478466033935547	38.0
3937	0.8489229743487935	-1.5597058565742996	-30.650257110595703	38.0
3957	0.8463944449543368	-1.63772037645013	-30.759048461914062	38.0
3977	1.2485711802101807	-1.4628168384338287	-30.788619995117188	38.0
3996	1.2755800614706052	-1.3276054872533771	-30.663650512695312	38.0
4016	1.3187180732491135	-1.4514738943047234	-30.581623077392578	38.0
4035	0.6366012450967792	-1.4240818627714162	-30.645416259765625	38.0
4054	0.5536823164186488	-1.2780328137676606	-30.780237197875977	38.0
4074	0.49526637711517624	-1.0923333053361806	-30.568580627441406	38.0
4093	0.5197322229166234	-1.1978315000569704	-30.56827735900879	38.0
4113	1.0655807188226953	-0.9802776666233712	-30.5653133392334	38.0
4138	1.266477513447727	-0.8947418575076903	-30.52275848388672	38.0
4152	1.2381261689424587	-1.2081607345558505	-30.668048858642578	37.0
4171	1.29237114515341	-1.6483060432876284	-30.537982940673828	37.0
4191	1.682404608546905	-1.9638107732069074	-30.33625030517578	37.0
4210	1.1915349748686952	-2.131051588058907	-29.970596313476562	37.0
4229	0.9360976768475515	-2.0846868479776606	-30.053104400634766	37.0
4249	0.7374474724390587	-1.7839309099966973	-30.168750762939453	37.0
4268	0.7374474724390587	-1.7839309099966973	-30.168750762939453	37.0
4288	0.42346594570052615	-1.957131153095387	-30.232215881347656	37.0
4309	0.7778531864754082	-1.7842739955349065	-30.12168312072754	37.0
4328	0.8792702801003022	-1.5643176394128135	-30.287288665771484	37.0
4347	0.8792702801003022	-1.5643176394128135	-30.287288665771484	37.0
4366	0.899235652020452	-1.2465093441499762	-30.34572982788086	37.0
4385	0.8780286599003267	-1.2690343223666014	-30.387916564941406	37.0
4404	0.4315806973461471	-1.2244919662091225	-30.372882843017578	37.0
4424	0.806474052622364	-1.4102753460593194	-30.189590454101562	37.0
4443	1.3322420386801932	-1.2743470595206896	-30.133609771728516	37.0
4462	0.9121781289694385	-1.4569583975897902	-30.21039581298828	37.0
4482	0.5867679766376149	-0.7033479479740022	-30.22574234008789	37.0
4501	1.179894757640092	-0.002274409659077253	-30.284177780151367	37.0
----------------출발----------------
4521	1.4103722270451189	-1.5181073218484549	-30.31067657470703	37.0
4540	0.9834674135235331	-2.717563623588135	-30.391841888427734	37.0
4562	1.2314379913782245	-2.680312337441431	-30.412673950195312	37.0
4579	1.4686769671097923	-1.560874833045202	-30.393951416015625	37.0
4599	0.8818294323627243	-0.7183906518682813	-30.649925231933594	37.0
4618	0.4858534502899177	-1.1378266398055006	-30.466691970825195	37.0
4637	0.5983926638414346	-1.4897543875452202	-30.47600555419922	37.0
4657	0.5350462657566085	-1.9337028562520582	-30.43294906616211	37.0
4676	0.5318557157756997	-2.1727948359221365	-30.710399627685547	37.0
4696	0.7463493973325261	-2.0702891547850863	-30.715072631835938	37.0
4716	0.9658262624824417	-1.867313765190561	-30.783451080322266	37.0
4735	1.0760530708226201	-1.812850027137649	-30.987632751464844	37.0
4754	1.39783856798194	-2.110660440764672	-30.577930450439453	37.0
4774	1.605000835810889	-2.0868939282642502	-30.755817413330078	37.0
4793	1.131324686920882	-2.048203227264334	-30.656448364257812	37.0
4813	0.9668734578290061	-1.7524994303016246	-30.66445541381836	37.0
4832	1.0330375022097427	-1.6167410666025877	-30.511335372924805	37.0
4851	1.3968266475115914	-1.9264350782200528	-30.56353759765625	37.0
4871	1.3504951331996524	-1.849766607851942	-30.603458404541016	40.0
4890	1.8223797127311292	-2.2925276331799487	-30.549739837646484	40.0
4911	1.764970764377543	-2.390635143872223	-30.75775146484375	40.0
4929	1.2898607496920744	-2.099385549883767	-30.557140350341797	40.0
4949	1.7956241932327632	-1.9550188908008925	-30.690393447875977	40.0
4968	1.7956241932327632	-1.9550188908008925	-30.690393447875977	40.0
4988	1.6396244142808512	-2.039546572616129	-30.663978576660156	40.0
5009	1.0416431817033722	-1.8620641620851068	-30.46312141418457	40.0
5028	1.0416431817033722	-1.8620641620851068	-30.46312141418457	40.0
5046	0.933995374660826	-1.7010523254241383	-30.340179443359375	40.0
5066	1.1125243151521333	-0.9953291330954904	-30.285072326660156	40.0
5085	1.2681169540631891	-0.8294928722763256	-30.08639907836914	40.0
5104	1.4097550851246325	-1.213667911870744	-30.264284133911133	40.0
5124	1.2199219223918416	-1.4602235020526988	-30.124664306640625	41.0
5143	1.4979747051426997	-1.50997829130097	-30.21129608154297	41.0
5163	1.2476235115530474	-1.8601185904712636	-30.068878173828125	41.0
5183	1.040212689214842	-2.0334918033368243	-30.277055740356445	41.0
5201	1.11325629463963	-2.196178909182941	-30.472457885742188	41.0
5221	1.4048027163988606	-1.8468873087316566	-30.594406127929688	41.0
5241	1.4281661639826466	-1.7825921569967096	-30.835124969482422	41.0
5260	1.2070118598774733	-1.7848744501864577	-30.739927291870117	41.0
5280	1.3674814387075804	-1.7512271353457105	-30.644428253173828	41.0
5299	1.3994779935125925	-1.896090655321638	-30.620817184448242	41.0
5318	1.206895652149848	-2.192815755251413	-30.745086669921875	41.0
5337	0.9601634875184581	-2.2276324039145465	-30.762527465820312	41.0
5357	1.170006516545669	-1.9104898775243857	-30.887243270874023	43.0
5377	1.06653071952518	-1.575051054921343	-30.71265411376953	43.0
5396	1.2763470908415828	-1.3703914686718655	-30.605262756347656	43.0
5415	1.4554927655343166	-1.328728469761091	-30.453731536865234	43.0
5434	1.511025396649544	-1.637064978521376	-30.488006591796875	43.0
5454	1.6731168968500398	-1.9917674626327873	-30.44544219970703	43.0
5474	1.283567903352904	-2.1164504734491842	-30.353940963745117	43.0
5493	1.1767806224466308	-2.274433927605962	-30.366392135620117	43.0
5513	0.7612678209928727	-2.291028485250102	-29.91891098022461	43.0
5532	0.5877836885503208	-2.200059946188653	-29.928123474121094	43.0
5551	0.7446902879217339	-2.3923311113265613	-30.015506744384766	43.0
5571	0.8389344674045369	-2.200814804597112	-30.358299255371094	43.0
5590	0.8970358452993104	-1.9572780495571291	-30.506113052368164	47.0
5610	0.7085912842732859	-1.5296649917724063	-30.584178924560547	47.0
5631	0.8617707487907112	-1.167589041211663	-30.429325103759766	47.0
5650	0.8534711896838785	-1.3696410520440916	-30.185394287109375	47.0
5669	0.846227657876065	-1.4865989713304308	-30.537334442138672	47.0
5689	1.028808612757939	-1.518268445604041	-30.72195816040039	47.0
5710	0.98414673509985	-1.3378512771845654	-30.62721061706543	47.0
5730	1.190053037838486	-1.3319362381321576	-30.380680084228516	47.0
5746	1.190053037838486	-1.3319362381321576	-30.380680084228516	47.0
5765	1.3918321528112794	-1.555964249565154	-30.369701385498047	47.0
5785	1.439754510242714	-1.787888601668393	-30.251953125	47.0
5804	1.4385427801509312	-1.9046641089905	-30.193275451660156	47.0
5824	1.3918919230018323	-1.710290908943415	-30.341590881347656	47.0
5843	1.656445199935931	-1.6576704428369373	-30.225234985351562	48.0
5863	1.3809594669518537	-1.7960858307066003	-30.13229751586914	48.0
5882	1.2977804227175243	-2.1418918800554922	-30.128128051757812	48.0
5901	1.395105126105714	-2.255504790506091	-30.198768615722656	48.0
5921	1.4667129115967366	-2.1200306789454353	-30.183433532714844	48.0
5940	1.2552042225762698	-2.0443100321638537	-30.229211807250977	48.0
5960	1.0101795778302405	-2.2115205375582248	-30.546253204345703	48.0
5979	0.9802202454324788	-2.1189428092174274	-30.45975685119629	48.0
5999	1.1573116744052607	-2.085366963723662	-30.248985290527344	48.0
6018	1.3651753227053711	-2.3918858448999893	-30.197628021240234	48.0
6037	1.4177165197220516	-2.158840422032683	-30.1798095703125	48.0
6057	1.3397358760035918	-2.362013587297705	-30.38506317138672	48.0
6077	1.5652315157584156	-2.5297715022776655	-30.294597625732422	48.0
6096	1.798350666007967	-2.5210728806759004	-30.308557510375977	48.0
6115	2.050273226038225	-2.226501616719935	-29.950485229492188	48.0
6135	2.176455919831188	-2.247949145017557	-29.968521118164062	48.0
6155	1.6622786396782496	-2.4627186810974773	-30.008331298828125	48.0
6174	1.3375010000628018	-2.3149239095184897	-30.08698272705078	48.0
6196	1.4071334190006821	-2.213826074788467	-30.315921783447266	48.0
6213	1.5124560136665244	-1.7750777913635891	-29.79961395263672	48.0
6232	1.526172113359547	-1.5474222778218527	-29.85372543334961	48.0
6251	1.3671687292876673	-1.8003857119607247	-29.8426513671875	48.0
6271	1.4234673212600424	-2.1467899813440416	-29.96310043334961	48.0
6290	1.167196066132939	-2.1741211103528695	-30.006216049194336	48.0
6311	1.2836656535651336	-2.1068714949378227	-30.154296875	48.0
6329	1.2577199320333865	-2.017963885091176	-30.3619384765625	48.0
6349	1.204510068940274	-1.7388992437528852	-30.07497787475586	48.0
6368	1.0072455269979412	-1.6024356637954729	-30.374469757080078	48.0
6388	1.378809107043958	-1.476304935243179	-30.366886138916016	48.0
6410	1.2840037466059584	-1.6862993218963795	-30.326744079589844	48.0
6428	1.2840037466059584	-1.6862993218963795	-30.326744079589844	48.0
6446	1.0963364593018265	-2.004846822092609	-30.232778549194336	48.0
6466	0.8405369303014668	-2.1336207018982085	-30.07973861694336	48.0
6486	0.951057295850884	-2.116063414997582	-30.009248733520508	48.0
6505	1.0505291763714466	-2.314213895525996	-29.612491607666016	48.0
6525	0.9885502969106068	-2.5936918719061905	-29.636362075805664	48.0
6544	0.8337452097480983	-2.343226747787328	-29.978981018066406	48.0
6563	0.7588512432471949	-2.504484040300679	-30.065753936767578	48.0
6582	1.099214122440105	-2.552246497211311	-29.974018096923828	48.0
6601	1.479395173135349	-2.4420092990704303	-30.080663681030273	48.0
6621	1.641847115998069	-2.4329013113130142	-30.169382095336914	48.0
6642	1.3693654609689319	-2.3124663875385423	-30.417686462402344	48.0
6661	1.3133621156278332	-2.2340899109768686	-30.745830535888672	48.0
6679	1.3737388346837869	-2.1361700738883984	-30.609474182128906	48.0
6699	1.4520939983208778	-2.2198494791478414	-30.475297927856445	48.0
6721	1.3834582380422515	-2.2304746987776607	-30.306461334228516	48.0
6738	1.2658901801927986	-2.2712049855480516	-30.312519073486328	48.0
6757	0.9037417624280288	-2.6896753283437915	-30.337738037109375	48.0
6777	0.45544721961625473	-3.043055487194761	-30.514114379882812	48.0
6796	0.40738222079222597	-3.2337097787595117	-30.47533416748047	49.0
6816	0.5001178105674645	-3.0536449357998574	-30.19095230102539	49.0
6836	0.5603476304476702	-2.84735530649916	-30.39763069152832	49.0
6854	0.6844227101381468	-2.560630754738919	-30.156742095947266	49.0
6876	0.9045016543811163	-2.5676563921277435	-30.32324981689453	49.0
6894	0.9126109519530313	-2.3299592413558186	-30.39804458618164	49.0
6913	1.3120498707541257	-1.7697934245804727	-30.318553924560547	49.0
6932	1.20206757756505	-1.783859305965916	-30.142423629760742	49.0
6952	0.9789261289284685	-1.8411542314910252	-30.041942596435547	49.0
6971	0.747130584501634	-2.037441634657212	-30.14450454711914	49.0
6992	0.8489919395685527	-1.9662586606453083	-30.168941497802734	49.0
7012	0.7027814074113956	-2.1838941813630286	-30.27454948425293	49.0
7030	0.7340794852238997	-2.1933289176437736	-30.369836807250977	50.0
7050	1.102822454362273	-2.2961794318971496	-30.39495086669922	50.0
7069	1.102822454362273	-2.2961794318971496	-30.39495086669922	50.0
7089	1.0952065269478244	-2.531745189607597	-30.483123779296875	50.0
7109	1.327383211118509	-2.103141121919635	-30.640975952148438	50.0
7129	1.1936831745589207	-2.5206837328806655	-30.743453979492188	50.0
7148	1.1936831745589207	-2.5206837328806655	-30.743453979492188	50.0
7166	1.0449784500486228	-2.886690137918167	-30.717105865478516	50.0
7186	0.9199437220445222	-2.939174568206764	-30.675107955932617	50.0
7205	0.9612408898736161	-2.9216943430085562	-30.504711151123047	50.0
7227	0.4213117818904886	-2.7976644905395127	-30.637557983398438	50.0
7245	0.6875000003250394	-2.7176171831325404	-30.576210021972656	50.0
7263	0.7567323003624051	-2.6956085529130225	-30.6743106842041	50.0
7283	0.8379862904438177	-2.685909510286558	-30.762439727783203	49.0
7302	0.7117944792076655	-2.7265715856249897	-30.60906982421875	49.0
7322	0.8975702584918307	-2.501892943766866	-30.505104064941406	49.0
7341	1.1532579345193994	-2.4976589948827654	-30.462244033813477	49.0
7360	1.091621203029643	-2.322881031699937	-30.288780212402344	49.0
7380	0.9208469283812553	-2.714135818531105	-30.098546981811523	49.0
7399	0.5000043602175569	-2.784598459269155	-30.115741729736328	49.0
7419	0.24593749729181047	-3.062633890337764	-30.144672393798828	49.0
7438	0.08382341876735078	-3.1048029952569327	-30.045143127441406	49.0
7459	0.19150847357663803	-3.2787468467238328	-30.455543518066406	49.0
7477	0.5834275392077691	-3.317501319132154	-30.6104736328125	49.0
7497	0.8595412807131968	-3.1834635169125027	-30.715526580810547	49.0
7516	1.0560535717621857	-3.194696950271444	-30.99694061279297	49.0
7535	0.8520782165608667	-3.126143730282393	-31.28329086303711	49.0
7555	0.7517726464860257	-3.473106872998617	-31.253929138183594	49.0
7574	0.4750135658483268	-3.0092632990903843	-31.04330825805664	49.0
7594	0.29991901139023636	-2.9321959686192267	-30.99376106262207	49.0
7613	0.5972351857766783	-2.947542942070959	-30.575748443603516	49.0
7633	0.7887883552771914	-2.7038541100572435	-30.57074737548828	49.0
7652	0.9789541044401073	-2.558462066466871	-30.580184936523438	49.0
7673	1.171727660520871	-2.792173008264034	-30.35871124267578	49.0
7692	0.9851608915630925	-2.6317121490680613	-30.09368133544922	49.0
7710	1.2516307579368575	-2.6197562017007407	-29.943206787109375	49.0
7730	1.1234896885296919	-2.9391361046768605	-30.061477661132812	49.0
7749	1.1720699444887421	-3.752367079947098	-30.005271911621094	50.0
7770	1.1720699444887421	-3.752367079947098	-30.005271911621094	50.0
7789	1.0460536001939313	-4.256596670759252	-30.026142120361328	50.0
7809	1.2465720021031474	-4.498053047175923	-29.98464584350586	50.0
7829	1.2523901160419664	-4.024611755468859	-30.199771881103516	50.0
7847	1.2523901160419664	-4.024611755468859	-30.199771881103516	50.0
7868	1.4040309754829439	-4.405015482739972	-30.38330841064453	50.0
7886	1.2126124932892497	-4.113763570647716	-30.387794494628906	50.0
7907	1.172206551478555	-4.510169978339489	-30.222017288208008	50.0
7925	1.3777615616498855	-4.265421265217327	-30.169645309448242	50.0
7944	1.6711441868405308	-4.3458123322694915	-30.288402557373047	50.0
7963	1.4094259528189201	-4.317760983980787	-30.21335220336914	50.0
7983	0.9234410727026973	-4.339467657078102	-30.29474449157715	50.0
8003	0.3780753633681999	-3.550479081755988	-30.277145385742188	50.0
8023	0.7467892642185272	-4.374196836902099	-30.105846405029297	50.0
8042	0.8755294572323383	-4.7164302667017095	-30.414310455322266	50.0
8061	0.9018381233384901	-4.4138364912317956	-30.698535919189453	50.0
8080	0.852688148922442	-4.365940305246674	-31.037513732910156	50.0
8099	0.9718684296605206	-3.944099528847932	-30.850170135498047	50.0
8119	1.215611027808623	-3.9873605227828075	-30.951156616210938	50.0
8139	1.166521875509419	-3.9457807920414147	-30.819238662719727	50.0
8158	1.0350670363294372	-3.9443361611370307	-30.88440704345703	50.0
8177	0.7688558915158813	-4.225766182517344	-30.740802764892578	50.0
8196	0.6961878338439108	-4.272543375451308	-30.679855346679688	50.0
8216	0.696121512887941	-4.104546513863966	-30.574308395385742	50.0
8235	0.7541616545242629	-3.802844598211143	-30.22903060913086	49.0
8257	0.5414051338449729	-3.9742840085087447	-30.287517547607422	49.0
8275	0.6002533036866967	-4.46313738421805	-30.299427032470703	49.0
8294	1.108153404758657	-4.568262087162929	-30.260900497436523	49.0
8313	0.9679621123154558	-4.402643943689241	-30.307254791259766	49.0
8333	0.947637476961003	-4.480680202321034	-30.426485061645508	49.0
8352	0.772061205376651	-4.588298929163236	-30.4216251373291	49.0
8373	0.43333051218521423	-4.579813122777588	-30.40091896057129	49.0
8391	0.39969236369138533	-4.7578222928724765	-30.483154296875	49.0
8411	0.3770097721271298	-4.764934201127164	-30.61554718017578	49.0
8430	0.06639286773082614	-4.796857377497134	-30.646442413330078	49.0
8449	-0.10387977244816468	-5.28758712250868	-30.992881774902344	49.0
8471	0.04152515408208629	-5.579777739890327	-31.051227569580078	49.0
8490	0.18981098086366066	-5.393557897822951	-31.19277000427246	49.0
8509	-0.1984394145081737	-5.3198657125704125	-31.23012924194336	49.0
8529	-0.2967231755623491	-5.341386250407118	-31.379756927490234	49.0
8557	-0.1007188291374368	-5.245846161295022	-31.38018798828125	49.0
8566	-0.1007188291374368	-5.245846161295022	-31.38018798828125	49.0
8586	0.0365674823176863	-5.553319776076123	-31.4798583984375	49.0
8605	0.303455866647004	-5.408301761115098	-31.46042251586914	49.0
8625	0.23280479874520107	-5.299424504688008	-31.123531341552734	49.0
8644	-0.00840282269201051	-5.370305066075668	-31.09827995300293	49.0
8664	-0.15964436852053113	-5.217850159844328	-31.127185821533203	49.0
8683	-0.1756680413911146	-5.308921880026327	-31.036792755126953	49.0
8703	-0.03471537600299315	-5.6004779193531045	-31.099327087402344	49.0
8723	-0.03521096889147972	-5.752320260561909	-31.02379608154297	49.0
8741	-0.38897081471042666	-5.424678938659503	-30.824012756347656	49.0
8760	-0.45266943201742676	-5.645244994142437	-30.77788543701172	49.0
8780	-0.5027275478456745	-5.740159075643695	-30.961517333984375	49.0
8800	-0.5129784194592578	-5.732116700119236	-31.185619354248047	49.0
8820	-0.4047359853036802	-5.76331441853374	-31.201412200927734	49.0
8838	-0.47614597395327607	-5.91155351271887	-31.409725189208984	49.0
8858	-0.3388429908575096	-6.297947645216184	-31.350522994995117	49.0
8878	-0.4205927510955143	-6.407782544873709	-31.429615020751953	49.0
8897	-0.45090614987255423	-6.507058716379772	-31.69460105895996	49.0
8916	-0.6925611892717652	-6.58195660318914	-31.876787185668945	49.0
8936	-0.6749760668265938	-6.448205895180007	-31.6236572265625	49.0
8955	-0.959920514740818	-6.358855847344473	-31.58580780029297	49.0
8975	-0.9424814986432234	-6.336752618129524	-31.516843795776367	49.0
8994	-1.2649494187786992	-6.092084041955752	-31.5357666015625	49.0
9013	-1.355369470284595	-6.0338004048290985	-31.47557258605957	49.0
9033	-1.7891901783092259	-5.944778808398463	-31.49321746826172	49.0
9052	-1.6341429873335112	-6.295127412869588	-31.516584396362305	49.0
9071	-1.6980820841897069	-5.876282614989872	-31.482440948486328	49.0
9091	-1.8033773974431822	-5.84662215646812	-31.528125762939453	49.0
9111	-2.121009587846685	-5.821293221435615	-31.261356353759766	49.0
9130	-2.406623210482221	-5.902658472747496	-31.313194274902344	49.0
9149	-2.648815671191395	-5.703037725225121	-31.131179809570312	49.0
9170	-3.1335556947969616	-5.858487286789236	-31.22868537902832	49.0
9189	-2.8189621507080473	-6.397856201667058	-31.178646087646484	49.0
9209	-3.1119664573442405	-6.410435005380483	-31.01427459716797	49.0
9229	-2.927550398229194	-6.828946433343645	-30.926944732666016	49.0
9248	-2.927550398229194	-6.828946433343645	-30.926944732666016	49.0
9268	-2.9948977984706535	-6.808189458135628	-31.19405174255371	49.0
9292	-2.934384125951052	-7.088688520975699	-31.396940231323242	49.0
9305	-3.0409802802434336	-7.101854285386155	-31.469345092773438	49.0
9324	-3.1325795331428634	-6.954919320788102	-31.549877166748047	49.0
9345	-3.301859560244611	-6.972922612862217	-31.50265884399414	49.0
9364	-3.426019758366237	-7.138907268705604	-31.381595611572266	49.0
9385	-3.2192483051741383	-7.693325502838763	-31.149932861328125	49.0
9403	-3.580268262549785	-7.76247888518656	-31.33576202392578	49.0
9422	-3.064132953620974	-7.735673967187716	-31.124855041503906	49.0
9441	-2.8922504021920403	-7.766012133012321	-31.07454490661621	49.0
9461	-3.7928357909380543	-7.561679239561439	-31.02641487121582	49.0
9480	-3.9997424639458794	-7.610474351684188	-30.958473205566406	49.0
9500	-4.303684545187432	-7.5871990558670355	-30.791461944580078	49.0
9519	-4.881023931215963	-7.419401442535533	-30.7332706451416	49.0
9538	-5.182152063230942	-7.346948409607036	-30.731365203857422	49.0
9558	-4.841515463667256	-7.477466002704448	-30.45992660522461	49.0
9577	-4.7696654463904835	-7.876737033839219	-30.457666397094727	49.0
9596	-5.037623243935821	-7.9933197043125235	-30.400432586669922	49.0
9617	-4.508951712040506	-7.770434878015425	-30.308870315551758	49.0
9636	-4.417077113100495	-7.651990551532674	-30.27305793762207	49.0
9655	-4.49142582904413	-7.809927530317291	-30.06092071533203	49.0
9675	-4.947575577675079	-8.186904543143296	-29.74104881286621	50.0
9694	-5.356078868995005	-8.561272921530463	-29.311025619506836	50.0
9713	-5.693773392008858	-8.74409823148296	-29.036062240600586	50.0
9734	-5.6267759339218735	-6.335144192203722	-29.680452346801758	50.0
9752	-6.256600808451419	-6.3896711889264175	-29.45024871826172	50.0
9772	-5.389529160522959	-6.399372470432312	-29.55884552001953	50.0
9791	-5.116275320775149	-5.522576013799967	-29.687952041625977	50.0
9811	-6.249252706131816	-5.9538767356850615	-29.186811447143555	50.0
9830	-7.095764813631522	-3.5338863935796416	-29.3541316986084	50.0
9850	-7.29144544590265	-2.006096914027014	-29.2215518951416	50.0
9869	-6.719736470724756	-3.31179377344685	-29.20374298095703	50.0
9889	-5.043816549614682	-6.616860038924796	-28.629852294921875	50.0
9909	-4.012158396944506	-11.377438040917106	-26.737964630126953	49.0
9929	-3.4449019523374367	-15.912311533103905	-23.964435577392578	49.0
9949	-3.4449019523374367	-15.912311533103905	-23.964435577392578	49.0
9966	-3.9231270043427457	-12.940216098714794	-25.20611572265625	49.0
9986	-4.219365819374223	-10.491019723030398	-26.205245971679688	49.0
10005	-4.060533726843555	-10.773275649576075	-25.99671745300293	49.0
10025	-2.100324140710712	-14.780638392922386	-24.003217697143555	49.0
10044	-2.3643240781041652	-10.897327020492769	-25.491361618041992	49.0
10067	-2.4545126722223234	-8.568865078326997	-25.983352661132812	49.0
10083	-3.723992043280395	-9.092162064359389	-25.255847930908203	49.0
10103	-3.8551370871399993	-9.106045161685985	-24.919620513916016	49.0
10122	-4.551663675600614	-7.458194015042952	-25.061412811279297	49.0
10141	-4.781250450650898	-5.609803446024029	-24.81877326965332	49.0
10160	-5.5784164438092505	-4.527965351743105	-24.307106018066406	36.0
10180	-5.131928644053032	-5.639147999357302	-23.698307037353516	36.0
10199	-4.268160209010411	-6.667143634666406	-23.30236053466797	36.0
10219	-3.7716809948602057	-8.812195158798154	-22.319822311401367	36.0
10238	-3.894234623981402	-9.659340563903937	-21.654296875	36.0
10258	-3.6314308713997434	-8.57537017415421	-21.745464324951172	36.0
10277	-3.478895513803196	-7.670379097136342	-21.792835235595703	36.0
10299	-3.1145918056970014	-6.7815387017821385	-21.912477493286133	36.0
10316	-3.0348291388087647	-5.598447436597922	-21.932619094848633	36.0
10335	-3.369967198654499	-3.974913672486627	-21.991188049316406	36.0
10355	-3.5427100548564594	-2.3350003531208885	-21.951377868652344	36.0
10375	-3.994376883587182	-0.5279432662346493	-21.743356704711914	36.0
10394	-4.029960107194795	0.6846465043304867	-21.512022018432617	33.0
10415	-4.089156627556055	1.2923572345762502	-21.321897506713867	33.0
10433	-3.99994247685347	2.152983417564085	-20.93517303466797	33.0
10452	-4.116646266411611	2.506851632868729	-20.62584114074707	33.0
10471	-4.055604625150618	2.031156281948397	-20.470233917236328	33.0
10491	-4.074859162475099	1.04191562954055	-20.280521392822266	33.0
10511	-4.104995633305961	0.5555563997343685	-20.14956283569336	33.0
10531	-4.044305242926189	0.46750123164510826	-20.030990600585938	33.0
10550	-3.530223252316417	0.204908216174662	-20.139314651489258	33.0
10569	-3.2161859971720412	0.3577108323566508	-20.2493896484375	33.0
10589	-2.779862099166399	0.36601996801521564	-20.4481201171875	33.0
10610	-2.4688626984519475	0.197880020596289	-20.850311279296875	33.0
10629	-2.685910678043935	0.1671070374966228	-20.899736404418945	44.0
10648	-2.685910678043935	0.1671070374966228	-20.899736404418945	44.0
10667	-2.4954568831214234	0.6419453042987634	-21.14893341064453	44.0
10686	-2.3072768190528854	1.0049406398784824	-21.517248153686523	44.0
10706	-2.2941385450943907	1.7229255096908807	-21.895689010620117	44.0
10725	-2.158871830833885	1.5843016196751873	-22.055526733398438	44.0
10749	-2.46332290356345	1.6130047412621276	-22.293682098388672	44.0
10764	-2.5594563967378097	2.0014038362184197	-22.691606521606445	44.0
10784	-2.676878114869559	2.5634645035533192	-22.68368148803711	44.0
10802	-2.2175364628699725	2.2655212588662983	-22.976787567138672	44.0
10822	-2.049632249990744	1.1292579743143691	-23.485198974609375	44.0
10841	-1.5282006024300663	0.9045351304998891	-23.53234100341797	44.0
10861	-0.32829134732176357	1.8767039781837953	-23.483844757080078	44.0
10880	-1.152104848430927	2.1401580538924194	-23.548076629638672	47.0
10903	-1.3119792470292946	2.3094766438088143	-23.68981170654297	47.0
10919	-0.9896763091576803	2.416529661553366	-23.709800720214844	47.0
10939	-0.7472978948059006	2.2070507604863896	-23.996192932128906	47.0
10958	-0.6266204208721183	2.405172825967466	-24.345081329345703	47.0
10979	-0.02808858161437282	2.3034294731586806	-24.31818389892578	47.0
10996	0.2299631912477777	2.585037975680586	-24.602685928344727	47.0
11016	0.6339154504718792	2.8621544167960735	-24.827497482299805	47.0
11035	1.0048482977779511	2.955637869725671	-25.402069091796875	47.0
11055	1.4944027431058973	3.295188671081721	-25.308521270751953	47.0
11074	1.6490012819092932	2.904544588066329	-25.427085876464844	47.0
11095	1.6739218544441516	2.8180455403368656	-25.249347686767578	47.0
11114	2.0013295642266646	2.7423645583512233	-25.1240234375	47.0
11133	2.3324262885500167	2.877783286992889	-25.033912658691406	47.0
11152	2.286914974667396	2.7933410026879106	-24.75751495361328	47.0
11171	2.165074240828313	2.456484921940208	-24.66525650024414	47.0
11191	2.5235479238471514	2.5618002296436306	-24.080608367919922	47.0
11213	2.921203257197	2.4168409063826184	-23.837390899658203	47.0
11230	3.072029179510345	2.73512887675859	-23.713953018188477	47.0
11249	3.310754276046238	2.7712965012066926	-23.73773956298828	47.0
11268	3.6885092891230338	2.380911004612526	-23.662965774536133	47.0
11289	3.438391123943423	1.9081528850304983	-23.598533630371094	47.0
11312	3.5707196108888146	1.690549231526637	-23.612071990966797	47.0
11329	3.743345055941858	1.7987120358040958	-23.531452178955078	47.0
11349	3.6042064455606475	1.5987465793312885	-23.502641677856445	47.0
11366	3.6042064455606475	1.5987465793312885	-23.502641677856445	47.0
11386	3.661511093443835	1.7173993475695524	-23.35631561279297	47.0
11405	4.016484158095031	1.470943765265287	-23.106876373291016	47.0
11425	4.203853882977281	1.5586697995989705	-22.621660232543945	47.0
11444	4.293798987917104	1.7533651496011542	-22.24868392944336	47.0
11463	4.0138700477385045	2.1472944479758462	-22.379894256591797	47.0
11483	4.077555439883004	2.100690509526074	-22.114238739013672	47.0
11503	4.107480246703875	1.8940268099356734	-21.678369522094727	47.0
11522	4.161085168724942	1.7873778190880742	-21.3033390045166	47.0
11541	3.795077904091411	1.6881851658781142	-21.166141510009766	47.0
11560	3.63477785078654	1.5988183790052817	-20.938156127929688	47.0
11580	3.3032626640938068	1.5635035536060469	-21.029415130615234	47.0
11599	3.1932495847826954	1.0933370406964351	-20.93682861328125	47.0
11619	3.3252739085192218	0.9364029961587238	-20.449851989746094	47.0
11638	3.55243150132156	0.7752014485743215	-20.314727783203125	47.0
11658	3.6194625755370593	0.6411064542766656	-20.398666381835938	47.0
11677	3.3875650322754125	0.47796139201272747	-20.52545738220215	47.0
11697	3.675538836390442	0.18714805919486796	-20.645549774169922	47.0
11716	3.5415315915301315	0.4682204308422305	-20.53714942932129	47.0
11736	3.690406459443927	0.3568327996320436	-20.36811065673828	47.0
11756	3.7881667098430634	0.5758430908341771	-20.41172981262207	47.0
11775	3.746348633772496	0.34450280410603146	-20.37171173095703	47.0
11794	3.6399740531315388	0.43162646341724586	-19.926124572753906	47.0
11813	3.497945268935613	0.2896247323550605	-19.641660690307617	47.0
11832	3.739421011402864	0.24099364669679527	-19.361244201660156	47.0
11852	3.796827509944749	0.16410582550211456	-19.047298431396484	47.0
11872	4.11396619033826	0.03899571398325187	-18.846765518188477	47.0
11892	3.981675234001695	-0.07806209684874438	-18.637422561645508	47.0
11910	3.7364661770083	-0.24127767140368125	-18.49707794189453	47.0
11930	3.5414740845755714	-0.16612768521050544	-18.499469757080078	47.0
11949	3.3752431173416677	-0.29959499421388774	-18.553691864013672	47.0
11969	3.322792398241881	-0.3986944384912253	-18.7249755859375	47.0
11989	3.253745760446591	-0.4698086931888862	-18.72974395751953	47.0
12011	3.165025372967737	-0.5716013318990193	-18.608718872070312	47.0
12029	3.142716294948879	-0.765467609159391	-18.61475372314453	47.0
12047	3.361079764278192	-0.7577432068415092	-18.815692901611328	47.0
12068	3.361079764278192	-0.7577432068415092	-18.815692901611328	47.0
12086	3.2014483849193125	-1.0697841190790098	-18.42156219482422	46.0
12106	3.1664537566230835	-1.2691647167281694	-18.459980010986328	46.0
12125	3.629686131937461	-1.3589550727829136	-18.32712173461914	46.0
12144	3.5160554082450464	-1.2936688802959373	-18.071468353271484	46.0
12163	3.0885830366961105	-1.724834614022438	-18.07464599609375	46.0
12185	3.0941302199306993	-1.8309190126184864	-17.83090591430664	46.0
12203	2.8746549941457866	-1.9168262407303525	-17.72469711303711	46.0
12223	2.613965085737825	-1.952566435412223	-17.551061630249023	46.0
12242	2.714902333824161	-1.815094947599758	-17.72275161743164	46.0
12261	3.157764406458066	-1.8501119217057236	-17.162391662597656	46.0
12280	3.074997120056343	-1.8716671799184457	-17.250667572021484	46.0
12300	3.109631786312526	-1.9339050742531498	-17.241413116455078	46.0
12320	3.252966148077909	-1.9137344203216147	-17.150266647338867	46.0
12338	3.3423984135408658	-1.9950491124876675	-17.14769744873047	46.0
12358	3.4916719710748545	-1.9470160233469949	-17.126781463623047	46.0
12377	3.6873527639359573	-2.053679191945156	-16.85842514038086	46.0
12397	3.71673082440828	-2.041837399440745	-16.71526336669922	46.0
12416	3.472497360446767	-1.9552960960099695	-16.98413848876953	46.0
12435	3.3362243016492696	-1.8510652923671385	-17.007251739501953	46.0
12457	3.194654328816653	-1.865116937154482	-16.998374938964844	46.0
12476	3.3631547849754306	-1.8197212476190137	-16.729835510253906	46.0
12494	3.148412312264264	-1.7925719043670778	-16.786888122558594	46.0
12513	3.233618861771251	-2.102241580643567	-16.701061248779297	46.0
12533	3.320676914373046	-2.1474499643894047	-16.808853149414062	46.0
12552	3.4993166952070816	-2.2617505268190743	-16.96255874633789	46.0
12572	3.4941785793385836	-2.4483669756510453	-16.742494583129883	46.0
12592	3.3328374813798094	-2.2304612312544805	-16.613056182861328	46.0
12611	3.324584371936164	-2.319184454291131	-16.508527755737305	46.0
12630	2.9856012261646536	-2.6436443732929935	-16.66730499267578	46.0
12650	2.9814607974364287	-2.706380362233421	-16.722797393798828	46.0
12670	2.927850140204021	-2.4004070695414073	-16.642187118530273	46.0
12689	2.777142826562578	-2.305579289881498	-16.705904006958008	46.0
12715	2.8210859281200094	-2.222037318565759	-16.581214904785156	46.0
12731	2.635753619331757	-2.031840401832976	-16.734228134155273	46.0
12748	2.8031402342345104	-1.935495702905034	-16.691457748413086	46.0
12766	2.8031402342345104	-1.935495702905034	-16.691457748413086	46.0
12789	2.4898253622328133	-1.8421668981854682	-16.709394454956055	46.0
12806	2.3536904125019262	-1.8280567370699397	-16.713579177856445	46.0
12825	2.371465392304238	-1.8084417161876267	-16.84906005859375	46.0
12844	2.205437990480823	-2.052417224270866	-17.04036521911621	46.0
12863	2.201422761548379	-2.101347127724589	-17.025991439819336	46.0
12883	2.554068843863367	-2.3021056936217814	-16.785432815551758	46.0
12903	2.836028299798024	-2.5063152362465044	-16.7034969329834	46.0
12922	2.7708872271845353	-2.7009712330983686	-16.579071044921875	46.0
----------------도착----------------
12942	2.7351274666971808	-2.9737064515932374	-16.52623748779297	46.0
12960	2.780987381232959	-3.028512524269814	-16.30217933654785	46.0
12981	2.719742364650224	-3.3636288565824994	-16.21092987060547	46.0
13000	2.5402983380979864	-3.428537640893831	-15.952960968017578	46.0
13019	2.588649119665019	-3.3841787381856445	-15.583773612976074	46.0
13039	2.4314269363748573	-3.693585170798156	-15.629344940185547	48.0
13059	2.19034149674937	-3.5024434014721146	-15.708688735961914	48.0
13078	2.3525317603718827	-3.3516018472710205	-15.834309577941895	48.0
13097	2.552152228149005	-3.2300709839542803	-15.811538696289062	48.0
13116	2.3095894412847136	-3.3041465280177205	-15.841733932495117	48.0
13136	2.420551320994204	-3.376747266926103	-15.344497680664062	48.0
13157	2.4849386356839434	-3.2867578770125427	-15.490427017211914	48.0
13175	2.3638045019860146	-3.4365217905247247	-15.601133346557617	48.0
13194	2.337526464132819	-3.2877765736501217	-15.48568344116211	48.0
13213	2.47027061191661	-3.0031360548721233	-15.488567352294922	48.0
13233	2.412341725535405	-3.2057240435734964	-15.356658935546875	48.0
13252	2.575103309071417	-3.339887949563419	-15.385271072387695	48.0
13272	2.719316497214736	-3.3139526307356735	-15.322751998901367	48.0
13291	2.6739485607092512	-3.4596870202053367	-15.718148231506348	48.0
13311	2.730796154087026	-3.439585702886778	-15.700506210327148	48.0
13330	2.8310165969062138	-3.453118010327317	-16.013626098632812	48.0
13350	3.1541961784666204	-3.154835778760128	-16.09008026123047	48.0
13370	3.1472519403128465	-3.3841519317592836	-16.053802490234375	48.0
13390	3.2687887191248355	-3.4349200784378207	-16.018695831298828	48.0
13410	3.342338333747939	-3.275222119894118	-15.816606521606445	48.0
13429	3.3495305264975785	-3.1600780613852826	-15.838637351989746	48.0
13447	3.3495305264975785	-3.1600780613852826	-15.838637351989746	48.0
13467	3.370201399813479	-2.965961666312151	-15.691181182861328	48.0
13486	3.384276764000672	-3.189174780405592	-15.37742805480957	48.0
13505	3.4908843088015002	-3.2758435160831905	-14.945134162902832	48.0
13525	3.3436458624181924	-3.1919728956787026	-15.032438278198242	46.0
13544	3.2490971127550416	-3.0964700602174933	-14.919820785522461	46.0
13563	3.352255902926355	-3.215224726024778	-15.010430335998535	46.0
13584	3.2470188111379312	-3.5026992765098086	-14.973098754882812	46.0
13603	3.178275958462396	-3.7474400957776663	-15.16729736328125	46.0
13623	3.244359309510266	-3.9474778105225536	-15.365039825439453	46.0
13642	3.4035247396161767	-3.842164921843096	-15.523965835571289	46.0
13660	3.4523065774814663	-3.6323459285622817	-15.81502628326416	46.0
13680	3.2135853198669837	-3.611617254384548	-15.634079933166504	46.0
13700	2.9894870157140394	-3.38039556059489	-15.809234619140625	46.0
13719	2.631073560717785	-3.2084841331873575	-15.982970237731934	46.0
13738	2.4782320163499487	-3.213597526191175	-16.17481231689453	46.0
13758	2.3098498860920573	-3.0091635922866846	-16.01297378540039	46.0
13778	2.0465645928125027	-2.7172351520075364	-15.962172508239746	46.0
13796	2.24263330841486	-2.381736161924691	-16.042327880859375	46.0
13816	2.4490982267715338	-2.2368265964599123	-16.108169555664062	46.0
13836	2.4348903382088802	-2.218531701833419	-16.33046531677246	46.0
13856	2.3766931314860873	-2.07084535953118	-16.242290496826172	46.0
13875	2.247288352940418	-2.057723429865017	-16.217620849609375	46.0
13894	2.2595472109134214	-2.3210173504063754	-16.130661010742188	46.0
13914	2.2498099084125935	-2.6957907646119112	-16.19518280029297	46.0
13933	2.14446954172451	-2.737346120492222	-16.21399688720703	46.0
13953	2.24717126289616	-2.5432470239564102	-16.23094940185547	46.0
13971	2.3302949157283472	-2.6067174948609484	-15.979312896728516	46.0
13991	2.4498812242563974	-2.5850074416431776	-15.856986999511719	48.0
14011	2.496154441954588	-2.5613175658697678	-15.955769538879395	48.0
14030	2.77894109551447	-2.5294606521852385	-15.854571342468262	48.0
14050	2.819787393909068	-2.3013224678329056	-15.841651916503906	48.0
14070	2.699322141533934	-2.194681296671196	-15.766105651855469	48.0
14090	2.617618333183763	-2.160317221609992	-15.848146438598633	48.0
14110	2.36581415681245	-2.3120324385281403	-15.903057098388672	48.0
14129	2.2426802686618674	-2.3788162130092583	-15.908262252807617	48.0
14148	2.018193148382304	-2.978217353887094	-15.99327564239502	48.0
14166	2.018193148382304	-2.978217353887094	-15.99327564239502	48.0
14187	2.1862781231528303	-3.3448616893651564	-16.05664825439453	48.0
14205	2.0973640136453082	-3.4761902901323523	-16.431093215942383	48.0
14225	2.212768576022036	-3.430086703357106	-16.50570297241211	48.0
14244	2.3637834773540543	-3.2656782826912947	-16.561386108398438	48.0
14264	2.532972085262964	-2.9865072464779	-16.56584358215332	48.0
14284	2.619404100583973	-3.0746820048714754	-16.45621109008789	48.0
14304	2.8100229858430557	-3.024014687920901	-16.408790588378906	48.0
14322	2.8331914041814237	-2.6616272365128704	-16.53469467163086	48.0
14341	2.465095979606481	-2.6324219349925646	-16.544166564941406	48.0
14361	2.4340880097288276	-2.6954121776965607	-16.079191207885742	48.0
14380	2.357804569264396	-2.5626975970222388	-15.976469039916992	48.0
14401	2.3556537709877357	-2.680063778240905	-16.047832489013672	48.0
14421	2.5252484120813383	-2.6616046083095655	-15.948965072631836	48.0
14438	2.494950535817689	-2.7585963472519874	-16.011404037475586	48.0
14458	2.2813687751563827	-2.70572648776727	-16.178695678710938	48.0
14478	2.1903667327441303	-2.443117799558767	-16.2747859954834	48.0
14497	2.3387169187836014	-2.290770687599717	-16.257972717285156	48.0
14517	2.4705433760652262	-2.2179896703040582	-16.17975616455078	48.0
14536	2.434750712655656	-2.2616499546115167	-16.027189254760742	48.0
14555	2.336793186343003	-1.88054124383041	-15.96049690246582	48.0
14575	2.295911456600154	-2.2840248646605392	-16.097904205322266	48.0
14594	2.43290193375755	-2.4139049434255195	-16.16985511779785	48.0
14613	2.5458725065014107	-2.312329365900995	-16.224559783935547	48.0
14634	2.7780886725167666	-2.256302736473184	-15.950987815856934	48.0
14653	2.6574968965237242	-2.4987933450660393	-15.926382064819336	48.0
14672	2.8385648231662977	-2.646891885867613	-16.19233512878418	48.0
14691	3.090433883246641	-2.5073316504975516	-16.393646240234375	48.0
14711	3.026245392717388	-2.935308756085742	-16.559003829956055	48.0
14731	2.8418274473487486	-2.7713803054360477	-16.586612701416016	48.0
14750	2.6282706221588668	-2.4629870591384577	-16.459274291992188	48.0
14769	2.599522038700157	-2.080066067393473	-16.431589126586914	48.0
14789	2.599522038700157	-2.080066067393473	-16.431589126586914	48.0
14810	2.9327857907168955	-1.6175830746512485	-16.602365493774414	48.0
14830	3.0046639665808885	-1.7692399384278017	-16.413166046142578	48.0
14848	3.0046639665808885	-1.7692399384278017	-16.413166046142578	48.0
14867	2.799488207092866	-2.1152018440514135	-16.28864097595215	48.0
14887	2.8897365371559904	-2.0204959440822217	-16.11441421508789	48.0
14906	2.676087268336629	-2.125871889647972	-15.906915664672852	48.0
14925	2.709209710290414	-2.1339217298907305	-16.011707305908203	48.0
14944	2.571198413879664	-2.2273725876064616	-16.159894943237305	48.0
14964	2.3274708907401225	-2.3419899188996873	-16.304025650024414	48.0
14984	2.1267435764518363	-2.2330371547325467	-16.101173400878906	48.0
15002	2.0278724348793005	-2.118197599817665	-16.13648223876953	48.0
15022	2.2324158948691415	-2.0532402006626667	-16.286602020263672	48.0
15041	2.448208511767762	-2.157017149265699	-16.302776336669922	48.0
15060	2.6449433506532625	-2.2800357003818683	-16.262760162353516	48.0
15080	2.775606911300224	-2.6886268369712636	-16.208045959472656	48.0
15100	2.6121853952450165	-3.0680726646046033	-15.942241668701172	48.0
15119	2.719246355920006	-3.056391997219623	-15.844070434570312	48.0
15139	2.5346170415861544	-2.7564293092131864	-16.158069610595703	48.0
15158	3.0295084408730153	-2.627987050699421	-16.122419357299805	48.0
15177	2.9551514194647615	-2.5251535489948282	-16.084815979003906	48.0
15196	2.892662499721198	-2.72737120375955	-16.09783935546875	49.0
15217	2.889502809995616	-2.799190233914574	-16.362031936645508	49.0
15235	2.8434514575430163	-2.5912174307102185	-16.19203758239746	49.0
15255	3.2616570427687206	-2.334426696668242	-16.3441162109375	49.0
15275	3.295576178837582	-2.6868151850040336	-16.371049880981445	49.0
15294	3.285780455612197	-2.9257328453722766	-16.247230529785156	49.0
15315	3.1130703603035745	-3.299445546198638	-16.258037567138672	49.0
15333	3.0327453354810205	-3.3106633637886684	-16.2337703704834	49.0
15352	2.8169669934891237	-3.3661267450510697	-16.18227767944336	49.0
15371	2.7850440779226413	-3.3770297440491297	-15.92582893371582	49.0
15391	2.732946097170896	-3.2790217255645406	-16.14609718322754	49.0
15411	2.3762708175094787	-3.2706296568491853	-16.060514450073242	49.0
15431	2.308223215102651	-3.3458573202886512	-16.142314910888672	49.0
15450	2.394678161161849	-3.199786769253098	-15.896665573120117	49.0
15469	2.5615090202141424	-2.8223326936307194	-15.774904251098633	49.0
15489	2.7961932787843984	-2.924575981726036	-15.858967781066895	49.0
15510	3.105174094166201	-2.88956618252916	-15.755474090576172	49.0
15529	3.0910090830923775	-3.0532390016356374	-15.95664119720459	49.0
15550	3.100571359125364	-2.9445941459185634	-15.832292556762695	49.0
15567	3.100571359125364	-2.9445941459185634	-15.832292556762695	49.0
15586	3.0381889824421977	-2.7573236679331714	-15.790977478027344	49.0
15605	2.623889278010295	-2.391222184303524	-15.620013236999512	49.0
15626	2.3334233875068335	-2.2026508719142424	-15.75262451171875	49.0
15644	2.166784256221791	-2.430799259194694	-15.927595138549805	49.0
15664	2.338438625410396	-2.4608948355350084	-15.904695510864258	49.0
15683	2.601815674612451	-2.2570199128092194	-15.937233924865723	48.0
15703	2.9770071154858417	-1.8766648060213154	-15.501864433288574	48.0
15722	3.0358671846843333	-2.039502612141144	-15.646743774414062	48.0
15741	2.8522826071690304	-2.057012071033521	-15.509472846984863	48.0
15761	3.408300267354564	-2.2503069019811615	-15.474311828613281	48.0
15780	3.7404866229160922	-2.3355743743457165	-15.23991584777832	48.0
15800	4.115499324612572	-2.02076778715113	-15.082687377929688	48.0
15819	4.3027442225015635	-1.898731273200789	-14.851768493652344	48.0
15838	4.48482582792871	-2.058203780127194	-14.850641250610352	48.0
15858	4.1129039423013625	-2.331742655763942	-15.183890342712402	48.0
15877	3.6915657003487303	-2.0844970164438923	-15.065568923950195	48.0
15898	3.6956536925691097	-1.9849073432094197	-15.273383140563965	48.0
15916	3.384356267940659	-1.3522947740467994	-15.096527099609375	52.0
15936	3.4778609070209443	-1.2758931265283584	-15.191150665283203	52.0
15955	3.6210159752446156	-1.2555208485769518	-15.111028671264648	52.0
15975	3.497102973255367	-1.2453599360857557	-15.01466178894043	52.0
15994	3.388991903402894	-1.1325635160570275	-15.165253639221191	52.0
16014	3.5235836228008344	-0.9539637657853289	-14.989693641662598	52.0
16033	3.605586261487324	-0.9512276755356399	-15.057952880859375	52.0
16052	3.353692963935142	-1.0034691616533102	-15.020044326782227	52.0
16072	3.251510024767285	-1.1425135071561459	-15.335308074951172	52.0
16092	3.144332997300483	-0.8771156006559089	-15.613900184631348	52.0
16112	2.855491513066468	-0.9215454187873158	-15.645246505737305	52.0
16130	2.949324812325483	-0.81602075515849	-15.76144027709961	52.0
16150	2.6334539289873824	-0.8767189823420234	-15.521017074584961	56.0
16169	2.85983227933257	-0.8638304270154384	-15.747173309326172	56.0
16189	2.9437682941256034	-0.8399885290545075	-15.609392166137695	56.0
16210	3.063561053437693	-1.0014638594988141	-15.672096252441406	56.0
16229	3.063561053437693	-1.0014638594988141	-15.672096252441406	56.0
16248	3.2906110325042004	-1.5719604420885016	-15.273982048034668	56.0
16268	3.2906110325042004	-1.5719604420885016	-15.273982048034668	56.0
16286	3.5048198320368282	-1.1580117379668464	-15.310487747192383	56.0
16306	3.3220068473716813	-1.1318695166182429	-15.307333946228027	56.0
16325	3.415586587422715	-1.2696862205568638	-15.24347972869873	56.0
16345	3.1233714918136326	-1.521135616435056	-14.957372665405273	56.0
16364	2.9951597775278724	-1.5961366672610582	-15.037755966186523	56.0
16384	3.053355692179391	-1.7062957014030071	-14.885432243347168	56.0
16402	3.033734270206317	-1.7229523073214155	-14.770944595336914	57.0
16422	3.069450291277529	-1.61339070586706	-14.69233226776123	57.0
16442	3.0181741451463036	-1.8379942966770835	-14.535552978515625	57.0
16461	2.972640787284997	-1.652084449525812	-14.4923095703125	57.0
16480	3.102543323111915	-1.7746292707768452	-14.518179893493652	57.0
16499	3.501046890714116	-1.513219642660542	-14.541292190551758	57.0
16519	3.595207273342842	-0.8293865870094856	-14.422327041625977	57.0
