4	-2.0502589981611767	7.973487686128956	-15.947747230529785	118.0
25	-2.1186584097711267	6.828238876287172	-16.132108688354492	118.0
45	-1.7178578697663478	6.06912761622412	-16.27484703063965	118.0
63	-1.7178578697663478	6.06912761622412	-16.27484703063965	118.0
82	-1.3348039690927722	5.870591674813127	-16.008893966674805	118.0
101	-1.3069696900985608	6.1281501590253695	-15.915750503540039	118.0
128	-1.4019034107345423	5.980747802143605	-15.706804275512695	118.0
141	-1.7426816727569778	5.6237745913919595	-15.74931812286377	118.0
161	-2.1266397085564575	5.06230389049233	-15.724482536315918	118.0
182	-2.2515140246869363	4.30572606391671	-15.844213485717773	118.0
208	-2.786129366666176	4.459491180335739	-15.925941467285156	115.0
222	-2.5907561523187947	4.4204937987410355	-16.204669952392578	115.0
238	-1.7843237407791999	4.450054394175367	-16.578323364257812	115.0
257	-1.4050210231422373	4.246322731389926	-16.530080795288086	115.0
281	-1.6324345971023357	3.9663948739630333	-16.454750061035156	115.0
306	-1.831013927748895	3.7158890851087505	-16.320646286010742	115.0
324	-1.508337193782121	3.4266033981037425	-16.27099609375	115.0
339	-1.1765902057192903	3.381746097357199	-16.402280807495117	115.0
355	-0.855054031819101	3.0203424857373125	-16.248506546020508	115.0
375	-0.701048647178065	3.3334462534693228	-16.05509376525879	115.0
395	-0.610192986210515	3.261583970031879	-15.800333023071289	115.0
413	-0.3428572528780046	2.9959193117647707	-15.67283821105957	115.0
433	0.059916794837373194	3.0210570036634636	-15.733240127563477	115.0
451	0.1151081897670456	3.1246778398908073	-15.731006622314453	111.0
471	0.2102084277030016	2.7713239347750744	-16.082061767578125	111.0
491	0.03433186699032443	2.251451886266978	-15.788782119750977	111.0
511	0.3025282211968859	2.237672724882712	-15.81734561920166	111.0
530	0.34583179631209127	2.138898500395828	-15.829008102416992	111.0
551	0.42233843330450466	1.7166134396409367	-16.16006088256836	111.0
568	0.45149156971541626	1.4752116983888552	-16.448143005371094	111.0
587	0.5520618830246581	1.3714567022676691	-16.505889892578125	111.0
607	1.0171725283886799	1.351215774787483	-16.506750106811523	111.0
627	1.5832499584623285	1.6038512192517984	-16.40334701538086	111.0
646	1.7092668453247235	2.073973062783123	-16.68434715270996	111.0
665	1.5735088151680492	2.0772739911120213	-16.597387313842773	111.0
685	1.5775862473206599	1.9432632270707455	-16.628284454345703	106.0
706	1.661519648551139	2.2380538205167264	-16.39327049255371	106.0
726	1.8447863639387418	2.4503612750442803	-16.451486587524414	106.0
746	1.8867911377740563	2.2255654195980794	-16.455055236816406	106.0
763	1.8867911377740563	2.2255654195980794	-16.455055236816406	106.0
782	1.7930596397587344	1.8989802719197473	-16.705215454101562	106.0
802	1.6708702910894586	1.63424311970795	-16.565750122070312	106.0
821	1.8709269743629042	1.5548534195545702	-16.307249069213867	106.0
841	2.0644504977688976	1.612155277696058	-16.324975967407227	106.0
860	2.0922009795449004	1.8798197652573898	-16.228225708007812	106.0
880	2.229787361569108	2.1022409266725615	-16.166555404663086	106.0
900	2.382912674613264	2.1025717679220794	-16.25342559814453	106.0
919	2.3795649895584483	1.936803571770976	-16.228368759155273	103.0
938	2.189295029857096	1.8264402242426094	-16.159072875976562	103.0
958	2.213922325608335	1.785403631361643	-16.280982971191406	103.0
978	2.2598806946206795	1.9792840990779597	-16.35639762878418	103.0
997	2.439384366373163	2.239130801949687	-16.381328582763672	103.0
1015	2.559331753367624	2.0025653065264617	-16.241607666015625	103.0
1036	2.600980213643872	1.8882308956373282	-16.353435516357422	103.0
1055	2.6616543527279233	2.023407774451168	-16.105751037597656	103.0
1075	2.7812777555815593	2.089054840269557	-16.116901397705078	103.0
1095	2.9149922971997997	2.2117252595447665	-16.029464721679688	103.0
1114	2.837600361851128	2.304140570962184	-16.08441162109375	103.0
1133	2.76024522678136	2.0646221706175285	-16.281063079833984	103.0
1152	2.855965242528454	2.0578008355413253	-16.5065860748291	103.0
1172	3.211167986807777	2.2156463774312734	-16.658187866210938	107.0
1195	3.16722935230714	2.484520180735063	-16.524614334106445	107.0
1213	2.8751502463398215	2.7768588907334473	-16.36174774169922	107.0
1231	2.7339571710995894	2.973722843231494	-16.433502197265625	107.0
1250	2.6252646150004835	2.8793470068765097	-16.559879302978516	107.0
1270	2.753489525685076	2.895132777330203	-16.536731719970703	107.0
1287	2.6534061203418053	2.8433599478454545	-16.57151222229004	107.0
1312	2.5868516728874122	2.769188227911803	-16.29134750366211	107.0
1327	2.5075953621414047	2.9244272006144922	-16.26909828186035	107.0
1347	2.629312374143477	2.9122748389709185	-16.15192413330078	107.0
1365	2.877552483256856	3.08970175262927	-16.212966918945312	107.0
1384	3.196665035443294	3.128873434537364	-16.304901123046875	107.0
1406	3.377172205317633	3.295753894337297	-16.383594512939453	109.0
1426	3.377172205317633	3.295753894337297	-16.383594512939453	109.0
1446	3.559762700830228	2.7053346101690834	-16.260635375976562	109.0
1463	3.559762700830228	2.7053346101690834	-16.260635375976562	109.0
1482	3.650694588071068	2.936448412368545	-16.14287567138672	109.0
1501	3.78774082986207	3.086030695879477	-15.97474193572998	109.0
1521	3.7169359225799616	3.0936249610498434	-16.223600387573242	109.0
1540	3.377873433626058	2.776070200878402	-16.440521240234375	109.0
1560	3.2584056686593934	2.600746434101993	-16.20123291015625	109.0
1579	3.443666804760472	2.8721415121487723	-16.244956970214844	109.0
1599	3.4170904505947055	3.033052500412722	-16.49370002746582	109.0
1618	3.0816697119398277	3.0103470192596173	-16.702749252319336	109.0
1638	2.955638662505212	2.977514201101739	-16.789321899414062	106.0
1657	3.0444676053432516	2.86941462056494	-16.948802947998047	106.0
1677	3.2290949707823122	2.613940178342733	-17.030147552490234	106.0
1696	3.6140117147847226	2.700524320563463	-16.781810760498047	106.0
1715	3.8753416797546634	2.771753014783116	-17.048511505126953	106.0
1736	3.8139098473038446	2.6434808575010713	-16.856887817382812	106.0
1754	3.690682685851965	2.505642304200108	-16.694538116455078	106.0
1773	3.478645675199844	2.526242100983726	-16.69426727294922	106.0
----------------출발----------------
1793	3.772470367666667	2.5853678634365043	-16.54380989074707	106.0
1812	3.889258520543264	2.963586056255406	-16.43966293334961	106.0
1832	3.811390458208071	3.7073302474103382	-16.26392364501953	106.0
1851	3.85702584389544	3.3730678913086405	-16.40022087097168	106.0
1871	3.5529717527625198	2.637322797918818	-16.63363265991211	106.0
1891	3.5314279721402886	2.424945509215339	-16.83318519592285	105.0
1910	3.404281572008795	2.2234341900226147	-17.095584869384766	105.0
1936	3.617580232116655	2.2239001761508277	-16.88512420654297	105.0
1949	3.719756020751033	2.7314662511931465	-16.923290252685547	105.0
1968	4.002637676571475	3.03845658629788	-16.982101440429688	105.0
1987	4.181229385778828	3.3279584140873264	-16.94391632080078	105.0
2008	3.8637539848929467	3.381334689265487	-16.96364974975586	105.0
2027	3.965777845123478	3.4021029528150466	-16.834197998046875	105.0
2046	3.4242257401331706	3.293502639092981	-16.613555908203125	105.0
2065	3.461705169193672	3.1558067220946495	-16.836830139160156	105.0
2085	3.558641278763114	2.657173559090668	-17.057964324951172	105.0
2105	3.558641278763114	2.657173559090668	-17.057964324951172	105.0
2127	1.3616139512410883	3.780980217668505	-17.200698852539062	108.0
2145	2.1637565273745536	2.9701626873694815	-17.285785675048828	108.0
2163	2.1637565273745536	2.9701626873694815	-17.285785675048828	108.0
2183	2.5814256281954115	2.535490069436721	-17.56983184814453	108.0
2201	2.761579903038721	2.4480824243585007	-17.499309539794922	108.0
2221	3.0015234530967754	2.569888613039421	-17.47501564025879	108.0
2241	3.5038035036162967	2.8784849955315446	-16.922866821289062	108.0
2261	4.041428574035623	2.9531482135948695	-16.559293746948242	108.0
2279	4.101177139047267	3.0373543312694844	-16.384431838989258	108.0
2298	3.9368919512109724	2.922854679672336	-16.367530822753906	108.0
2318	3.7506689838101237	3.0784408697248877	-16.133201599121094	108.0
2339	3.598814250609517	3.359579574748043	-16.138334274291992	108.0
2357	3.3042419823688083	3.5712872036703094	-16.297019958496094	112.0
2377	3.5194276817660333	3.6192289440168057	-16.220287322998047	112.0
2396	3.4482178373184866	3.6230899037264424	-16.378902435302734	112.0
2415	3.465158938316711	3.7907522505959586	-16.413188934326172	112.0
2435	3.4886975458308074	3.91193886196379	-16.64180564880371	112.0
2454	3.806067493484859	3.97488764793811	-16.46286964416504	112.0
2474	3.695251161305443	3.899041820896245	-16.550556182861328	112.0
2493	3.897309486307918	4.011340666894621	-16.395307540893555	112.0
2512	3.825061107939402	3.9542845617978415	-16.324995040893555	112.0
2532	3.8359941198068115	4.06140989564973	-16.639253616333008	112.0
2552	3.781125911890258	4.073555624515435	-16.65496063232422	112.0
2574	3.44082700324114	4.058834825577201	-16.808725357055664	112.0
2591	3.260055009069584	4.261552570208131	-16.605440139770508	112.0
2610	3.25498535350457	4.179348158996467	-16.527170181274414	113.0
2629	3.453871607237555	4.3777957761716975	-16.309009552001953	113.0
2649	3.478899706606158	4.354417057386327	-16.260717391967773	113.0
2668	3.4578736633032903	4.360729099069774	-16.479835510253906	113.0
2691	3.38050189520943	4.1727599579299275	-16.44707489013672	113.0
2709	3.5855213989728427	4.101265867592497	-16.580137252807617	113.0
2727	3.692425387878813	3.8462660099642294	-16.4770565032959	113.0
2745	3.6219431884803766	3.7208870167543875	-16.678913116455078	113.0
2765	3.6098289681340447	3.894945012965332	-16.895118713378906	113.0
2784	3.6837077100224285	4.182346787643655	-17.083921432495117	113.0
2805	3.6837077100224285	4.182346787643655	-17.083921432495117	113.0
2825	3.8934059171006656	4.148094562810719	-16.924591064453125	113.0
2845	3.8934059171006656	4.148094562810719	-16.924591064453125	108.0
2865	4.0847072876463875	4.248115416581171	-16.367469787597656	108.0
2882	4.0847072876463875	4.248115416581171	-16.367469787597656	108.0
2903	4.196070765476592	4.2127393862843	-16.616003036499023	108.0
2922	4.274171882048373	4.118938826307705	-16.66564178466797	108.0
2942	4.113839750473227	3.920328699145219	-16.36478042602539	108.0
2959	4.2358084021997975	3.6718577234155116	-16.398099899291992	108.0
2979	4.071815179845147	4.089480489676209	-16.31412696838379	108.0
2999	3.9719953663573864	4.354590653759465	-16.373714447021484	108.0
3018	4.101062024048798	4.333509068464667	-16.654735565185547	108.0
3038	4.170369144136596	4.235583621485893	-16.703628540039062	108.0
3058	4.03369901604116	4.283702412257827	-16.604679107666016	108.0
3077	3.991826013165671	4.31869623551562	-16.749866485595703	108.0
3096	4.009226288878047	4.478028789356184	-17.045089721679688	107.0
3115	4.157539028132198	4.447571688741195	-16.781635284423828	107.0
3134	4.029304809876298	4.363228205149381	-16.524185180664062	107.0
3155	4.297159951172585	4.5182208690267265	-16.62286949157715	107.0
3174	4.063478438015218	4.654651639193544	-16.433385848999023	107.0
3193	3.709203950641138	4.59830840938537	-16.533924102783203	107.0
3212	3.8133106597122626	4.4301955361013645	-16.873981475830078	107.0
3232	3.628532362083933	4.258406151250137	-16.783973693847656	107.0
3251	3.595732960525135	4.272268165842032	-16.708709716796875	107.0
3272	3.784405851928136	4.615335578264915	-16.950895309448242	107.0
3290	4.144867889436289	4.6992492449043555	-17.095558166503906	107.0
3310	3.9585957884724943	4.965664966089828	-16.930599212646484	107.0
3329	3.8239232467876154	4.816842301676322	-16.92662811279297	109.0
3349	3.901817495215762	4.656820138050438	-16.8692626953125	109.0
3368	3.932886261563537	4.66325520970744	-16.534833908081055	109.0
3388	4.234889692680848	4.609132466995991	-16.483034133911133	109.0
3407	4.336564199039688	4.725968377962639	-16.495281219482422	109.0
3426	4.236698769937675	4.450305698191977	-16.50206184387207	109.0
3446	4.219173438168113	4.42654509272876	-16.322830200195312	109.0
3465	4.41856047508552	4.195785318991429	-16.246198654174805	109.0
3485	4.38954858089889	4.546577063603559	-16.170940399169922	109.0
3506	4.464346037198092	4.722415795178472	-16.55033302307129	109.0
3525	4.585889051319499	4.851479511476003	-16.626083374023438	109.0
3544	4.585889051319499	4.851479511476003	-16.626083374023438	109.0
3564	4.602284143147688	5.359545240537917	-16.641372680664062	115.0
3582	4.602284143147688	5.359545240537917	-16.641372680664062	115.0
3601	4.574849881563884	5.168579588606572	-16.581520080566406	115.0
3621	4.501214065690377	4.839155475284919	-16.720746994018555	115.0
3640	4.4004918872437395	4.482117317816752	-16.924949645996094	115.0
3660	4.578383977714781	4.26741006413722	-16.870723724365234	115.0
3679	4.282261557344387	4.290768019230187	-16.831684112548828	115.0
3699	4.072974275996919	4.298571679707617	-16.812042236328125	115.0
3719	3.8780098528021654	3.9419765040111674	-16.958358764648438	115.0
3738	3.501264170177383	3.7853390366358073	-16.7443904876709	115.0
3757	3.1816017655218976	3.6862880247282708	-16.92335319519043	115.0
3776	3.15706652458994	3.787482590208602	-17.002059936523438	115.0
3796	3.4549116159721827	3.6954262099025468	-16.73282241821289	115.0
3816	3.6202544282291407	3.693736273397754	-16.962135314941406	115.0
3835	4.040527715299878	3.986578772386597	-16.72391700744629	115.0
3854	4.43637809854261	3.9276364815896487	-16.61109161376953	115.0
3874	4.409855822867392	4.062196228773656	-16.612586975097656	115.0
3893	4.626381287393582	4.591737455150939	-16.676549911499023	115.0
3912	4.524961168735488	4.729784282165955	-16.448522567749023	115.0
3932	4.274303556308871	4.685719975130721	-16.648632049560547	115.0
3951	3.9012727417288557	4.864363152536806	-16.854137420654297	115.0
3973	3.989976940249864	4.958220705715298	-16.840381622314453	115.0
3990	3.9807036835360354	4.7073417142732605	-16.906084060668945	115.0
4009	3.817216809032202	4.603874766655394	-16.921939849853516	115.0
4029	3.8614836938523522	4.335233261628272	-16.75383758544922	115.0
4049	3.882286667234929	4.207140821934594	-16.621410369873047	110.0
4069	4.035893575155774	4.105007918975874	-16.559185028076172	110.0
4087	4.320351540215289	4.001960739283572	-16.215850830078125	110.0
4107	4.211464268749277	3.9759778111227715	-16.13369369506836	110.0
4126	3.998195470772928	3.856108433391494	-16.13353729248047	110.0
4146	3.860165835414538	3.741744623904846	-15.939233779907227	110.0
4165	3.912797217326626	3.5386031303229406	-15.824058532714844	110.0
4185	3.8152163127055436	3.6057092643622495	-15.787574768066406	110.0
4205	3.66667476495234	3.628318182741653	-15.772859573364258	110.0
4225	3.562237764892146	3.716498995845144	-15.896537780761719	110.0
4244	3.3774270768354158	3.7423487142235077	-15.909643173217773	110.0
4265	3.3250188465677466	3.4702078945925576	-15.939373016357422	110.0
4282	3.3250188465677466	3.4702078945925576	-15.939373016357422	110.0
4301	3.19054104714764	3.605925630680571	-15.867666244506836	110.0
4321	3.3350306475473763	3.885640604825245	-15.954233169555664	110.0
4341	3.539636200142394	4.03288178201063	-16.006454467773438	110.0
4361	3.6362692160666796	4.215506182698756	-15.83352279663086	110.0
4379	3.9449023343885177	4.383139028009776	-15.513092994689941	110.0
4398	3.9122605338179524	4.501018221610651	-15.706731796264648	110.0
4418	3.8578837233775793	4.198113413790836	-15.710681915283203	110.0
4438	3.794602977508692	4.145886027095594	-15.696310043334961	110.0
4457	3.6168050353608243	4.020690351745538	-15.486114501953125	110.0
4476	3.6174549657715156	3.80354382597034	-15.37882137298584	110.0
4496	3.498978032898907	3.779858141236973	-15.244861602783203	110.0
4517	3.5133347824527354	3.721742734183526	-15.445268630981445	110.0
4534	3.584809212781044	3.8472345297797594	-15.744678497314453	112.0
4554	3.6961858047651486	4.200244466541486	-15.514772415161133	112.0
4573	3.785890320105539	4.686564941093493	-15.552835464477539	112.0
4593	3.8643625205173224	5.012100053102879	-15.678604125976562	112.0
4612	4.033841580742802	5.180985482560567	-15.870259284973145	112.0
4633	3.8984326639894054	5.629464341214662	-15.817867279052734	112.0
4653	3.983159744953301	5.630850174361711	-15.840288162231445	112.0
4671	3.897962526931178	5.462987038744845	-15.854485511779785	112.0
4690	3.9104182164437433	5.494079994587911	-15.847347259521484	112.0
4709	3.9513507199228974	5.273013639631936	-15.892718315124512	112.0
4729	4.0262680255449155	5.274710596073801	-15.681195259094238	112.0
4749	4.014975716772783	5.344431776003748	-15.572515487670898	112.0
4769	4.107125108134089	5.280544399619209	-15.34603214263916	115.0
4788	4.089983178378074	5.2152879122654285	-15.256010055541992	115.0
4807	3.88307363006902	5.355392723685166	-15.116726875305176	115.0
4826	4.090509033529005	5.561551332240634	-14.936948776245117	115.0
4846	3.9977266251615675	5.402068948736697	-14.776214599609375	115.0
4866	3.7738744027517104	5.55512322281888	-14.704246520996094	115.0
4885	3.7859179587379725	5.429484883434735	-14.649677276611328	115.0
4905	3.841177006952465	5.363934691266821	-14.68718147277832	115.0
4926	3.561998528921621	5.322536477228247	-14.663325309753418	115.0
4946	3.518406815329398	5.370638877613086	-14.478275299072266	115.0
4964	3.619532314256749	5.480499137918405	-14.283987998962402	115.0
4982	3.619532314256749	5.480499137918405	-14.283987998962402	115.0
5001	3.5515605227730487	5.710647879039582	-14.080562591552734	113.0
5021	3.4745016783279707	5.862690791825915	-13.876376152038574	113.0
5040	3.7708654043050074	6.008975567408547	-13.651288986206055	113.0
5059	3.8149933478788687	6.086415426694162	-13.675996780395508	113.0
5079	3.7596643458858714	5.920491588891116	-13.501035690307617	113.0
5099	3.7065111580069923	5.8905472048454515	-13.589526176452637	113.0
5118	3.6748631937348333	5.980715498071799	-13.49100112915039	113.0
5138	3.447548763816968	6.000884076260245	-13.452035903930664	113.0
5157	3.324949038920366	6.095808587484399	-13.343526840209961	113.0
5176	3.293928366685267	6.145573968607056	-13.36761474609375	113.0
5196	3.170475416183763	6.260891159636224	-13.223539352416992	113.0
5215	2.9808785483701534	6.596877513015853	-13.02808666229248	113.0
5235	3.022313673040983	6.652352279563859	-12.858609199523926	113.0
5254	3.129181596527637	6.6442253473161195	-12.690617561340332	109.0
5273	2.9383367794471975	6.559697523587504	-12.937639236450195	109.0
5293	3.128362705909519	6.593769259515013	-13.079591751098633	109.0
5313	3.179402306547343	6.508157728464557	-13.106050491333008	109.0
5332	3.47571604526769	6.279680708443099	-13.0388765335083	109.0
5351	3.5884946835349725	6.319714368894577	-13.01661491394043	109.0
5371	3.5778762881547226	6.213869031880054	-13.094207763671875	109.0
5391	3.4052275551425826	5.956645244689064	-13.39962100982666	109.0
5409	3.4621687448991043	5.715507327352391	-13.436664581298828	109.0
5431	3.701202235274022	5.43795789372024	-13.262441635131836	109.0
5449	3.658709748289215	5.362895767179658	-13.177898406982422	109.0
5468	3.453003559507531	5.048668259580823	-13.212244987487793	109.0
5487	3.3264994991256778	5.155892679040752	-12.989285469055176	109.0
5507	3.251976886418094	4.844700343854898	-12.840776443481445	109.0
5526	3.1217417168136996	4.865457715677926	-12.521722793579102	109.0
5547	3.1012291773033076	4.917312261853481	-12.206633567810059	109.0
5565	3.1349534632771627	4.848450813554437	-12.1972074508667	109.0
5585	2.908758779828907	4.807045167657859	-12.070311546325684	109.0
5605	2.7128980840606287	4.6943460599047695	-12.114179611206055	109.0
5625	2.544241923866702	4.725192095693783	-12.028315544128418	109.0
5645	2.5934621849405515	4.687418110510956	-11.970144271850586	109.0
5664	2.5934621849405515	4.687418110510956	-11.970144271850586	109.0
5682	2.6169494856355993	4.973751450096566	-11.783695220947266	109.0
5701	2.9872180860945186	4.585530474359608	-11.980241775512695	109.0
5721	3.3796935313324123	4.063744954255167	-12.04371452331543	120.0
5740	3.6182733664480358	3.662645149100261	-11.846479415893555	120.0
5760	3.905400567066253	3.736991929455911	-11.802825927734375	120.0
5779	4.2160131266129115	3.599083863680883	-11.616853713989258	120.0
5800	4.4218710038452675	3.4753070463302267	-11.53596305847168	120.0
5818	3.5448337432581436	3.492274903824176	-11.671967506408691	120.0
5837	3.306963142236924	3.3981331210950345	-11.490943908691406	120.0
5857	3.314724553923163	3.378545587429173	-11.125812530517578	120.0
5876	3.436401483072979	3.422540435700422	-10.917463302612305	120.0
5896	3.6114878264348165	3.4230460177571427	-10.90995979309082	120.0
5917	3.6655509521597587	2.9498911206093927	-10.995805740356445	120.0
5935	3.4127774695647926	2.480249916545744	-10.772274017333984	139.0
5954	3.4028100514028936	2.3523195015639207	-10.660316467285156	139.0
5973	3.478019579190216	2.2834738486133146	-10.55801773071289	139.0
5993	3.4480895928767525	2.156416094707951	-10.520395278930664	139.0
6012	3.5264027967762397	1.9312564495395583	-10.639098167419434	139.0
6032	3.397784702436757	1.9852635908980998	-10.689841270446777	139.0
6051	3.208522125803733	1.8400652460892	-10.493732452392578	139.0
6071	3.0028862637700375	1.2967032669448761	-10.523160934448242	139.0
6090	3.2627421789374065	1.0513292934316911	-10.666057586669922	139.0
6110	3.548361850305156	0.99218361220923	-10.64976692199707	139.0
6130	3.481821430379083	1.1045814929704938	-10.653417587280273	139.0
6150	3.8080943202503543	1.1308885530138957	-10.762456893920898	139.0
6168	3.7299270471984323	0.8575193623927916	-10.662675857543945	137.0
6187	3.6281201182751537	0.5221108342512158	-10.733805656433105	137.0
6207	3.7969358372041957	0.3833813096930666	-10.8544921875	137.0
6227	3.783822680596714	0.43621553783256695	-10.80660629272461	137.0
6245	3.817253012304036	0.21377150263697114	-10.74608039855957	137.0
6265	3.7461681308904606	-0.2023786788464956	-10.580322265625	137.0
6284	3.9401022969489916	-0.755815906250335	-10.7514009475708	137.0
6305	3.9401022969489916	-0.755815906250335	-10.7514009475708	137.0
6325	4.43345934732311	-1.5252612366528213	-10.920880317687988	137.0
6345	4.683914127144846	-1.8114435671058737	-10.599507331848145	137.0
6365	4.790166173567471	-1.939670833562102	-10.496442794799805	137.0
6382	4.790166173567471	-1.939670833562102	-10.496442794799805	137.0
6401	4.862470603686104	-2.0427541773850946	-10.727764129638672	130.0
6421	4.858493143831068	-2.414691177866192	-10.693367958068848	130.0
6441	5.1717220598704845	-2.5701975411360727	-10.863945007324219	130.0
6460	5.143107319943262	-2.609507911714054	-10.743123054504395	130.0
6479	5.258306195514287	-2.7815399973558734	-10.491531372070312	130.0
6499	5.264091717243667	-2.867208007142553	-10.419075965881348	130.0
6518	5.439325431391058	-3.0517980345301186	-10.492060661315918	130.0
6537	5.588218713248349	-3.342751591363307	-10.343330383300781	130.0
6557	5.714630729356145	-3.733823006626655	-10.018438339233398	130.0
6579	5.914264752345042	-4.024763387446535	-9.962201118469238	130.0
6596	5.694911486197517	-4.480685975104053	-9.78809928894043	130.0
6615	5.779756964976912	-5.006827409232933	-9.948235511779785	130.0
6635	5.912135347753223	-5.521955275025598	-10.046770095825195	130.0
6654	6.33054943506491	-5.901213344268605	-9.934024810791016	128.0
6674	6.633922776096615	-5.98819322753509	-9.900278091430664	128.0
6694	6.79029530558008	-6.2339895864572945	-9.935916900634766	128.0
6714	7.1644129265500025	-6.499416272754229	-10.055314064025879	128.0
6732	7.122482638358279	-7.297067803455766	-10.087715148925781	128.0
6751	7.0824240455167615	-7.76502754612563	-10.141080856323242	128.0
6771	7.069253595408034	-7.934927024007005	-10.059526443481445	128.0
6790	7.1442165976746645	-8.15504710205907	-10.35590648651123	128.0
6809	7.6363787621900645	-8.028350593027021	-10.308362007141113	128.0
6830	7.758401046502386	-8.286923963749791	-10.360273361206055	128.0
6849	7.872635828850395	-8.631093433737322	-10.550800323486328	128.0
6868	7.827529644757389	-9.0697019832926	-10.398609161376953	128.0
6887	7.82931512204913	-9.15176632711973	-10.36871337890625	130.0
6907	8.04884670526494	-9.44956549981028	-10.160822868347168	130.0
6926	7.691056994379733	-9.838826013291886	-10.51010799407959	130.0
6946	7.741964474957324	-10.026982163726478	-10.485712051391602	130.0
6965	7.939781602568769	-10.6022340311223	-10.537873268127441	130.0
6984	8.52886174370695	-10.677811749582311	-10.514267921447754	130.0
7006	8.608531036921232	-10.750454744861853	-10.705730438232422	130.0
7027	8.939741660267137	-11.126034735061312	-10.593486785888672	130.0
7045	8.863770605449686	-11.4920084491682	-10.749673843383789	130.0
7064	8.88532603713188	-11.909109698061641	-10.851119995117188	130.0
7082	8.88532603713188	-11.909109698061641	-10.851119995117188	130.0
7102	8.926896167122479	-12.241980409149942	-10.732948303222656	130.0
7120	8.88241966428797	-12.582883159381863	-10.540120124816895	135.0
7142	8.87820809849761	-12.480862958850933	-10.62775993347168	135.0
7163	8.908268486732302	-12.671054189511212	-10.806416511535645	135.0
7179	9.071423861048494	-12.8914213913419	-10.491960525512695	135.0
7199	8.871476280979723	-12.89352681116955	-10.684762001037598	135.0
7219	8.930914345900534	-13.267301665710262	-10.755210876464844	135.0
7238	8.851420724226095	-13.245909901367655	-10.849576950073242	135.0
7258	9.096899239163879	-13.516540564237072	-11.101522445678711	135.0
7279	9.360839210901448	-13.563397023251913	-11.140410423278809	135.0
7297	9.918049288982399	-13.696293733588638	-11.326906204223633	135.0
7316	9.998735321229598	-14.06612471136935	-11.452803611755371	135.0
7336	10.134296235666785	-14.458559729406506	-11.67959976196289	135.0
7355	10.320449229412214	-14.711990745412896	-11.69775104522705	135.0
7374	10.354647716617846	-14.954602273650679	-11.838491439819336	129.0
7394	10.508048370804929	-15.539352699788022	-11.756427764892578	129.0
7413	10.439526520828796	-15.497955567787622	-11.923312187194824	129.0
7432	10.28998195884649	-15.765618270352334	-12.290987014770508	129.0
7452	10.190826386967375	-16.274746848185142	-12.385416030883789	129.0
7471	9.905303461444655	-16.285242403734316	-12.569658279418945	129.0
7491	9.922668380161735	-16.769174869293128	-12.838964462280273	129.0
7511	9.667258240944344	-17.496504497607162	-13.198297500610352	129.0
7529	9.764520338249156	-18.167219378075565	-13.028705596923828	129.0
7549	9.891404968790459	-18.509184430605284	-13.383890151977539	129.0
7568	10.017021970815993	-18.950841573816653	-13.828167915344238	129.0
7588	10.232700585153804	-19.70943685994502	-14.093446731567383	129.0
7608	9.661915804652242	-20.170558544815417	-14.942368507385254	125.0
7628	9.799593519392689	-21.081813976258392	-15.5316801071167	125.0
7646	9.768438351851591	-21.533523947068403	-15.944186210632324	125.0
7665	9.751313302752282	-21.7069327351162	-16.609304428100586	125.0
7685	10.374547639607615	-21.431548943238997	-17.697345733642578	125.0
7706	10.332719970185916	-21.753072495415907	-18.446292877197266	125.0
7725	9.732319990211009	-22.48885401025134	-19.336952209472656	125.0
7745	9.47434239694712	-22.935089903284474	-20.041837692260742	125.0
7765	9.47434239694712	-22.935089903284474	-20.041837692260742	125.0
7782	10.261841759137209	-22.917162350976778	-20.609127044677734	125.0
7802	10.379045947658481	-22.695720973293838	-21.278913497924805	125.0
7822	10.663053901607768	-22.73208597009526	-22.108184814453125	125.0
7843	10.40434886288059	-22.93521629445564	-23.128925323486328	127.0
7860	9.85223115574633	-23.082617569161215	-23.83043098449707	127.0
7880	9.897238098120722	-23.228613512128796	-24.45519256591797	127.0
7900	10.391681654223119	-23.08589545426435	-24.92682456970215	127.0
7919	10.528442809444007	-23.113987176869777	-25.562313079833984	127.0
7938	10.722903993720196	-22.766599550065088	-26.30631446838379	127.0
7958	10.91322887300073	-22.509925900560756	-27.212839126586914	127.0
7976	11.495227118249462	-22.22655550676135	-27.644065856933594	127.0
7996	11.737962976278045	-22.052268816187333	-28.125293731689453	127.0
8016	11.41347803707381	-21.69201653717409	-28.954957962036133	127.0
8036	11.358220092148002	-21.23435372628898	-29.508438110351562	127.0
8055	11.794543180821881	-20.595863082412812	-29.99434471130371	127.0
8077	12.057046064880883	-19.86225109987093	-30.119380950927734	127.0
8094	12.339440773984498	-19.076636668840433	-30.267221450805664	135.0
8113	12.011503295810112	-18.728264984621365	-30.499080657958984	135.0
8132	11.810758739975896	-18.485703835096764	-30.684463500976562	135.0
8152	11.991355850214955	-18.137296538989204	-30.6785945892334	135.0
8171	12.045558421909275	-17.590657270892464	-30.62472152709961	135.0
8191	12.157002976501499	-16.679952149266462	-30.74403953552246	135.0
8210	12.24238926536219	-16.072071843117303	-30.630817413330078	135.0
8230	12.070440061641712	-15.877086739629702	-30.5804443359375	135.0
8249	11.851984948978268	-15.625089149146309	-30.60877227783203	135.0
8269	11.63607227233831	-15.393979243296855	-30.49237060546875	135.0
8291	11.602454107686162	-14.882086146272798	-30.285276412963867	135.0
8308	12.7994458919827	-13.68929137540309	-29.819284439086914	135.0
8327	12.910311250305272	-13.669217369071124	-29.543357849121094	133.0
8346	12.639465488240624	-13.864192605066858	-29.37488555908203	133.0
8366	11.95905514912681	-13.586826385351396	-29.0924072265625	133.0
8385	11.060600525247214	-13.265137222803602	-29.138347625732422	133.0
8406	10.63960186699469	-13.258770285009543	-28.915536880493164	133.0
8426	10.135044160596276	-13.499818876702808	-28.727828979492188	133.0
8445	10.044869526211226	-13.308489196430644	-28.269699096679688	133.0
8464	10.746203606299146	-12.640713859018955	-28.089996337890625	133.0
8483	10.746203606299146	-12.640713859018955	-28.089996337890625	133.0
8502	10.785587430946423	-12.549527416932557	-27.760448455810547	133.0
8522	10.74439437058639	-12.530212550536328	-27.2208309173584	133.0
8541	10.938436436959128	-12.691382194338301	-27.067598342895508	133.0
8560	10.957999371926832	-12.389826841952193	-27.001272201538086	125.0
8580	10.909653828471571	-11.958858616227062	-26.69297218322754	125.0
8600	11.257721499823823	-11.528128454201106	-26.19574737548828	125.0
8619	11.428607571805552	-11.680776169857147	-26.10837173461914	125.0
8641	11.028181171827173	-11.581305373428652	-25.974903106689453	125.0
8658	11.014108733700954	-11.444402933296857	-25.952754974365234	125.0
8677	11.24439506167015	-11.152861710567924	-25.597389221191406	125.0
8697	11.537202317894508	-10.626062413905188	-25.35971450805664	125.0
8716	11.317287311514056	-10.613399770011364	-25.105751037597656	125.0
8736	10.84100723304764	-10.986698664710406	-25.34396743774414	125.0
8755	11.306001899874452	-11.074847172640187	-25.072715759277344	125.0
8774	10.944001066796702	-10.74909146701038	-24.8125057220459	125.0
8793	10.698015420438484	-11.053607533550416	-24.335405349731445	125.0
8812	9.786853341443038	-11.288564901502896	-24.152524948120117	125.0
8832	9.88508577142987	-9.9393220212088	-24.659626007080078	125.0
----------------도착----------------
8852	9.469954342187405	-10.609138840507429	-24.12266731262207	125.0
8871	10.3195863662807	-10.872476451925806	-23.428531646728516	125.0
8890	11.395345053011862	-9.844841108684182	-23.08907699584961	125.0
8910	11.476754060066812	-8.94183842522232	-23.246400833129883	125.0
8929	11.325221843119591	-9.140751614723165	-23.147714614868164	125.0
8949	10.83191755946291	-9.780110489720315	-22.922767639160156	125.0
8968	10.249245489313637	-10.427965288007883	-22.790159225463867	125.0
8987	9.60995237923802	-10.180485912118119	-23.07009506225586	125.0
9007	9.874018469419713	-9.713991996849225	-23.422128677368164	125.0
9026	10.197554130084727	-9.020344963294535	-23.224449157714844	125.0
9046	10.054533991812516	-8.604809132952017	-23.120662689208984	127.0
9066	10.422733194053468	-8.095932866785546	-22.556461334228516	127.0
9087	10.019278429982203	-8.180123062350424	-22.473033905029297	127.0
9106	9.911030768440101	-8.426273274123124	-22.517757415771484	127.0
9125	9.380118838077317	-8.504814610866786	-22.512996673583984	127.0
9144	8.990437703866911	-8.695183710759444	-22.376487731933594	127.0
9164	9.012838010137065	-8.53926029132401	-22.059310913085938	127.0
9182	9.012838010137065	-8.53926029132401	-22.059310913085938	127.0
9201	9.064611158675294	-9.005436309141652	-22.100513458251953	127.0
9220	9.369064432979506	-9.006367101977785	-22.032657623291016	127.0
9240	9.378151065366966	-8.80836078944501	-22.168556213378906	127.0
9260	9.823725365203954	-8.392051494018233	-22.16912078857422	127.0
9279	9.50772657806846	-8.563355304620947	-22.139925003051758	134.0
9299	9.478893943199576	-8.535069518506058	-22.130084991455078	134.0
9319	9.16673016707456	-8.305179964187792	-22.259077072143555	134.0
9338	9.087356250453347	-8.331992862307034	-22.18267250061035	134.0
9358	8.835936894900176	-7.694869102046247	-21.964414596557617	134.0
9376	8.40691924445633	-7.459004292761434	-21.77903938293457	134.0
9396	8.039813285058836	-7.521804930423396	-21.647048950195312	134.0
9415	7.6082303493281875	-7.651112294143501	-21.412063598632812	134.0
9435	7.621914075824555	-7.521594690348797	-21.315231323242188	134.0
9455	7.480008089598305	-7.466272248471969	-21.30835723876953	134.0
9474	8.033579974177526	-7.14867469683074	-21.084613800048828	134.0
9493	8.34100779462614	-6.69412799928466	-21.112041473388672	134.0
9513	8.099732004185233	-6.850398595981203	-21.257122039794922	134.0
9532	8.410548914279824	-6.763340577760274	-21.296072006225586	132.0
9553	8.268483873761028	-6.707449015352102	-21.5495548248291	132.0
9572	8.783945148495224	-6.347175344242486	-21.341760635375977	132.0
9590	8.816005724984311	-6.264446922309535	-21.052602767944336	132.0
9609	8.491300517115215	-6.370911282691714	-20.827585220336914	132.0
9629	8.5820985698843	-6.397763697335654	-20.65039825439453	132.0
9649	8.450253536854941	-6.37474455969829	-20.40715789794922	132.0
9669	8.443217011904874	-6.121018180357265	-20.47355842590332	132.0
9688	8.412253047606738	-6.204172497627992	-20.440797805786133	132.0
9707	8.12605408692824	-6.216532764914573	-20.439746856689453	132.0
9727	8.154953407180207	-6.308087961875123	-20.293895721435547	132.0
9746	8.289185872284222	-6.0838843027282135	-20.209388732910156	132.0
9765	8.21634041698546	-6.002086843090346	-19.964675903320312	125.0
9785	7.903801963031527	-6.217654827311331	-20.262405395507812	125.0
9805	7.526238840433949	-6.18460533018905	-20.42918586730957	125.0
9825	7.40790207557543	-6.487445120480989	-20.312789916992188	125.0
9844	7.452901324327349	-6.102908894850306	-20.33324432373047	125.0
9865	7.8150684258866345	-5.916737814417979	-20.15972328186035	125.0
9882	7.8150684258866345	-5.916737814417979	-20.15972328186035	125.0
9902	7.627242865031635	-5.922524496949143	-20.406972885131836	125.0
9921	7.394833081275066	-6.049033497995693	-20.687515258789062	125.0
9940	7.551725868724784	-6.1022813365471755	-20.776817321777344	125.0
9960	7.6310187246697785	-6.27334766537839	-20.328460693359375	125.0
9979	7.719926003111466	-6.435313607942961	-20.290353775024414	125.0
9999	7.859208571616403	-6.249159861078012	-19.981830596923828	125.0
10019	7.786826551578565	-6.2866423033960075	-19.777786254882812	125.0
10038	7.75097923000963	-6.426554142406455	-19.759416580200195	125.0
10057	7.656444432258607	-6.331973955468996	-19.648530960083008	125.0
10076	7.816219896035468	-6.144239227075054	-19.539867401123047	125.0
10096	8.125043881037458	-6.147049573463641	-19.639705657958984	125.0
10116	8.204613500975224	-6.1702491786983416	-19.633792877197266	125.0
10135	7.991372887051186	-6.348116178589644	-19.431642532348633	125.0
10154	7.605780947017747	-6.235222759707974	-19.66580581665039	125.0
10174	7.654822694550793	-6.111806682071114	-19.775617599487305	125.0
10193	7.541934697103887	-5.885626221679175	-19.661935806274414	125.0
10212	7.539225616295675	-5.823163270249832	-19.712799072265625	125.0
10233	7.144043923753482	-5.9862373261410955	-19.6068115234375	125.0
10252	6.989928691258738	-5.856460523951351	-19.53714942932129	128.0
10271	7.03769788647869	-5.742969571635878	-19.671409606933594	128.0
10291	7.149500355015279	-5.574673948060001	-19.963993072509766	128.0
10310	7.420733605456037	-5.823623383117496	-19.793304443359375	128.0
10329	7.46318113882387	-5.78321903787302	-19.529067993164062	128.0
10349	7.611568612646067	-5.409179468552593	-19.753189086914062	128.0
10369	7.828898433288126	-5.519021252355652	-19.517234802246094	128.0
10388	7.9216382715211235	-5.54058771464722	-19.54990577697754	128.0
10407	7.924681376899525	-5.400370968859071	-19.521514892578125	128.0
10426	7.123979309639645	-5.767979087629214	-19.60759735107422	128.0
10445	7.235153361051545	-5.656895615420751	-19.427562713623047	128.0
10467	7.747821970722709	-5.157607555470704	-19.3892765045166	128.0
10485	7.777566783708531	-5.116730839977725	-19.69105339050293	135.0
