5	-8.296581529726481	-10.671284085435445	-10.922640800476074	92.0
25	-7.716760845307253	-11.51199917022135	-10.845540046691895	92.0
45	-7.45552051104878	-12.276803400679489	-10.847794532775879	92.0
64	-7.222282099028485	-12.361195013670027	-10.750362396240234	92.0
83	-7.0379593535708995	-12.709316050720986	-11.176255226135254	92.0
103	-6.581486919873943	-13.512019313247546	-11.674952507019043	92.0
122	-6.430070421698211	-13.705581678198325	-11.555527687072754	128.0
141	-6.870372406206939	-14.740015023147754	-10.916024208068848	128.0
162	-7.222262404056497	-15.179624663660242	-10.078573226928711	128.0
180	-7.410550456874875	-15.502600095707226	-9.734786033630371	128.0
200	-7.465854081696668	-15.74228577608928	-9.833971977233887	128.0
219	-8.030883068664178	-16.174464402994666	-9.911585807800293	128.0
238	-8.548438241367135	-16.483830902909958	-9.659980773925781	128.0
258	-9.19778767451823	-16.23664857675662	-9.275146484375	128.0
278	-9.437819639763234	-16.560111894204226	-9.710613250732422	128.0
298	-8.802256902569198	-16.796429401777278	-10.314943313598633	128.0
317	-8.087248424657002	-17.420637556461	-10.796793937683105	128.0
338	-9.063617147203535	-17.420209114389	-11.028900146484375	128.0
358	-9.063617147203535	-17.420209114389	-11.028900146484375	128.0
374	-7.072795965934059	-18.647293256248744	-11.35263442993164	136.0
394	-7.5013615712597685	-19.062266345765465	-10.857389450073242	136.0
414	-7.349508866267947	-19.47145031787179	-11.566960334777832	136.0
433	-7.198339853965951	-20.461050583969485	-10.812007904052734	136.0
452	-8.676374962662154	-20.66919321321703	-10.021026611328125	136.0
472	-8.477501395890892	-20.398185120673247	-11.2667236328125	136.0
492	-9.485670059097759	-20.383163738642608	-11.139759063720703	136.0
511	-9.704590235815141	-20.378721399735834	-11.422139167785645	136.0
531	-9.762261138442136	-20.593412033554664	-11.394710540771484	136.0
550	-9.339434079712875	-21.044689589386287	-11.338041305541992	136.0
569	-9.17505351845705	-21.39822442979228	-10.69581413269043	136.0
588	-9.286919613414536	-22.281966290814587	-9.187705039978027	136.0
608	-8.221041035500752	-22.30067811814689	-10.110267639160156	123.0
628	-8.494628468788221	-22.22889949952339	-10.766441345214844	123.0
647	-8.296969045765444	-22.336517810177433	-11.081937789916992	123.0
666	-8.604632207980773	-23.119707435748182	-10.171224594116211	123.0
686	-8.52555231999374	-23.30207849443697	-10.575892448425293	123.0
705	-8.757315975996686	-23.64248867797992	-10.612777709960938	123.0
725	-8.601978593538412	-23.958172658689847	-10.401742935180664	123.0
744	-8.480503859381045	-23.784549202333384	-11.043798446655273	123.0
764	-8.322509298529342	-23.898138321981005	-11.543209075927734	123.0
783	-7.710274343984888	-24.22795541248721	-11.361238479614258	123.0
802	-7.786890035459975	-24.8853578119483	-10.576911926269531	123.0
822	-8.051232782724737	-25.31351642432744	-9.764238357543945	123.0
842	-7.910079387707037	-25.688472076079716	-9.085515975952148	90.0
861	-7.146707422684786	-25.69838703881984	-8.734941482543945	90.0
881	-7.031514503239526	-25.704212143921588	-8.974188804626465	90.0
900	-6.6987872276618825	-26.107295729929554	-9.519990921020508	90.0
920	-6.934096154647786	-25.94814924798473	-10.425956726074219	90.0
939	-7.250708624027136	-26.04327438968421	-10.729642868041992	90.0
958	-7.073704810028385	-26.021740037676743	-11.09449577331543	90.0
977	-6.900676211664171	-25.8674726765496	-11.437861442565918	90.0
998	-6.653810020320524	-26.103522752244515	-11.38226318359375	90.0
1018	-6.73986716463852	-26.634003769560014	-11.019861221313477	90.0
1038	-6.972941585251295	-26.980647151227856	-10.847738265991211	90.0
1057	-6.972941585251295	-26.980647151227856	-10.847738265991211	90.0
1075	-7.030734554109194	-27.10835787279236	-10.217948913574219	90.0
1094	-6.82840959449864	-27.39269852390528	-9.491181373596191	90.0
1114	-6.710037192585151	-27.48416175596323	-9.10707950592041	90.0
1133	-6.716496255883463	-27.381502876470957	-9.446847915649414	90.0
1153	-6.546037296744175	-27.33371839087725	-9.838624954223633	90.0
1172	-6.321094739080755	-27.394861367306437	-9.430965423583984	90.0
1193	-6.091915882248559	-27.572698418322545	-9.27208137512207	90.0
1211	-5.850903298173291	-27.322584953724263	-9.433808326721191	90.0
1230	-5.795124082240232	-27.241781338587312	-9.805641174316406	90.0
1249	-6.481156352810836	-27.190428389253526	-9.699280738830566	90.0
1270	-6.881904879712838	-26.754994640201954	-10.208574295043945	90.0
1288	-6.679097408647081	-26.57949811824182	-10.70892333984375	90.0
1308	-6.817826905252208	-26.844641140214623	-10.03373908996582	90.0
1327	-7.245331877503335	-27.099095132103454	-9.440779685974121	92.0
1347	-7.2426910738643855	-27.02428024590141	-9.549346923828125	92.0
1367	-7.192027160443759	-27.176924644281513	-9.936652183532715	92.0
1386	-7.201971649345023	-26.996723589878382	-9.91813850402832	92.0
1406	-7.205601602233013	-27.002001781776936	-9.679960250854492	92.0
1425	-7.353853122541349	-26.87458392884109	-10.030341148376465	92.0
1444	-7.4667785269776985	-26.625246563265048	-9.821599960327148	92.0
1463	-7.199961400453463	-26.420165584265757	-9.596027374267578	92.0
1483	-6.607647737213182	-26.320928732083658	-9.957618713378906	92.0
1502	-6.383269160721165	-26.07566146098854	-10.207893371582031	92.0
1523	-6.928337571585016	-25.84856109515616	-10.098581314086914	92.0
1542	-7.291631719401696	-25.831736075740828	-10.130783081054688	92.0
1562	-7.517128293273603	-26.01892094458739	-9.642921447753906	103.0
1581	-7.141561751488118	-26.306841658227256	-9.329680442810059	103.0
1600	-7.196443776710841	-25.99864956617789	-9.581489562988281	103.0
1619	-7.13344118258039	-26.467502522171028	-9.174076080322266	103.0
1639	-8.132181744085132	-25.774139391285193	-9.827113151550293	103.0
1658	-7.512088354192989	-25.64328010200184	-9.992105484008789	103.0
1678	-7.324050245224757	-25.86826982085743	-8.794808387756348	103.0
1698	-7.332173803268195	-25.19293024107935	-9.435166358947754	103.0
1717	-7.242007119158116	-24.75165717700982	-9.444011688232422	103.0
1738	-7.302810738904602	-24.246099728110856	-9.484296798706055	103.0
1757	-7.302810738904602	-24.246099728110856	-9.484296798706055	103.0
1776	-7.8064369637358615	-24.44339235746666	-8.739400863647461	103.0
1796	-7.939734019426396	-24.13804337990477	-8.798273086547852	103.0
1814	-7.9541782108557735	-23.586254022864658	-9.331727981567383	114.0
1834	-8.085955138165179	-23.41266415447858	-9.112375259399414	114.0
1854	-8.601238968839182	-23.04430638175116	-9.512563705444336	114.0
1872	-8.394840756152448	-23.067723862595884	-9.283393859863281	114.0
1892	-8.34489433330165	-23.060245302694803	-8.917007446289062	114.0
1911	-8.655907909891672	-22.837216810876022	-9.104330062866211	114.0
1930	-8.56436489335179	-22.783822994912356	-9.434648513793945	114.0
1950	-9.007949723853466	-22.558497210602187	-9.080743789672852	114.0
1969	-9.073931958640484	-22.545480166332744	-8.777840614318848	114.0
1989	-9.401582795875349	-22.368755701579243	-8.952324867248535	114.0
2008	-9.189967306261657	-22.074050974160897	-8.615266799926758	114.0
2028	-9.43007928566879	-22.04734895483998	-8.453889846801758	114.0
2047	-9.571848805618155	-21.85594318459466	-8.22004508972168	107.0
2066	-9.659086836374522	-21.633431662305675	-8.085234642028809	107.0
2086	-9.8766970670407	-21.29618354744226	-7.891379356384277	107.0
2105	-10.466748517292418	-20.563189555580973	-7.952954292297363	107.0
2126	-10.568347111438001	-20.340339769064727	-7.896640777587891	107.0
2144	-10.576081645531215	-20.191575059295985	-8.081704139709473	107.0
2164	-10.77825438111884	-19.909312839301865	-7.795238494873047	107.0
2183	-10.779761965917453	-19.701313538114977	-7.88625955581665	107.0
2203	-10.348938667132481	-19.50891709278146	-8.221057891845703	107.0
2222	-10.081009532463185	-19.548692804770777	-8.396356582641602	107.0
2241	-10.013860537124138	-19.339847701368893	-8.521186828613281	107.0
2261	-9.691410926452832	-19.164134471624536	-8.930805206298828	107.0
2280	-9.727789382973139	-18.418772952937996	-9.237634658813477	107.0
2300	-9.726496930847967	-17.659344180875294	-9.387895584106445	102.0
2320	-9.05370718344151	-17.565862993311264	-9.58786392211914	102.0
2339	-8.336005571923518	-17.11826307030636	-9.848785400390625	102.0
2358	-9.506567434952581	-16.080434733535927	-10.049100875854492	102.0
2378	-10.351547018576237	-15.947477470064555	-8.766424179077148	102.0
2397	-11.302399913256018	-15.95013154489731	-5.8148579597473145	102.0
2418	-11.302399913256018	-15.95013154489731	-5.8148579597473145	102.0
2438	-7.243163579168428	-16.741208937377493	-8.073720932006836	102.0
2457	-6.637832082110301	-16.33281694636255	-8.892224311828613	102.0
2475	-6.637832082110301	-16.33281694636255	-8.892224311828613	102.0
2494	-7.553872431956838	-15.935485779019865	-8.77279281616211	102.0
2514	-8.463097241338946	-15.525432197733771	-8.367446899414062	102.0
2533	-8.906685488305403	-14.9111363386204	-8.48560619354248	89.0
2553	-9.609406217462256	-13.510231699572627	-9.037074089050293	89.0
2572	-10.35249035571153	-12.440872785624247	-9.181312561035156	89.0
2592	-11.123735174999686	-11.913392692657593	-8.194427490234375	89.0
2611	-11.901531231133422	-11.885709752360611	-6.876331329345703	89.0
2630	-12.313832409477635	-11.55842198716846	-6.392183303833008	89.0
2650	-12.368836908159308	-10.969340437876635	-6.097384929656982	89.0
2669	-12.64863533871164	-10.381003768148396	-5.9929962158203125	89.0
2689	-12.899399887005327	-9.752840704829667	-5.887578010559082	89.0
2708	-13.178644619321423	-9.213176687591499	-5.462640285491943	89.0
2728	-13.291281669054543	-8.845658782156766	-4.960969924926758	89.0
2747	-13.751032496175005	-8.540375124594355	-4.379777908325195	89.0
2766	-13.812388205220856	-7.8663981245217105	-4.332154273986816	80.0
2786	-13.641336940182176	-7.72742463835041	-4.495035648345947	80.0
2806	-13.705500481762181	-7.516096390144137	-5.057462692260742	80.0
2825	-13.784053832086002	-6.900240795748691	-5.305646896362305	80.0
2844	-13.669088789551298	-6.819356905882533	-5.465127468109131	80.0
2864	-13.23354971165084	-6.774135633198523	-5.925533771514893	80.0
2883	-13.457589617438753	-6.827603015617299	-6.1172099113464355	80.0
2902	-13.53412507887178	-6.702633948003295	-5.785172462463379	80.0
2922	-13.501397999187455	-6.847748916452917	-5.348289489746094	80.0
2941	-13.249544385615293	-6.916058419377226	-6.2280354499816895	80.0
2961	-12.662402072192224	-6.851122758753682	-7.025592803955078	80.0
2980	-12.24721207689087	-6.811049841383743	-7.744156837463379	80.0
3002	-11.699904783149343	-6.929885944220003	-8.341889381408691	80.0
3020	-11.350583000043951	-6.798446045930131	-8.31454086303711	78.0
3039	-11.827701400178746	-6.560278454011313	-7.745106220245361	78.0
3058	-12.564160660246916	-6.241924311704527	-6.31870174407959	78.0
3077	-12.640999832910744	-6.339403945484122	-6.097232818603516	78.0
3098	-12.57625727174415	-6.445770632152241	-5.556886196136475	78.0
3118	-12.451175502878005	-6.633307651842782	-5.542426109313965	78.0
3138	-12.426575769026426	-6.810863235809651	-5.5220232009887695	78.0
3157	-12.197957368668924	-6.757321692556146	-5.751526832580566	78.0
3175	-12.197957368668924	-6.757321692556146	-5.751526832580566	78.0
3195	-12.098208204451526	-6.976605264185596	-5.9202094078063965	78.0
3214	-12.118472513851021	-6.964514068233672	-5.694482326507568	78.0
3234	-11.991270829040607	-7.151007591907184	-5.837294578552246	78.0
3252	-11.685557137358385	-7.271297811490579	-6.50954532623291	76.0
3272	-11.224219353761326	-7.259320708820362	-7.096406936645508	76.0
3291	-10.971085571845885	-6.906938354047418	-7.57388162612915	76.0
3311	-10.957663055086	-6.424370512140119	-7.913656234741211	76.0
3330	-10.935611990014502	-6.093305562395811	-8.302020072937012	76.0
3350	-11.142334962051926	-5.746016979408156	-8.6669921875	76.0
3370	-11.375632338072325	-5.2017397331567015	-8.432466506958008	76.0
3389	-12.134515708608038	-5.047640613214691	-7.271859169006348	76.0
3408	-12.802718143616096	-4.926874943131898	-5.913476943969727	76.0
3427	-13.120904528908067	-4.9078683563953795	-5.55102014541626	76.0
3447	-13.466137991693909	-4.673417638278347	-5.164981842041016	76.0
3467	-13.763054356933191	-4.638986806572368	-4.283939838409424	76.0
3487	-14.314932064973815	-4.225850473678558	-3.027919292449951	76.0
3506	-14.55948031791681	-3.802269303206437	-2.565276622772217	76.0
3524	-14.551361018082028	-3.8406776935060467	-2.7896289825439453	76.0
3544	-14.622883359812247	-3.7149016226852014	-2.75736141204834	76.0
3564	-14.699114062749885	-3.7292982843554614	-2.8032684326171875	76.0
3583	-14.76544255051772	-3.5503563424508373	-2.7721381187438965	76.0
3603	-14.86262531514595	-3.5482035957886398	-3.2691268920898438	76.0
3622	-14.91436942079986	-3.270247055890868	-2.647824764251709	76.0
3641	-14.953223989182316	-3.2135032286040395	-2.5561275482177734	76.0
3661	-14.601919330725009	-3.1745487357872437	-3.657031297683716	76.0
3680	-14.217668869607154	-2.936305270284914	-4.733162879943848	76.0
3700	-14.058082323196375	-2.936717618741123	-5.143313884735107	76.0
3720	-13.521849138851731	-3.1380666090056124	-5.380959510803223	76.0
3739	-12.809217509978234	-3.4174129061760365	-5.900126934051514	88.0
3758	-12.285756081035807	-3.813602178837246	-6.47048282623291	88.0
3778	-11.633970193164622	-4.403565103955801	-6.857549667358398	88.0
3798	-11.044791599315953	-5.157627762415255	-6.541093826293945	88.0
3818	-10.424458218740945	-5.784877056201185	-6.260068416595459	88.0
3838	-9.7946010031347	-6.606523974116208	-5.924895286560059	88.0
3857	-8.842160549632307	-7.595805997093271	-5.382481575012207	88.0
3875	-8.842160549632307	-7.595805997093271	-5.382481575012207	88.0
3894	-8.029757300273612	-8.495351552558555	-5.044494152069092	88.0
3915	-7.110653017667532	-9.37428543739361	-4.344061851501465	88.0
3933	-5.629728892836727	-10.26966293200622	-4.004015922546387	88.0
3953	-4.436907221783808	-10.99134671150196	-3.6188206672668457	88.0
3972	-3.1606498688322713	-11.54384720526165	-3.7462477684020996	107.0
3991	-2.233889707118386	-12.133967933884621	-3.664984703063965	107.0
4011	-1.2539557260901013	-12.567483682677413	-3.916379690170288	107.0
4031	-0.2957019355694406	-13.52174538021397	-3.995328426361084	107.0
4050	0.9444517011539153	-14.143074070578857	-3.595280170440674	107.0
4070	2.313303393900347	-14.619911026979755	-3.5611019134521484	107.0
4088	2.8890746346339915	-14.976516319528871	-4.055188179016113	107.0
4108	3.4007912426441735	-15.326985172202603	-4.341632843017578	107.0
4128	4.159419844195728	-15.53115005209193	-4.677990913391113	107.0
4147	5.100376926702722	-15.72822055194765	-4.767855644226074	107.0
4167	5.379473577786274	-15.818228796984982	-5.08470344543457	107.0
4186	5.279801082535238	-15.74259472507639	-6.349270820617676	107.0
4205	5.068793801684917	-16.110437735330187	-6.333142280578613	123.0
4225	5.171756645189262	-16.155883809389593	-6.004214286804199	123.0
4244	5.052850062505395	-16.723443576315066	-5.662713527679443	123.0
4264	4.420894848581067	-17.320635775191846	-5.848270416259766	123.0
4284	4.1211976435934945	-17.50560939382305	-6.435143947601318	123.0
4303	4.339691028402883	-17.9277448650112	-6.650910377502441	123.0
4322	4.034092935522506	-18.237588407085777	-6.757944583892822	123.0
4341	3.5708918132929934	-18.3796843395558	-7.212710380554199	123.0
4361	3.5527769188573974	-18.559965574770583	-7.58711576461792	123.0
4381	3.1608179460238763	-19.37464551619991	-7.571410655975342	123.0
4401	3.257637853694882	-19.446367847345442	-7.491408824920654	123.0
4420	3.211345064346815	-19.53406604508629	-7.562755584716797	123.0
4439	3.268876994209784	-19.752544551507658	-7.402938365936279	123.0
4458	3.1704479152529483	-19.54793659291165	-7.816056251525879	134.0
4477	3.5196132355879524	-19.61584428774963	-8.062783241271973	134.0
4498	3.8280180668787125	-19.53644454744656	-7.976704120635986	134.0
4518	3.749241214972375	-19.694891444551377	-7.68734884262085	134.0
4537	4.144821674185639	-19.367708931712738	-7.861897945404053	134.0
4557	4.397285984943978	-19.603438666468172	-7.74936580657959	134.0
4574	4.397285984943978	-19.603438666468172	-7.74936580657959	134.0
4594	4.9258022464522115	-19.479793017305763	-7.708858966827393	134.0
4614	4.787560291635721	-19.69978032343523	-7.200064182281494	134.0
4634	4.594285710516108	-20.02506346380776	-6.193514347076416	134.0
4652	4.165534079405454	-20.346600485465075	-5.378452777862549	134.0
4672	3.846104056815117	-20.666698752865297	-4.833722114562988	134.0
4691	3.95187210312646	-20.947777021259977	-4.586923599243164	134.0
4711	4.065024035045484	-21.192823733665854	-4.8842363357543945	134.0
4730	3.866036609987245	-21.088283175281312	-5.729874610900879	134.0
4751	3.373186621150755	-21.20101583031404	-6.532843112945557	134.0
4769	3.5922083196842824	-21.549820462364984	-6.833866119384766	134.0
4789	3.9184162722981855	-21.655692245760143	-7.453922748565674	134.0
4808	3.832937920401954	-22.100374904420725	-8.053791046142578	134.0
4828	3.62371451509499	-22.863484800815495	-7.829806804656982	134.0
4847	3.5719209666078426	-23.44169058769495	-7.335759162902832	134.0
4867	3.346169402800442	-24.10768843641981	-6.4402971267700195	134.0
4886	2.690887408420893	-24.710642065612916	-5.459765434265137	134.0
4905	2.1014313745260966	-25.210194319556845	-4.924840927124023	134.0
4925	1.1634942115502274	-25.52606390710462	-5.103331089019775	134.0
4945	0.6911361582962985	-25.92169578683424	-5.029568672180176	134.0
4964	0.6701616213341903	-26.26861971157311	-4.939840316772461	134.0
4983	0.310518009075009	-26.251217088046197	-5.104860305786133	134.0
5003	-0.21312357632452114	-26.563392195139656	-5.265573024749756	134.0
5022	-0.26343674647731186	-26.889180028552722	-5.23037052154541	134.0
5042	-0.3529890485521085	-27.46177199955277	-5.6988630294799805	134.0
5062	-0.7554117579468309	-27.894644167622904	-5.604396820068359	134.0
5081	-0.8778781090556447	-28.136179517957306	-4.9962029457092285	134.0
5100	-0.7550117369922653	-28.561363271574336	-4.361305236816406	134.0
5119	-0.5600636737777982	-28.57019501698385	-4.550382614135742	134.0
5139	-0.477020118405657	-29.02325570425029	-4.875836372375488	134.0
5158	-0.48554098439910753	-29.221375177099766	-4.245806694030762	134.0
5177	-0.46968199300658736	-29.492939423340452	-3.863862991333008	135.0
5199	-0.8500533607469021	-29.35789142968211	-4.221192359924316	135.0
5217	-1.1700272850791003	-29.474987944065386	-5.563956260681152	135.0
5238	-1.1700272850791003	-29.474987944065386	-5.563956260681152	135.0
5257	-1.5838749336028732	-29.77433707657231	-6.266258239746094	135.0
5275	-1.5838749336028732	-29.77433707657231	-6.266258239746094	135.0
5294	-1.3745759171598446	-30.2074830677925	-5.289022922515869	135.0
5315	-1.5254419894090012	-30.416119139244678	-4.737077713012695	135.0
5334	-1.762728168237245	-30.57235312625573	-4.730710029602051	135.0
5353	-1.79271338423676	-30.529828813933648	-4.422416687011719	135.0
5372	-1.7646756164940467	-30.526248350185696	-4.718988418579102	135.0
5392	-2.0028557614674134	-30.571212059264564	-4.206725120544434	135.0
5411	-2.3480315152004536	-30.28580607553932	-4.267269134521484	136.0
5431	-3.2045525202791025	-30.05575063003222	-4.6881513595581055	136.0
5450	-3.692174549770107	-29.645689022725815	-4.625785827636719	136.0
5469	-4.131949180183401	-29.281861525911523	-4.1341776847839355	136.0
5489	-4.1161050876177105	-29.125554164899448	-3.495022773742676	136.0
5508	-4.699916666592929	-28.748495402258175	-3.48455810546875	136.0
5528	-5.369809526399817	-28.326405624852928	-3.376046657562256	136.0
5547	-5.761047013827095	-27.79176091303984	-2.6238136291503906	136.0
5567	-5.775847337817906	-27.691206792394993	-2.863856792449951	136.0
5586	-5.791943782003672	-27.403281444955542	-3.0571694374084473	136.0
5606	-5.9071954247620795	-27.232440941409227	-3.4090867042541504	136.0
5625	-5.794018025212854	-27.160786208080456	-4.339715957641602	136.0
5647	-6.0571153880110264	-26.879838930134206	-4.443040370941162	130.0
5664	-5.940614467003877	-26.80759828442446	-4.437530517578125	130.0
5683	-5.517508296637437	-26.86926565292289	-4.575159549713135	130.0
5702	-5.56345536344976	-26.84830193251498	-4.389142990112305	130.0
5722	-5.900905677482097	-26.61503313282958	-3.893049716949463	130.0
5743	-6.15065280726112	-26.61328878324698	-4.210360527038574	130.0
5762	-6.076431735118399	-26.6619614964967	-4.725383758544922	130.0
5781	-5.875397000610649	-26.732282712117726	-4.750990390777588	130.0
5800	-5.912687434250146	-26.621253083820463	-4.097695827484131	130.0
5819	-6.391654236590503	-26.60531169092266	-3.3776631355285645	130.0
5839	-6.430387591098441	-26.64932689862175	-2.793069839477539	130.0
5859	-6.43841642371884	-26.77536105499516	-3.1668434143066406	130.0
5878	-6.419328192724522	-26.811028264947517	-3.6637187004089355	130.0
5898	-6.457819110026644	-26.69556187677809	-3.9455251693725586	130.0
5918	-6.260896537672631	-26.805729186800313	-3.8733057975769043	130.0
5938	-6.018296691493406	-26.489766409556	-4.453781604766846	130.0
5957	-6.10690477731075	-26.605749479906052	-5.348135948181152	130.0
5976	-6.10690477731075	-26.605749479906052	-5.348135948181152	130.0
5994	-6.228419090964922	-26.62694397104499	-5.5586628913879395	130.0
6014	-6.171789779390698	-26.44840289277743	-5.593578815460205	130.0
6034	-6.204206301991861	-26.30178917862644	-5.404549598693848	130.0
6053	-6.422980432111065	-26.286294525542946	-5.159785747528076	130.0
6073	-6.201561252243626	-26.33160109879468	-4.7156548500061035	130.0
6091	-6.0949736698206	-26.292350636570625	-4.639765739440918	130.0
6111	-5.982479988779281	-26.362293780636023	-4.877420425415039	130.0
6130	-5.624394817839303	-26.252948372847737	-5.354081153869629	130.0
6150	-5.717043016842673	-26.395439148964357	-5.53021764755249	130.0
6169	-5.881458376881264	-26.384416523750374	-5.989389419555664	130.0
----------------출발----------------
6189	-5.972488424926271	-26.381667156815453	-5.627383708953857	130.0
6208	-6.248154980557269	-26.395141713521138	-5.165247440338135	130.0
6229	-6.313106820522934	-26.710870887888582	-5.223695278167725	130.0
6247	-6.0905709968728265	-26.58262430931668	-5.659626007080078	130.0
6266	-6.58675247430211	-26.54179276988774	-6.040224552154541	130.0
6287	-7.875142693859688	-26.15219667318815	-5.9649128913879395	130.0
6306	-8.329425265454384	-26.00484363905796	-5.674213409423828	130.0
6325	-8.196589819711635	-26.329889213343243	-5.864241123199463	130.0
6344	-8.5660683354394	-26.46414239953679	-5.587179660797119	130.0
6363	-9.480102616392164	-26.261059532562182	-6.37401819229126	130.0
6383	-10.558661413270288	-25.834396918476248	-5.975680351257324	130.0
6403	-10.984852176261883	-25.92451001223578	-5.14955997467041	130.0
6422	-11.435191456988976	-25.843585495331762	-5.598244667053223	130.0
6441	-11.713380498520463	-25.975478382424207	-5.673127174377441	130.0
6461	-12.418127047609959	-25.966526514685416	-5.332632064819336	130.0
6481	-13.10598624293801	-25.62854336456271	-5.081737518310547	130.0
6500	-13.469459437686934	-25.59396580008417	-5.699284553527832	130.0
6519	-13.628661621316551	-25.7121323044251	-6.473622798919678	130.0
6539	-13.405682645499802	-26.087147728619765	-6.7476043701171875	130.0
6558	-13.796743366964238	-25.768665290975935	-9.100787162780762	130.0
6578	-12.767841650782609	-27.14994085725769	-7.226600646972656	130.0
6597	-12.210830823108202	-27.63482786378259	-7.187852382659912	130.0
6617	-11.448743881162502	-27.663703544036828	-8.592828750610352	129.0
6638	-10.196796613935232	-28.276250517153898	-9.266883850097656	129.0
6659	-9.715497762446482	-28.752102287858214	-9.20440673828125	129.0
6675	-9.715497762446482	-28.752102287858214	-9.20440673828125	129.0
6694	-9.922332921471565	-28.979278011402094	-8.175575256347656	129.0
6714	-11.35348152331958	-28.763040555375646	-6.971261978149414	129.0
6734	-12.523342262015284	-28.733613829796653	-4.572282791137695	129.0
6755	-12.525913089442177	-28.78048332996014	-3.5368947982788086	129.0
6773	-12.049187182372467	-28.606705682428053	-5.161742687225342	129.0
6792	-12.558892889520864	-27.78356813640783	-6.489930629730225	129.0
6811	-12.873205477609018	-27.147542404550304	-7.64365816116333	129.0
6830	-12.595698887403257	-26.888014592351304	-7.930912971496582	129.0
6850	-12.243798062381785	-26.523068324355034	-8.605060577392578	126.0
6869	-12.107622352304583	-26.266409596083626	-8.285398483276367	126.0
6889	-12.509918642145553	-25.82580307467463	-7.114511013031006	126.0
6909	-13.183921215747013	-25.568782009015035	-5.413960933685303	126.0
6927	-13.24179251138719	-25.377950127617343	-4.806770324707031	126.0
6947	-13.188591662698817	-25.28897998648765	-4.777228832244873	126.0
6966	-12.901814153181714	-24.761899746666767	-5.176394462585449	126.0
6986	-12.997359405523564	-24.161751589555333	-6.145408630371094	126.0
7006	-13.00808291252143	-23.75633940757988	-6.271559715270996	126.0
7026	-13.103015178677271	-23.73748209760587	-6.0197672843933105	126.0
7044	-12.979270150482876	-23.65381028925416	-6.211647033691406	126.0
7064	-12.432504302541826	-23.72555334024096	-6.787843704223633	126.0
7083	-12.32532054020029	-23.57293900518902	-6.939245700836182	126.0
7102	-12.314822607566594	-23.428581393669347	-7.118683815002441	126.0
7123	-12.230446643956146	-23.467705522053777	-6.797756671905518	126.0
7141	-12.238004705300215	-23.402427285164062	-6.866003036499023	126.0
7161	-12.223618338632416	-23.39903436342946	-6.641809463500977	126.0
7180	-11.894778197641365	-23.25929404822754	-6.853508949279785	126.0
7201	-11.59054549964628	-23.33815316366112	-7.232975959777832	126.0
7219	-11.501602757789167	-23.335599582383924	-7.498208999633789	126.0
7239	-11.410456325102484	-23.398273916199106	-7.313784599304199	126.0
7258	-11.208994421116273	-23.7279443698325	-6.742469787597656	126.0
7277	-11.00810548857163	-23.939954856188155	-6.517778396606445	126.0
7298	-10.81998435396431	-23.871381091974015	-6.549811840057373	126.0
7318	-10.976794639327832	-23.73299754997885	-6.650783538818359	126.0
7337	-11.170473660867607	-23.73912153537033	-6.606013298034668	119.0
7358	-11.170473660867607	-23.73912153537033	-6.606013298034668	119.0
7375	-10.966939325237313	-23.629764805329533	-6.276872634887695	119.0
7395	-10.868081500679533	-23.608652307873097	-5.7765889167785645	119.0
7414	-10.63981780222657	-23.747167119406544	-5.698452949523926	119.0
7433	-10.438718378100145	-23.791590156487054	-5.741095066070557	119.0
7453	-10.276345419422302	-23.698634572864034	-5.888775825500488	119.0
7473	-10.013664921722663	-23.807227411037672	-6.296788692474365	119.0
7492	-10.04283227032967	-23.75160350387113	-6.392586708068848	119.0
7511	-9.807599349923777	-23.759489437303575	-6.6825032234191895	119.0
7530	-10.209849921191026	-23.683821004357267	-6.760741710662842	119.0
7550	-10.12616346771986	-23.603033141625062	-6.7093915939331055	119.0
7569	-9.412224095176533	-23.561369461046255	-6.477096080780029	120.0
7589	-9.362161964478412	-23.45345015459792	-6.523355960845947	120.0
7608	-9.353272286520454	-23.341438216945075	-6.946759223937988	120.0
7628	-9.30171120916279	-23.15904493832367	-6.643310546875	120.0
7647	-8.992610986479194	-23.394804485797266	-6.455092906951904	120.0
7666	-9.1033011087189	-23.291679141039957	-6.496443748474121	120.0
7686	-8.740210548800464	-23.415101230837696	-6.515740871429443	120.0
7706	-8.893212065184713	-23.34311904432025	-6.613996505737305	120.0
7725	-9.160289504484117	-23.46687474955288	-6.808269500732422	120.0
7744	-9.277000312057288	-23.324000025248495	-6.666622161865234	120.0
7763	-9.317403565767549	-23.492430141158838	-6.3810601234436035	120.0
7783	-9.452702761036821	-23.557606285922187	-6.647145748138428	120.0
7803	-9.612013200408327	-23.446908067381877	-6.688973903656006	124.0
7823	-9.345975979407266	-23.424800087583115	-6.770326614379883	124.0
7841	-9.40441185074354	-23.138460484253237	-6.775856971740723	124.0
7861	-9.579391430890736	-23.112621516133466	-6.770578384399414	124.0
7881	-9.97020901072731	-23.01332512169288	-6.783605098724365	124.0
7900	-9.898115940751133	-22.928683826488776	-6.824817657470703	124.0
7920	-9.614969988795037	-22.627518074788284	-6.829074859619141	124.0
7939	-9.623251370745914	-22.542679577202634	-6.734349250793457	124.0
7958	-9.629503867552444	-22.3344582382674	-6.629329204559326	124.0
7978	-9.67577454831885	-22.528943738547085	-6.595242977142334	124.0
7998	-9.544006909711262	-22.60293670294911	-6.802303791046143	124.0
8018	-9.224233683914866	-22.440754790531955	-6.701596736907959	124.0
8038	-9.383411336977554	-22.473872647638554	-6.533559322357178	124.0
8057	-9.600412333827162	-22.328491218277776	-6.54893684387207	130.0
8075	-9.600412333827162	-22.328491218277776	-6.54893684387207	130.0
8094	-10.023147186908112	-22.334133584107867	-6.327178478240967	130.0
8114	-10.133616492187219	-22.276633285637903	-6.220299243927002	130.0
8133	-9.96840437639636	-22.073373541711035	-6.357600688934326	130.0
8153	-10.072936111468488	-22.009089075833852	-6.386798858642578	130.0
8172	-10.215064694360159	-21.928259875727584	-6.031797885894775	130.0
8192	-10.181683683534171	-22.032261800733796	-6.054024696350098	130.0
8211	-10.277967967572861	-21.959891272438753	-5.955763339996338	130.0
8231	-10.396588449552002	-22.114500278367963	-6.014686584472656	130.0
8250	-10.440065945901056	-22.283145177732212	-5.921607494354248	130.0
8270	-10.141377392407819	-22.56467133469386	-5.949461460113525	130.0
8289	-10.006964416091995	-22.893528811743757	-5.711092948913574	128.0
8308	-9.976449546967672	-22.713146270016743	-5.564023494720459	128.0
8328	-9.949131498025093	-22.93888878548503	-5.772306442260742	128.0
8347	-10.032914026100398	-23.00007328282903	-5.796014308929443	128.0
8367	-10.02857593386065	-22.896565607238482	-5.993984699249268	128.0
8387	-10.005128422818222	-22.888611895945683	-5.967008113861084	128.0
8405	-9.64901539213824	-22.875578667859003	-6.0819993019104	128.0
8425	-9.917567544200727	-22.770732319758835	-6.0349650382995605	128.0
8445	-10.289946114792691	-22.703720578709127	-5.934983253479004	128.0
8464	-10.225734877571773	-22.7601992995332	-5.7921061515808105	128.0
8484	-10.151936062350844	-22.8674996664674	-5.640517711639404	128.0
8503	-10.341963553099356	-22.8321004695998	-5.7494797706604	128.0
8522	-10.340999826781948	-22.674890288391968	-5.696391582489014	122.0
8542	-10.395468061863525	-22.69637998689737	-5.513740539550781	122.0
8561	-10.346971634036564	-22.784958470438703	-5.683011054992676	122.0
8580	-10.479516995171673	-22.617053357070084	-5.552361488342285	122.0
8601	-10.377914053007071	-22.727412860289864	-5.794793605804443	122.0
8619	-10.29114710211482	-22.731586993912206	-6.053310394287109	122.0
8639	-10.287846131942732	-22.44072584053594	-5.921877861022949	122.0
8658	-10.293539372857367	-22.42287998770565	-5.884008407592773	122.0
8678	-10.057692999787056	-22.409037098980154	-5.718439102172852	122.0
8698	-9.920472548097571	-22.25911813837514	-5.6953020095825195	122.0
8718	-9.970198159331545	-22.28651516920467	-5.412932872772217	122.0
8738	-9.765023269691316	-22.137954988594714	-5.440471649169922	122.0
8757	-9.765023269691316	-22.137954988594714	-5.440471649169922	122.0
8775	-9.721942660304263	-22.016827556911398	-5.4023847579956055	122.0
8794	-10.172980379553206	-22.179833954620936	-5.720738410949707	122.0
8814	-10.662337571119105	-22.284837059050826	-5.924003601074219	122.0
8833	-10.481586275162433	-22.348314320122252	-5.726442337036133	122.0
8853	-10.61280832043427	-22.391715047519035	-5.9956254959106445	122.0
8872	-10.621209734713895	-22.386731062087097	-6.3756914138793945	122.0
8892	-10.826538154397639	-22.5042461342346	-6.2464752197265625	122.0
8911	-10.975749499863577	-22.746322398459032	-5.915870189666748	122.0
8931	-10.981219006487937	-22.927305101101254	-5.990092754364014	122.0
8950	-10.658733409017971	-22.782675753588492	-5.584417343139648	122.0
8970	-10.451782957239029	-22.860413693418984	-5.478504180908203	122.0
8989	-10.461131003361542	-22.692283915588664	-5.459509372711182	122.0
9008	-10.402715999547006	-22.667051244941963	-5.522710800170898	123.0
9028	-10.457254688874576	-22.576555482045904	-5.360873222351074	123.0
9047	-10.255227928990221	-22.605325954420092	-5.482810974121094	123.0
9067	-10.041108401565209	-22.564065340341678	-5.832188606262207	123.0
9087	-10.134012012801067	-22.41245050354822	-6.129596710205078	123.0
9105	-10.26352705573859	-22.35765963070908	-6.363336086273193	123.0
9125	-10.123156554139847	-22.33009978252194	-6.183648109436035	123.0
9144	-10.12395845547243	-22.45419056779265	-6.140439033508301	123.0
9163	-10.202567837104445	-22.563858978333307	-6.1205925941467285	123.0
9184	-9.825252420881576	-22.80917752032195	-6.138532638549805	123.0
9203	-9.932872394063253	-22.628570732342613	-5.903948783874512	123.0
9222	-9.719829072609718	-22.62237860836828	-5.8246169090271	123.0
9241	-9.682878519309984	-22.609225257571474	-5.718982696533203	126.0
9261	-9.772103390697295	-22.52149298666388	-5.354531288146973	126.0
9281	-9.725433983141647	-22.62103468161543	-5.414727210998535	126.0
9300	-9.691613138503541	-22.518717849969857	-5.533701419830322	126.0
9320	-9.357156478934915	-22.4423545892363	-5.524507522583008	126.0
9339	-9.83735029924351	-22.356341977700172	-5.6454644203186035	126.0
9358	-10.158437996399263	-22.546397644871643	-5.852641582489014	126.0
9378	-10.293501927297314	-22.28247893388224	-5.842144966125488	126.0
9398	-10.450345233643356	-22.233633508324147	-5.644880294799805	126.0
9418	-10.450345233643356	-22.233633508324147	-5.644880294799805	126.0
9438	-10.348462881229413	-22.34663444273776	-5.775384902954102	126.0
9457	-10.308025926483904	-22.359398030300508	-5.530269622802734	126.0
9475	-10.308025926483904	-22.359398030300508	-5.530269622802734	126.0
9495	-10.404290928921043	-22.395336486313994	-5.6972198486328125	130.0
9514	-10.317114920515504	-22.534392604613334	-5.612257480621338	130.0
9533	-10.065123867786136	-22.43787189118996	-5.339804649353027	130.0
9553	-10.104369314513356	-22.741704883167092	-5.198516845703125	130.0
9572	-9.922377405398317	-22.72718596814366	-5.359902381896973	130.0
9591	-9.96489055224317	-22.672501909327146	-5.622587203979492	130.0
9611	-9.819426484559346	-22.522430354023616	-5.579880714416504	130.0
9631	-9.875987165846604	-22.588901717446863	-5.583794116973877	130.0
9650	-9.818361406482051	-22.58448700502661	-5.504785537719727	130.0
9669	-9.721953979569252	-22.455770223266324	-5.625980377197266	130.0
9689	-9.476719291841937	-22.353742829084883	-5.756789207458496	130.0
9708	-9.548913156967544	-22.270876558545975	-5.8765716552734375	130.0
9728	-9.49904051881185	-22.398231124351604	-5.680313587188721	127.0
9747	-9.282324162037673	-22.352271925570456	-5.570189476013184	127.0
9767	-9.44455418612883	-22.307403176226213	-5.847285270690918	127.0
9786	-9.40181588970956	-22.464332567473384	-5.877477645874023	127.0
9805	-9.525319073631678	-22.30015840538634	-5.803993225097656	127.0
9825	-9.503455147641752	-22.414144757056725	-5.800054550170898	127.0
9845	-9.447615688087197	-22.49818186959174	-5.867671966552734	127.0
9864	-9.50765725680709	-22.7081729198257	-6.011289596557617	127.0
9884	-9.495452077828665	-22.660269435760004	-6.414721488952637	127.0
9903	-9.789077361929529	-22.88605703825957	-6.445944309234619	127.0
9922	-9.70626585180421	-23.081864933369122	-6.400260925292969	127.0
9942	-9.431553314282185	-23.007171030804294	-6.355785846710205	127.0
9961	-9.31800983212943	-23.141020930360096	-6.616779804229736	122.0
9980	-9.137405368838472	-23.12163305691354	-6.714673042297363	122.0
10001	-9.441989404253183	-23.13337656724009	-6.6303791999816895	122.0
10019	-9.103289001868772	-23.20449896937845	-6.4093451499938965	122.0
10039	-9.026936787271662	-23.289944105348553	-6.3073883056640625	122.0
10058	-8.899831081426997	-23.218913369937226	-6.238004684448242	122.0
10078	-9.096318776439606	-22.97219918154049	-6.113173484802246	122.0
10099	-9.535337618471337	-23.214711298442506	-6.047089576721191	122.0
10117	-9.543638415882242	-23.303886468867294	-5.705629348754883	122.0
10137	-9.579599407226917	-23.12378582019736	-5.671266555786133	122.0
10162	-9.51492667734675	-23.094521929921093	-5.917028427124023	122.0
10175	-9.51492667734675	-23.094521929921093	-5.917028427124023	122.0
10195	-9.569949485437391	-22.764874781910034	-6.415932655334473	122.0
10214	-9.829889094100125	-22.689693046021926	-6.042999267578125	122.0
10233	-9.72627618056056	-22.469540348693474	-6.184229850769043	122.0
10253	-9.71188115335356	-22.57725427422555	-6.465067386627197	122.0
10272	-9.3787763020177	-22.34456231828612	-6.426733016967773	122.0
10292	-9.646943937689086	-22.54554909052559	-6.555046081542969	122.0
10312	-9.646646727135995	-22.504325898661573	-6.5785698890686035	122.0
10330	-9.698628275077668	-22.583699999742098	-6.855976581573486	122.0
10350	-9.84220418395495	-22.665632669874814	-6.921860694885254	122.0
10369	-9.66547942149096	-22.51628026397575	-7.161818504333496	122.0
10389	-9.752901593952624	-22.613025093406797	-7.0860514640808105	122.0
10408	-9.653241937513439	-22.701281390193824	-6.632678985595703	122.0
10428	-9.594705699390612	-22.82867403194461	-6.732542991638184	122.0
10447	-9.427734381875727	-22.58164401012517	-6.517331123352051	124.0
10467	-9.388179280798175	-22.70317549736227	-6.242198944091797	124.0
10486	-9.106549698536625	-22.750875171086157	-5.9265217781066895	124.0
10505	-9.24149117909187	-22.70840069332693	-5.700094223022461	124.0
10525	-9.12176401715536	-22.97419527136988	-5.682150840759277	124.0
10545	-9.14200656139343	-23.0204695799276	-5.6107707023620605	124.0
10564	-9.157500459120183	-23.161876899562046	-5.691271781921387	124.0
10583	-9.373346158448829	-23.10695866050667	-5.6135101318359375	124.0
10603	-9.209012824723668	-23.093772357993306	-5.762139320373535	124.0
10622	-9.235472301278474	-23.03800390463405	-5.912182807922363	124.0
10641	-9.473114847347603	-22.95166860143221	-6.061680793762207	124.0
10662	-9.373071980266445	-23.13651108267396	-6.198339462280273	124.0
10681	-9.456368294218224	-22.923886382564856	-6.304381847381592	124.0
10700	-9.36501526107247	-22.965749645585536	-6.477821350097656	130.0
10720	-9.280249507342575	-22.744090057157923	-6.740014553070068	130.0
10739	-9.255603634786997	-22.626376429696705	-6.47336483001709	130.0
10759	-9.41677555073411	-22.78196786708224	-6.380138397216797	130.0
10778	-9.433629059862039	-22.835308768906273	-6.640728950500488	130.0
10798	-9.369503398374674	-22.761854651523567	-6.338549613952637	130.0
10817	-9.336435075258054	-22.83440830262368	-6.403810977935791	130.0
10838	-9.357582735437008	-23.01246516462809	-6.264167308807373	130.0
10858	-9.30316958970456	-23.21672247772853	-6.093947410583496	130.0
10875	-9.30316958970456	-23.21672247772853	-6.093947410583496	130.0
10896	-9.392036159525547	-23.070384008539676	-6.006707191467285	130.0
10914	-9.5248579228454	-23.141114003867674	-6.2109246253967285	130.0
10933	-9.742667709830716	-23.13408701762231	-5.817665100097656	128.0
10953	-9.780329139181232	-23.277972877277612	-5.501651763916016	128.0
10972	-9.680929917683388	-23.272166986191806	-5.592722415924072	128.0
10992	-9.83649211286062	-23.178277638585516	-5.224570274353027	128.0
11012	-10.041285194325026	-23.21236887932507	-5.079329967498779	128.0
11031	-10.44268898148078	-23.018087490684014	-5.152412414550781	128.0
11050	-10.39203652122311	-23.12060582272689	-5.324042320251465	128.0
11070	-10.173276897127687	-23.14804001955902	-5.271355152130127	128.0
11089	-10.139415349421894	-23.081467309283553	-5.106879234313965	128.0
11108	-10.417538418967043	-22.920705385873482	-5.012200355529785	128.0
11129	-10.595897985092838	-22.961466772875397	-4.848397254943848	128.0
11148	-10.423834913444798	-22.795115984676517	-5.211067199707031	128.0
11166	-10.14041334489279	-22.562887703244478	-5.263129234313965	122.0
11186	-9.874135884106575	-22.531998240887784	-5.107444763183594	122.0
11205	-10.107833217560989	-22.486204020366515	-5.004796028137207	122.0
11225	-10.149668030818578	-22.575920435026333	-4.931371212005615	122.0
11245	-10.058288878995134	-22.554391954259565	-5.455397129058838	122.0
11263	-9.838438198166045	-22.467394624128996	-5.408102035522461	122.0
11283	-9.7113082324975	-22.44377648303191	-5.43024206161499	122.0
11303	-9.819833354979359	-22.488723387736535	-5.374582767486572	122.0
11322	-10.079441192198518	-22.283336862065152	-5.371535301208496	122.0
11342	-10.037815446717712	-22.282937595068134	-5.373215198516846	122.0
11361	-9.965887306525195	-22.408144007970108	-5.21568489074707	122.0
11380	-10.229959045346405	-22.278058548837485	-5.295086860656738	122.0
11401	-10.234304484982992	-22.430193690089965	-4.909123420715332	122.0
11419	-10.181383241243589	-22.57290574723714	-5.158721446990967	122.0
11440	-10.146684034397744	-22.465147315395715	-4.93870735168457	122.0
11458	-10.26691077967134	-22.489903233911196	-4.52231502532959	122.0
11478	-10.247467558039183	-22.80430733992418	-4.350588798522949	122.0
11498	-10.375387328450199	-22.698908999013057	-4.286680221557617	122.0
11518	-10.555578490350058	-22.695489221140516	-4.247986793518066	122.0
11538	-10.447383568800614	-22.58755274203876	-4.1415300369262695	122.0
11557	-10.447383568800614	-22.58755274203876	-4.1415300369262695	122.0
11575	-10.30149911850019	-22.561810571653382	-4.525069713592529	122.0
11595	-10.640395676008065	-22.48037928583274	-4.326257705688477	122.0
11614	-10.683787565440912	-22.601332764040606	-4.376747131347656	122.0
11633	-10.654742856888063	-22.50740165896313	-4.437148094177246	122.0
11653	-10.520986567432349	-22.233767793050674	-4.251682281494141	124.0
11673	-10.489210774337648	-22.13314369227361	-4.079320907592773	124.0
11692	-10.262680212695244	-21.917133923151617	-4.115500450134277	124.0
11711	-10.16167140501722	-21.92412560022121	-4.087917804718018	124.0
11730	-9.940717550474384	-21.798881547545196	-3.9312448501586914	124.0
11750	-9.741101540778878	-21.841341658538425	-3.9686994552612305	124.0
11769	-9.851760259795668	-21.75747171247883	-3.9588232040405273	124.0
11789	-9.647334681942654	-21.66587417132112	-4.104217529296875	124.0
11809	-9.716665290037273	-21.702738529850375	-4.370702743530273	124.0
11829	-9.534390540210776	-21.656752318758045	-4.330078125	124.0
11848	-9.664245973846162	-21.53771456246306	-4.42521333694458	124.0
11867	-9.504053650315754	-21.463731818053308	-4.492047309875488	124.0
11887	-9.830376685510723	-21.40952934283728	-4.553533554077148	129.0
11906	-9.790357790424773	-21.341303477705395	-4.50718355178833	129.0
11925	-9.768993250388357	-21.12406033165294	-4.473738670349121	129.0
11946	-10.063905343722988	-21.251835615117464	-4.38571310043335	129.0
11964	-10.114915608139947	-21.18942193208791	-4.1913743019104	129.0
11984	-10.152631660560733	-21.41263728364604	-4.003758430480957	129.0
12003	-10.049382526146669	-21.796128638971854	-3.7573394775390625	129.0
12023	-10.35050030097341	-21.727967097181597	-3.595325231552124	129.0
12042	-10.327471405604301	-21.877387395443197	-3.399384021759033	129.0
12062	-10.387564998166502	-21.837024751768432	-3.3337011337280273	129.0
12082	-10.553278601233831	-22.054370950561346	-3.550553798675537	129.0
12101	-10.398600396649048	-21.97546899897881	-3.5569872856140137	129.0
12121	-10.401242754725502	-22.165465086524744	-3.483794689178467	129.0
12139	-10.531153510929474	-22.15374414262935	-3.467040538787842	130.0
12159	-10.58683485611385	-21.98557703876005	-3.351165294647217	130.0
12178	-10.78761080057044	-22.23481767800481	-3.358574151992798	130.0
12198	-10.914978536000206	-22.131728926940827	-3.489631414413452	130.0
12218	-10.825903785445792	-22.151319663044312	-3.4649970531463623	130.0
12238	-10.843391615276406	-22.082641715916946	-3.2324070930480957	130.0
12257	-10.843391615276406	-22.082641715916946	-3.2324070930480957	130.0
12275	-10.666116901838103	-22.102491368009215	-2.779083490371704	130.0
12295	-10.834708515517214	-21.871659658716283	-2.715951919555664	130.0
12315	-11.091014466171655	-21.71142695209996	-2.996241569519043	130.0
12334	-11.15393926127172	-21.68381035084936	-2.8120179176330566	130.0
12353	-11.205659995997262	-21.395559469130873	-2.663829803466797	130.0
12372	-11.216647390622056	-21.14477301840229	-2.6930999755859375	127.0
12392	-11.624843429428722	-21.214479134464028	-2.38482928276062	127.0
12412	-11.596309360451947	-21.417169818335935	-2.014314651489258	127.0
12431	-12.162509279904857	-21.19723350642155	-1.8741066455841064	127.0
12450	-12.27422552302492	-21.462260618588385	-1.8022809028625488	127.0
12470	-12.104179127577817	-21.416771090761905	-1.4404654502868652	127.0
12489	-12.179141094219414	-21.331547887029362	-1.158703327178955	127.0
12508	-12.007942088974227	-21.515769402249717	-0.8620283603668213	127.0
12529	-12.262106710698996	-21.540327208366303	-0.6589446067810059	127.0
12548	-12.173999674285517	-21.393948761848858	-0.3066060543060303	127.0
12568	-12.303905394024374	-21.19617627846917	-0.190047025680542	127.0
12586	-12.293867558034389	-21.350084261049442	0.15267419815063477	127.0
12607	-12.33108573165036	-21.30552866028158	0.39208269119262695	125.0
12625	-12.578322396856327	-21.41350842630871	0.7678537368774414	125.0
12645	-12.942515029932556	-21.764154276346837	1.1057944297790527	125.0
12665	-13.08039049468011	-21.848508779245883	1.3496425151824951	125.0
12685	-13.000800536665485	-22.217657334777503	1.5582911968231201	125.0
12704	-13.174207309369747	-22.49431613187547	2.0403547286987305	125.0
12723	-13.346000440344458	-22.62592909507679	2.495706081390381	125.0
12741	-13.541211697107816	-22.96319214925411	2.558013916015625	125.0
12761	-13.699047476163393	-23.068981046964723	3.0174944400787354	125.0
12781	-14.060256046983932	-23.258450034978356	3.358917713165283	125.0
12800	-13.917465810377365	-23.605937625322895	3.202131986618042	125.0
12819	-14.1576354796701	-23.83527127996219	3.299478054046631	125.0
12839	-14.426998359526042	-24.171939859436886	3.662302017211914	125.0
12859	-14.61202236972697	-24.5776238989439	3.96267032623291	125.0
12878	-14.768755226145325	-25.141343190640505	4.022520065307617	125.0
12898	-15.079680968568198	-25.680423938031584	4.33939266204834	125.0
12919	-15.244666023166317	-26.08225450495106	4.658031463623047	125.0
12938	-14.981621167782452	-26.50441976754338	4.545330047607422	125.0
12958	-15.318068991385767	-26.677287056160914	4.995575904846191	125.0
12976	-15.318068991385767	-26.677287056160914	4.995575904846191	125.0
12995	-15.592671023738154	-27.03745645495833	5.248764514923096	125.0
13015	-15.66505470263053	-27.491845704808856	4.9989237785339355	125.0
13035	-15.704306877927278	-27.761639849233667	5.134053707122803	125.0
13053	-15.886678353044383	-27.960249794301536	5.235620975494385	125.0
13073	-15.717795848948922	-27.975897713909493	5.33438777923584	125.0
13092	-15.805557282680656	-28.497256255519666	5.234543323516846	126.0
13112	-16.165360535710544	-28.92841086302111	5.335303783416748	126.0
13131	-16.25650420488542	-29.101301395132133	5.43576192855835	126.0
13151	-16.204471709689066	-29.5653677141842	5.306016445159912	126.0
13170	-16.198920948339424	-29.642339845999754	5.430689334869385	126.0
13190	-16.30095990755125	-29.950836681264455	5.425713539123535	126.0
13208	-16.13905065154815	-30.65137365747833	5.154595375061035	126.0
13228	-16.0465605854136	-31.01124236156002	5.296186447143555	126.0
13248	-16.20519502110027	-31.198889310510488	5.5702104568481445	126.0
13269	-16.0717092893141	-31.504417850362575	5.483292102813721	126.0
13287	-15.795728455733096	-31.706666202287476	5.72983980178833	126.0
13306	-15.932216389880542	-31.72312800220377	5.26129150390625	126.0
13325	-16.09569484432613	-32.070831589392476	4.9723029136657715	130.0
13345	-15.770675168150381	-32.42198815899388	4.717960834503174	130.0
13364	-15.790922380857168	-32.2424107923881	4.441748142242432	130.0
13383	-15.897725040440118	-32.40735207254389	4.202349662780762	130.0
13403	-15.63807700833715	-32.466501040224415	3.8887217044830322	130.0
13422	-15.700567027379199	-32.90859814476198	3.4360437393188477	130.0
13442	-15.703297857899674	-33.26826794901011	3.2896783351898193	130.0
13461	-15.332386037632814	-33.63103404375356	3.2741620540618896	130.0
13481	-15.165996624748269	-33.709622920302465	3.2916829586029053	130.0
13502	-15.035076508168165	-33.59322831320227	3.375988245010376	130.0
13520	-15.12672954062446	-33.94820217634523	3.140169382095337	130.0
13540	-15.061714686715273	-34.140112742735774	3.0983474254608154	130.0
13559	-14.967084918247343	-34.38270188470523	2.973501443862915	130.0
13578	-14.678789435503418	-34.155652971265184	3.128749370574951	127.0
13597	-14.593527515169056	-34.22587068823456	3.063033103942871	127.0
13619	-14.525418944021842	-34.33568729100942	2.952465295791626	127.0
13638	-14.380214189223109	-34.46678980762708	3.005828619003296	127.0
13658	-14.760013642990558	-34.68546480901896	2.801682710647583	127.0
13676	-14.760013642990558	-34.68546480901896	2.801682710647583	127.0
13695	-14.655439986127456	-34.756744477199604	2.7446510791778564	127.0
13715	-14.642878865695582	-34.858081448153044	2.6175150871276855	127.0
13733	-14.782146013863372	-35.15927602743467	2.1041924953460693	127.0
13755	-14.881075791303493	-35.57064739036578	1.7360000610351562	127.0
13773	-14.954116021247275	-35.742586525362654	1.8039555549621582	127.0
13792	-15.147848254506417	-36.03156779412006	1.8227744102478027	127.0
13812	-15.390276419598177	-36.36396870002631	1.8497767448425293	122.0
13831	-15.377056956838972	-36.53725824086194	2.0197806358337402	122.0
13850	-15.350299621173535	-36.56313970367125	1.979182243347168	122.0
13870	-15.50105553529074	-36.448161190642836	1.488652229309082	122.0
13889	-15.817694703418947	-36.53915091071754	1.3084502220153809	122.0
13909	-15.889217641269202	-36.544624538598256	0.9725856781005859	122.0
13928	-16.136205445759167	-36.669796765871254	0.8711442947387695	122.0
13948	-16.21251900097419	-36.88032221576888	0.6892929077148438	122.0
13968	-15.9413659844063	-37.01487709457801	0.3386974334716797	122.0
13986	-16.02334326599883	-37.07618371751263	-0.18564224243164062	122.0
14006	-16.110108237866253	-37.324467116349616	-0.3962593078613281	122.0
14026	-16.063168593414403	-37.823256048931626	-0.4875946044921875	122.0
14045	-15.83405777575649	-37.85213734433617	-0.5417098999023438	123.0
14065	-16.18030458560883	-38.01520790001856	-0.8539900779724121	123.0
14083	-16.15118270828353	-38.07965067085792	-0.9905428886413574	123.0
14103	-16.13458894983866	-37.91380076280801	-1.646249771118164	123.0
14123	-16.26720497673162	-38.06698495606035	-2.005394458770752	123.0
14142	-16.168330843137436	-38.379347634150655	-2.3666725158691406	123.0
14163	-16.20670090914944	-38.315117872530585	-2.7944483757019043	123.0
14181	-16.34348433915236	-38.37686891952626	-3.049421787261963	123.0
14201	-16.493582118909824	-38.72259505950416	-3.584197521209717	123.0
14220	-16.331465960209673	-38.57609918616912	-4.467533588409424	123.0
14240	-16.53260828547835	-38.46334288939581	-5.136597633361816	123.0
14259	-16.484707814469346	-38.45148966231358	-5.698534965515137	123.0
14278	-16.311163342395663	-38.67130429524449	-6.143540859222412	123.0
14298	-16.531102521964772	-38.57182192269154	-6.842004776000977	126.0
14318	-16.538089437587928	-38.77942782254581	-7.6241888999938965	126.0
14338	-16.603710956986298	-38.74731773883238	-8.445904731750488	126.0
14358	-16.69403229151134	-38.38539296681602	-9.22521686553955	126.0
14382	-16.69403229151134	-38.38539296681602	-9.22521686553955	126.0
14395	-16.158810898835508	-38.530188639304214	-9.597159385681152	126.0
14414	-15.837545787032123	-38.341093286314994	-10.724784851074219	126.0
14434	-16.12990056334462	-38.114304144434385	-11.424226760864258	126.0
14454	-15.576899898508664	-37.88740363003741	-12.042409896850586	126.0
14473	-15.32205877964194	-37.293720336845	-12.949583053588867	126.0
14493	-15.05005732266568	-36.84666141709948	-13.35452651977539	126.0
14512	-14.748311187297313	-36.5738459038459	-13.830057144165039	126.0
14531	-13.819111047813855	-36.49879131472381	-14.220104217529297	130.0
14551	-13.751547110126774	-35.90981550161407	-15.07542896270752	130.0
14570	-13.381535824696568	-35.73282585920903	-15.543722152709961	130.0
14589	-13.278409962658053	-35.25447316585081	-16.085649490356445	130.0
14609	-13.270986860913242	-34.98625341347181	-16.05990219116211	130.0
14629	-12.864377937052991	-34.57327915370954	-16.79647445678711	130.0
14647	-12.477157588188724	-34.29179936185443	-17.218496322631836	130.0
14667	-12.16176247459106	-33.88477560528421	-17.502334594726562	130.0
14687	-11.77730971585706	-33.71917260906075	-17.583494186401367	130.0
14706	-11.480637425920158	-33.26659631651406	-18.274879455566406	130.0
14726	-11.461387338065197	-32.97754877419139	-18.414522171020508	130.0
14746	-10.177906518289504	-33.6893652112557	-17.4882869720459	130.0
14764	-9.59141828322377	-33.23335271879759	-18.164888381958008	133.0
14784	-9.667777136174557	-32.787611513635	-18.406156539916992	133.0
14804	-9.966220222079516	-32.243269269088394	-18.6241455078125	133.0
14823	-10.136636519570782	-31.519032811306097	-18.952425003051758	133.0
14842	-9.14974325815448	-31.81314126047145	-18.39335823059082	133.0
14864	-8.677297927507349	-31.67335109482273	-18.02212142944336	133.0
14881	-8.84812270860641	-31.224763269934872	-18.398765563964844	133.0
14901	-8.655960919125688	-30.89509629356155	-18.679080963134766	133.0
14921	-9.279106744681037	-30.292826364750457	-18.688501358032227	133.0
14940	-9.532756492379216	-30.07004725332963	-18.55948257446289	133.0
14958	-9.512184906045267	-30.15653565473223	-18.524877548217773	133.0
14980	-8.870927627649904	-30.35892657347588	-18.30020523071289	133.0
14998	-8.879622299134194	-29.914536127178764	-18.44670295715332	133.0
15018	-9.033776647398007	-29.86221887317335	-18.494253158569336	129.0
15038	-8.506449490664284	-29.494099596892	-18.479602813720703	129.0
15058	-8.393734493010111	-29.22780962745797	-18.093833923339844	129.0
15076	-8.393734493010111	-29.22780962745797	-18.093833923339844	129.0
15095	-8.40650379547134	-29.44050163146383	-18.013507843017578	129.0
15114	-7.9823433833691455	-29.325126359908634	-18.07370376586914	129.0
15133	-8.088868968331838	-28.957543646873123	-17.831787109375	129.0
----------------도착----------------
15154	-7.754810972306658	-28.865909174788033	-18.018959045410156	129.0
15172	-7.842082542147974	-29.234437206859297	-17.89353370666504	129.0
15193	-8.048334568091377	-28.922801561314653	-18.29511260986328	129.0
15211	-8.15791387691642	-29.247909824916544	-17.85515594482422	129.0
15230	-8.09763071330495	-29.465838312244838	-17.61773109436035	129.0
15250	-7.968728979154953	-29.428145968623227	-17.672130584716797	125.0
15271	-7.924516317469482	-29.24384380104844	-17.920795440673828	125.0
15289	-8.030343986437844	-29.277086967446017	-17.99433135986328	125.0
15309	-8.271114017378162	-29.20630531073764	-17.786569595336914	125.0
15330	-8.13759537420671	-29.018884847741433	-17.50035285949707	125.0
15347	-7.982807592997228	-28.76896117256242	-17.677749633789062	125.0
15366	-8.156473278766496	-28.48958117060575	-17.7742919921875	125.0
15387	-8.376827052655658	-28.527305055487677	-17.780107498168945	125.0
15406	-8.43326378027878	-28.47794373368248	-17.76050567626953	125.0
15426	-7.992229616989971	-28.6100333808527	-17.503620147705078	125.0
15444	-8.191863304030214	-28.51964605946796	-17.178611755371094	125.0
15464	-8.196624297386553	-28.621356411699093	-17.16358757019043	125.0
15483	-8.18030485393799	-28.410297779945772	-17.264183044433594	125.0
15504	-8.299151281183308	-28.18764701137755	-17.358396530151367	125.0
15522	-8.155371928391254	-28.216011664662556	-17.680604934692383	125.0
15544	-7.966273046233564	-28.327214273721253	-17.449220657348633	125.0
15562	-8.053977123211059	-28.231468804892778	-17.276653289794922	125.0
15580	-7.827912839142512	-28.32705563650635	-17.399179458618164	125.0
15601	-7.8374404837242	-28.403448116395097	-17.526304244995117	125.0
15620	-7.690679484130996	-28.197551132135153	-17.708946228027344	125.0
15639	-7.679526152412983	-28.418220944383254	-17.563507080078125	125.0
15660	-7.72745928699375	-28.664289819685415	-17.331539154052734	125.0
15678	-7.62581870198942	-28.603837630871052	-17.26782989501953	125.0
15697	-7.502670365854214	-28.51278980766377	-17.22370719909668	125.0
15717	-7.288414733312195	-28.459153832144942	-17.070980072021484	125.0
15738	-7.226237414686097	-28.509016800262867	-16.93138885498047	134.0
15757	-7.264448911339485	-28.23276959385835	-17.054311752319336	134.0
15775	-7.264448911339485	-28.23276959385835	-17.054311752319336	134.0
15795	-7.251143094252185	-28.05028383201311	-16.931228637695312	134.0
15814	-7.3637857307252785	-27.98946633765684	-16.738794326782227	134.0
15834	-7.159073359985639	-27.792644400248747	-16.992321014404297	134.0
15853	-7.071677138428494	-27.768908362955404	-16.733734130859375	134.0
15873	-7.092353909315046	-27.647124317662346	-17.145336151123047	134.0
15892	-6.9287567619422035	-27.544173725705328	-17.31844711303711	134.0
15912	-6.553085407993513	-27.608300827108163	-17.23737907409668	134.0
15931	-6.585542412173857	-27.767968987572196	-16.913061141967773	134.0
15950	-6.303640954746374	-28.01108233249602	-16.940431594848633	134.0
15969	-6.222140201002998	-28.015726025360518	-17.14864730834961	133.0
15989	-6.267772051120372	-28.10237446585463	-17.11923599243164	133.0
16009	-6.242170941151243	-28.246374302678834	-17.036434173583984	133.0
16028	-6.432152364026893	-28.539280802283145	-16.880956649780273	133.0
16047	-6.262557961131816	-28.727124107145748	-16.678983688354492	133.0
16067	-6.348428591104402	-28.688443926896614	-16.769397735595703	133.0
16086	-6.154313679460702	-28.786888729529156	-16.932968139648438	133.0
16106	-6.329156100212766	-28.796066022739005	-16.78691864013672	133.0
16125	-6.279559787119919	-28.90733188509641	-16.89737892150879	133.0
16144	-6.250368609285324	-28.739789383775953	-16.912824630737305	133.0
16164	-6.206103714263662	-28.90691242197049	-16.66668128967285	133.0
16184	-6.233162706778855	-28.894850581322927	-16.529434204101562	133.0
16203	-6.394599205208394	-28.858443966593995	-16.477794647216797	129.0
16222	-6.1081640833782505	-28.966552245147707	-16.714614868164062	129.0
16242	-6.197091284084916	-28.748754485706534	-16.819168090820312	129.0
16261	-6.039361451662894	-28.553741734394652	-17.15599250793457	129.0
16281	-6.100370637653451	-28.22416058507631	-17.310213088989258	129.0
16300	-6.308299139355342	-28.351698703320857	-17.095874786376953	129.0
16320	-6.2451890943635755	-28.14245600942436	-16.918781280517578	129.0
16339	-6.12433765339389	-28.11225644358472	-16.622697830200195	129.0
16359	-6.023204983724445	-28.04859607857038	-16.618896484375	129.0
16378	-6.445652939254897	-27.730958394885448	-16.41551399230957	129.0
16397	-6.429172687572745	-27.94554067343031	-16.343626022338867	129.0
16417	-6.599149407630708	-27.975208276777224	-16.127004623413086	129.0
16437	-6.879517956557508	-27.852803485378598	-15.980871200561523	129.0
16457	-6.64964516542043	-28.098355094023923	-15.897912979125977	125.0
16476	-6.64964516542043	-28.098355094023923	-15.897912979125977	125.0
16494	-6.709585261122445	-28.493013948939726	-15.69752311706543	125.0
16514	-6.714028686025055	-28.577685378211648	-15.810531616210938	125.0
16533	-6.77032592453588	-28.8045255453066	-15.801816940307617	125.0
16553	-6.593969005679858	-28.9722381312422	-15.826950073242188	125.0
16572	-6.679710989304744	-28.67277791755863	-15.866674423217773	125.0
16592	-6.419842118249546	-28.470291955525983	-16.227197647094727	125.0
16611	-6.00143976604004	-28.789311521250262	-16.23286247253418	125.0
16631	-6.250872834592817	-28.531391463645736	-16.301395416259766	125.0
16650	-6.049369306488597	-28.517224506398282	-16.453453063964844	125.0
16670	-6.051205237743475	-28.45046647196219	-16.145423889160156	125.0
16690	-6.216181934717507	-28.235366133823433	-16.159799575805664	125.0
16709	-6.183390795628098	-28.194325349673385	-15.967306137084961	125.0
16728	-6.424767345820853	-28.46720335350182	-15.968802452087402	125.0
16747	-6.600140732248677	-28.563811774275937	-15.858475685119629	125.0
16767	-6.660670597174657	-28.411559103361206	-15.836711883544922	125.0
16786	-6.544642531366174	-28.520652723010066	-15.82182502746582	125.0
16805	-6.963985470329019	-28.371980870720375	-15.447630882263184	125.0
16825	-6.960978328589693	-28.439250152593573	-15.477294921875	125.0
16845	-6.802119120487836	-28.602398672416054	-15.433344841003418	125.0
16864	-7.012011015240214	-28.583505704320423	-15.694049835205078	125.0
16883	-6.667349647434231	-28.425366619492063	-15.850334167480469	125.0
16903	-6.909107093108499	-28.57498033858354	-15.809961318969727	125.0
16922	-6.971033936616541	-28.592786597172676	-15.651372909545898	127.0
16943	-7.068156046074659	-28.742314268824465	-15.502082824707031	127.0
16961	-7.2128566760357264	-28.915914542148727	-15.696029663085938	127.0
16980	-7.2204478467017275	-28.75983350597779	-15.939119338989258	127.0
17001	-7.200947296374653	-28.911920168343467	-15.726747512817383	127.0
17020	-7.327032978162797	-28.878264350339798	-15.815040588378906	127.0
17039	-7.477994072455137	-29.090040642542174	-15.58663272857666	127.0
17059	-7.86607111313328	-28.96780969659145	-15.445536613464355	127.0
17078	-8.0968041138088	-29.00646197288049	-15.526097297668457	127.0
17098	-8.314824854426542	-28.81527258273889	-15.849725723266602	127.0
17117	-8.314824854426542	-28.81527258273889	-15.849725723266602	127.0
17138	-7.91654378696215	-28.949963615038655	-15.857755661010742	127.0
17157	-7.91654378696215	-28.949963615038655	-15.857755661010742	127.0
17175	-7.633939793646155	-29.05973776206652	-15.978649139404297	134.0
17195	-7.256102743312896	-29.17632567296323	-16.08220672607422	134.0
17214	-7.157376876554777	-29.390540647761146	-15.980501174926758	134.0
17234	-6.531199456361228	-29.857330641813764	-15.952917098999023	134.0
17253	-6.138408574185537	-30.478109191336603	-15.547657012939453	134.0
17273	-5.7650382199432135	-30.90861362911981	-15.468997955322266	134.0
17292	-5.304296390392749	-31.15938831469142	-15.816319465637207	134.0
17311	-4.955654095786733	-31.423690328575084	-16.03119659423828	134.0
17330	-4.427005287331323	-31.715127810339695	-16.46323013305664	134.0
17350	-3.728609842204789	-32.00466152618576	-16.611446380615234	134.0
17371	-3.0632028006497123	-32.16085278801036	-16.700233459472656	134.0
17389	-2.5465763439793307	-32.42607686916834	-16.90671157836914	134.0
17408	-2.154488919408177	-32.502166515927925	-17.109149932861328	133.0
17428	-1.623174644279449	-32.53609959136063	-17.18638038635254	133.0
17447	-0.8058575631813122	-32.94599773268708	-16.754436492919922	133.0
17466	-0.04854651217218423	-33.01478156218761	-17.05618667602539	133.0
17488	0.4293896508816079	-32.921317648517096	-16.977598190307617	133.0
17506	0.9499024246081803	-33.058436231645224	-17.46525001525879	133.0
17525	1.409582263880806	-33.10281574244719	-17.929052352905273	133.0
17544	1.656488182642426	-32.96854788543469	-17.944486618041992	133.0
17564	2.2667120951601736	-33.11879232772294	-18.14080047607422	133.0
17583	2.5129649728292134	-33.281741861427925	-18.18255615234375	133.0
17603	2.9254447024488126	-33.401263628237665	-18.407711029052734	133.0
17622	3.1188735338382267	-33.531655147209314	-18.43832778930664	133.0
17642	3.296979299478396	-33.68295754285109	-18.597965240478516	128.0
17661	3.342978023759549	-33.78185176118154	-18.380674362182617	128.0
17681	3.6403906527854613	-33.826632676079065	-18.361143112182617	128.0
17700	4.2218815716523075	-33.964772308190646	-18.347299575805664	128.0
17721	4.152779060756093	-34.028087517601215	-18.309288024902344	128.0
17739	4.564615662159828	-33.929925394465364	-18.548683166503906	128.0
17759	4.5419720329413025	-33.9710502683754	-18.539159774780273	128.0
17778	5.234363836313468	-33.835844915909384	-18.54254150390625	128.0
17797	5.510798725233859	-33.971015672791914	-18.639432907104492	128.0
17818	5.639999954917316	-34.05130098866061	-18.644458770751953	128.0
17838	6.045875157101474	-33.9176978546148	-18.562702178955078	128.0
17857	5.9732179181202625	-33.77624593443882	-18.701129913330078	128.0
17875	5.9732179181202625	-33.77624593443882	-18.701129913330078	128.0
17894	6.300669079490276	-33.65780077070494	-18.613298416137695	129.0
17914	6.6176102621666395	-33.74020474885353	-18.65285873413086	129.0
17934	6.802097254321528	-33.61511003213249	-18.790082931518555	129.0
17953	7.049377516761686	-33.66640951548401	-18.812610626220703	129.0
17972	7.3601796733006095	-33.39555317221643	-19.07110595703125	129.0
17992	7.63630850030191	-33.11223917892141	-19.069002151489258	129.0
18012	7.5405427919231025	-33.1003178873619	-19.170228958129883	129.0
18031	7.795879436360172	-33.10450162624705	-19.242416381835938	129.0
18051	7.837652277519908	-33.14651081952161	-19.437557220458984	129.0
18069	7.953199360044994	-33.092155787416495	-19.307998657226562	129.0
18089	7.910228084773013	-32.96047362169652	-19.373117446899414	129.0
18108	7.893428010869731	-32.95945350740682	-19.310325622558594	129.0
18128	7.701328057045216	-33.11352460075065	-19.1552677154541	131.0
18147	7.738132530670251	-33.02346740760468	-19.101943969726562	131.0
18167	7.892192342666584	-33.36825639930653	-19.06615447998047	131.0
18186	7.8207008031675675	-33.4781966140468	-19.07090187072754	131.0
18206	7.5119559393158255	-33.27954975711066	-19.552602767944336	131.0
18225	7.35479330754551	-32.99448709652744	-19.749696731567383	131.0
18245	8.212544703739528	-33.02724998238818	-19.767719268798828	131.0
18264	8.77940113594529	-32.75191481491167	-19.860111236572266	131.0
18285	9.371560361356481	-32.74561576117865	-19.75448226928711	131.0
18303	9.87685135890759	-32.60006679235892	-20.191495895385742	131.0
18322	9.964461689711428	-32.205815584302044	-20.38463020324707	131.0
18342	10.352948793967787	-32.03013888235233	-20.68013572692871	131.0
18361	11.078342275274487	-32.152020527767554	-20.51426124572754	135.0
18380	12.00048283416971	-32.207390873862536	-20.38479232788086	135.0
18401	12.705316404584604	-31.822511934329416	-20.246349334716797	135.0
18420	13.390176173810284	-31.63523762950011	-20.098915100097656	135.0
18439	13.761518506374832	-31.23572093825542	-20.15744400024414	135.0
18458	14.346086258924062	-30.99690221488185	-20.264450073242188	135.0
18478	15.071336516720393	-30.59570203645184	-20.453170776367188	135.0
18498	15.89049628409715	-30.029458585915062	-20.299102783203125	135.0
18518	16.140366545802827	-29.428557620740808	-20.172704696655273	135.0
18538	16.4655727454099	-28.93589654692595	-20.43712043762207	135.0
18557	16.68195621288407	-28.267655798238827	-20.656984329223633	135.0
18575	16.68195621288407	-28.267655798238827	-20.656984329223633	135.0
18595	17.10736299706338	-27.88199093442177	-20.839412689208984	135.0
18614	17.4086866861202	-27.52447277470182	-20.90215301513672	137.0
18634	17.266814414181287	-27.110777302557786	-20.837085723876953	137.0
18653	17.692859922367226	-26.871504250631915	-21.051998138427734	137.0
18673	17.488064849857786	-26.347252305542092	-21.305187225341797	137.0
18692	17.78525142647984	-26.14204175598754	-21.474788665771484	137.0
18711	18.069706125739756	-25.885439534670766	-21.294734954833984	137.0
18730	18.36171020997121	-25.83005773360971	-21.62115478515625	137.0
18750	18.43309933301042	-25.78157840140441	-21.46449089050293	137.0
18770	18.320257130813914	-25.704804510750854	-21.573997497558594	137.0
18789	18.46452797094247	-25.58915475146949	-21.895856857299805	137.0
18808	18.251654239597553	-25.250129040736685	-22.09733009338379	137.0
18828	18.564259509767872	-25.533788154311807	-22.272602081298828	137.0
18847	18.478992371371838	-25.312646007233205	-22.328338623046875	135.0
18868	18.45719565263922	-25.598278561857654	-22.32450294494629	135.0
18886	18.395387088381565	-25.439856621497068	-22.218482971191406	135.0
18906	18.317478498386336	-25.339402827802846	-22.296581268310547	135.0
18925	18.377484711724072	-25.266257071207548	-22.44373893737793	135.0
18945	18.369148064417274	-25.095009599993762	-22.352725982666016	135.0
18964	18.372452347842998	-25.062614826884456	-22.09429168701172	135.0
18984	18.22771820125612	-24.950858406830477	-21.75640869140625	135.0
19004	18.537556622444388	-25.136485009309098	-21.595348358154297	135.0
19022	18.535453514197943	-24.672909205870837	-21.606388092041016	135.0
19042	18.18849358338977	-24.69972612115708	-21.86309814453125	135.0
19061	18.10807258663783	-24.751939750457858	-21.860506057739258	135.0
19082	17.857544657806006	-24.582502159582724	-21.9117374420166	131.0
19101	17.774286317678335	-24.43767462010536	-21.995731353759766	131.0
19120	17.793502362269898	-24.3800948945164	-22.04877281188965	131.0
19139	17.83589386454605	-24.35262834162838	-22.155717849731445	131.0
19159	17.754548161198578	-24.16469328885407	-22.108070373535156	131.0
19178	17.665054477612237	-24.188789181204974	-22.35233497619629	131.0
19197	17.592267229387932	-23.87989779693156	-22.38418960571289	131.0
19218	17.25849352808655	-23.628581541322575	-22.492900848388672	131.0
19237	17.183977313243933	-23.427860425328884	-22.5466365814209	131.0
19257	17.095030521100558	-23.100429467629734	-22.775089263916016	131.0
19276	17.095030521100558	-23.100429467629734	-22.775089263916016	131.0
19294	17.02931136898003	-22.960640292931064	-22.816207885742188	131.0
19314	16.768087509154242	-22.485335011542904	-22.626432418823242	131.0
19334	16.736490346057863	-21.999174190432363	-22.917316436767578	135.0
19353	16.70156810880262	-21.536051565291068	-22.733386993408203	135.0
19372	16.905841016381803	-21.15786263093045	-22.68769073486328	135.0
19393	17.079247260461653	-21.088547029020315	-22.513572692871094	135.0
19411	17.32388972000589	-20.88446777855357	-22.621952056884766	135.0
19431	17.228654615362522	-20.7938308162669	-22.39324951171875	135.0
19450	17.266267908147903	-20.354522843239188	-22.587556838989258	135.0
19470	17.43054496548279	-20.14740233223473	-22.99407958984375	135.0
19489	17.640702670003435	-19.69486767483453	-22.948421478271484	135.0
19508	17.963466217659573	-19.369437121192966	-23.094863891601562	135.0
19528	17.929536802901755	-18.940264361818535	-23.291183471679688	135.0
19548	18.09298145393492	-18.53634347158448	-23.552141189575195	135.0
19566	18.014341595985645	-18.153467179853475	-23.525020599365234	139.0
19587	17.98232451084852	-17.79778561575844	-24.032297134399414	139.0
19606	17.853060160336458	-17.315009876519603	-24.371286392211914	139.0
19625	17.85256296787444	-16.904653517525148	-24.371912002563477	139.0
19645	17.781516202085363	-16.669533720018066	-24.358428955078125	139.0
19664	17.541870196575665	-16.24759620042917	-24.399446487426758	139.0
19684	17.522711518246147	-15.928565884625787	-24.35568618774414	139.0
19703	17.476282128938514	-15.371064361060174	-24.247041702270508	139.0
19722	17.288351616110724	-14.8607615472896	-24.19694709777832	139.0
19742	16.99424134463158	-14.720061924205696	-24.142253875732422	139.0
19763	16.911424115109757	-14.534850910115441	-23.880311965942383	139.0
19781	16.982299013616576	-14.297140283632066	-23.555015563964844	139.0
19801	17.248368290891904	-14.096434604107216	-23.366655349731445	139.0
19820	17.251831767048575	-13.900521990551715	-23.25777816772461	146.0
19839	17.12947367597929	-13.396081918781316	-23.503501892089844	146.0
19858	17.142395138018188	-13.420171988413276	-23.117660522460938	146.0
19878	17.239124313380668	-13.29085979444108	-23.04204750061035	146.0
19898	17.058148398178595	-13.12893350854792	-22.826242446899414	146.0
19918	16.55624580679207	-13.056356818121065	-23.05883026123047	146.0
19938	15.828448240076296	-13.328024714830017	-23.330232620239258	146.0
19957	15.039574723309507	-13.612054134579045	-23.38435935974121	146.0
19975	15.039574723309507	-13.612054134579045	-23.38435935974121	146.0
19996	14.818556568528376	-13.621405868191616	-23.33285903930664	146.0
20014	14.532543908348819	-14.331788459429616	-23.31855583190918	146.0
20034	14.48436136428508	-14.231898450703975	-23.311555862426758	146.0
20054	14.7521467794588	-14.264211206648023	-23.01634407043457	144.0
20073	15.305054752954172	-14.51123977533425	-22.764921188354492	144.0
20092	15.507163016981883	-14.730163307823506	-22.6351261138916	144.0
20112	15.802078909632252	-15.176777872965843	-22.310848236083984	144.0
20131	16.037188404006244	-15.52457057628665	-22.018701553344727	144.0
20150	15.618112062537339	-16.182976400536024	-22.011701583862305	144.0
20170	16.018314944657845	-16.15643176267114	-21.739913940429688	144.0
20189	15.980468805003685	-17.09373239090699	-21.778743743896484	144.0
20209	15.472886342611966	-17.42812413762805	-22.288179397583008	144.0
20229	14.778253020735173	-17.601809873389474	-22.966018676757812	144.0
20247	14.216331215132179	-17.73165940744822	-23.558311462402344	144.0
20267	13.562036410251094	-17.64503642034337	-24.511783599853516	144.0
20286	13.545252868599757	-17.8936157386574	-24.58540916442871	137.0
20306	14.649364388357954	-18.659000094067505	-23.807458877563477	137.0
20325	15.657472534361347	-19.090442717764592	-22.780622482299805	137.0
20346	17.890685202572786	-19.182941760786843	-21.072547912597656	137.0
20364	18.589855660760037	-18.49947471961451	-21.584667205810547	137.0
20383	19.11947182980347	-17.946898346315052	-21.601932525634766	137.0
20404	19.66988422527417	-17.483669422783105	-21.941829681396484	137.0
20422	19.3790633283109	-17.29803366917858	-22.530044555664062	137.0
20442	19.369658251412975	-17.068383060770557	-23.137401580810547	137.0
20462	19.348691139098946	-16.957180037538762	-23.26025390625	137.0
20481	20.38183187285854	-17.198268196007394	-22.691951751708984	137.0
20500	21.278316550759715	-17.238324540670458	-21.50290870666504	137.0
20521	22.336257657775597	-16.630873058406646	-20.752450942993164	135.0
20539	22.919212920910862	-15.791174573254528	-20.363365173339844	135.0
20558	23.014454060410976	-15.123148277374378	-19.696388244628906	135.0
20579	22.997254192786713	-14.346530980714684	-19.317764282226562	135.0
20597	22.864798538040397	-14.128114757244225	-18.637033462524414	135.0
20618	22.132733661434408	-14.151216377394363	-18.440011978149414	135.0
20638	21.70668474933157	-13.798065751306206	-18.25409507751465	135.0
20658	21.318097639259797	-13.142963214059193	-18.337013244628906	135.0
20676	21.318097639259797	-13.142963214059193	-18.337013244628906	135.0
20695	20.950902209173307	-12.257598920284678	-18.292293548583984	135.0
20714	20.699235152817227	-11.453446723758956	-18.4246768951416	135.0
20733	20.318741378959007	-10.809258539373996	-18.396373748779297	135.0
20754	19.849549397838103	-10.260290488533787	-18.468883514404297	135.0
20773	19.36948893642179	-9.68150996278116	-18.468591690063477	131.0
20793	19.127369063055998	-8.872357033796549	-18.39972686767578	131.0
20813	19.1803385477412	-8.077764699118744	-18.165536880493164	131.0
20831	18.69355403427614	-7.452737106920043	-18.37131690979004	131.0
20851	17.722798533023376	-7.374302357852371	-18.542964935302734	131.0
20870	16.989482755842957	-6.717466355169549	-18.898054122924805	131.0
20890	16.634671775981843	-5.763700522438313	-19.01032829284668	131.0
20909	15.859262253428817	-5.612821619318661	-19.17621421813965	131.0
20929	15.250256265569016	-5.461301275814497	-19.677034378051758	131.0
20949	14.861577858100878	-4.873109566822588	-19.923734664916992	131.0
20967	14.089628900151826	-4.204039898075442	-20.10710334777832	131.0
20986	14.008611766794575	-3.6557584561109473	-19.84398651123047	131.0
21005	13.647150746371915	-2.088483326600657	-20.07611656188965	136.0
21028	13.633445594922941	-1.7688547010356503	-19.699024200439453	136.0
