2	-4.967469471435051	-14.510054266221397	-26.47231674194336	0.0
18	-4.90836532219034	-14.532380232042241	-26.359506607055664	0.0
37	-4.712240621082679	-14.733058758375464	-26.34918975830078	0.0
55	-4.843717309341405	-14.958118282998319	-26.471866607666016	0.0
74	-4.863449159864678	-14.898358435669447	-26.154376983642578	0.0
93	-4.692103704580152	-14.877061888029909	-26.221660614013672	0.0
111	-4.692103704580152	-14.877061888029909	-26.221660614013672	0.0
129	-4.340523609223539	-15.046281784712438	-26.43572425842285	0.0
148	-4.563051489625763	-14.898817888258424	-26.536283493041992	0.0
166	-4.60843795631136	-14.919377224765629	-26.27299690246582	0.0
187	-4.924390527073128	-14.741169809554675	-26.616989135742188	0.0
206	-5.077670997796446	-14.6195964609951	-26.581829071044922	0.0
223	-4.954110486908142	-14.725937549970936	-26.54158592224121	0.0
241	-5.093835839210895	-14.870905490845445	-26.678565979003906	0.0
260	-4.837917245517856	-14.998455586839869	-26.913681030273438	0.0
278	-4.948042473137525	-15.062783077645749	-26.789382934570312	0.0
297	-4.922556262774597	-15.077909281364343	-26.546201705932617	0.0
315	-5.2092408636128065	-14.850954835434546	-26.78022575378418	0.0
334	-5.089072035924415	-14.82334021633678	-26.535404205322266	0.0
353	-5.089072035924415	-14.82334021633678	-26.535404205322266	0.0
371	-5.046882807994087	-14.934920368624006	-26.409984588623047	0.0
391	-5.374950066635206	-14.488284890797209	-26.418500900268555	0.0
408	-5.4437293950301795	-14.499974759691352	-26.589630126953125	0.0
426	-5.3979975551630295	-14.227630444853057	-26.501829147338867	0.0
445	-5.277650317842171	-14.38008424543709	-26.26287078857422	0.0
464	-5.033081090005621	-14.906139589367424	-26.12972068786621	0.0
483	-4.858107734154392	-14.93998297746849	-25.68378448486328	0.0
501	-4.926787858879205	-14.627245407958673	-25.698497772216797	0.0
521	-4.841948714878131	-14.602352258026459	-25.83968734741211	0.0
539	-4.583701480890559	-14.771674026850686	-25.94719696044922	0.0
557	-4.56560973154015	-14.562138092730022	-26.035354614257812	0.0
576	-4.730529798287762	-14.404084510631618	-26.156631469726562	0.0
594	-4.909091121898699	-14.351089106051234	-26.26620864868164	0.0
614	-4.97621597568645	-14.147112268769163	-26.16239356994629	0.0
632	-4.97621597568645	-14.147112268769163	-26.16239356994629	0.0
650	-5.122184495057995	-13.908657806905977	-26.503271102905273	0.0
668	-5.166540689277998	-14.183754753052728	-26.438385009765625	0.0
688	-5.405078631425575	-14.449936244844913	-26.320152282714844	0.0
706	-5.305357444297755	-14.561412721759142	-26.06429672241211	0.0
724	-5.330046437289377	-14.256470087477952	-25.75220489501953	0.0
743	-5.093674343057317	-13.928956912397313	-25.83635902404785	0.0
761	-4.814923064859629	-13.950560307820783	-25.665077209472656	0.0
780	-4.761764373484515	-13.89752813762206	-25.648754119873047	0.0
798	-4.675474446945263	-13.933634990703007	-25.621196746826172	0.0
818	-4.660469432275231	-14.027089425885706	-25.71656036376953	0.0
837	-4.671250291188629	-14.019918454886211	-25.668567657470703	0.0
855	-4.80900284139524	-13.8745930550101	-25.7608585357666	0.0
875	-4.768105074309534	-13.943986411342937	-26.079723358154297	0.0
892	-4.768105074309534	-13.943986411342937	-26.079723358154297	0.0
910	-4.797782079145281	-14.189471994177824	-26.096349716186523	0.0
929	-5.048908925495832	-14.290299878705031	-26.272159576416016	0.0
947	-5.230484982593228	-14.199226401429277	-26.15300750732422	0.0
966	-5.473490829075464	-14.18542039855064	-25.983707427978516	0.0
984	-5.530996412618741	-14.217968924335752	-26.10814666748047	0.0
1003	-5.34844002872138	-13.833951870720728	-26.382076263427734	0.0
1022	-5.459759453667094	-13.884636031385336	-26.43970489501953	0.0
1043	-5.275571523644214	-13.992425090669364	-26.343313217163086	0.0
1059	-5.257295594997301	-13.76028558446476	-26.40578842163086	0.0
1077	-5.260436433777512	-13.857938472337501	-26.317928314208984	0.0
1096	-5.248431769951035	-14.124331350275112	-26.46483612060547	0.0
1114	-5.072033655315159	-14.17429200806416	-26.658395767211914	0.0
1133	-4.9099165362471755	-13.910311083516625	-26.56897735595703	0.0
1153	-4.9099165362471755	-13.910311083516625	-26.56897735595703	0.0
1171	-4.911464432368028	-14.143792062556429	-26.60505485534668	0.0
1189	-4.8748243472821535	-14.172382335967102	-26.45266342163086	0.0
1207	-5.091664830989842	-14.295388075797696	-26.35015869140625	0.0
1227	-4.616716399127502	-14.29168419366817	-26.493043899536133	0.0
1245	-4.567853890124758	-14.185015042151864	-26.45064926147461	0.0
1263	-4.376014815376741	-14.106175364363017	-26.44223403930664	0.0
1282	-4.896834872260259	-14.199118062429168	-26.482816696166992	0.0
1300	-5.020936881652352	-14.031661938789297	-26.658489227294922	0.0
1319	-4.87019073064878	-14.047114324505246	-26.417057037353516	0.0
1339	-4.953034592658732	-13.79592667266342	-26.628257751464844	0.0
1356	-4.982521153344368	-13.621916476297733	-26.67647933959961	0.0
1376	-5.256765280180654	-13.690953590219163	-26.665302276611328	0.0
1394	-5.256765280180654	-13.690953590219163	-26.665302276611328	0.0
1412	-5.1825888694610205	-13.73389730354899	-26.645715713500977	0.0
1430	-5.150069447941363	-14.280852107329968	-26.49492073059082	0.0
1449	-5.309088695724273	-14.000380347951406	-26.424592971801758	0.0
1467	-5.2018946570635825	-14.258698840998944	-26.329980850219727	0.0
1486	-5.470855041253793	-14.129005474615553	-26.427139282226562	0.0
1506	-5.594748850724638	-14.001940400092284	-26.46139144897461	0.0
1523	-5.7283684296583415	-14.144746484367014	-26.51383399963379	0.0
1544	-5.718699885509587	-13.998562698027074	-26.311830520629883	0.0
1561	-5.653130817421272	-13.884321573262122	-26.41042137145996	0.0
1579	-5.569928117534777	-14.088923825812161	-26.190675735473633	0.0
1597	-5.469483327595629	-14.1804956951302	-26.054672241210938	0.0
1616	-5.5180173493316325	-13.951550068406874	-25.93840789794922	0.0
1635	-5.495716561468339	-14.116565817530057	-26.059242248535156	0.0
1653	-5.495716561468339	-14.116565817530057	-26.059242248535156	0.0
1673	-5.793000847077853	-14.143758423293262	-26.038602828979492	0.0
1691	-5.965272749877937	-14.009317242720195	-25.958309173583984	0.0
1712	-6.2745765235915645	-14.157801074362245	-26.103050231933594	0.0
1729	-5.498177085777991	-14.255472844989036	-26.51426887512207	0.0
1746	-5.337930960474174	-13.780807415731454	-26.810077667236328	0.0
1765	-5.736140941799011	-13.33002885253102	-27.2608585357666	0.0
1783	-5.5331820994100225	-13.484987589395207	-27.327220916748047	0.0
1802	-5.244218613801294	-13.468325081980003	-27.075191497802734	0.0
1820	-5.433884038832256	-13.277352893116314	-27.184885025024414	0.0
1839	-5.432139441580241	-13.554341660398599	-27.02000617980957	0.0
1858	-5.477532348948223	-13.381563009928648	-27.014991760253906	0.0
1876	-5.203634507040713	-13.3568065090777	-26.75992774963379	0.0
1895	-5.1592032297632615	-13.355624477739209	-26.726058959960938	0.0
1914	-4.878483853949948	-13.305854663685675	-26.50401496887207	0.0
1932	-4.878483853949948	-13.305854663685675	-26.50401496887207	0.0
1950	-5.129774623593641	-13.066206594468879	-26.559814453125	0.0
1969	-5.087751343244489	-13.421850190582195	-26.545879364013672	0.0
1987	-4.924042735448549	-13.601310610811643	-26.377941131591797	0.0
2007	-5.014572029271421	-13.512797492282411	-26.36066436767578	0.0
2025	-4.783705177370319	-13.521155873065288	-26.14533042907715	0.0
2044	-4.6199342415142235	-13.435150808120579	-26.13650131225586	0.0
2062	-4.787166184690019	-13.539001596397753	-25.932777404785156	0.0
2081	-5.114880853369835	-13.77500415016332	-25.879600524902344	0.0
2099	-5.287130352335214	-13.701114811606	-25.77147102355957	0.0
2117	-5.1815589976019005	-13.457166649095761	-25.87066078186035	0.0
2136	-5.208868394419957	-13.335788333935625	-26.008275985717773	0.0
2154	-4.960082027985054	-13.514670158552256	-25.901321411132812	0.0
2174	-4.960082027985054	-13.514670158552256	-25.901321411132812	0.0
2192	-4.947650845228373	-13.478958715923847	-26.080947875976562	0.0
2210	-5.335777044126026	-13.41760634583102	-26.321313858032227	0.0
2229	-5.259449684258289	-13.653522611607956	-26.32170295715332	0.0
2248	-5.244067095616456	-13.663472217205523	-26.484378814697266	0.0
2266	-5.471492463606552	-13.959885159815828	-26.600021362304688	0.0
2285	-5.490698038635788	-14.120179596988233	-26.569562911987305	0.0
2303	-5.692137816032674	-13.960663235818238	-26.752290725708008	0.0
2321	-5.671595252131324	-13.983261558975657	-27.155101776123047	0.0
2341	-5.656743704985038	-13.958806501890109	-27.211641311645508	0.0
2359	-5.523695040114487	-14.094394111291857	-27.017274856567383	0.0
2380	-5.865132239890564	-14.25158732483428	-27.07965660095215	0.0
2396	-4.875186031134802	-15.051762599108475	-26.932933807373047	0.0
2418	-4.977017781608482	-14.60285419775835	-27.249967575073242	0.0
2434	-4.980099886871838	-13.881758007664573	-27.674551010131836	0.0
2452	-4.489792054269933	-14.495116020826494	-27.13203239440918	0.0
2470	-4.489792054269933	-14.495116020826494	-27.13203239440918	0.0
2489	-5.374208212367105	-13.699810891989213	-27.138477325439453	0.0
2509	-4.211491459863276	-14.639999413503466	-27.027069091796875	0.0
----------------출발----------------
2526	-4.214566697192802	-14.5010357150774	-27.246471405029297	0.0
2544	-4.011638350007731	-14.129181940909918	-27.452144622802734	0.0
2563	-4.035476141750761	-13.663784620960117	-27.378576278686523	0.0
2581	-3.929409121719119	-13.491055996200243	-27.395038604736328	0.0
2600	-4.34844266338448	-13.528016866952958	-27.407278060913086	0.0
2618	-4.309374364749927	-13.274414241686296	-27.734323501586914	0.0
2637	-4.225273683092988	-13.223756170951171	-27.712968826293945	0.0
2656	-4.040523237108091	-13.278370688781704	-27.48441505432129	0.0
2675	-3.7902475032814764	-13.167475944539321	-27.614856719970703	0.0
2694	-3.7902475032814764	-13.167475944539321	-27.614856719970703	0.0
2713	-4.519575539528676	-13.23560193987589	-27.89533233642578	0.0
2731	-4.519575539528676	-13.23560193987589	-27.89533233642578	0.0
2749	-4.559307457464567	-13.03987124695578	-27.857398986816406	0.0
2767	-4.209464593388153	-12.678357879040465	-27.86543083190918	0.0
2786	-3.677766937348234	-12.887213454913992	-27.85125732421875	0.0
2805	-3.4377158280564557	-13.005069772102605	-27.91750717163086	0.0
2823	-3.382400221682885	-13.168582469418842	-28.009592056274414	0.0
2843	-3.254491520627719	-13.403133858763427	-27.940969467163086	0.0
2860	-3.115832489983893	-13.403618352651385	-27.529739379882812	0.0
2879	-2.900078905904182	-13.448219431257774	-27.476831436157227	0.0
2898	-2.7905909010294785	-13.341327788707043	-27.580791473388672	0.0
2916	-2.6922642588288586	-13.517449055679101	-27.673913955688477	0.0
2934	-3.039770831761332	-13.568265119166908	-27.949148178100586	0.0
2954	-3.2749633232892053	-13.61653270791816	-28.14847183227539	0.0
2973	-3.1325054193372996	-13.650732660477384	-28.247787475585938	0.0
2990	-3.1325054193372996	-13.650732660477384	-28.247787475585938	0.0
3009	-2.7270197660673015	-13.774806047348457	-28.28968048095703	0.0
3029	-2.451527682166007	-13.57379349687403	-28.38190460205078	0.0
3046	-2.3017743407268685	-13.72342621850256	-28.384370803833008	0.0
3064	-2.3974137209010005	-13.65424367493452	-28.664966583251953	0.0
3083	-2.330844190358908	-13.377671936228644	-28.78923797607422	0.0
3101	-2.218421900714265	-13.387278143216774	-28.587474822998047	0.0
3120	-2.006708999558474	-13.188304425187155	-28.475719451904297	0.0
3140	-2.0595271615378774	-13.210708690454487	-28.505117416381836	0.0
3157	-2.0768353820611716	-13.077457230079533	-28.46078109741211	0.0
3176	-1.964031463597143	-13.267853715676672	-28.624794006347656	0.0
3195	-2.1090274755060814	-13.209966207731577	-28.678783416748047	0.0
3215	-2.2907844371459842	-13.32669174997538	-28.522632598876953	0.0
3233	-2.2907844371459842	-13.32669174997538	-28.522632598876953	0.0
3250	-2.0707713351154506	-13.329092768455615	-28.59801483154297	0.0
3269	-2.2030123364561156	-13.039793524448184	-28.72270965576172	0.0
3288	-2.0622744836064135	-12.923946599087639	-28.551830291748047	0.0
3306	-1.7626027900278272	-13.0245813319543	-28.36282730102539	0.0
3325	-1.5524581561588937	-13.15066717168252	-28.126928329467773	0.0
3344	-1.2832858270264116	-12.933146398884693	-28.217960357666016	0.0
3362	-0.8015982216603874	-13.113922084237712	-28.240869522094727	0.0
3381	-0.7459444619447221	-13.208671379871145	-28.256065368652344	0.0
3400	-0.9264273304777939	-13.00449417259775	-28.464874267578125	0.0
3417	-0.8514914369413945	-12.818098846290601	-28.537174224853516	0.0
3436	-0.7380974630946954	-13.007631908799214	-28.790990829467773	0.0
3454	-1.0466478265787023	-12.844451761973577	-29.061567306518555	0.0
3473	-1.3631249417897826	-12.771008214728017	-29.227802276611328	0.0
3492	-1.3631249417897826	-12.771008214728017	-29.227802276611328	0.0
3511	-0.9946726835955417	-12.686311143692091	-29.22694969177246	0.0
3529	-0.8165706998839932	-12.338010274943388	-29.201942443847656	0.0
3548	-0.5035615232551	-12.529090432231783	-29.15101432800293	0.0
3567	-0.2408239204162576	-12.65882614289339	-29.19505500793457	0.0
3585	-0.20350195946610908	-12.704974699336061	-29.27444076538086	0.0
3603	-0.5371136852401642	-12.592864048842483	-29.326396942138672	0.0
3623	-0.3053995866324946	-12.455817699603699	-29.274795532226562	0.0
3641	0.1752718550327437	-12.431051945235364	-29.53273582458496	0.0
3661	0.37271309489557974	-12.631819704535625	-30.003019332885742	0.0
3678	0.6085681980838985	-12.999224053311236	-29.908403396606445	0.0
3697	0.31149735379873683	-13.089475209952969	-29.86579704284668	0.0
3717	0.42238594320481787	-12.8883319239276	-29.794958114624023	0.0
3734	0.6072753835866509	-12.877764803726565	-29.948223114013672	0.0
3758	0.6072753835866509	-12.877764803726565	-29.948223114013672	0.0
3770	1.0293720681689997	-13.059381096970158	-30.053363800048828	0.0
3789	1.2634387102762081	-13.05341698229941	-30.35230255126953	0.0
3808	1.289383946001962	-13.02311425533135	-30.37521743774414	0.0
3826	1.2268768088967639	-12.690897825284987	-30.348928451538086	0.0
3845	1.3424652119684477	-12.724323384025979	-30.657556533813477	0.0
3865	1.6111242647401303	-12.613356360201095	-30.65332794189453	0.0
3882	1.771291586194836	-12.89661336682777	-30.748138427734375	0.0
3901	2.0560881674287423	-13.02866298452101	-30.80267906188965	0.0
3919	2.13444450075468	-13.109657563465339	-30.667152404785156	0.0
3938	2.1641667284832424	-12.82124899254361	-30.73661231994629	0.0
3957	2.2018407666938953	-12.90573686387874	-30.87683868408203	0.0
3975	2.3993426076302367	-13.21267389709853	-30.769899368286133	0.0
3994	2.2496249439199323	-13.205980203518644	-30.753732681274414	0.0
4014	2.2496249439199323	-13.205980203518644	-30.753732681274414	0.0
4032	2.9197867613276576	-13.057461621567167	-30.945026397705078	0.0
4049	2.9197867613276576	-13.057461621567167	-30.945026397705078	0.0
4067	2.4389602895125764	-12.995951842909164	-30.866086959838867	0.0
4086	2.458147149227315	-12.578793534597873	-31.174375534057617	0.0
4105	2.5157369439854125	-12.722544504270289	-31.119565963745117	0.0
4130	2.561278168271538	-12.897662347246648	-31.044347763061523	0.0
4142	2.3807013429118906	-13.18186082321595	-30.92196273803711	0.0
4162	2.3806323104733296	-13.515942875821894	-30.956363677978516	0.0
4180	2.6947696846767064	-13.49152680501563	-31.09931755065918	0.0
4198	2.586473453385566	-13.467711166020546	-31.046300888061523	0.0
4218	2.9658340475893117	-13.51327241348286	-31.291332244873047	0.0
4235	3.4020835581315563	-13.608380184381152	-31.358131408691406	0.0
4254	3.304877290818114	-13.486979112031758	-31.548303604125977	0.0
4273	3.438460907740513	-13.43371356630149	-31.27688217163086	0.0
4291	3.438460907740513	-13.43371356630149	-31.27688217163086	0.0
4310	3.287942000336223	-13.287395053435153	-31.175466537475586	0.0
4328	3.5278784529008735	-13.570396170398949	-30.95401954650879	0.0
4347	3.572073806971352	-13.631387509455733	-30.828672409057617	0.0
4367	3.924872029534942	-13.4871827000214	-31.07097816467285	0.0
4385	3.8873421115179183	-13.634832086118239	-30.80782127380371	0.0
4402	4.111604903532613	-13.422251069091876	-30.70389175415039	0.0
4421	4.213963645734032	-13.570546970057176	-30.635570526123047	0.0
4439	4.180502295561092	-13.66983067070007	-30.85674285888672	0.0
4458	4.534000917104254	-13.945844036088388	-30.867746353149414	0.0
4476	4.768450460306042	-14.222014811280333	-30.44948959350586	0.0
4496	5.05872116821454	-14.18680756382086	-30.40869140625	0.0
4515	5.132747401903979	-14.53103683146928	-30.090770721435547	0.0
4534	5.132747401903979	-14.53103683146928	-30.090770721435547	0.0
4551	5.119276347143791	-14.618644480209845	-29.950729370117188	0.0
4569	4.86708536103178	-14.836437449425762	-29.65578269958496	0.0
4588	4.850376849652581	-14.873932732767397	-29.18172836303711	0.0
4606	5.282400066728423	-14.973948668175352	-28.8487606048584	0.0
4625	5.1455652183958716	-14.749206154946867	-28.521230697631836	0.0
4644	5.048409376286885	-14.860945513913137	-28.36774253845215	0.0
4663	4.982559649409016	-14.80425573571285	-27.93148422241211	0.0
4682	4.864866637482255	-14.799600644901181	-27.64463233947754	0.0
4701	5.087206646161522	-14.877108858398703	-27.1061954498291	0.0
4718	5.414681466616911	-14.876500638554708	-26.884235382080078	0.0
4736	5.149563500262455	-14.940456138183169	-26.8150634765625	0.0
4755	4.993369783501131	-14.896972554622941	-26.485017776489258	0.0
4773	4.993369783501131	-14.896972554622941	-26.485017776489258	0.0
4793	5.137593489134833	-14.845481065635168	-25.966205596923828	0.0
4811	5.137593489134833	-14.845481065635168	-25.966205596923828	0.0
4830	5.444332973808047	-14.741766919082444	-25.81155014038086	0.0
4847	5.632647818922656	-14.515386813292203	-25.508119583129883	0.0
4867	5.437098897611539	-14.703498623582824	-25.23040199279785	0.0
4886	5.086087582936829	-14.784958344657797	-24.92296028137207	0.0
4904	4.9805563476988475	-14.752773884909761	-24.6649227142334	0.0
4922	5.131892599218457	-14.707049647537955	-24.41471290588379	0.0
4941	5.111712206022923	-14.564427915046727	-24.301990509033203	0.0
4959	4.6798575603740735	-14.447989098409067	-23.95342445373535	0.0
4978	4.375034768519459	-14.46735244445946	-23.338708877563477	0.0
4998	4.115976579816129	-14.386091909771139	-23.014101028442383	0.0
5017	4.050075585662715	-14.251034828052694	-22.894851684570312	0.0
5035	3.718498396551997	-14.092196142935896	-22.52667999267578	0.0
5054	3.2030496333107816	-14.109817290265644	-21.97422981262207	0.0
5071	3.2030496333107816	-14.109817290265644	-21.97422981262207	0.0
5090	2.8207247863083467	-13.753777201221508	-21.5902099609375	0.0
5108	2.5005310845885385	-13.873484013832037	-21.117149353027344	0.0
5127	2.3156795102603436	-13.990811536503527	-20.959720611572266	0.0
5145	2.1179196614621287	-14.020102402406105	-20.64286994934082	0.0
5165	1.8251228208031332	-13.83956081301092	-20.216508865356445	0.0
5182	1.6563609123901288	-13.700274445687906	-19.659399032592773	0.0
5201	1.59797737474351	-13.716899212473528	-19.403188705444336	0.0
5219	1.5198624522114788	-13.505567870219707	-19.21665382385254	0.0
5239	1.1763732721465896	-13.513659296122793	-19.035972595214844	0.0
5256	0.7565384138441978	-13.10161299854889	-18.949291229248047	0.0
5276	0.4263484514096313	-13.065384138880436	-18.51678466796875	0.0
5295	-0.08378720067515226	-12.92433365732686	-18.257396697998047	0.0
5313	-0.08378720067515226	-12.92433365732686	-18.257396697998047	0.0
5332	-0.2228573672417866	-12.780778205025797	-18.211305618286133	0.0
5351	-0.661830701376454	-12.764771609226587	-17.959291458129883	0.0
5369	-0.99749925262693	-12.644025097250973	-17.788667678833008	0.0
5386	-1.2468370032916682	-12.589568149987231	-17.679725646972656	0.0
5405	-1.6243871011034674	-12.54678383788993	-17.474105834960938	0.0
5424	-2.0705187051624825	-12.41635718227787	-17.343429565429688	0.0
5442	-2.0282359895567166	-12.177275928263384	-17.251562118530273	0.0
5461	-2.2039947214224123	-11.874796163553833	-17.42578887939453	0.0
5479	-2.285921563221548	-11.76632899581573	-17.35818862915039	0.0
5498	-2.438017433279888	-11.65877332296079	-17.576583862304688	0.0
5517	-2.6972569436862	-11.554068402773991	-17.496681213378906	0.0
5535	-2.985676058480006	-11.35112038942444	-17.41394805908203	0.0
5554	-2.868473161514771	-11.27279783227043	-17.718265533447266	0.0
5573	-2.868473161514771	-11.27279783227043	-17.718265533447266	0.0
5591	-2.9590690608268266	-11.25828923268932	-17.839736938476562	0.0
5609	-3.2079335716628234	-11.117772365213195	-17.90365982055664	0.0
5628	-3.5765372836889924	-11.193303999328704	-17.784921646118164	0.0
5646	-3.86441303070215	-11.097986906474967	-18.028610229492188	0.0
5666	-3.6486111810630892	-10.671904223466822	-18.073699951171875	0.0
5684	-3.518759664707118	-10.58728401536554	-18.017820358276367	0.0
5703	-3.482335038636316	-10.471143346115198	-18.081008911132812	0.0
5721	-3.537529097232558	-10.4195284649761	-18.030927658081055	0.0
5739	-3.544460612149473	-10.23817474172441	-17.927671432495117	0.0
5758	-3.6287807290959857	-10.07210720000201	-18.236841201782227	0.0
5776	-3.461013219225432	-9.844634251215304	-18.458839416503906	0.0
5795	-3.267799532669036	-9.966683398565614	-18.74089813232422	0.0
5813	-3.310338228077782	-9.990402145870863	-18.897077560424805	0.0
5832	-3.310338228077782	-9.990402145870863	-18.897077560424805	0.0
5851	-3.029046031515687	-9.746628652352804	-19.189367294311523	0.0
5870	-2.9357590871017485	-9.88317443748558	-19.4597225189209	0.0
5888	-2.8766032235892385	-9.902581780510161	-19.382516860961914	0.0
5906	-2.8087460065746233	-9.635529687252992	-19.608171463012695	0.0
5925	-2.4981109006168207	-9.714825740818272	-19.662240982055664	0.0
5944	-2.3773143796470353	-9.614916900291997	-19.815122604370117	0.0
5962	-2.34127422669609	-9.38412278941538	-19.598352432250977	0.0
5981	-2.1708593379292003	-9.609029649289011	-19.882585525512695	0.0
5999	-2.100439328067566	-9.540413074510004	-20.021785736083984	0.0
6019	-1.8451867271071398	-9.400175221497873	-20.09831428527832	0.0
6036	-2.01996205567381	-9.19686452061659	-20.254255294799805	0.0
6055	-2.1329669039156456	-9.299317371614006	-20.108850479125977	0.0
6074	-2.1933826416354574	-9.065002875358477	-19.993589401245117	0.0
6093	-2.1055557532564917	-9.069122861288067	-19.886829376220703	0.0
6111	-2.1055557532564917	-9.069122861288067	-19.886829376220703	0.0
6130	-1.8910906406359385	-9.029461439699174	-20.20363426208496	0.0
6151	-1.5772332482181355	-8.970409194950708	-19.58002471923828	0.0
6167	-1.022080441110991	-9.100803496095137	-19.378108978271484	0.0
6188	-0.7740880682060851	-9.167871293930173	-19.11421012878418	0.0
6204	-0.7368771833276327	-9.237646710044741	-18.88699722290039	0.0
6221	-0.1495594074336902	-9.455786772884363	-18.888792037963867	0.0
6242	0.06558012332471606	-9.336816024577168	-18.934734344482422	0.0
6260	0.33834300599952044	-9.362310482907786	-19.04842185974121	0.0
6278	0.298931413597496	-9.320341718938932	-18.92852783203125	0.0
6297	-0.01181055507296387	-9.030175960123628	-19.19061279296875	0.0
6315	-0.118126043201557	-9.001663820579893	-19.213472366333008	0.0
6335	0.06799287134670384	-8.976350631463495	-19.315568923950195	0.0
6353	0.06799287134670384	-8.976350631463495	-19.315568923950195	0.0
6371	-0.025325043129369666	-9.087451189302596	-19.2132625579834	0.0
6390	-0.016369255512643916	-8.713044421970013	-19.173131942749023	0.0
6409	0.4021780797171563	-8.671443802014265	-19.01017951965332	0.0
6427	0.22198241227001056	-8.619949663939414	-18.871532440185547	0.0
6445	0.29793504675564575	-8.739865104175795	-18.50882339477539	0.0
6464	0.5601628753727238	-8.941250035382405	-18.53589630126953	0.0
6484	0.47703095642865234	-8.879291107167944	-18.381654739379883	0.0
6501	0.49982204349502324	-8.81969986638692	-18.157363891601562	0.0
6520	0.7436017678549572	-8.811025346100248	-18.05409049987793	0.0
6544	0.7366948956633772	-8.81568725945541	-18.01810073852539	0.0
6557	0.5943396438916851	-9.04712072916515	-17.92626953125	0.0
6575	0.7856906679394161	-9.19512341809814	-17.76006507873535	0.0
6594	0.8698353749940896	-9.132777381591476	-17.677906036376953	0.0
6614	1.084486514806027	-9.274612352677298	-17.324928283691406	0.0
6632	1.084486514806027	-9.274612352677298	-17.324928283691406	0.0
6651	1.2604986248353467	-9.384392053133887	-17.40473175048828	0.0
6670	1.4908883702115716	-9.3870600643363	-17.350265502929688	0.0
6688	1.5253121244749066	-9.281662423951538	-17.33875846862793	0.0
6706	1.428678866681963	-9.37342978999359	-17.363876342773438	0.0
6724	1.2285606905896853	-9.359504139482508	-17.268827438354492	0.0
6742	1.1590271798580523	-9.402643662678576	-17.065750122070312	0.0
6761	1.225268504000119	-9.262603636920947	-17.009695053100586	0.0
6780	1.0694254229146114	-9.209952103250213	-17.061975479125977	0.0
6799	1.270330304616033	-9.084299856188716	-16.989025115966797	0.0
6818	1.4698947604026327	-9.112205956523514	-16.825977325439453	0.0
6836	1.5451096381734402	-9.34950835222916	-16.76460838317871	0.0
6854	1.52147091221993	-9.422183187524949	-16.776535034179688	0.0
6874	1.52147091221993	-9.422183187524949	-16.776535034179688	0.0
6891	1.4966473060759362	-9.334783478122448	-16.826868057250977	0.0
6910	1.5151508325563432	-9.240339337021382	-17.162614822387695	0.0
6929	1.720258145641719	-9.525158252846971	-17.257732391357422	0.0
6947	1.7421431286479119	-9.525408965841997	-17.14815330505371	0.0
6965	1.5271711928943035	-9.762486673989896	-17.047710418701172	0.0
6986	1.3936069512484577	-9.694276438022213	-17.254562377929688	0.0
7003	1.669117640373107	-9.375969910001901	-17.369047164916992	0.0
7022	1.7344920802694408	-9.473814314908983	-17.364299774169922	0.0
7041	1.996141857747163	-9.537123135933028	-16.984373092651367	0.0
7058	1.9234040961532963	-9.566566318364549	-16.626523971557617	0.0
7077	1.6928983450243944	-9.39973690604754	-16.347129821777344	0.0
7096	1.5040969985172792	-9.466508710673738	-16.352663040161133	0.0
7113	1.887279483655226	-9.247836011952774	-16.308639526367188	0.0
7134	2.0127453684437966	-9.432709477933106	-16.302297592163086	0.0
7151	2.0127453684437966	-9.432709477933106	-16.302297592163086	0.0
7170	1.8012715314907093	-9.552178861165968	-16.13892936706543	0.0
7189	2.0005786649850146	-9.210565694616234	-16.1019344329834	0.0
7208	1.699194748721395	-9.403925947432349	-16.245027542114258	0.0
7225	1.874082144814691	-9.206121249646987	-16.456878662109375	0.0
7244	1.6678561747476124	-9.115318798691671	-16.636728286743164	0.0
7263	1.7717582404172878	-8.938364099578134	-16.70755386352539	0.0
7282	1.589034302983511	-9.221645016171058	-16.322538375854492	0.0
7302	1.5839399630403252	-9.021700047052649	-16.165504455566406	0.0
7319	2.0187599885050185	-8.862496343477874	-16.023731231689453	0.0
7337	1.9529480485658604	-8.90176296560043	-15.999009132385254	0.0
7358	1.9366705840450809	-8.73249246492383	-16.103404998779297	0.0
7374	1.6606059009407015	-8.980153658977416	-15.946876525878906	0.0
7394	1.9058377211369666	-9.12637788090356	-15.517620086669922	0.0
7412	1.9058377211369666	-9.12637788090356	-15.517620086669922	0.0
7430	1.7540395375010818	-9.183722165195807	-15.341581344604492	0.0
7448	1.7828848749476942	-9.072569771351514	-15.577110290527344	0.0
7467	1.8428165453536958	-8.97605459793189	-15.733416557312012	0.0
7487	2.0672662796563426	-9.047236814120431	-15.784965515136719	0.0
7505	2.300880678589397	-9.049246767853813	-15.518454551696777	0.0
7524	2.210270707629092	-9.120816107012814	-15.305408477783203	0.0
7542	2.230045303036915	-9.16565182082057	-15.00052547454834	0.0
7564	2.478075999398336	-9.10953836385773	-15.454450607299805	0.0
7578	2.4515218500758342	-9.01900979582626	-15.528301239013672	0.0
7596	2.8681551198398694	-9.123552257848464	-15.544330596923828	0.0
7615	2.6928066183277766	-9.205275436007014	-15.28631591796875	0.0
7634	2.514644907068272	-9.117253824117126	-15.505931854248047	0.0
7654	2.514644907068272	-9.117253824117126	-15.505931854248047	0.0
7671	2.209416310837981	-9.348340720997095	-15.564584732055664	0.0
7690	2.3912596369706436	-9.271134226906794	-15.706210136413574	0.0
----------------도착----------------
7710	2.329988703911818	-9.365155631089028	-15.681185722351074	0.0
7726	2.633242221491537	-9.259811009173543	-15.478958129882812	0.0
7745	2.6457521996284825	-8.989824356611637	-15.51679515838623	0.0
7764	2.23676019116361	-9.1252685113082	-15.513252258300781	0.0
7782	2.2966451571607194	-8.992911153477579	-15.563919067382812	0.0
7801	2.1680886926415175	-9.163383247757608	-15.263816833496094	0.0
7821	2.320304504258633	-9.361918550794812	-15.35849666595459	0.0
7839	2.2982033043319285	-9.32888510104836	-15.533782958984375	0.0
7857	2.4102011617706567	-9.36261214618404	-15.740294456481934	0.0
7876	2.0936545243749913	-9.598350270281822	-15.791838645935059	0.0
7894	2.1435433291286627	-9.820181916891206	-16.031564712524414	0.0
7914	2.4268027296398444	-9.64247379193368	-15.868642807006836	0.0
7931	2.4268027296398444	-9.64247379193368	-15.868642807006836	0.0
7950	2.4562779367547907	-9.858794788029737	-15.998711585998535	0.0
7968	2.4646749126923906	-9.786750631813161	-15.865701675415039	0.0
7988	2.4423150370057574	-9.708085722465272	-15.642740249633789	0.0
8006	2.1532458622964366	-9.652620184490091	-15.402713775634766	0.0
8024	2.309327770052335	-9.713070703384545	-15.23011589050293	0.0
8043	2.259483970844052	-9.341432742265802	-15.047402381896973	0.0
8061	2.0380152697796907	-9.293360681036743	-14.972585678100586	0.0
8079	1.9564497309393285	-9.29080126496978	-14.997245788574219	0.0
8098	1.891415507953905	-9.18986239569779	-14.88054084777832	0.0
8117	2.0566107185033715	-9.26334411480331	-14.98772144317627	0.0
8136	2.1026849728342625	-9.31913172377988	-14.999655723571777	0.0
8155	2.1015241007974197	-9.420218373424575	-14.856691360473633	0.0
8174	2.448425463399143	-9.20189261453977	-14.767926216125488	0.0
8191	2.448425463399143	-9.20189261453977	-14.767926216125488	0.0
8210	2.544269255200957	-9.398803059479684	-14.758430480957031	0.0
8229	2.652038837778212	-9.11781993172587	-14.540855407714844	0.0
8247	2.609144993433786	-9.16649100058003	-14.593750953674316	0.0
8266	2.6647649745925523	-9.070008766305653	-14.686006546020508	0.0
8284	2.4744409095295947	-9.013344581505022	-14.786252975463867	0.0
8305	2.396166896324333	-9.006707092318814	-14.932841300964355	0.0
8322	2.3590383895194695	-8.808502924349693	-15.183228492736816	0.0
8341	2.202454772235135	-9.037652992408892	-15.311992645263672	0.0
8361	2.2089049898974493	-9.096639982067227	-15.331720352172852	0.0
8378	1.939862789371289	-9.382611107649591	-15.38064956665039	0.0
8396	1.6088985281962598	-9.477675804962525	-15.448190689086914	0.0
8414	1.410958056983288	-9.585450654631046	-15.648885726928711	0.0
8434	1.5725263691233409	-9.406335952832157	-15.660752296447754	0.0
8452	1.5725263691233409	-9.406335952832157	-15.660752296447754	0.0
8470	1.67998734960058	-9.506134763195334	-15.447032928466797	0.0
8489	1.985571628857646	-9.542733060879355	-15.338990211486816	0.0
8508	1.760202307433413	-9.672791809502764	-15.191742897033691	0.0
8526	1.8466999987771235	-9.535941683377146	-15.259233474731445	0.0
8544	1.8932054449619087	-9.451196882029686	-15.269383430480957	0.0
8563	2.3434964107517784	-9.278429306787931	-15.311797142028809	0.0
8581	2.4659080516011653	-9.263301092187284	-15.305646896362305	0.0
8600	2.2575908477863647	-9.391497753328442	-15.336058616638184	0.0
8619	2.3059022364293065	-9.25812607984382	-15.362284660339355	0.0
8636	1.9036890206279224	-9.533607307577247	-15.431832313537598	0.0
8656	2.0139930656001686	-9.535206919114565	-15.301185607910156	0.0
8674	1.903966577897457	-9.495705404569218	-15.081849098205566	0.0
8694	1.903966577897457	-9.495705404569218	-15.081849098205566	0.0
8712	1.8927865807583277	-9.413456135276485	-15.171674728393555	0.0
8730	1.9774849448575496	-9.375438941665559	-15.116994857788086	0.0
8750	1.775395931921274	-9.032212645939529	-15.132610321044922	0.0
8767	1.9755133567436707	-9.313451464991909	-15.137405395507812	0.0
8785	2.005881786158569	-9.42726943046889	-15.222943305969238	0.0
8804	2.044018355544315	-9.30280145849003	-15.132652282714844	0.0
8823	2.1740565312432416	-9.355186078221845	-15.060234069824219	0.0
8842	2.2682080311466835	-9.577281533401662	-15.255660057067871	0.0
8861	2.522777302119266	-9.54936034467392	-15.375883102416992	0.0
8880	2.361988279408504	-9.56913103979048	-15.319748878479004	0.0
8900	2.285099287907952	-9.966729732495713	-15.427997589111328	0.0
8916	2.2978587358816753	-9.81949121645673	-15.361797332763672	0.0
8934	2.3642776431454795	-9.548507628934109	-15.42986011505127	0.0
8953	2.606146103197982	-9.461889849465775	-15.664926528930664	0.0
8971	2.606146103197982	-9.461889849465775	-15.664926528930664	0.0
8990	2.323927078458368	-9.58779315825869	-15.722784042358398	0.0
9009	2.1070302052399286	-9.564136109898158	-15.759393692016602	0.0
9029	2.081109103901916	-9.408592185755744	-15.594240188598633	0.0
9046	1.9275066008565227	-9.250131170087759	-15.318342208862305	0.0
9065	1.8915877360513575	-9.061365707378847	-15.154160499572754	0.0
9083	2.11635371717904	-8.920919520194085	-15.208978652954102	0.0
9101	2.328880248460257	-9.195737531793432	-14.982176780700684	0.0
9120	2.111258391828582	-9.317112143687504	-14.841201782226562	0.0
9141	1.956230283904773	-9.161420115776203	-14.807872772216797	0.0
9158	1.9747862988474312	-9.226256835515542	-14.847766876220703	0.0
9177	2.0854430860738713	-9.166789433470193	-15.075799942016602	0.0
9194	2.209378875714264	-9.082368755902285	-15.454513549804688	0.0
9215	2.2301938612905046	-9.053797732146297	-15.448575973510742	0.0
9232	2.2301938612905046	-9.053797732146297	-15.448575973510742	0.0
9251	2.0169859471066527	-9.194420779565606	-15.338029861450195	0.0
9269	1.9988430159988813	-9.207577712440955	-15.457632064819336	0.0
9288	2.2560972429451085	-9.075243720694129	-15.564752578735352	0.0
9307	2.3844148808143486	-9.289246307219734	-15.618724822998047	0.0
9326	2.340292220296923	-9.356183230540314	-15.677082061767578	0.0
9343	2.1205650117579333	-9.444813912788911	-15.595176696777344	0.0
9362	2.2059908380295563	-9.646768213544483	-15.501017570495605	0.0
9380	2.2143952081670153	-9.682780702221017	-15.562914848327637	0.0
9399	2.25046632832444	-9.663183699060024	-15.627076148986816	0.0
9417	2.1865964100738124	-9.656107403059114	-15.535696029663086	0.0
9437	1.8284228995233218	-9.624316068915487	-15.725628852844238	0.0
9454	1.938639131892773	-9.466916486909305	-15.562357902526855	0.0
9475	1.938639131892773	-9.466916486909305	-15.562357902526855	0.0
9492	1.9737109440159835	-9.524458568387876	-15.677801132202148	0.0
9511	2.136378742618533	-9.625546952192458	-15.79754638671875	0.0
9530	2.1704813689745617	-9.435995381940502	-15.947272300720215	0.0
9548	2.1987387268753373	-9.458457216801815	-15.744405746459961	0.0
9567	2.0889007179586336	-9.588183843750127	-15.876791954040527	0.0
9585	2.088067678871553	-9.523198315251724	-15.983756065368652	0.0
9609	2.0471208164280785	-9.538777299816251	-15.804744720458984	0.0
9622	1.837583166176072	-9.731939991645758	-16.134654998779297	0.0
9642	1.8934113011863871	-9.691053826324847	-15.932210922241211	0.0
9660	1.9888538699714922	-9.683790888816626	-15.843414306640625	0.0
9678	1.8623764792550994	-9.77510365673231	-15.912620544433594	0.0
9701	1.5458266230155453	-9.908650757011756	-16.148460388183594	0.0
9715	1.4644550210499707	-9.793826286890367	-15.785621643066406	0.0
9734	1.4696510449800906	-9.833783456046028	-15.803272247314453	0.0
9752	1.4696510449800906	-9.833783456046028	-15.803272247314453	0.0
9770	1.5567126263023898	-9.864300011360035	-15.903383255004883	0.0
9789	1.5054140247490218	-9.8725693566826	-15.759757041931152	0.0
9809	1.4222114030067923	-9.844758634513258	-15.647783279418945	0.0
9826	1.3644976254198629	-9.606345321999344	-15.600442886352539	0.0
9845	1.4532753923746917	-9.48711773296042	-15.542011260986328	0.0
9863	1.7949385363813934	-9.487697331305128	-15.343231201171875	0.0
9881	1.7886139322786105	-9.415439431428954	-15.649736404418945	0.0
9900	1.7912689655947938	-9.553078039542171	-15.417877197265625	0.0
9919	1.8466879953580289	-9.561403440978408	-15.30474853515625	0.0
9937	1.949916140641624	-9.461896534538164	-15.530263900756836	0.0
9957	1.9704204154046139	-9.13269555006606	-15.710904121398926	0.0
9976	1.9750568980295997	-9.375283240274099	-15.938549995422363	0.0
9995	2.1858048970150112	-9.483141677936887	-15.872184753417969	0.0
10012	2.1858048970150112	-9.483141677936887	-15.872184753417969	0.0
10032	2.232400117983507	-9.457002140057549	-15.905325889587402	0.0
10049	2.1366745040312543	-9.601754466709538	-15.91796875	0.0
10068	2.188849862153531	-9.447845767409836	-16.220623016357422	0.0
10086	2.1193851089433386	-9.330508854521527	-16.195850372314453	0.0
10105	2.0315927374502305	-9.25958613177538	-15.934980392456055	0.0
10124	2.1215365872985545	-9.320766594258254	-15.767329216003418	0.0
10143	2.179018403131676	-9.216620392711585	-15.436694145202637	0.0
10161	1.7852738878244945	-9.186453488754882	-15.472600936889648	0.0
10180	1.4799157211317	-9.217319419257239	-15.348386764526367	0.0
10198	1.6536602303500758	-9.11347254681486	-15.229817390441895	0.0
10216	1.734741185398005	-9.2843823684617	-14.861119270324707	0.0
10234	1.8123410925496675	-9.366668199108569	-15.016764640808105	0.0
10263	1.9328040935237711	-9.304674856731506	-15.378517150878906	0.0
10273	1.8477316362945229	-9.372892497532971	-15.538335800170898	0.0
10291	1.8477316362945229	-9.372892497532971	-15.538335800170898	0.0
10310	1.5098742232782396	-9.636964677964698	-15.71915340423584	0.0
10328	1.6200562018296933	-9.78258853647487	-15.653611183166504	0.0
10348	1.6561443088138081	-9.791711529105585	-15.942108154296875	0.0
10365	1.6945708688352537	-9.52858234725506	-16.069175720214844	0.0
10384	1.6560900129467906	-9.41881845457783	-16.121623992919922	0.0
10402	1.621392789477986	-9.40810501359194	-16.093448638916016	0.0
10420	1.794215435499889	-9.393914305160205	-15.761595726013184	0.0
10439	1.8507791342792355	-9.576689103164878	-15.567811965942383	0.0
10457	2.047331844771694	-9.439995400647271	-15.368423461914062	0.0
10477	2.2418493491472375	-9.292245563931615	-15.526962280273438	0.0
10495	2.4857286027266974	-9.293260017499962	-15.426080703735352	0.0
10515	2.4398916218817694	-9.368123937216344	-15.678884506225586	0.0
10533	2.4094018566284876	-9.334689166705529	-15.790024757385254	0.0
10550	2.4094018566284876	-9.334689166705529	-15.790024757385254	0.0
10569	2.5502876110412065	-9.409762109767861	-15.761955261230469	0.0
10588	2.465426307636316	-9.528855097356766	-15.953325271606445	0.0
10606	2.3923385925631324	-9.285950715713366	-16.156293869018555	0.0
10625	2.5503644048562712	-9.200865466231246	-16.304746627807617	0.0
10645	2.2812913108464845	-9.223805780317651	-16.290388107299805	0.0
10663	2.2285282754848015	-9.248980793281357	-16.04640007019043	0.0
10680	2.1724982234580246	-9.316560765431328	-15.612187385559082	0.0
10699	2.195694867051292	-9.116581849431931	-15.837048530578613	0.0
10721	2.1340088229113516	-8.98922517564596	-15.717007637023926	0.0
10736	1.9692027578617215	-9.009851871261551	-15.396367073059082	0.0
10754	1.7839149327531183	-9.20627108273692	-15.332822799682617	0.0
