10	29.71188141864328	74.99793401284376	-23.60699462890625	54.0
30	29.827669412921182	74.71564564824916	-23.766895294189453	54.0
49	29.694195364123424	74.90111263521727	-23.580310821533203	54.0
69	29.640641978200613	75.02765541747779	-22.938676834106445	54.0
89	29.555332202206944	74.61648649165292	-23.0657958984375	54.0
108	29.195822652099675	74.31792608681933	-23.788047790527344	54.0
127	29.25223930534637	74.10242053937434	-24.58635711669922	54.0
147	29.318125205895665	74.00501544686622	-24.653762817382812	54.0
166	29.465071059103593	74.23750722488295	-23.986331939697266	54.0
186	29.56491206353777	74.14763591270238	-23.50127410888672	54.0
205	29.717331416266884	74.09974311369108	-23.342063903808594	54.0
225	29.75252492765259	74.20639446488066	-23.376720428466797	53.0
244	29.762329229406458	74.33494105611608	-23.69301414489746	53.0
264	30.075170132181945	74.17733413725304	-24.284561157226562	53.0
283	30.328073251873437	73.92789711964036	-24.454147338867188	53.0
303	30.53358942318098	74.07473033677074	-23.999370574951172	53.0
322	30.514978258521847	74.36718689084016	-23.825428009033203	53.0
342	30.75191322004304	74.73845031201213	-23.702285766601562	53.0
361	30.988784695812782	74.70344164691528	-23.700075149536133	53.0
381	31.12430846575769	74.34614223741058	-24.525182723999023	53.0
401	31.4608541648842	74.61986535484496	-23.815872192382812	53.0
420	31.56036017587409	75.15981952106011	-21.653108596801758	52.0
439	31.664574839703224	75.43759981481494	-21.301902770996094	52.0
460	31.721386156828824	75.25028011732566	-21.924922943115234	52.0
477	32.00955429244057	75.1925576811859	-22.187849044799805	52.0
496	32.039781101730156	75.04857577666516	-21.978574752807617	52.0
518	32.07446803038114	74.80511309313593	-22.921323776245117	52.0
539	32.42358398671675	74.29783674370947	-23.93107032775879	52.0
556	32.6686953939384	74.04221151352786	-23.737239837646484	52.0
576	32.6686953939384	74.04221151352786	-23.737239837646484	52.0
594	33.011142584908754	74.84067861386113	-21.221158981323242	52.0
614	32.92351153994852	74.93270476247254	-20.773632049560547	52.0
633	32.41398282508266	74.75583369883233	-22.19669532775879	52.0
655	31.858388495720497	74.47889283449045	-22.354032516479492	52.0
672	31.687304365551583	74.46692167359127	-22.553234100341797	52.0
692	31.41254486587521	73.97612455007173	-24.308155059814453	52.0
711	31.07597311299059	73.56770463636333	-25.696128845214844	52.0
730	31.336901644281273	73.50255816956304	-26.176870346069336	52.0
750	31.72504621827304	74.55312684771218	-21.511512756347656	52.0
770	31.442370658781947	74.22837045571221	-21.809621810913086	52.0
789	31.047063393316858	72.63067550434212	-26.10501480102539	52.0
809	31.32952022488477	73.32889006111714	-24.28739356994629	52.0
828	31.539759723899152	73.76875812316372	-22.900203704833984	51.0
848	31.8570487189821	73.83139521165162	-22.40431022644043	51.0
868	31.878525442774038	73.68611031630296	-22.76598358154297	51.0
885	31.861297527382817	73.37267342199837	-22.887773513793945	51.0
906	31.834333502125872	73.70953943517988	-22.677112579345703	51.0
925	31.901626008553773	74.14695533752814	-22.294090270996094	51.0
945	31.89777918878251	74.2830478192829	-22.63106346130371	51.0
964	31.940841658010637	74.11845120048802	-23.027206420898438	51.0
984	31.94533970124327	73.96744800310584	-23.026294708251953	51.0
1003	31.806867295349278	74.08524821748581	-23.07073974609375	51.0
1022	31.787621030462375	73.91498862446184	-23.043800354003906	51.0
1042	31.767972949184205	74.09365908002704	-22.561447143554688	51.0
1061	31.749028180445233	74.05354711948934	-22.417953491210938	51.0
1081	31.557764557483253	73.80359182151665	-23.182823181152344	51.0
1100	31.41617905902985	73.57130328381213	-23.75751495361328	51.0
1120	31.17633177272704	73.500373561393	-23.46368408203125	51.0
1139	31.263571226710674	73.50280805635919	-23.071517944335938	51.0
1159	31.024021817461076	73.41042875432973	-22.42123794555664	51.0
1178	31.201906627450878	73.54637602651832	-22.22812843322754	51.0
1198	31.285680829735483	73.31210006179717	-22.831310272216797	51.0
1217	31.233908747782824	72.95507956286694	-23.74281120300293	51.0
1237	31.10453184163079	72.60597614970014	-23.954387664794922	51.0
1258	31.164956600910095	72.84467539187463	-22.943340301513672	51.0
1276	31.260941690131393	72.99526618836246	-22.993972778320312	51.0
1296	31.260941690131393	72.99526618836246	-22.993972778320312	51.0
1315	31.246315597784942	73.15026823639904	-22.27145767211914	51.0
1334	31.468457197520973	73.0159598219623	-22.531295776367188	51.0
1354	31.60585783301941	72.81146741415873	-22.99978256225586	51.0
1373	31.599814662337756	72.59503017602867	-23.148204803466797	51.0
1392	31.584634843742734	72.62729414489336	-22.92941665649414	51.0
1412	31.711669610377772	72.81133040747925	-22.784404754638672	51.0
1431	31.667078040995825	72.56051364560804	-22.838180541992188	51.0
1451	31.491107547538206	72.34447803539751	-23.340538024902344	51.0
1473	31.503816139798573	72.36031460182211	-23.28854751586914	51.0
1492	31.450484352713193	72.33891610248443	-23.10371971130371	51.0
1510	31.093546483214872	72.32297838233194	-23.020221710205078	51.0
1529	30.962071479941425	72.5660328785922	-22.92348861694336	51.0
1549	30.745462289063447	72.48278819235108	-22.969104766845703	51.0
1569	30.57289415486566	72.34722238212211	-23.496007919311523	51.0
1587	30.500282525573756	72.38045553825518	-23.691539764404297	51.0
1607	30.675919560462013	72.37819474714567	-23.26439666748047	51.0
1627	30.4460923112333	72.408039817153	-23.164100646972656	52.0
1646	30.388670058620416	72.4734814540066	-23.501365661621094	52.0
1665	30.44591327520478	72.38571485488718	-23.460758209228516	52.0
1685	30.238760209812927	72.45762396710538	-23.32477569580078	52.0
1706	30.433462930989798	72.47426735193991	-23.14873695373535	52.0
1725	30.526452602884632	72.44496018919698	-23.293582916259766	52.0
1743	30.389782412981454	72.58620588591546	-23.133583068847656	52.0
1762	30.156179520346434	72.70293977435978	-22.854869842529297	52.0
1781	30.484065745412575	72.77196082374458	-22.686542510986328	52.0
1802	30.56078045241968	72.61494614683274	-22.776798248291016	52.0
1820	30.65314668234108	72.69463399919191	-23.25956916809082	53.0
1840	30.830030929450583	72.56863410321787	-23.2592716217041	53.0
1861	30.8223273092798	72.60791008922051	-23.111846923828125	53.0
1879	30.62519900087343	72.79266209547602	-22.726097106933594	53.0
1899	30.880478998713127	72.94360834195986	-22.815092086791992	53.0
1919	31.088488402172228	73.12307168119749	-22.929237365722656	53.0
1938	30.798074834549368	73.30820389271967	-22.838207244873047	53.0
1958	30.841773633196237	73.47038686486633	-23.040376663208008	53.0
1976	30.841773633196237	73.47038686486633	-23.040376663208008	53.0
1996	30.962309282187682	73.41752901357928	-22.83382225036621	53.0
2017	31.143770302282068	73.58240148338152	-23.008617401123047	53.0
2035	31.143770302282068	73.58240148338152	-23.008617401123047	53.0
2055	31.17452476106567	73.4003043968928	-23.174043655395508	53.0
2078	31.231886208015244	73.44681295432403	-22.949844360351562	53.0
2092	31.263077199592658	73.35159400570214	-22.963237762451172	53.0
2114	31.621670626084196	73.42640828606872	-23.107736587524414	53.0
2132	31.597947722069897	73.32457904117769	-22.83749771118164	53.0
2152	31.381259299002515	73.56689470585562	-22.76959991455078	53.0
2171	31.272539800000768	73.7120560163586	-22.682518005371094	53.0
2190	31.45451600434664	73.81319370169187	-22.617877960205078	53.0
2209	31.399055063447843	73.72617476341519	-22.58232879638672	53.0
2229	31.371321968195495	73.52680074396889	-22.833446502685547	53.0
2249	31.193188297539564	73.20508545303736	-23.392417907714844	53.0
2269	31.00324218013304	73.14020158287288	-23.790199279785156	53.0
2288	31.076357320445563	73.0675799086711	-23.6328125	53.0
2307	30.96691236782535	73.0765637356871	-23.52401351928711	53.0
2326	30.966370690344135	73.02501653841631	-23.518768310546875	53.0
2347	30.58637885715379	72.7712945221956	-23.629135131835938	53.0
2365	30.43257360677456	72.95047665857425	-23.41700553894043	53.0
2384	30.228207754011656	72.9036707141263	-23.179574966430664	53.0
2404	30.29755722432426	72.88897693523467	-23.39634132385254	53.0
2426	30.103893949108635	72.72639224696509	-23.58570098876953	53.0
2444	30.00092440261163	72.82184529336823	-23.715002059936523	53.0
2463	30.10257205593178	72.91657593712536	-23.18265151977539	53.0
2486	29.93737865172467	72.9403722333641	-23.14034652709961	53.0
2501	29.874179331354345	72.82300199466214	-23.619535446166992	53.0
2520	29.900875946629995	72.77049370082887	-23.46755599975586	53.0
2539	30.16838259059936	72.9929665379762	-23.574356079101562	53.0
2560	29.998725837336064	73.09239819288786	-23.950946807861328	53.0
2579	30.011070630309526	73.08331048137813	-23.978713989257812	53.0
2599	29.685136144285114	73.13524095447592	-23.834461212158203	53.0
2618	29.54970748353004	73.06121582435748	-23.487354278564453	53.0
2637	29.42055201666481	72.9999930831878	-23.239604949951172	53.0
2657	29.550494022174526	73.05076023737529	-23.171466827392578	53.0
2676	29.550494022174526	73.05076023737529	-23.171466827392578	53.0
----------------출발----------------
2699	29.268981139961287	72.90548125211637	-23.32390594482422	53.0
2715	29.268981139961287	72.90548125211637	-23.32390594482422	53.0
2736	29.261509480950206	72.88152115979904	-22.603397369384766	53.0
2753	29.233659466151035	72.83053427960282	-22.16291046142578	53.0
2774	29.512823752075285	72.6263852809907	-21.880062103271484	53.0
2793	29.56653042722934	72.58557910908488	-22.380769729614258	53.0
2812	29.4464135510805	72.50114830620507	-22.84012222290039	53.0
2832	29.371044449665547	72.50956823347154	-23.010623931884766	53.0
2851	29.283363829703568	72.58194966186701	-22.869709014892578	53.0
2871	29.389020792086622	72.62399298599364	-22.649263381958008	53.0
2890	29.452271867372815	72.43357273170882	-22.943204879760742	53.0
2911	29.47674087954045	72.33886866521699	-22.96480941772461	53.0
2929	29.302533551255348	72.44099860157473	-23.253238677978516	53.0
2949	29.3082032166733	72.43016433897871	-23.148509979248047	53.0
2969	29.460095730124394	72.28216286696438	-23.579635620117188	53.0
2988	29.21776491717378	71.94391703938211	-23.584537506103516	53.0
3007	29.321100385478204	71.65455367905808	-23.813045501708984	53.0
3027	29.285458324669396	71.50312185570102	-23.744312286376953	52.0
3047	29.180284192101396	71.51345736509829	-23.605831146240234	52.0
3065	29.13288452678886	71.55077715404661	-23.307559967041016	52.0
3084	29.18961028661818	71.59395123727843	-22.83871078491211	52.0
3105	29.2076386715005	71.31138470451918	-22.78313446044922	52.0
3124	29.311433728645078	71.22078870013429	-22.601486206054688	52.0
3144	29.349453905618564	71.13805031195493	-22.521270751953125	52.0
3162	29.262782513294077	70.9864119109783	-22.23114776611328	52.0
3182	29.07719986997069	70.8015033539539	-22.333934783935547	52.0
3202	29.017923923574763	70.59044562799244	-22.30091094970703	52.0
3220	28.804578536909045	70.37129564284511	-22.329092025756836	52.0
3241	28.646415593596164	70.02954553581868	-22.451810836791992	52.0
3260	28.57307783576384	69.74209495088344	-22.769411087036133	52.0
3279	28.367100408615038	69.38128849815651	-22.884796142578125	52.0
3299	28.451332519883028	69.3656612932978	-22.906509399414062	52.0
3319	28.329628050931696	69.23518255079439	-23.267349243164062	52.0
3339	28.152957553762167	69.09674624955761	-23.6684627532959	52.0
3356	27.94775326825472	68.71863485624594	-24.241714477539062	52.0
3377	27.814107806730473	68.60796318263868	-24.176490783691406	52.0
3398	27.71845534733527	68.63141565988674	-23.769886016845703	52.0
3417	27.563713960420447	68.32345964240508	-23.696495056152344	52.0
3436	27.563713960420447	68.32345964240508	-23.696495056152344	52.0
3456	27.279525991815596	68.00998821577173	-24.329044342041016	52.0
3475	27.054434951083497	67.6639227933629	-24.48773193359375	52.0
3495	26.95190466724549	67.36530450463293	-24.291278839111328	52.0
3514	26.90531288547624	67.1981771192482	-23.620973587036133	52.0
3532	26.735650755824953	67.46734177068184	-23.076927185058594	52.0
3553	26.395909236503044	67.41579023445111	-23.017539978027344	52.0
3572	26.245536195196	67.1002634423783	-23.800880432128906	52.0
3591	25.869561736119387	66.93382196689585	-24.58697509765625	52.0
3611	25.78085884450855	66.7033045764357	-24.676950454711914	52.0
3629	25.92301249421467	66.35634922306362	-24.551063537597656	52.0
3648	25.822316244761073	66.30765308085526	-24.30402374267578	52.0
3669	25.718966077664888	66.16039424396708	-24.288118362426758	52.0
3688	25.62471648821102	65.99063836733349	-24.447011947631836	52.0
3708	25.51831179264919	65.66035076779775	-24.7972412109375	52.0
3729	25.211350096331604	65.29469946930891	-25.166269302368164	52.0
3748	24.92697707891844	64.95271799238228	-25.4063720703125	52.0
3766	24.793737790380384	64.59416774205995	-25.695690155029297	52.0
3785	24.702644135408327	64.13733048877644	-26.246047973632812	52.0
3804	24.646798545253322	63.75468713796193	-26.434436798095703	52.0
3825	24.62542241884334	63.54112788386034	-26.48722267150879	52.0
3844	24.38587053632241	63.14081547121274	-26.584598541259766	52.0
3864	24.242592885325156	63.02890307127407	-26.844043731689453	52.0
3882	23.992812767273993	62.76402218150057	-26.878259658813477	52.0
3903	23.95207256911018	62.45361683612273	-27.217864990234375	52.0
3921	23.56867213805664	62.05013945280183	-27.681610107421875	52.0
3942	23.151177539089545	61.84231526892406	-28.10801887512207	52.0
3960	22.8079388558777	61.465571116266155	-28.534448623657227	52.0
3980	22.625253379502773	61.1738127201363	-28.341951370239258	52.0
4000	22.63603342720016	61.09956876473747	-27.89407730102539	52.0
4019	22.702463356205563	60.82522063561906	-27.69900894165039	52.0
4037	22.554750269912688	60.302157508503385	-28.245773315429688	52.0
4058	22.465013342231167	59.87402014135161	-28.93343734741211	52.0
4077	22.541484712213602	59.71288427674877	-29.519411087036133	52.0
4097	22.415311490231836	59.71225805604377	-29.582015991210938	52.0
4118	22.669450859696287	59.822399760631896	-29.471487045288086	52.0
4137	22.83965973196439	59.860590474172064	-29.35177993774414	52.0
4156	22.83965973196439	59.860590474172064	-29.35177993774414	52.0
4175	22.38549116211896	59.6686991880061	-29.67609405517578	52.0
4195	22.075024015975664	59.40359977124158	-30.028400421142578	52.0
4218	22.051987941881	59.48785817057549	-29.983985900878906	52.0
4233	22.089123041157272	59.35389845677839	-30.266529083251953	52.0
4253	22.102690435491905	59.20266283508611	-30.461402893066406	52.0
4272	21.958742890669466	59.071309585893815	-30.570627212524414	52.0
4292	21.748527544185073	59.09350277652245	-30.465404510498047	52.0
4312	21.757328581986332	59.140873040798766	-30.48658561706543	52.0
4333	21.97581359506723	59.00486335794598	-30.45602798461914	52.0
4350	22.20294357427257	59.15911506060722	-29.8543758392334	52.0
4371	22.57213092623104	59.34886873739478	-28.57586669921875	52.0
4390	22.309795903302984	59.11250936824439	-28.383411407470703	52.0
4410	21.492988415130107	58.67309329618547	-29.315338134765625	52.0
4429	20.839843240392653	57.649253623573124	-31.158950805664062	52.0
4447	20.49238511535934	56.90838956508698	-32.209686279296875	52.0
4467	20.132794289358966	56.53295960148086	-32.13508224487305	52.0
4486	20.07707474559663	56.09260938334872	-32.07170486450195	52.0
4506	20.24816464761295	55.818101916890456	-31.219404220581055	52.0
4525	20.333396972229874	55.81583692650528	-30.49311637878418	52.0
4545	20.399361051429914	55.80984383796181	-30.102336883544922	52.0
4564	20.316441281279737	55.35967016725404	-29.938182830810547	52.0
4584	19.888762542910428	55.054897744986256	-29.9752197265625	52.0
4603	19.457479364121703	54.6730261181291	-29.938358306884766	52.0
4623	19.399348563277783	54.371519135111704	-29.803979873657227	52.0
4642	18.921610883931557	54.15725970416932	-29.678340911865234	52.0
4663	18.63748264624156	53.86050319365884	-29.922855377197266	52.0
4683	18.435132997751523	53.59272450140734	-30.40848159790039	52.0
4700	18.23232217732615	53.322962285663564	-30.109891891479492	52.0
4720	18.14970999951693	53.36117681666418	-29.519729614257812	52.0
4739	18.18981088753378	53.65552259316211	-28.57257080078125	52.0
4759	18.459603080505723	53.6907168973521	-28.08448028564453	52.0
4778	17.795110222401533	53.4618643985596	-28.56366729736328	52.0
4797	17.377538319389846	52.92824025371919	-29.426422119140625	52.0
4818	17.025093501339622	52.47917078687938	-29.952838897705078	52.0
4837	17.025093501339622	52.47917078687938	-29.952838897705078	52.0
4857	16.43273762627963	52.15537399765882	-28.978195190429688	52.0
4877	16.316326172458094	51.987337861994796	-28.879947662353516	52.0
4897	16.316326172458094	51.987337861994796	-28.879947662353516	52.0
4915	15.946251793908326	51.40494820370039	-28.967832565307617	52.0
4935	15.520699472334197	51.38297136326338	-28.476043701171875	52.0
4953	15.402592732287047	51.085805395442094	-27.977523803710938	52.0
4972	15.145236708375775	50.80159370859656	-27.871231079101562	52.0
4992	15.040167466523979	50.681621750155294	-27.838302612304688	52.0
5012	14.885812369939934	50.55854037408643	-27.6737117767334	52.0
5031	14.79364660917452	50.26118109614531	-27.376907348632812	52.0
5051	14.448566904850885	50.074718338681194	-26.918262481689453	52.0
5070	14.22063764654512	49.98519993843305	-26.782577514648438	52.0
5090	14.112528242683997	49.4824965069898	-26.742753982543945	52.0
5110	13.81878074062314	49.16141439706399	-26.947566986083984	52.0
5129	13.739263797708864	49.077930429347106	-26.486238479614258	52.0
5152	13.476356549459567	48.91743190022071	-25.210002899169922	52.0
5170	13.147808078847447	48.82992409533247	-24.6848201751709	52.0
5189	12.718944559146596	48.53314389570476	-24.709545135498047	52.0
5206	12.443760304617047	48.25288128459656	-24.880321502685547	52.0
5227	12.18027088025251	47.837470836851374	-24.99176025390625	52.0
5245	12.145084776127401	47.86290287858289	-24.56121826171875	52.0
5265	12.316657248332806	47.77990227079258	-24.085018157958984	52.0
5286	12.498217756683397	47.65269566064803	-23.493946075439453	52.0
5306	12.529416464943282	47.72300256611088	-22.99122428894043	52.0
5322	12.6319285865745	47.77240844313209	-22.58457374572754	52.0
5343	12.4538687507839	47.6417814828569	-22.554214477539062	52.0
5361	12.395389798572065	47.2963425791555	-22.393306732177734	52.0
5381	12.337868252409592	47.345889632850145	-21.988523483276367	52.0
5403	12.283577965662793	47.12263771634978	-21.94709014892578	52.0
5424	12.185091454458286	47.18507863192891	-21.75336456298828	52.0
5439	12.232066765431542	47.2764652211679	-21.506103515625	52.0
5460	12.241765031432559	47.36745741893803	-21.074356079101562	52.0
5478	12.2525702723012	47.184469891579056	-20.76024627685547	52.0
5499	12.554921494343901	46.87704107598778	-20.43105697631836	52.0
5517	12.634135739859563	46.61639949468011	-20.064531326293945	52.0
5540	12.992361182702188	46.40395755266856	-19.408771514892578	52.0
5558	13.026105955994632	46.233271042180554	-18.76438331604004	52.0
5576	13.026105955994632	46.233271042180554	-18.76438331604004	52.0
5596	13.192585483938974	45.845303212801134	-18.283588409423828	52.0
5615	13.257421653810074	45.34192534278779	-18.32194709777832	52.0
5635	13.433395031481432	45.07881345596122	-18.201534271240234	51.0
5655	13.749845087419596	44.84674437937479	-18.09740447998047	51.0
5673	13.904349613912744	45.159039893947835	-17.76911735534668	51.0
5693	14.338055476176633	45.22970816028377	-17.44011688232422	51.0
5712	14.539615168722673	45.17627753956263	-17.319412231445312	51.0
5731	14.79186422634825	44.93550360799162	-17.40718650817871	51.0
5755	14.839238359470913	44.691479998657556	-17.835044860839844	51.0
5777	14.970725908074625	44.55059665348282	-17.72723960876465	51.0
5790	14.980962928249374	44.54050479680172	-17.557483673095703	51.0
5810	14.83653344938838	44.54083592171208	-16.969207763671875	51.0
5829	14.737205811326554	44.18409268630988	-17.069438934326172	51.0
5848	14.679514065283128	44.09418037555983	-17.23558235168457	51.0
5868	14.523171940708014	44.204431776882295	-17.54969596862793	51.0
5889	14.430170519325006	44.23338209292696	-17.717023849487305	51.0
5907	14.488072780772029	44.206412289992386	-17.81295394897461	51.0
5925	14.459246957551196	44.35770206104657	-17.924545288085938	51.0
5946	14.519290377347202	44.35610697384252	-17.834842681884766	51.0
5965	14.651109459581646	44.37253860850472	-18.27484130859375	51.0
5985	14.483365347956731	44.557898430448205	-18.24388313293457	51.0
6008	14.529473533892096	44.68100136913048	-18.176651000976562	51.0
6024	14.561691782176418	44.68341243063179	-18.00927734375	51.0
6042	14.477277331330042	44.56008400169438	-18.776493072509766	51.0
6063	14.185916744470271	44.564363413094796	-19.53211212158203	51.0
6081	13.674178771046707	44.810969773804	-19.625329971313477	51.0
6102	13.7561100427861	45.19940326562312	-19.308948516845703	51.0
6124	13.60722181580686	45.54726721387101	-19.227680206298828	51.0
6140	13.598859245611084	45.67109352239284	-19.954330444335938	51.0
6161	13.61890526486742	45.83088624568673	-20.306621551513672	51.0
6179	13.513756942312924	46.057361719210704	-20.911909103393555	51.0
6199	13.576637123877545	46.5661995333443	-21.123218536376953	51.0
6218	13.604355477100711	47.192988636958745	-21.16977310180664	51.0
6237	14.17546853283706	47.523626815144475	-21.193662643432617	51.0
6256	14.479783207277892	47.78091784348455	-21.913482666015625	51.0
6277	14.895300801220518	48.057338461760885	-22.247821807861328	51.0
6298	15.003868304635219	48.70317689768023	-22.325973510742188	51.0
6316	15.003868304635219	48.70317689768023	-22.325973510742188	51.0
6335	15.001190344507156	49.13596874973758	-23.131935119628906	51.0
6354	15.260566942585827	49.468152964382305	-23.046855926513672	51.0
6374	15.28040339647377	50.01693034100324	-23.05435562133789	51.0
6393	15.460912021960885	50.36180666996147	-23.412982940673828	51.0
6413	15.459783554691048	51.09227706281693	-23.845294952392578	51.0
6432	15.651250304148867	51.89410712568384	-23.655357360839844	51.0
6451	15.743585849217256	52.65358046315562	-23.623313903808594	51.0
6475	15.97637075381948	53.22257199294072	-23.658931732177734	51.0
6491	16.20957732531822	54.18966807487774	-22.925373077392578	51.0
6509	16.441872210774818	55.037873244250136	-23.048173904418945	51.0
6530	16.62839619913609	55.50694731924808	-23.397838592529297	51.0
6549	16.844741947997043	56.091544105964175	-23.0699462890625	51.0
6568	17.184546864077312	56.61557678139952	-22.36705207824707	51.0
6591	17.219082512083002	56.89775076861644	-22.285568237304688	51.0
6608	17.50439597202115	57.56226649067022	-21.974300384521484	51.0
6627	17.701013884186512	57.86597359482338	-21.302600860595703	51.0
6646	17.817762126585187	58.04213983126615	-20.973234176635742	51.0
6665	17.87865478049391	58.63636974142328	-20.182682037353516	51.0
6685	17.955256878231314	59.07193306035218	-19.626596450805664	51.0
6704	17.886055445099604	59.51611061468689	-18.94430923461914	51.0
6723	17.995903158015707	59.84332279389845	-18.55115509033203	51.0
6743	18.028015540553643	60.245607199286276	-17.91912269592285	51.0
6762	17.891747573494815	60.19840873484515	-17.547855377197266	51.0
6783	17.78048183505522	60.35868484279524	-17.81910514831543	51.0
6802	17.651063422557456	60.5498104013183	-17.905441284179688	51.0
6823	17.70709228734007	60.632683555034426	-17.208717346191406	52.0
6842	17.528784458556107	61.023825543412656	-16.14424705505371	52.0
6860	17.52200498788589	61.31717257334049	-15.881120681762695	52.0
6880	17.401303233486345	61.48058303359608	-15.769207954406738	52.0
6900	17.287437333147295	61.670307940468916	-15.359347343444824	52.0
6919	17.242700325529842	61.83148773811901	-14.899718284606934	52.0
6938	17.234987016347716	61.97827365565991	-14.212556838989258	52.0
6957	17.354767264418726	61.99919910895202	-13.655463218688965	52.0
6977	16.98544970060146	61.91765203982104	-13.571155548095703	52.0
6997	16.898705290289424	61.726928343667595	-13.802976608276367	52.0
7017	16.898705290289424	61.726928343667595	-13.802976608276367	53.0
7036	16.693539134334852	61.43766948088177	-14.112550735473633	53.0
7055	16.499663104765805	61.48472133883182	-13.40422534942627	53.0
7076	16.39419291650034	61.817347537526715	-12.996692657470703	53.0
7094	16.161510056796605	62.16713867646214	-12.597673416137695	53.0
7113	15.981086205434382	62.42394017389901	-12.531121253967285	53.0
7132	15.666939881857594	62.33554565950872	-12.282150268554688	53.0
7153	15.933310812015694	62.350452430633375	-12.134977340698242	53.0
7172	15.737694848349175	62.51294620913286	-11.477659225463867	53.0
7195	15.680804417507572	62.43275422425698	-10.795166969299316	53.0
7210	15.677081209588467	62.5851876621824	-10.601801872253418	53.0
7230	15.755475357215845	62.473350271621904	-10.56290340423584	53.0
7250	15.57222287403454	62.18408122568389	-10.575450897216797	53.0
7269	15.56472083617188	61.89178103681834	-10.433279037475586	53.0
7289	15.597797996478679	62.23117939062608	-10.134307861328125	53.0
7309	15.301471976409168	62.39673086310429	-10.00618839263916	53.0
7327	15.402418399582514	62.5255019446206	-10.0971040725708	53.0
7347	15.518597395804981	62.6691232622904	-10.128318786621094	53.0
7365	15.312669908031959	62.54981019339334	-10.058700561523438	53.0
7386	15.127743693145854	62.34134828748561	-10.040653228759766	53.0
7405	15.381426515556123	62.49248666694561	-9.471375465393066	53.0
7426	15.246309057668537	62.51390492443771	-9.230304718017578	53.0
7446	15.370663723328052	62.290093253021766	-9.264699935913086	53.0
7464	15.443681727315868	62.20874494781896	-9.279196739196777	53.0
7482	15.454552813599486	62.13494494551618	-8.900186538696289	53.0
7502	15.354125553674407	62.18752942884123	-8.668540000915527	53.0
7521	15.394886827756274	62.25175764747602	-8.33160400390625	53.0
7542	15.282770326037175	62.30895285522765	-8.022737503051758	53.0
7560	15.1507688434868	62.07078867924688	-8.631855010986328	53.0
7580	15.192577647723835	62.1116417301725	-8.676344871520996	53.0
7599	15.016822817086661	62.15515873881846	-8.296401977539062	53.0
7618	14.864420352609528	62.17326151744736	-7.646175384521484	52.0
7639	14.82392554622368	62.10850719260073	-7.521012306213379	52.0
7657	14.761836774623657	62.07743667980968	-7.591754913330078	52.0
7678	14.749313145148236	61.73013124644983	-7.98894739151001	52.0
7696	14.749313145148236	61.73013124644983	-7.98894739151001	52.0
7716	14.784539493479755	61.501924658812804	-8.324777603149414	52.0
7736	14.831210910106032	61.70390724209986	-7.896295547485352	52.0
7756	14.884632828296647	61.77748613485458	-7.2465338706970215	52.0
7781	14.84628349280813	61.79768009718971	-6.908921241760254	52.0
7793	14.935731942910522	61.85662855827126	-6.840878963470459	52.0
7814	15.171049046448903	61.85975935950194	-7.071948528289795	52.0
7833	15.142452454286103	61.930336351446016	-7.254981517791748	52.0
7861	15.031663706560629	62.18016995373986	-6.84859561920166	52.0
7872	15.068546132928152	62.21772596286068	-6.628514766693115	52.0
7894	15.362530523214529	62.172459850469586	-6.569519996643066	52.0
7910	15.318363920779822	62.17194028387334	-6.643288612365723	52.0
7930	15.482398536437932	62.081875823264404	-6.677221775054932	52.0
7950	15.511605228217658	61.953631320024385	-6.938473224639893	52.0
7969	15.209745085464801	61.993688248675106	-6.5823974609375	52.0
7989	15.200786355329372	61.7367725945846	-5.812126159667969	52.0
8008	15.305065518944245	61.621978564121086	-5.884164333343506	52.0
8027	15.334501794482296	61.583718738869194	-5.838838577270508	52.0
8048	15.205202724377605	61.394411767371345	-5.963884353637695	52.0
8067	15.16587057378515	61.31110767002722	-5.940977573394775	52.0
8086	15.121705566547792	61.31495876862073	-6.116046905517578	52.0
8105	15.214764038098759	61.25614984627123	-6.02791166305542	52.0
8126	15.321411971148162	61.36096184809414	-5.878505706787109	52.0
8145	15.342011712300813	61.520015553610634	-5.722655773162842	52.0
8164	15.341259225368544	61.644303309195436	-5.539794445037842	52.0
8183	15.611563319469438	61.708496847681644	-5.621209144592285	52.0
8202	15.420152647451697	61.792523077738494	-5.644601345062256	52.0
8223	15.278193762278635	61.84657870411318	-5.879978179931641	52.0
8243	15.216266312847734	62.01358546890019	-5.7083306312561035	52.0
8261	15.269904815001498	62.14168130129667	-5.307480812072754	52.0
8280	15.532742542739893	61.886521070251796	-5.201107501983643	52.0
8299	15.447282091703629	61.96958950328285	-5.305568695068359	52.0
8319	15.626116322300092	62.107352846409746	-5.492037773132324	52.0
8339	15.478830229255411	62.080369275581354	-5.632495403289795	52.0
8359	15.396803924739736	62.112110171014734	-5.574338436126709	52.0
8380	15.484891461022697	62.05933076696766	-5.277470588684082	52.0
8398	15.31890170720558	61.952558608670564	-4.850984573364258	52.0
8418	15.246161186719592	61.92881565305619	-4.67582368850708	52.0
8439	15.16895989425238	62.2174542318041	-4.739377498626709	52.0
8456	15.488881532730723	62.31656646297201	-4.769306659698486	52.0
8476	15.488881532730723	62.31656646297201	-4.769306659698486	52.0
8496	15.436769149999929	62.24228362475064	-5.169052600860596	52.0
8515	15.28411765237334	62.32445683747956	-4.872689723968506	52.0
8533	15.35826008392359	62.255796237394314	-4.445185661315918	52.0
8553	15.521079593714116	62.45884202600819	-4.358893871307373	52.0
8573	15.611254606947712	62.553403662347804	-4.466127395629883	52.0
8592	15.647636528608457	62.56531233828035	-4.81759786605835	52.0
8611	15.598133949572142	62.406623505201495	-4.869494915008545	52.0
8635	15.615800018658435	62.26069999802703	-4.884492874145508	52.0
8649	15.622987098716946	62.164611121720746	-5.057121276855469	52.0
8669	15.77719302364614	62.13483442433162	-5.25330924987793	52.0
8689	15.976866055314206	62.36760096660947	-4.862094879150391	52.0
8708	15.987392411883704	62.43915353137388	-4.11475133895874	52.0
8730	16.152221999931754	62.37926667443006	-4.63879919052124	52.0
8747	16.04001895346442	62.552403097681186	-4.963290691375732	52.0
8766	15.913582914259274	62.68137287438664	-4.825976848602295	52.0
8786	15.606551115809317	62.80713405527005	-5.1456780433654785	52.0
8804	15.47639718870767	62.88660383203202	-5.001450061798096	52.0
8826	15.636552592491745	62.93854578550328	-5.124229431152344	52.0
8844	15.557151406068137	62.891874246686854	-5.3069257736206055	52.0
8865	15.528617553432376	62.813935491225614	-5.09316349029541	52.0
8883	15.596427123017309	62.84433848591346	-5.32749080657959	52.0
8903	15.835273749196121	62.62081481555059	-5.6688995361328125	52.0
8922	15.73314725705895	62.44848501785912	-5.669074058532715	52.0
----------------도착----------------
8942	15.798248716184933	62.36548858365322	-5.747503757476807	52.0
8961	16.095338053068378	62.322355225123204	-5.819802761077881	52.0
8982	16.12422129848315	62.34472643617181	-5.516217231750488	52.0
9000	16.343909620959725	62.4947665093654	-5.595888137817383	52.0
9020	16.2795435301513	62.721473318353745	-5.3441996574401855	52.0
9039	16.179384263127847	62.8134980975661	-5.513602256774902	52.0
9058	16.046174793350247	62.94435939177458	-5.896069049835205	52.0
9078	16.231019484194423	63.166698684917364	-5.588561534881592	52.0
9097	16.218118542861205	63.327520313136084	-5.20550537109375	52.0
9117	16.398008347730904	63.358095381606525	-4.949657917022705	52.0
9137	16.602431198694987	63.521290181677976	-5.172982215881348	52.0
9156	16.45401044783771	63.48352147536608	-5.354543209075928	52.0
9175	16.45401044783771	63.48352147536608	-5.354543209075928	52.0
9196	16.495507411973165	63.47369413379646	-5.534714221954346	52.0
9215	16.476905935568773	63.32866466371462	-5.237717151641846	52.0
9233	16.593673712099555	63.30629916691287	-5.242063522338867	52.0
9253	16.661195615568296	63.23681015428712	-5.588161945343018	52.0
9273	16.78910419799468	63.15807233239876	-5.772215366363525	52.0
9292	16.498918455990673	63.155799538003414	-5.89664363861084	52.0
9311	16.335322547880757	62.93902668024501	-5.701107025146484	52.0
9331	16.416999910606805	62.84346814939207	-5.6316819190979	52.0
9350	16.269989948226552	62.95685322034641	-5.477266788482666	52.0
9370	16.20547038617321	63.12664751924241	-5.574343681335449	52.0
9389	16.156541125471616	63.04593743068996	-5.722790241241455	52.0
9409	15.927611572317893	63.07120243237279	-5.863630771636963	52.0
9430	15.851167060620309	63.145340867654646	-5.774520397186279	52.0
9449	16.0593683596703	63.11609363770713	-5.671022415161133	52.0
9467	16.23571175378032	63.30251613163687	-5.694628715515137	52.0
9486	16.24976011700729	63.158297964027255	-5.8183512687683105	52.0
9507	16.395642736344186	62.86529219333013	-6.1326584815979	52.0
9525	16.501485295461535	62.71776084160349	-6.899357795715332	52.0
9547	16.595076257846785	62.82447434338395	-7.244536876678467	52.0
9567	16.81191070186169	62.99295653871184	-5.928539276123047	52.0
9584	17.005108399163216	62.94482796440793	-4.713032245635986	52.0
9603	17.21541540843596	62.91710909978231	-4.910228729248047	52.0
9623	17.117778614955718	62.59917643917603	-5.858910083770752	52.0
9642	17.172767313707563	62.6116731126479	-6.36307430267334	52.0
9662	17.371596359365075	62.621327829928454	-6.842948913574219	52.0
9681	17.34955806796834	62.418360150174124	-7.282354831695557	52.0
9701	17.37150480346846	62.22962934505701	-6.9043192863464355	52.0
9720	17.679963254677673	62.06406783866508	-6.261056900024414	52.0
9740	17.58700264013028	62.03563985957053	-5.616569995880127	52.0
9759	17.52829450074433	62.11935840876457	-5.196792125701904	52.0
9778	17.6988505675416	62.117765920342364	-5.163916110992432	52.0
9797	17.645958574690155	62.16489902332155	-5.39387321472168	52.0
9817	17.563090384539468	62.139801899408646	-5.3379387855529785	52.0
9836	17.552126060676038	62.26088064594936	-5.24413537979126	52.0
9857	17.708945208042742	62.11782939097888	-5.869467258453369	52.0
9876	17.60064882077158	62.25737733051862	-5.663850784301758	52.0
9896	17.60064882077158	62.25737733051862	-5.663850784301758	52.0
9916	17.592859804648207	62.20159625952143	-5.954627990722656	52.0
9934	17.47878769896278	61.97435693375793	-5.716917991638184	52.0
9954	17.477439031393796	62.011567137690115	-5.378990650177002	52.0
9974	17.567185869292743	62.018950709052454	-5.421167850494385	52.0
9992	17.67311425546074	61.858169340249404	-5.85443115234375	52.0
10012	17.711625621382996	61.79806342327093	-5.963542461395264	52.0
10033	17.58372068514535	61.849227504693175	-6.017251491546631	52.0
10050	17.350033541427635	61.813895061382816	-6.198727130889893	52.0
10069	17.541856178302766	61.81348085215394	-6.170959949493408	52.0
10090	17.78924683543043	61.881324773464605	-6.180838108062744	52.0
10109	17.6225077957697	61.8518478227858	-5.981149673461914	52.0
10129	17.56196976012669	61.736042720316426	-5.888939380645752	52.0
10148	17.441747200690948	61.751721467657916	-5.969415187835693	52.0
10168	17.55756720974659	61.73048575127208	-6.32917594909668	52.0
10187	17.69523649111643	61.66344705381635	-6.409570693969727	52.0
10207	17.79498640129018	61.64451891962045	-6.546133041381836	52.0
10226	17.650900071086635	61.72828630761762	-6.511588096618652	52.0
10246	17.595320745482706	61.78701233724215	-6.283748149871826	52.0
10267	17.855492054724134	61.97132580632637	-6.351782321929932	52.0
10285	17.852900135723438	62.03702681194103	-6.122191905975342	52.0
10304	17.875578358443317	61.87963562611713	-6.01577615737915	52.0
10322	17.97309460355096	61.8213254775799	-6.132627487182617	52.0
10344	17.85831288560969	61.941423289849	-6.408796787261963	52.0
10362	17.974156816543424	61.89945268227983	-6.01831579208374	52.0
10382	18.017130358073647	61.83692131632186	-5.872772693634033	52.0
10401	17.899133716346125	61.78467732781357	-5.802689075469971	52.0
10421	17.73647133232485	61.714279374270106	-5.78413724899292	52.0
10440	17.694081018713526	61.699044100261005	-6.1427741050720215	52.0
10460	17.596503732163498	62.01133400421455	-6.241292476654053	52.0
10479	17.56975142265663	61.868063092510056	-5.993025302886963	52.0
10499	17.559664920227096	61.818196425882014	-5.938546180725098	52.0
10518	17.385072184523196	61.811590496202264	-6.031009674072266	52.0
10537	17.229781537741786	61.93112029853949	-5.821619033813477	52.0
10556	17.484567155533217	62.100295184643706	-5.558311462402344	52.0
10577	17.549872910784895	62.10624155949105	-5.106093406677246	52.0
10596	17.69721868288353	62.223154450755416	-5.035370826721191	52.0
10616	17.69721868288353	62.223154450755416	-5.035370826721191	52.0
10639	17.86920206227342	61.90267375330331	-5.403246879577637	52.0
10654	17.796522852857585	62.17450254016083	-5.14929723739624	52.0
10673	17.846699699551344	62.26149721489001	-5.070772647857666	52.0
10693	17.818110290147573	62.56963493867095	-4.767498016357422	52.0
10712	18.089328815966986	62.631595092535164	-5.102081298828125	52.0
10733	18.150708392296288	62.48628262226103	-5.331128120422363	52.0
10755	18.10261611046147	62.45473901743053	-5.726484775543213	52.0
10771	18.033290105151128	62.40554859097475	-6.014833450317383	52.0
10791	18.066437606055864	62.64161996608864	-6.111713409423828	52.0
10809	18.24418201175631	62.707019001130675	-6.666521072387695	52.0
10830	18.093131565501743	62.81328610037384	-6.205726146697998	52.0
10850	18.037151164650687	62.70399945506763	-6.30147123336792	52.0
10871	18.040290825553836	62.778080172236784	-6.285809516906738	52.0
10888	18.036294875634557	62.87723701201827	-6.17454195022583	52.0
10908	18.12947910980431	62.95247418418141	-5.617927074432373	52.0
10928	18.187103728786063	63.073587674337865	-5.2446818351745605	52.0
10946	18.166361754713318	63.141219521087855	-5.193693161010742	52.0
10977	18.097356510923518	62.98810701131858	-5.262072563171387	52.0
10985	18.19184189713234	63.00711967738322	-5.538581848144531	52.0
11006	18.307165995763096	62.934076861499946	-5.198416233062744	52.0
11024	18.032226639885273	62.69993404076422	-4.926623821258545	52.0
11042	17.880630908340652	62.78375351277593	-4.943760395050049	52.0
11063	17.969597653667268	62.75394339525346	-5.009937286376953	52.0
11083	18.00403263169125	62.549259505037746	-5.126010894775391	52.0
11106	18.020862827185972	62.28147506460956	-5.492783069610596	52.0
11122	17.919527618523755	62.2769274121185	-5.863203525543213	52.0
11142	17.714090101197993	62.1166524571387	-5.838834285736084	52.0
11160	17.674994898192917	61.90614191258639	-5.496873378753662	52.0
11179	17.66589280798612	61.878353759944744	-5.639793872833252	52.0
11199	17.696699462931093	61.62341292571463	-5.746517658233643	52.0
11219	17.538066649852535	61.53494704014539	-6.145893096923828	52.0
11241	17.58121363205546	61.55169808298127	-6.4295735359191895	52.0
11257	17.472078597462392	61.50734288921708	-6.23388147354126	52.0
11276	17.579816865836403	61.420622019124956	-5.751173496246338	52.0
11297	17.617879810448795	61.4940685017268	-5.482395172119141	52.0
11316	17.35931818350802	61.663515158849115	-6.1845598220825195	52.0
11336	17.35931818350802	61.663515158849115	-6.1845598220825195	52.0
11357	17.522387361301835	61.70933724646066	-6.535031318664551	52.0
11375	17.40236337575036	61.586105723773514	-6.5332231521606445	52.0
11393	17.505685791703648	61.53837955348491	-6.409979820251465	52.0
11413	17.403057812079453	61.23401437000741	-6.5138325691223145	52.0
11432	17.343905041457862	61.02647080775873	-6.439010143280029	52.0
11453	17.003901078469966	61.08807524549309	-6.414709568023682	52.0
11471	16.876459831076325	60.75175893532736	-6.59526252746582	52.0
11490	17.09246506386978	60.70224824772734	-6.821500778198242	52.0
11510	16.92379548824764	60.629353561315526	-7.232467174530029	52.0
11530	16.871924939455955	60.77070430978714	-7.002195358276367	52.0
11549	16.567035220297296	60.63437778670237	-6.855113983154297	52.0
11569	16.48371891520672	60.57663641435128	-6.794222831726074	52.0
11590	16.375270679834095	60.68779497541037	-7.108612537384033	52.0
11608	16.473799607364775	60.526664009879205	-7.076669216156006	52.0
11628	16.545281550336284	60.618247837540466	-6.858468055725098	52.0
11647	16.47843735385661	60.35059260735155	-7.241507053375244	52.0
11667	16.37078136727528	60.226888454532755	-7.175567626953125	52.0
11685	16.19048608711697	59.877666004799046	-7.108094692230225	52.0
11707	16.266240011526932	59.80241596712583	-6.527480125427246	52.0
11725	16.157945681273723	59.688672824107876	-6.5837225914001465	52.0
11744	15.975903437152892	59.412578643542574	-6.239609241485596	52.0
11763	15.952364715716103	59.23189942485176	-6.231498718261719	52.0
11783	15.816539824962632	58.98523252414108	-6.683882713317871	52.0
11803	15.543449093655015	58.85089421187989	-6.66170072555542	52.0
11822	15.58561995505345	58.44944102138616	-6.774726390838623	52.0
11844	15.511414714359336	58.35486994880423	-6.757565498352051	52.0
11861	15.474053700359537	58.091262229486624	-7.125747203826904	52.0
11880	15.478540243388679	57.81482545628997	-7.02421760559082	52.0
11900	15.659174841164795	57.72955299343978	-7.005884647369385	52.0
11919	15.638919455632127	57.441466778954656	-6.8317036628723145	52.0
11938	15.438560632758298	57.20524073177158	-6.9507832527160645	52.0
11959	15.378915043587378	56.79364519293897	-7.431774139404297	52.0
11976	15.141452745680695	56.6230322030722	-7.734866142272949	52.0
11996	15.114611732345223	56.355031238004834	-7.622805118560791	52.0
12017	14.795989845754256	56.24678021763052	-6.683335304260254	52.0
12035	14.795989845754256	56.24678021763052	-6.683335304260254	52.0
12056	14.39297096150479	55.59628750647816	-7.166192054748535	52.0
12075	14.39297096150479	55.59628750647816	-7.166192054748535	52.0
12094	14.058417247269576	55.19148701592777	-7.591923236846924	52.0
12113	14.003879674976936	54.81907973483006	-7.11879301071167	52.0
12133	13.780240200618787	54.644390379531806	-6.919330596923828	52.0
12152	13.393358618953359	54.26767225925544	-7.022980213165283	52.0
