14	-1.9548111733434674	4.766591908594402	-6.533821105957031	485.0
33	-2.1372520160362716	4.841591841152433	-6.6451592445373535	485.0
52	-2.1010319193118816	5.03649290326766	-6.686465263366699	485.0
73	-2.2218948719295444	4.99930487418882	-6.827167987823486	485.0
93	-2.3665166733785656	5.012504795754827	-7.058366775512695	485.0
112	-2.259958138976388	5.152282042245041	-6.984208583831787	485.0
135	-1.9917884324547601	5.038545120967793	-6.935923099517822	485.0
153	-2.021547436013231	5.031931659320002	-6.898049354553223	485.0
170	-2.021547436013231	5.031931659320002	-6.898049354553223	485.0
190	-1.9567419457358333	4.841356092872467	-6.930096626281738	485.0
209	-2.010116912886004	5.020586835305998	-6.673260688781738	485.0
228	-2.2166656158910834	5.009593216119148	-6.831315040588379	485.0
248	-2.1661423287523465	5.161404132110795	-6.785405158996582	485.0
269	-2.004042310724679	5.0154474046927735	-6.584908485412598	485.0
286	-2.149805794278721	4.973294351217954	-6.614218235015869	485.0
305	-2.2879976021339647	5.119086142229057	-6.521543502807617	485.0
325	-2.410685830543682	5.148550122328431	-6.43855619430542	485.0
345	-2.3507133087729275	5.133622027812601	-6.537927627563477	485.0
365	-2.3185108466722935	5.042434913703843	-6.885092735290527	485.0
383	-2.265098344814439	4.891625836628736	-6.7238359451293945	485.0
403	-2.3742606273185634	4.720176412481495	-6.661533832550049	485.0
424	-2.42337301747175	4.754050275553116	-6.6565165519714355	485.0
443	-2.4414389149864384	4.671810922829506	-6.777730464935303	485.0
462	-2.4940745427890465	4.702329631184122	-6.838106155395508	485.0
481	-2.448225631116924	4.706319841983366	-6.79381799697876	485.0
501	-2.6314530957210747	4.793716770520027	-6.711976051330566	485.0
521	-2.833327299871515	4.882564475278843	-6.484697341918945	485.0
540	-2.8549389389754047	4.887482465903	-6.466936111450195	485.0
560	-2.829173891195298	5.103718410078816	-6.631367206573486	485.0
577	-2.811971661835538	5.0987305514249375	-6.5171637535095215	485.0
597	-2.7056469794500897	5.225746332319708	-6.243099212646484	485.0
618	-2.6352653488441082	5.142712033717997	-6.311235427856445	485.0
636	-2.6346816290709887	5.108851437740953	-6.39743709564209	485.0
656	-2.3038491332326125	5.19988916625814	-6.346065044403076	485.0
675	-2.1249985787749406	5.055810229918286	-6.2646918296813965	485.0
695	-1.979570064650493	5.122493710028676	-6.141117572784424	485.0
714	-1.8034938470950133	5.142795089822748	-6.127273082733154	485.0
735	-1.7048867080661307	5.18407346842041	-6.543370723724365	485.0
753	-1.8071835142696866	4.95659381101398	-6.859592437744141	485.0
774	-1.8490113771270815	4.9946732945847865	-6.871321678161621	485.0
794	-1.7412007762190123	5.047635521065906	-6.92488956451416	485.0
814	-2.034646818273291	4.877329513304101	-6.983990669250488	485.0
835	-2.034646818273291	4.877329513304101	-6.983990669250488	485.0
852	-2.0048363807418594	4.961863038888505	-7.129209518432617	485.0
870	-2.0048363807418594	4.961863038888505	-7.129209518432617	485.0
889	-2.110518030882254	4.730999246654987	-7.292417049407959	485.0
910	-2.0998798084233967	4.636675446285893	-7.123998641967773	485.0
928	-2.025648827860541	4.740892206973634	-6.85969877243042	485.0
947	-1.8800857171227718	4.68749424001612	-6.726936340332031	485.0
968	-2.0978427414571357	4.551458405134629	-6.731639385223389	485.0
986	-2.074907111052688	4.54312798377836	-6.805775165557861	485.0
1007	-2.305803816119334	4.682761750497259	-6.827887058258057	485.0
1026	-2.1935252050073246	4.38945902920284	-6.786332607269287	485.0
1045	-2.2423983331630817	4.301990764368656	-6.6206793785095215	485.0
1065	-2.341060344029179	4.474638274238295	-6.515382766723633	485.0
1084	-2.396489760417023	4.492451502809625	-6.6810808181762695	485.0
1103	-2.338355458872061	4.549586265032818	-6.753058433532715	485.0
1123	-2.2407820454722236	4.730794549510554	-6.769708633422852	487.0
1143	-2.0574364425844673	4.9863034517806915	-6.5561299324035645	487.0
1162	-2.009677870873484	5.084446286142403	-6.548810005187988	487.0
1181	-1.9563040496495487	5.440634286249446	-6.619201183319092	487.0
1200	-1.9855268882251391	5.678900564273725	-6.6379828453063965	487.0
1221	-1.9908606223062817	5.550571382825929	-6.707625865936279	487.0
1240	-1.8608021055169426	5.663644351496439	-6.665171146392822	487.0
1259	-2.13820961494759	5.681667194308299	-6.693063735961914	487.0
1279	-2.0043125069101313	5.712441668824188	-6.858330249786377	487.0
1298	-1.9570589196230794	5.567196779362498	-7.023815155029297	487.0
1318	-1.851107310367474	5.558957016535753	-7.143115043640137	487.0
1338	-2.0368697558935454	5.245226746881304	-7.183437347412109	489.0
1357	-1.930562443517106	5.19445739435983	-7.16818380355835	489.0
1375	-1.814594294013291	5.250422126786079	-7.085102081298828	489.0
1395	-1.998904613058094	5.302000756786519	-7.0962233543396	489.0
1415	-1.8509014243017736	5.40314406217116	-7.084121227264404	489.0
1434	-2.0163689247033227	5.149810650241931	-6.928067684173584	489.0
1454	-2.0535987431819165	5.107058993784467	-6.935276985168457	489.0
1472	-2.2654839156972653	5.034676171123634	-6.883835792541504	489.0
1494	-2.097304416891008	5.309441589489736	-6.643212795257568	489.0
1513	-2.097304416891008	5.309441589489736	-6.643212795257568	489.0
1532	-2.1853482437090057	5.327484343528219	-6.695965766906738	491.0
1555	-2.3371036888139587	5.274955680462315	-6.666631698608398	491.0
1570	-2.1976185011457754	5.238497815962686	-6.825279235839844	491.0
1590	-2.166595574312525	4.9548976404028355	-6.865132808685303	491.0
1609	-2.05077594026484	5.091931621643227	-6.8919219970703125	491.0
1629	-2.1960077559635187	5.0744233456573085	-6.838894367218018	491.0
1648	-2.061956098328454	5.244989679987413	-6.824046611785889	491.0
1667	-2.190528322178843	5.101650310766796	-7.050006866455078	491.0
1687	-2.2062537315338204	5.2090186408943895	-7.090369701385498	491.0
1707	-2.25713416134461	5.242741803418059	-7.173515319824219	491.0
1725	-2.2900150907378114	5.194043089248915	-7.058537006378174	493.0
1745	-2.398070487304518	5.186345834875706	-7.151767253875732	493.0
1766	-2.337085318422813	5.170647962297776	-7.114749431610107	493.0
1784	-2.4292447753594475	5.1672778514574125	-7.128883361816406	493.0
1804	-2.485080818424509	5.047701407669669	-7.1452107429504395	493.0
1823	-2.505840639820166	5.164017111651446	-7.016485691070557	493.0
1844	-2.506973912563757	5.348333525366565	-6.797114372253418	493.0
1863	-2.478243176280672	5.280207721876003	-6.688141822814941	493.0
1882	-2.393745786668954	5.342852480647334	-6.932673454284668	493.0
1902	-2.3116957801505174	5.4760804351214425	-6.8106608390808105	493.0
1921	-2.352763838147694	5.564671003413691	-6.545328617095947	493.0
1941	-2.121491059787701	5.616331046482088	-6.66839075088501	493.0
1959	-2.046156575714682	5.523197295133268	-6.432294845581055	493.0
1978	-2.03596348837179	5.47594211242574	-6.4556121826171875	493.0
1999	-2.1230848094474664	5.280414136456828	-6.640695571899414	493.0
2027	-2.2001398887536947	5.356719131110445	-6.755451202392578	493.0
2037	-2.3496675141629866	5.387173736765583	-6.709554672241211	493.0
2059	-2.492753332783489	5.37346109442679	-6.7187676429748535	493.0
2075	-2.6307904058568083	5.293222157752863	-6.676112651824951	493.0
2096	-2.667997032070248	5.116492643092706	-6.541880130767822	493.0
2115	-2.7516988985339563	5.077039462878203	-6.79611873626709	493.0
2138	-2.6078532462333195	4.890850039862509	-6.99505615234375	493.0
2157	-2.50698966952363	4.820899985032054	-6.95128870010376	493.0
2174	-2.472200594761217	4.813548193368786	-6.987285614013672	493.0
2195	-2.3623987393800436	4.75697827016461	-6.73362398147583	493.0
2213	-2.2856226710862013	4.864196131565058	-6.717048645019531	493.0
2233	-2.2856226710862013	4.864196131565058	-6.717048645019531	493.0
2252	-2.0806112498253926	4.917752172767365	-6.905035495758057	493.0
2274	-2.077556071395412	5.077365717631291	-6.880406379699707	493.0
2290	-1.944860338814066	5.094399437768067	-6.803779125213623	493.0
2309	-2.1051042147266688	5.125020998420395	-6.708314895629883	493.0
2329	-2.1317404359292667	5.1393804983083395	-6.620555400848389	493.0
2350	-2.100791008081798	5.071680473420109	-6.380922794342041	493.0
2368	-2.220061344538148	5.165943237879325	-6.397132873535156	493.0
2392	-2.166560806991779	5.12570954273536	-6.37980842590332	493.0
2408	-2.347143617985031	4.9666675200235275	-6.370906352996826	493.0
2425	-2.4702823208908824	5.05076493433653	-6.426956653594971	493.0
2446	-2.7219276355618462	5.085277163202716	-6.519242286682129	493.0
2466	-2.675424819604709	5.187496478324858	-6.415964126586914	493.0
2486	-2.5435074671046283	5.209212686962531	-6.64039945602417	493.0
2504	-2.584138580683727	5.208174320101551	-6.776372909545898	493.0
2524	-2.3864680137069527	5.152446956465437	-6.997840404510498	493.0
2544	-2.557666215606534	5.079210550979573	-6.95297908782959	493.0
2563	-2.336043973460092	5.110566082182758	-6.885430812835693	493.0
2583	-2.413895650005757	4.841695616046367	-6.923276901245117	493.0
2601	-2.4825315960572913	4.893015038144258	-6.831700325012207	493.0
2621	-2.5608689183346782	4.845900728462414	-6.841838836669922	493.0
2643	-2.5607556412318226	5.042830873434492	-6.685394287109375	493.0
2660	-2.488271320353424	5.2952172873106145	-6.658477306365967	493.0
2680	-2.701727155614859	5.348744807261091	-6.611669540405273	493.0
2699	-2.7317249689648677	5.408886943649531	-6.942734241485596	493.0
2718	-2.8179458436376668	5.655530290555189	-7.146411895751953	493.0
2738	-2.907317453538241	5.896725016817682	-7.06785774230957	493.0
2757	-2.733810219061058	5.980607164266912	-6.924192428588867	493.0
2778	-2.56189425299004	6.032770527638101	-7.022280693054199	493.0
2795	-2.6092559609286563	5.831778347589387	-7.152648448944092	493.0
2815	-2.4625326152537492	5.514363887418895	-7.333950996398926	493.0
2835	-2.3204806734447385	5.242902122841365	-6.960079193115234	493.0
2854	-2.124251616393376	5.258250735475308	-6.4389801025390625	493.0
2874	-2.055753745292613	5.202146919497972	-6.320940017700195	493.0
2894	-1.7554018276321304	5.089963861401669	-6.229091644287109	493.0
2914	-1.911016663046865	5.036363384217733	-6.467851638793945	493.0
2932	-2.085488720895689	5.061616348194267	-6.5284528732299805	493.0
2953	-2.085488720895689	5.061616348194267	-6.5284528732299805	493.0
2971	-2.0918559416719056	5.171072518133507	-6.390936851501465	493.0
2992	-2.324353979067192	5.243600964862813	-6.3696370124816895	493.0
3010	-2.4246656112115756	5.390563274473638	-6.48593282699585	493.0
3030	-2.511580658517692	5.347462405430324	-6.771560192108154	493.0
3049	-2.5552447434868664	5.262103777448193	-6.72050666809082	493.0
3068	-2.5238839516640885	5.332635495603479	-6.943033218383789	493.0
3087	-2.5144680227362532	5.358984907172335	-6.870616912841797	493.0
3110	-2.3666362915278274	5.324147981485085	-6.900386810302734	493.0
3132	-2.4077196416906075	5.191185600731865	-6.788333892822266	493.0
3146	-2.2780623731731344	5.2485954960875745	-6.704049587249756	493.0
3165	-2.2370930987126476	5.288078998991267	-6.93892765045166	493.0
3186	-2.380592032582874	5.242951684017659	-6.988602638244629	493.0
3205	-2.3864234132125057	5.30463310444435	-7.037239074707031	493.0
3224	-2.4130883800353113	5.075150712213082	-7.049826622009277	493.0
3243	-2.359023887929017	4.966639580707129	-6.930689811706543	493.0
3263	-2.357592189028518	4.934663463768999	-6.820004463195801	493.0
3283	-2.4282837177250696	4.921696901580383	-7.050682067871094	493.0
3302	-2.3829930099829073	4.822745125351963	-6.988666534423828	493.0
3322	-2.4166909748794105	4.823665451629127	-6.661252975463867	493.0
3340	-2.2232105403566793	4.829139309598403	-6.469259738922119	493.0
3360	-2.2808802230335656	4.793835031985054	-6.5754594802856445	493.0
3380	-2.3632532879493704	4.872902726776793	-6.576655387878418	493.0
3400	-2.455427188319125	4.919066312401903	-6.586986541748047	493.0
3418	-2.5243746903118387	4.858407082316389	-6.476741790771484	493.0
3438	-2.412192901572309	4.827438598261539	-6.5041351318359375	493.0
3458	-2.5439203926338068	5.000633961975778	-6.666329383850098	493.0
3475	-2.6365448452334443	4.9210775236688376	-6.990765571594238	493.0
3496	-2.783539586076262	4.855057525723178	-7.1343183517456055	493.0
3516	-2.7700399514052374	4.676766981742715	-7.285095691680908	493.0
3535	-2.7478438465071866	4.8687197074154485	-7.126521110534668	493.0
3555	-2.540472066524532	4.888766769046858	-7.059210300445557	493.0
3574	-2.598794270417275	4.977861897359686	-7.056918144226074	493.0
3593	-2.5865470876028307	5.007702949989181	-6.893083572387695	493.0
3616	-2.5567003577176393	4.797505138561065	-6.640486717224121	493.0
3632	-2.5567003577176393	4.797505138561065	-6.640486717224121	493.0
3653	-2.5623456150653454	4.8889257215602235	-6.5603227615356445	493.0
3673	-2.4600724641764686	4.940582588282086	-6.388428211212158	493.0
3692	-2.4705655033021485	5.0875184059626815	-6.150318145751953	493.0
3710	-2.241129870320586	4.987204854443223	-6.045464515686035	493.0
3730	-2.054918729678576	5.0002776264478825	-6.1573076248168945	493.0
3750	-2.0870999701585795	5.023856422384348	-6.36648416519165	493.0
3769	-2.1082724557626933	4.984517647514577	-6.569878101348877	493.0
3789	-1.9894308312984783	5.1082526733251745	-6.572203159332275	493.0
3807	-1.74879868063559	5.061975064281462	-6.5746750831604	493.0
3830	-1.6483130484262147	5.148617316603659	-6.533926963806152	493.0
3847	-1.5261138317369638	5.248999521402628	-6.4518280029296875	493.0
3865	-1.612543372894078	5.188040113708533	-6.679376125335693	493.0
3885	-1.904776182564612	5.235884956804053	-6.898519992828369	493.0
3904	-1.6614307006974416	5.093390616809195	-6.692909240722656	493.0
3924	-1.48302607352897	5.021990065570429	-6.601892471313477	493.0
3942	-1.4068729039857357	5.05909627758158	-6.879333972930908	493.0
3963	-1.4079666878030046	4.7821832011854575	-6.87327241897583	493.0
3983	-1.5957094129602902	4.83678189820393	-6.864498138427734	493.0
4003	-1.7368335080273896	4.731143004251255	-6.914436340332031	493.0
4022	-1.7689673776077703	4.772908670801691	-6.795024871826172	493.0
4041	-1.6547432066383045	4.771608621976977	-6.632662296295166	493.0
4062	-1.8705757777108671	4.815510342509447	-6.887989044189453	493.0
4079	-1.9770032714528365	4.914231615749913	-6.834779739379883	493.0
4100	-2.0421451729727407	4.976385591650934	-6.573170185089111	493.0
4119	-2.1429030534398703	5.267690153816833	-6.600398540496826	494.0
4138	-2.112837640578313	5.310684794590909	-6.632765293121338	494.0
4158	-2.2863472137951613	5.472673270317936	-6.709185600280762	494.0
4177	-2.313721434388106	5.524046440947196	-6.730215072631836	494.0
4196	-2.225500088663176	5.497781882448053	-6.643796443939209	494.0
4215	-2.1170529665473534	5.524224115852894	-6.4615559577941895	494.0
4236	-1.9951578605596756	5.510324633348393	-6.416788578033447	494.0
4254	-2.0565613726695275	5.4776185220127624	-6.668281078338623	494.0
4275	-1.8395469203763637	5.36387772929886	-6.464959621429443	494.0
4293	-1.85959000983385	5.027103415959218	-6.4518961906433105	494.0
4316	-1.6968046273086714	4.812555953185555	-6.356420040130615	494.0
4335	-1.6786500183109723	4.943992260527601	-6.246306896209717	495.0
4354	-1.7122226953215112	4.90169181800051	-6.212015151977539	495.0
4373	-1.693802016247466	4.920914920054644	-6.084657192230225	495.0
4392	-1.6792480151362865	4.846833331814927	-5.994106769561768	495.0
4411	-1.6792480151362865	4.846833331814927	-5.994106769561768	495.0
4433	-1.7635875732041189	4.681856152065226	-5.767827987670898	495.0
4451	-1.8321015958920823	4.83313265344674	-6.022997856140137	495.0
4469	-1.4813862895768617	5.0547386729366295	-5.927409648895264	495.0
4490	-1.376980653681342	5.205492119451938	-5.931743621826172	495.0
4507	-1.257111909586523	5.009748996961862	-5.967013359069824	495.0
4528	-1.2187594648119189	4.945964633376495	-5.974973201751709	496.0
4550	-1.400489504470837	4.867684764043184	-6.153250217437744	496.0
4565	-1.519381030923034	5.045031398620705	-6.250807285308838	496.0
4586	-1.3917313874373118	5.236762471919229	-6.305143356323242	496.0
4606	-1.235479576556151	5.067472406200397	-6.24642276763916	496.0
4624	-1.2718904100718258	4.7739572604720975	-6.498457431793213	496.0
4645	-1.1760460457567452	4.779996966236487	-6.603966236114502	496.0
4666	-1.2269404019699437	4.9956966537168865	-6.642139911651611	496.0
4683	-1.0641121992232017	5.178077197254231	-6.604965686798096	496.0
4702	-0.8418012747498592	5.414906902344319	-6.5780110359191895	496.0
4722	-0.8824645966845647	5.180985909193135	-6.724863529205322	497.0
4741	-0.8858040983514337	5.153681078456197	-6.6980671882629395	497.0
4761	-1.1650298396110512	5.339903840395083	-6.593102931976318	497.0
4779	-1.218060494573145	5.741738492017898	-6.430631637573242	497.0
4800	-1.2290977502657952	5.801506825524678	-6.445178031921387	497.0
4818	-1.3583693824572087	5.660560108175239	-6.3586554527282715	497.0
4838	-1.5319609383284738	5.760342911734446	-6.385669708251953	497.0
4858	-1.7775272402081737	5.716695792581608	-6.373579502105713	497.0
4877	-1.5986109569314986	5.764476341139046	-6.371754169464111	497.0
4898	-1.350116920857893	5.687384061326115	-6.567393779754639	497.0
4917	-1.0788207787028763	5.4991594970162065	-6.628391742706299	497.0
4946	-1.0650439844666093	5.4442362542959835	-6.750234603881836	497.0
4958	-1.1559222914154317	5.428061903559674	-6.75624942779541	497.0
4975	-1.1628619354551875	5.4894215320526065	-6.806788921356201	497.0
4994	-1.2677983567910251	5.281779287481796	-6.6979522705078125	497.0
5013	-1.0751857107163783	5.295191926825485	-6.599953651428223	497.0
5035	-0.9465076967720498	5.4836651961388805	-6.293318271636963	497.0
5052	-0.9179793085710376	5.358322432939012	-6.050745964050293	497.0
5074	-1.0734621773461497	5.477752747554374	-6.146298408508301	497.0
5094	-1.0734621773461497	5.477752747554374	-6.146298408508301	497.0
5111	-0.9614004728377374	5.472749198440441	-6.098133087158203	497.0
5130	-0.8564542732091015	5.44973758575852	-6.072007656097412	497.0
5152	-0.663296012586052	5.537232461765794	-6.149463653564453	497.0
5169	-0.4627112127439041	5.588091430615096	-6.3734893798828125	497.0
5189	-0.4671315763306696	5.703343059883329	-6.649879455566406	497.0
5207	-0.4695892505659101	5.585461734383985	-6.899453639984131	497.0
5227	-0.8495701506154608	5.784074728316381	-6.9655842781066895	497.0
5247	-0.6828349968868201	5.920104339867699	-6.954801559448242	497.0
5269	-0.7333496803239219	5.909828736437095	-7.0008087158203125	497.0
5285	-0.8431356823203643	6.0636092212091395	-6.955978870391846	497.0
5305	-0.9994735630328621	5.890559643254922	-7.022747039794922	497.0
5325	-1.1305621203183183	5.950423581565406	-6.95689582824707	497.0
5345	-1.1155688841399836	5.848111914016033	-6.6075849533081055	497.0
5367	-1.318195644464316	5.725620388623106	-6.59759521484375	497.0
5386	-1.2198619080803388	5.703724470289647	-6.747121334075928	497.0
5402	-1.279779084915846	5.466196264710254	-6.810491561889648	497.0
5422	-1.3529222096043279	5.328843253680363	-6.674448490142822	497.0
5441	-1.2279090132582746	5.233207428165263	-6.730101108551025	497.0
5461	-1.1010269963644705	5.183084526880604	-6.787437915802002	497.0
5481	-1.0771182007630056	5.23394485338716	-6.805958271026611	497.0
5500	-1.0727204156027204	5.098125200886971	-6.788825511932373	497.0
5520	-1.2368102878387581	5.2883605123150055	-6.743355751037598	497.0
5539	-1.3665687199385963	5.141415606154101	-6.619321823120117	497.0
5558	-1.3708321754174393	5.228040866377802	-6.567461013793945	497.0
5578	-1.273730791264054	5.420049302007035	-6.576391220092773	497.0
5597	-1.209599134176684	5.3265293736020185	-6.497838973999023	497.0
5617	-1.2587946927496114	5.576285657640353	-6.355556964874268	497.0
5637	-1.236681315935079	5.531354546816578	-6.379478454589844	497.0
5655	-1.455303107324248	5.494953046160374	-6.592676162719727	497.0
5675	-1.2206912300897537	5.347627079778065	-6.616828441619873	497.0
5694	-1.1701548942734408	5.426031247925245	-6.605660438537598	497.0
5718	-1.1490205081885176	5.4068728296869795	-6.384213447570801	497.0
5733	-1.269906320173619	5.346062959320328	-6.520676612854004	497.0
5755	-1.4225440074025284	5.357741598707892	-6.580420970916748	497.0
5776	-1.4005028295984236	5.370052925627305	-6.716958522796631	497.0
5793	-1.3670596021264083	5.422833336531563	-6.470550537109375	497.0
5812	-1.3670596021264083	5.422833336531563	-6.470550537109375	497.0
5831	-1.17809108366602	5.612261693959633	-6.6165289878845215	497.0
5851	-1.2963013418250078	5.793314661565227	-6.849849224090576	497.0
5873	-1.1614377591636484	5.685742358358477	-6.943700313568115	497.0
5889	-1.3675170721038454	5.70894387806327	-7.052975177764893	497.0
5908	-1.318721122963736	5.5601517565934335	-6.996781826019287	497.0
5928	-1.3392137945313718	5.488834131976183	-6.757264137268066	497.0
5947	-1.1217364808561328	5.357102965793603	-6.580219745635986	497.0
5968	-1.1705160205853156	5.425474113627216	-6.83983039855957	497.0
5985	-1.0295815315231287	5.573489313375622	-6.537880897521973	497.0
6005	-1.0614732041319532	5.5109943388387705	-6.3082075119018555	497.0
6026	-1.1466010752785978	5.64823380986889	-6.223543643951416	497.0
6044	-1.172820856249716	5.577555634701	-6.267474174499512	497.0
6063	-1.0766303856959136	5.573013003660218	-6.23168420791626	497.0
6085	-1.0849020570713774	5.495224322226534	-6.288214206695557	497.0
6103	-1.27274337467079	5.551732242143594	-6.280988693237305	497.0
6122	-1.419274912726458	5.508848181353628	-6.299241542816162	497.0
6142	-1.551347673689139	5.275777321653874	-6.2740702629089355	497.0
6161	-1.5474756092899709	5.239711607695855	-6.2455644607543945	497.0
6183	-1.4518400815301047	5.281263549079227	-6.180561065673828	497.0
6202	-1.4268870886212974	5.238258813185362	-6.286648750305176	497.0
6223	-1.35919360149276	5.225326799570098	-6.259337902069092	497.0
6238	-1.2931516831593528	5.405392836333169	-6.309442520141602	497.0
6259	-1.3079231144291994	5.29021784489152	-6.288755893707275	497.0
6277	-1.1372352031476396	5.3616385441801375	-6.253303527832031	497.0
6297	-1.182457694086873	5.4522151699315655	-6.413790225982666	497.0
6319	-1.1230192454896835	5.509653047390478	-6.385798454284668	498.0
6338	-1.3069582288691342	5.564768620020078	-6.496716499328613	498.0
6357	-1.2278457390553774	5.567076198302281	-6.366770267486572	498.0
6377	-1.5503277392722137	5.670187208116791	-6.437874794006348	498.0
6394	-1.5927024845032762	5.632453440399472	-6.460860252380371	498.0
6414	-1.3810821801271354	5.717333555724884	-6.342092514038086	498.0
6433	-1.4267639809117716	5.531495064564824	-6.346008777618408	498.0
6453	-1.398003329372825	5.568439769722968	-6.4341630935668945	498.0
6473	-1.3898490074174852	5.539332105040746	-6.58784294128418	498.0
6493	-1.20567713446898	5.384957199340448	-6.637569904327393	498.0
6511	-1.20567713446898	5.384957199340448	-6.637569904327393	498.0
6531	-1.1380664995103797	5.438501557185138	-6.595494270324707	499.0
6551	-1.1380664995103797	5.438501557185138	-6.595494270324707	499.0
6569	-1.112086414829231	5.442142545796926	-6.750586986541748	499.0
6591	-1.2151704832034638	5.562046068952094	-6.915600299835205	499.0
6608	-1.1340826499711283	5.599599959528054	-6.830808162689209	499.0
6628	-1.173476275888432	5.521800467354636	-6.572354316711426	499.0
6647	-1.261178409120956	5.57755578564917	-6.528165817260742	499.0
6666	-1.337126117607825	5.527104950628609	-6.622912883758545	499.0
6687	-1.2548381698938813	5.572085431502779	-6.7213029861450195	499.0
6707	-1.1945742982609855	5.616145106479953	-6.835219383239746	499.0
6726	-1.1284201580403492	5.727927540789115	-6.880209922790527	501.0
6747	-1.116622751622748	5.670285891219457	-7.167736053466797	501.0
6766	-1.2509327982237202	5.6760649226315145	-7.149786472320557	501.0
6784	-1.2334313640268395	5.791400230627233	-7.17277717590332	501.0
6803	-1.1482414417183797	5.746954553152739	-7.002915382385254	501.0
6823	-0.9893464861291629	5.905457625033877	-6.911593437194824	501.0
6845	-1.1355052045199285	5.674622739429909	-6.821845531463623	501.0
6861	-1.1806142257878447	5.67211319295213	-6.9454345703125	501.0
6880	-1.2930666590328135	5.606883049393861	-6.8954339027404785	501.0
6900	-1.1711750338575162	5.632419185610186	-6.768382549285889	501.0
6919	-1.1146066197150852	5.665663591876877	-6.981330394744873	503.0
6944	-1.3363210616475196	5.593775747381271	-7.191521644592285	503.0
6958	-1.6041852923608735	5.47666899284205	-7.449559211730957	503.0
6979	-1.709866324860089	5.368043346417454	-7.369601726531982	503.0
6998	-1.4589912341747489	5.720159091980363	-7.40414571762085	503.0
7017	-1.2928392190400066	5.740435941778175	-7.348752498626709	503.0
7036	-1.1883741860083075	5.6478487840183735	-7.356582164764404	503.0
7056	-1.4536491874584287	5.43558743834798	-7.2883148193359375	503.0
7076	-1.425654971929753	5.434817784102216	-6.986272811889648	503.0
7095	-1.3634083309037974	5.35413570044118	-6.680935382843018	503.0
7114	-0.9933133216579669	5.3211078229722615	-6.751596927642822	503.0
7134	-1.0235256946853228	5.231021757589762	-6.7201151847839355	503.0
7153	-1.0988745024878204	4.91033539673943	-6.74738883972168	503.0
7173	-1.477475775784441	4.883889416600758	-6.679581165313721	503.0
7194	-1.6195202556401531	5.138613160348015	-6.455772876739502	503.0
7212	-1.6195202556401531	5.138613160348015	-6.455772876739502	503.0
7232	-1.52063925834985	5.308042625156204	-6.3336029052734375	503.0
7250	-1.5122951832990912	5.234245413002335	-6.470611572265625	503.0
7271	-1.4263153512209905	5.287625557450836	-6.703394889831543	503.0
7294	-1.4442999777359964	5.312964049780792	-6.6344194412231445	503.0
7314	-1.438945113287093	5.443127970504401	-6.661931991577148	503.0
7328	-1.7450346986330354	5.514792222155029	-6.664151191711426	503.0
7347	-1.6454750628928398	5.632876081815531	-6.710934162139893	503.0
7367	-1.4689222733700982	5.633920161026301	-6.891199588775635	503.0
7386	-1.179910027013194	5.740834612715014	-6.884215354919434	503.0
7406	-1.254487771012637	5.859224832709579	-6.823076248168945	503.0
7425	-1.1395990088322752	5.9636307785681755	-6.7437896728515625	503.0
7445	-1.157500471807814	6.0724814634133395	-6.599521636962891	503.0
7464	-1.091113497630164	6.257227909877437	-6.448047637939453	503.0
7484	-1.005605053496532	6.303836267083033	-6.3270368576049805	503.0
7503	-0.9040179179099725	6.260790710424214	-6.144861698150635	503.0
7525	-0.8411452960132009	6.0401594559990235	-6.0812225341796875	503.0
7543	-0.9378219566148699	6.084759465370815	-6.199384689331055	503.0
7561	-0.981836198188507	6.061302909049068	-6.24793815612793	503.0
7581	-1.1776982722511464	6.039391822668451	-6.248192310333252	503.0
----------------출발----------------
7600	-1.3226185856332369	5.992178651097335	-6.425205230712891	503.0
7620	-1.2231994813307172	5.930311965659152	-6.674577713012695	503.0
7639	-1.2683672980564291	6.068031874579805	-6.868995189666748	503.0
7659	-1.0734322616570122	6.124722424224943	-7.108476638793945	503.0
7679	-0.9767648102831608	6.239091109747	-7.221566200256348	503.0
7698	-1.0214610599218266	6.156400634133518	-7.112705707550049	503.0
7716	-0.9110904237996824	6.096831264196185	-7.117397308349609	503.0
7736	-0.8394982972948851	6.048925479491227	-7.031064033508301	503.0
7755	-0.616080227889353	6.1088639515115775	-6.9511895179748535	503.0
7776	-0.6584972504951543	6.091178184868018	-6.908599853515625	503.0
7794	-0.6417874163399165	6.022987251400766	-6.619554042816162	503.0
7814	-0.8811856499808237	5.851846946366941	-6.421563148498535	503.0
7834	-0.9636554210704389	5.628442789947881	-6.401261329650879	503.0
7853	-1.0077111306182271	5.72953508891231	-6.367641925811768	503.0
7873	-1.2084603683802275	5.71490746705664	-6.209819316864014	503.0
7896	-1.3996076527903116	5.720427266900429	-6.296329498291016	503.0
7913	-1.6442871087038236	5.726387246278856	-6.24445104598999	503.0
7931	-1.6442871087038236	5.726387246278856	-6.24445104598999	503.0
7951	-1.6331164045765612	5.80426692547474	-6.233345031738281	503.0
7970	-1.7858687441247312	5.818862537301315	-6.301552772521973	503.0
7990	-1.8487855766798218	5.790878105677754	-6.226250648498535	503.0
8008	-1.8672772743530233	5.787016343891487	-6.288298606872559	503.0
8031	-2.0059800745225935	5.529858015112324	-6.34675407409668	503.0
8048	-1.8412123276122543	5.840104592914391	-6.459020614624023	503.0
8067	-1.720845047699928	5.916977379194075	-6.4770050048828125	503.0
8086	-1.5453797584412934	5.89349709134881	-6.5493879318237305	503.0
8108	-1.539613771305213	5.693693975760935	-6.484136581420898	503.0
8128	-1.3135334059397328	5.739051479337218	-6.614250659942627	502.0
8145	-1.3323260941628112	5.81389324166046	-6.804152488708496	502.0
8164	-1.327285625088912	5.841318085214092	-6.8183441162109375	502.0
8183	-1.324625469444489	5.8724857157130685	-6.952517509460449	502.0
8204	-1.292644592923524	5.510514722855278	-6.972765922546387	502.0
8223	-1.4358736397560454	5.496378562038669	-6.9139814376831055	502.0
8244	-1.4097643591584754	5.479459744424871	-6.82584810256958	502.0
8262	-1.469156047479148	5.642259786948343	-6.917411804199219	502.0
8281	-1.6112515010732402	5.77501920272389	-6.7772321701049805	502.0
8301	-1.5070712417057806	5.620146084348469	-6.5935187339782715	502.0
8320	-1.5871998879746136	5.64930123379188	-6.593177795410156	501.0
8340	-1.5933072447059908	5.612711954952812	-6.529330730438232	501.0
8359	-1.7287938354604615	5.716867186798486	-6.5081682205200195	501.0
8378	-1.5716169793026407	5.636039288671841	-6.383423328399658	501.0
8397	-1.5214391223110875	5.701426268555565	-6.3687238693237305	501.0
8417	-1.6573305466266621	5.556527820679483	-6.289663791656494	501.0
8437	-1.51684021838335	5.35020948732699	-6.330367088317871	501.0
8456	-1.5390446965682787	5.480733574817131	-6.527338027954102	501.0
8475	-1.4072220745000503	5.579630218519426	-6.45341157913208	501.0
8495	-1.2828139206005218	5.6953211213445805	-6.4232306480407715	501.0
8515	-1.202311949885205	5.826486661098793	-6.208236217498779	501.0
8547	-1.3850715613180629	5.834866937775485	-6.33853006362915	501.0
8553	-1.364969905712802	5.742569209231792	-6.172506809234619	501.0
8573	-1.2007231864542331	5.899554817704582	-6.279763698577881	501.0
8594	-1.3239098149328374	5.945031048436275	-6.247890949249268	501.0
8613	-1.3077257745138129	6.031196653326167	-6.002021789550781	501.0
8632	-1.632320176165177	5.990082856335349	-5.891030788421631	501.0
8651	-1.632320176165177	5.990082856335349	-5.891030788421631	501.0
8671	-1.6175028867930945	5.9062826945240925	-5.923989772796631	501.0
8689	-1.6075795120660739	5.812174529054017	-6.188887596130371	501.0
8708	-1.4104739362503942	5.717766846757778	-6.283884048461914	501.0
8732	-1.3383038406847978	5.768263302292527	-6.506969928741455	501.0
8748	-1.1403833866003137	5.55206788144246	-6.590206623077393	501.0
8767	-1.093117018855112	5.639975279590428	-6.743807792663574	501.0
8786	-1.2134788280448638	5.546792931528522	-6.955863952636719	501.0
8806	-1.101654482636595	5.582852761617886	-6.985891819000244	501.0
8826	-1.1532422970494831	5.638993734279225	-7.083199501037598	501.0
8845	-1.3672945193337067	5.67313474996263	-7.062192916870117	501.0
8865	-1.4646531265798062	5.9996988030292675	-6.92657995223999	501.0
8884	-1.6492436013525158	6.040458868840007	-6.930261611938477	501.0
8903	-1.6535410903886953	5.865213301665512	-6.8311991691589355	501.0
8923	-1.5938853800088215	5.693597855223423	-6.773585796356201	501.0
8944	-1.5495393701204931	5.789583199901784	-6.6889848709106445	501.0
8964	-1.5748470788102882	5.714077936095675	-6.697958946228027	501.0
8981	-1.7829089558254227	5.766353924703602	-6.549685478210449	501.0
9001	-1.7552745153931315	5.780074756782428	-6.447888374328613	501.0
9021	-1.6187550062179794	5.720328859054122	-6.353433609008789	501.0
9040	-1.5552100365580066	5.711265051803459	-6.3382086753845215	501.0
9059	-1.7528557893718855	6.0352945299011775	-6.236770153045654	501.0
9082	-2.028225472737198	5.925695771710831	-6.354130268096924	501.0
9099	-2.213582755968342	5.752883665842559	-6.423224925994873	501.0
9117	-2.1323394108318947	5.756064141815164	-6.280208587646484	501.0
9137	-2.00793368274034	5.663666008612929	-6.450087547302246	501.0
9156	-1.870993561734507	5.600914492111344	-6.4203290939331055	501.0
9175	-1.9018738396195578	5.388848278337589	-6.381491661071777	501.0
9195	-1.9860638120374303	5.528651452876169	-6.474997520446777	501.0
9215	-2.096918824456032	5.460749950037566	-6.709804058074951	501.0
9235	-2.0887889924754504	5.50563561531037	-6.960967540740967	501.0
9253	-1.838587050006926	5.517160760159552	-7.016820430755615	501.0
9273	-1.7221438376741933	5.577901158844723	-7.242596626281738	501.0
9294	-1.7539965114346243	5.674826019447242	-7.093958854675293	501.0
9313	-1.8170849177215955	5.717109946406493	-7.022408962249756	501.0
9335	-1.7527613470948873	5.689511507115377	-6.96327543258667	502.0
9352	-1.7527613470948873	5.689511507115377	-6.96327543258667	502.0
9370	-1.5275145786397732	5.371354167398786	-6.794379234313965	502.0
9390	-1.1048957902126613	5.251265683793197	-6.754652500152588	502.0
9409	-0.9899332345891886	5.267077517989067	-6.482259750366211	502.0
9429	-1.1284452635091176	5.282140685351123	-6.410527229309082	502.0
9448	-1.2335605537944583	5.430557727201195	-6.348787307739258	502.0
9468	-1.056135085632163	5.359946902999246	-6.286877155303955	502.0
9488	-1.0895971224684209	5.595130756046837	-6.30307674407959	502.0
9508	-1.032751675308876	5.788073489050214	-6.584059715270996	502.0
9526	-1.1448403892278016	5.86468654101083	-6.72109842300415	502.0
9545	-1.6511106911845623	5.9281991264718785	-6.627925395965576	502.0
9568	-1.5883107816723698	5.861408608849229	-6.631093502044678	502.0
9586	-1.5131317057912907	5.980552260701199	-6.675638198852539	502.0
9605	-1.7016396477668703	5.963337168672945	-6.544268608093262	502.0
9623	-1.8751735234587592	6.112236341872226	-6.636687278747559	502.0
9643	-1.8592526875768576	6.176259160906855	-6.579342365264893	502.0
9665	-2.01894150365016	6.186692605367612	-6.660556793212891	502.0
9682	-1.9774748886118252	6.331911990958463	-6.682091236114502	502.0
9702	-1.5833130073753183	6.302980453695644	-6.758835792541504	502.0
9721	-1.7244570283794036	6.271497430011817	-6.798020839691162	506.0
9741	-1.8670001729447903	6.063569327065371	-6.862624168395996	506.0
9759	-1.4559712331372674	6.030714924510108	-7.179686546325684	506.0
9778	-1.4774080300482513	5.937923314750582	-7.058926582336426	506.0
9798	-1.62222219446123	5.832288629112663	-7.187589168548584	506.0
9818	-1.5177147728719114	5.912005038437638	-7.003457069396973	506.0
9838	-1.486681376893078	5.819600662126906	-6.992122650146484	506.0
9858	-1.5005256697625877	5.827474176225037	-6.921233654022217	506.0
9875	-1.4910937357784744	5.849073668840608	-6.898308277130127	506.0
9895	-1.4232428193264797	5.9769370081005935	-6.960215091705322	506.0
9918	-1.6961105140173582	5.931248301150963	-6.929245948791504	512.0
9934	-1.7909901472782956	5.941237013827853	-7.030449867248535	512.0
9954	-1.8502621969504023	5.996656396269705	-7.061242580413818	512.0
9973	-1.8343550041303092	5.9078240405322635	-7.281593322753906	512.0
9993	-1.66358113593577	5.876825402620596	-7.3273701667785645	512.0
10013	-1.6701188053664786	5.959871561882899	-7.408295631408691	512.0
10033	-1.6701188053664786	5.959871561882899	-7.408295631408691	512.0
10051	-1.494488427806714	6.083566135544412	-7.476895809173584	512.0
10073	-1.5664369906737965	6.017187325626649	-7.320068359375	512.0
10092	-1.661419194531226	6.058770362048241	-7.303976058959961	512.0
10109	-1.4588106805444447	6.213598716332778	-7.255839824676514	512.0
10129	-1.3679975224830516	6.085094843361451	-7.276683807373047	517.0
10149	-1.302036546449491	6.113711255191137	-7.132858753204346	517.0
10172	-1.3642039488724984	6.0224415262857764	-7.251474380493164	517.0
10187	-1.2049286889591844	6.122670534120808	-7.283073902130127	517.0
10207	-1.2031554737999395	6.11384741201768	-7.319146633148193	517.0
10226	-1.1814706614991988	6.157717287141724	-7.2520670890808105	517.0
10246	-0.9235649900646699	6.1848746484716	-7.149435043334961	517.0
10265	-1.16095704735604	6.094686693654058	-7.386041641235352	517.0
10287	-1.0509398234571024	6.10916774241846	-7.483675479888916	517.0
10304	-0.9499422158362071	6.070428347485097	-7.7881178855896	517.0
10323	-0.9665513051040364	6.326508189375218	-7.932482719421387	522.0
10344	-1.1936675661068434	6.224406252612608	-8.186284065246582	522.0
10363	-1.2483244219533	6.207272316214182	-8.258846282958984	522.0
10382	-0.9951849705531038	6.299832897115778	-8.673772811889648	522.0
10404	-0.9789184288078427	6.454450952854582	-8.944828987121582	522.0
10421	-0.8671768981017633	6.661179073151264	-8.987164497375488	522.0
10441	-0.8409290894671803	6.609233112419466	-9.18892765045166	522.0
10459	-0.9391693127497698	6.543465226952475	-9.191874504089355	522.0
10479	-0.7833463460418247	6.328341061722538	-9.295208930969238	522.0
10499	-0.6744858660005152	6.3521943013061115	-9.515482902526855	522.0
10522	-0.47226305431740623	6.388343429517384	-9.86287784576416	524.0
10537	-0.4816501574249707	6.4130892227902	-10.068883895874023	524.0
10557	-0.5533164438268056	6.227917319549222	-9.999691009521484	524.0
10576	-0.5111054093585399	6.050339067410703	-10.418599128723145	524.0
10595	-0.724055680992802	6.124283012566234	-10.668530464172363	524.0
10616	-0.5811905546651835	6.312514100901436	-10.713508605957031	524.0
10635	-0.7780299682491669	6.619424270672867	-10.985417366027832	524.0
10653	-0.7395589252333096	6.547729132200962	-11.162016868591309	524.0
10673	-0.9551181386759969	6.503587744921488	-11.357868194580078	524.0
10693	-1.154604812439328	6.431590295257213	-11.483692169189453	524.0
10713	-1.154604812439328	6.431590295257213	-11.483692169189453	524.0
10732	-1.2786933479312446	6.620779448509413	-12.090054512023926	524.0
10752	-1.0852429020018097	6.692229853108855	-12.372015953063965	524.0
10771	-1.0852429020018097	6.692229853108855	-12.372015953063965	524.0
10791	-1.1255245147043669	6.71513352596184	-12.916914939880371	524.0
10810	-1.1223569835445475	6.551646633562449	-13.03846263885498	524.0
10829	-1.274761961949338	6.596717433034856	-13.329483985900879	524.0
10848	-1.3266980434400235	6.702678815209431	-13.5066556930542	524.0
10868	-1.5101958116181446	6.776802685824122	-13.989692687988281	524.0
10888	-1.5642441352811158	6.847203971433222	-14.237382888793945	524.0
10909	-1.8360313048939179	6.830584865486573	-14.324356079101562	524.0
10927	-2.232625123479859	6.800064100730507	-14.542797088623047	524.0
10946	-2.437696915450743	6.698316405579282	-14.909391403198242	524.0
10966	-2.7456808544938074	6.834556066631243	-15.150711059570312	524.0
10984	-3.0053032328697764	6.980161375110292	-15.279623985290527	524.0
11004	-3.2250186347220766	7.033377720517753	-15.711333274841309	524.0
11026	-3.2546515180063	7.152975760623531	-15.87405776977539	524.0
11044	-3.548030496596252	7.183132483610295	-16.16591453552246	524.0
11064	-3.9554328628025175	7.106653049910139	-16.65140724182129	524.0
11082	-4.075161426320998	7.229793353479804	-17.084867477416992	524.0
11102	-4.373897113440235	7.370966988464417	-17.18027114868164	524.0
11121	-4.829258826787106	7.485666874400745	-17.713884353637695	525.0
11142	-5.176379863476825	7.51850339943579	-18.245792388916016	525.0
11160	-5.258708665338106	7.581184589587892	-18.419212341308594	525.0
11179	-5.845563993488347	7.569542248125751	-18.62057113647461	525.0
11199	-6.184454696268336	7.680586093709243	-18.84343719482422	525.0
11218	-6.502940178541499	7.826506130777706	-19.01808738708496	525.0
11237	-7.052655602663545	7.664752669787718	-19.18901824951172	525.0
11258	-7.250337256678365	7.676290006030715	-19.497133255004883	525.0
11277	-7.676585288032956	7.509890842118991	-19.691997528076172	525.0
11296	-8.25013449297067	7.541517648569362	-19.729049682617188	525.0
11316	-8.923103184905466	7.579610164693906	-19.70618438720703	525.0
11335	-9.379730326068668	7.648838824756793	-19.610557556152344	526.0
11355	-10.112130652722286	7.8322833311442555	-19.664302825927734	526.0
11375	-10.792565306178933	8.044745325174366	-19.525901794433594	526.0
11393	-11.416174861845603	8.108770430550171	-19.368375778198242	526.0
11412	-12.39671566939805	7.950419431587101	-19.25167465209961	526.0
11433	-13.018061782099506	7.905064749869729	-18.761032104492188	526.0
11452	-13.521754576305378	7.990428209159698	-18.449695587158203	526.0
11472	-13.521754576305378	7.990428209159698	-18.449695587158203	526.0
11492	-14.845270441251868	7.957864822676476	-18.591394424438477	526.0
11511	-14.845270441251868	7.957864822676476	-18.591394424438477	526.0
11529	-15.105357380412535	7.865458055252189	-18.65426254272461	527.0
11550	-15.631005866582216	7.696156810124045	-18.41277503967285	527.0
11568	-15.956154553998399	7.9532068872611275	-18.24785041809082	527.0
11589	-16.450420292218702	8.037951334121741	-17.880239486694336	527.0
11610	-16.950160237537176	8.106502043836029	-17.86077880859375	527.0
11626	-17.324032856815784	8.063708781085332	-17.60231590270996	527.0
11646	-17.470882313597233	8.291137639011863	-17.16413688659668	527.0
11666	-17.853969346897404	8.414320973994181	-16.611581802368164	527.0
11684	-18.382384669754558	8.369792139300648	-15.920882225036621	527.0
11704	-18.612303886598575	8.463913399596468	-15.57260799407959	527.0
11725	-18.933302118873108	8.405629799684869	-15.01085090637207	528.0
11743	-19.108753373591092	8.451491543048775	-14.535543441772461	528.0
11763	-19.242879948451343	8.52286536389924	-13.87437915802002	528.0
11783	-19.40193877228308	8.385421033771207	-13.615767478942871	528.0
11803	-19.630890299912746	8.477278744414527	-13.349202156066895	528.0
11821	-19.680124645063046	8.43480897264859	-13.103677749633789	528.0
11843	-19.491461285066105	8.454348223938396	-12.767010688781738	528.0
11861	-19.507341027119562	8.502738966541854	-12.321533203125	528.0
11880	-19.32286124837811	8.536620197298982	-12.041318893432617	528.0
11900	-19.17829745524109	8.611174633144701	-11.657404899597168	528.0
11919	-18.926119708114843	8.528043682617668	-11.376391410827637	528.0
11939	-18.786344167773173	8.609353051741966	-10.749128341674805	528.0
11959	-18.437268118706985	8.37235958072346	-10.33700942993164	528.0
11977	-18.177020404613756	8.485318312482505	-9.68989372253418	528.0
11996	-18.068918793407896	8.414593754153948	-9.278395652770996	528.0
12017	-17.859943407166032	8.18848849716335	-8.84585189819336	528.0
12034	-17.72263578734339	7.940053038533839	-8.35697078704834	528.0
12055	-17.472447919645216	7.661651926531471	-7.934361934661865	528.0
12077	-17.308520828700296	7.659592227157628	-7.375492095947266	528.0
12093	-16.87729829119333	7.739481151686789	-7.229928970336914	528.0
12113	-16.77271482651989	7.749067331492446	-6.834662437438965	528.0
12133	-16.227601977991288	7.5125244191433636	-7.011531829833984	528.0
12153	-15.68778890603623	7.48967008226796	-7.06812047958374	528.0
12173	-15.094089403366496	7.579924767451952	-7.016400337219238	528.0
12196	-15.094089403366496	7.579924767451952	-7.016400337219238	528.0
12212	-14.385795974875348	7.675261102569569	-7.044910907745361	528.0
12230	-13.747836017195468	7.714680972986957	-7.134384632110596	528.0
12249	-13.254682339134964	7.588120583926547	-7.511814117431641	528.0
12269	-12.907363474900045	7.3985382144395855	-7.6984758377075195	528.0
12288	-12.224912002186707	7.337406100306057	-7.746932029724121	528.0
12307	-12.00797788843353	7.351988098827849	-7.471495151519775	528.0
12329	-11.84261353628015	7.36894437418949	-7.151070594787598	528.0
12347	-11.328034491257542	7.200590952762068	-7.204034328460693	528.0
12366	-11.189473629204283	7.0278957220626355	-7.102598667144775	528.0
12386	-10.885307655989031	6.967539190382437	-6.94246244430542	528.0
12405	-10.54324014179011	7.0261960954254326	-6.704087257385254	528.0
12425	-10.091678213497982	7.004103636236547	-6.391550064086914	528.0
12445	-9.888635880200223	6.723517928505812	-6.696784973144531	528.0
12463	-9.201346240060566	6.491016078143725	-7.150341987609863	528.0
12483	-8.597075498772762	6.396188963627499	-7.716536521911621	528.0
12502	-8.22853447976918	6.43537801954309	-8.001551628112793	528.0
12522	-7.582008994638005	6.591922702135658	-8.390870094299316	529.0
12542	-7.273691093603906	6.599899899821888	-8.771873474121094	529.0
12563	-6.8849982579626365	6.432114423194101	-9.15248966217041	529.0
12580	-6.60979762268796	6.353731526517024	-9.651278495788574	529.0
12599	-6.2575561647669655	6.4178205907149675	-10.001607894897461	529.0
12619	-6.206178473281156	6.343669222754886	-10.43389892578125	529.0
12639	-5.791949444338588	6.235514038577179	-10.801231384277344	529.0
12661	-5.789987711602215	6.141906544871668	-11.216386795043945	529.0
12679	-5.621196234383697	6.086549693425294	-11.430399894714355	529.0
12696	-5.583098712370111	6.00441656336592	-11.64527702331543	529.0
12716	-5.5832112673869885	6.130266854744661	-12.00075626373291	529.0
12736	-5.347270291510643	6.207693758270355	-12.415515899658203	530.0
12755	-5.259555812868645	6.254787396583247	-12.739270210266113	530.0
12775	-5.028030712274889	6.4657695857618265	-13.064324378967285	530.0
12794	-5.343089006900461	6.62313124924514	-13.351225852966309	530.0
12813	-5.13967142627898	6.714892190362936	-13.671427726745605	530.0
12833	-5.149176334338667	7.113110141852132	-13.902918815612793	530.0
12852	-5.048347382881687	7.701559440363471	-14.008403778076172	530.0
12873	-5.064075412637307	7.884576203086461	-14.070526123046875	530.0
12892	-5.064075412637307	7.884576203086461	-14.070526123046875	530.0
12911	-5.38640088184617	8.188222842626217	-14.196943283081055	530.0
12930	-5.606365649634137	8.221835798060003	-14.421918869018555	531.0
12950	-5.903721252754935	8.26168468834085	-14.554364204406738	531.0
12969	-5.898560251190567	8.291334221078252	-14.723281860351562	531.0
12989	-6.119961123822587	8.468646747692372	-14.85461139678955	531.0
13007	-6.513030361364848	8.465764448692157	-15.116873741149902	531.0
13027	-6.672990155863672	8.614144283361696	-15.51996898651123	531.0
13048	-6.832764050103274	8.931581863316907	-15.673095703125	531.0
13067	-6.980672646967643	9.059386819218853	-15.62838363647461	531.0
13085	-7.182554230432377	9.334051210579656	-15.672017097473145	531.0
13106	-7.419857757330229	9.599469686498617	-15.776009559631348	531.0
13125	-7.83487876250878	9.961491758816955	-15.660650253295898	532.0
13144	-8.235938025078706	9.96966672420336	-15.638839721679688	532.0
13164	-8.568819811665234	10.287536748811323	-15.600107192993164	532.0
13184	-9.002630517619313	10.600092101445986	-15.421167373657227	532.0
13203	-9.270517194012061	10.644250740900649	-15.262266159057617	532.0
13222	-9.43507766693506	10.91409912787919	-15.201516151428223	532.0
13242	-9.726857785309967	10.919892571700528	-14.994375228881836	532.0
13261	-10.292070172339475	10.689912011654542	-14.466845512390137	532.0
13280	-10.797986147246467	10.669351029365531	-13.994929313659668	532.0
13300	-11.11402034033339	10.86947565924607	-13.603107452392578	532.0
13319	-11.441136652584255	10.42750216430595	-13.105551719665527	532.0
13339	-11.314472533250793	9.988243776510531	-12.609512329101562	532.0
13358	-11.644285572227705	9.631119483524099	-12.215596199035645	532.0
13378	-11.888618802635103	9.16987665014626	-11.91914176940918	532.0
13400	-12.007177068616976	9.116809882366102	-11.555042266845703	532.0
13418	-12.108643456326948	9.103411005102842	-11.219311714172363	532.0
13435	-12.321421456669407	8.744378760648907	-10.96236801147461	532.0
13455	-12.114914500013473	8.427704895613292	-10.636730194091797	532.0
13475	-11.864086556007095	8.35745084644371	-10.485994338989258	532.0
13494	-12.163420232292983	8.188527189427507	-10.312694549560547	532.0
13514	-11.764000436391473	8.003553798503615	-10.134635925292969	532.0
13533	-11.570491338962906	7.865835141019755	-9.951231956481934	532.0
13553	-11.51212925713126	7.5342585385596434	-9.562248229980469	532.0
13573	-11.442587000658975	7.2559075561348925	-9.099761962890625	532.0
13593	-11.358664904785195	6.984963352662285	-8.802267074584961	532.0
13611	-11.358664904785195	6.984963352662285	-8.802267074584961	532.0
13635	-11.516470463055347	6.301037658843627	-7.855259895324707	532.0
13649	-11.516470463055347	6.301037658843627	-7.855259895324707	532.0
13670	-11.182041540237298	6.004842499341713	-7.588815212249756	532.0
13688	-11.251169251972673	5.617136394934323	-7.488499641418457	532.0
13708	-10.937722060135581	5.239501661643284	-7.087169170379639	532.0
13729	-10.509220351597351	4.91945629590114	-6.9041900634765625	532.0
13753	-10.037085360549426	4.479019549686452	-7.059662342071533	532.0
13766	-9.495633286884837	4.102655507025513	-6.657907009124756	532.0
13787	-9.08766276302016	3.6668052526840014	-6.387644290924072	532.0
13805	-8.711385183450746	3.0788658656266112	-6.111651420593262	532.0
13825	-8.404911831519678	2.375648926978647	-5.9899420738220215	532.0
13845	-8.09996506397229	1.9223104522080445	-5.818201065063477	532.0
13864	-7.620441576657921	1.4392223117932645	-5.683756351470947	532.0
13884	-7.18693032127171	0.8866955811414536	-5.382181644439697	532.0
13903	-6.997198661519701	0.5043341825885336	-4.785743236541748	532.0
13922	-6.566945369996505	0.060913316657940066	-4.636578559875488	530.0
13942	-6.281908733898586	-0.22839059782751056	-4.656651973724365	530.0
13961	-5.715843217363573	-0.5629804891044685	-4.527534008026123	530.0
13980	-5.234396752521646	-0.7921192784768617	-4.32741641998291	530.0
14000	-4.721776943684273	-1.1830177057917448	-4.001740455627441	530.0
14019	-4.497145046384352	-1.7027606735041725	-4.054117679595947	530.0
14039	-4.332702223916733	-2.1681546446489577	-4.145988464355469	530.0
14059	-3.7506894399262887	-2.3929903317349446	-4.199450492858887	530.0
14078	-3.26678473047164	-3.002414783545044	-4.172715187072754	530.0
14100	-2.932349311850065	-3.3106310825432197	-4.260281562805176	530.0
14118	-2.5086762898047783	-3.6600969815670026	-4.363095760345459	527.0
14136	-1.9780697744530928	-3.899242363076851	-4.536925792694092	527.0
14156	-1.3965623408756014	-4.107832423980024	-4.7502031326293945	527.0
14175	-0.8881895497885736	-4.21584648226164	-4.911381244659424	527.0
14194	-0.32682715455120603	-4.297564647257274	-5.09830904006958	527.0
14214	0.16998712193547175	-4.551664693341686	-5.366485118865967	527.0
14234	0.7286354475022124	-4.42218040259914	-5.5102620124816895	527.0
14255	1.2738505177525599	-4.686020141464151	-5.876855850219727	527.0
14275	1.3761446429461797	-4.559481429666172	-6.408509254455566	527.0
14292	1.5337156243795158	-4.680073024952456	-6.791149616241455	527.0
14312	1.5337156243795158	-4.680073024952456	-6.791149616241455	527.0
14331	1.6737898541630754	-4.62615512550118	-7.132798194885254	524.0
14350	1.9900277090201193	-4.644476599716951	-7.277451038360596	524.0
14370	2.504456179863357	-4.657552824864973	-7.565057754516602	524.0
14389	2.6996093192705564	-4.559673776763991	-7.93455696105957	524.0
14409	2.6226022519509575	-4.241175907184651	-8.45905876159668	524.0
14428	2.533407715986885	-4.05937833677595	-8.556836128234863	524.0
14447	2.9579739169287134	-3.948745622753223	-8.496088027954102	524.0
14467	3.1302683636620934	-3.7511378944825458	-8.55781364440918	524.0
14486	3.4038315988992096	-3.686182357812467	-8.865398406982422	524.0
14505	3.396979050762673	-3.4563237875323125	-9.071540832519531	524.0
14525	3.289274760425518	-3.1252269160004955	-9.201059341430664	518.0
14545	3.309746231460353	-2.9865971472750927	-9.561525344848633	518.0
14565	3.3763760612424996	-2.873825789051082	-9.556022644042969	518.0
14588	3.905879682771377	-2.6875357068922723	-9.7100830078125	518.0
14605	3.9135189592522637	-2.709873664749082	-10.199131965637207	518.0
14623	4.0769510729869625	-2.6292392329942427	-10.468271255493164	518.0
14642	4.142581831646184	-2.3810542792481244	-10.399967193603516	518.0
14661	4.507614710475711	-2.123468476992249	-10.555749893188477	518.0
14681	4.627262550554925	-2.0998793178030164	-10.776968955993652	518.0
14703	4.8547381019915905	-2.0371964647509815	-10.657588005065918	518.0
14719	5.128902015868001	-2.1809700347618284	-10.785979270935059	514.0
14739	5.3257431883437105	-2.168930532473205	-10.851399421691895	514.0
14758	5.343821858738471	-2.104884992484451	-10.825221061706543	514.0
14778	5.538780907139023	-2.048763623991445	-10.792649269104004	514.0
14798	5.775433901212255	-2.1113503072243267	-11.081310272216797	514.0
14821	5.664953420926144	-2.491543426333116	-11.136430740356445	514.0
14835	5.799799187090156	-2.6118312978687763	-11.20630168914795	514.0
14856	5.730567686316145	-2.571287986412927	-11.6270112991333	514.0
14875	5.655437441337742	-2.43322344837009	-11.82177734375	514.0
14895	5.497703420933602	-2.4404043882375754	-12.078567504882812	514.0
14915	5.8126757699889735	-2.3014960361877694	-12.316231727600098	514.0
14934	5.779375697863815	-2.1645483691968077	-12.661669731140137	511.0
14953	5.795769631961087	-2.2228248966645903	-12.809518814086914	511.0
14973	5.827847538366237	-1.9805633347340132	-13.12537670135498	511.0
14993	5.755683626586992	-1.7271753596973591	-13.301658630371094	511.0
15012	5.619423652922698	-2.0045291414318513	-13.4078369140625	511.0
15032	5.619423652922698	-2.0045291414318513	-13.4078369140625	511.0
15051	5.468528779283815	-1.8838449986056787	-13.818990707397461	511.0
15075	5.156610924447144	-1.932666071011667	-14.198614120483398	511.0
15090	4.633309353084308	-1.8054276102558082	-14.618390083312988	511.0
15109	4.495917479662896	-1.602896180425673	-14.863893508911133	511.0
15128	4.136654439330249	-1.3481889293779425	-15.069636344909668	506.0
15148	3.751986821390066	-1.4295116762505298	-15.257697105407715	506.0
15167	3.6461050830604904	-1.4863548283104169	-15.572105407714844	506.0
15189	3.538224934185962	-1.3315830765689818	-15.664979934692383	506.0
15206	3.280238651454979	-1.3406258578091539	-15.772201538085938	506.0
15226	3.0392531383074695	-1.101588309227143	-15.686300277709961	506.0
15245	2.94067216092714	-1.0743991335703051	-15.523777961730957	506.0
15265	2.688552643859579	-1.1942574625373756	-15.486814498901367	506.0
15284	2.4808931575414443	-1.4078933275509578	-15.442987442016602	506.0
15304	2.4193400537085643	-1.1663281732736008	-15.364221572875977	506.0
15323	1.9583515532714948	-1.1778604744844317	-15.299758911132812	503.0
15344	1.393233294675769	-1.205284075748939	-15.430196762084961	503.0
15362	0.6156905227353283	-1.2199809706752087	-15.401995658874512	503.0
15382	-0.24202288915643083	-1.2923125401818736	-15.271147727966309	503.0
15400	-1.016772287069458	-1.3520740771149797	-15.094873428344727	503.0
15424	-1.605742709735743	-1.4422078356345478	-15.012317657470703	503.0
15439	-1.9760666367911865	-1.2667477791325623	-14.835287094116211	503.0
15459	-2.1558676500355087	-1.2848017473192606	-14.681445121765137	503.0
15478	-2.3135600116442085	-1.224872087954178	-14.583189964294434	503.0
15497	-2.570340304611691	-1.1269205478489992	-14.352822303771973	503.0
15517	-2.69584656584523	-1.2763550567368291	-14.415518760681152	500.0
15538	-2.5551742625546368	-1.275032277698837	-14.406342506408691	500.0
15559	-2.476813618768989	-1.3326276987784573	-14.240930557250977	500.0
15575	-2.7056914004913426	-1.1634193882919024	-14.060667037963867	500.0
15595	-2.7716742652583655	-1.391812563806397	-14.255186080932617	500.0
15614	-3.144856194024316	-1.4689009654332197	-14.187033653259277	500.0
15635	-3.542844227337885	-1.5216835306367265	-13.963211059570312	500.0
15655	-3.681851140932612	-1.5012816547141734	-13.716438293457031	500.0
15676	-3.7568055574500288	-1.3501762888422695	-13.196942329406738	500.0
15692	-3.7568055574500288	-1.3501762888422695	-13.196942329406738	500.0
15713	-4.305097091090236	-1.4581981817731273	-13.121708869934082	500.0
15732	-4.406491607492659	-1.7508357262284686	-13.128944396972656	497.0
15752	-4.403716762475521	-1.6099965517840302	-12.739014625549316	497.0
15771	-4.403716762475521	-1.6099965517840302	-12.739014625549316	497.0
15793	-4.667965145335381	-1.7012676358720793	-12.633148193359375	497.0
15809	-4.633894152712563	-1.9281206424904038	-12.593688011169434	497.0
15829	-4.844392952315828	-2.092664889362911	-12.26655101776123	497.0
15848	-4.928650083817445	-2.3612040462540356	-12.361560821533203	497.0
15867	-5.118755086816757	-2.5706235262158414	-11.954877853393555	497.0
15887	-5.256324110624107	-2.7446926026038776	-11.961836814880371	497.0
15906	-5.356979177567987	-2.8111991821239477	-11.680620193481445	497.0
15926	-5.6259417303110215	-2.9535948566967916	-11.628215789794922	495.0
15946	-5.358527687978997	-3.0701389788034184	-11.376879692077637	495.0
15964	-5.395460182293012	-3.2220392150337416	-11.311514854431152	495.0
15983	-5.276175520048444	-3.49172650963268	-11.51125431060791	495.0
16004	-5.371111234075985	-3.560698548943577	-11.369159698486328	495.0
16024	-5.245578203440375	-3.693081633744372	-11.563249588012695	495.0
16043	-5.234392893266947	-3.7087789437488063	-11.554336547851562	495.0
16062	-5.239960520354941	-3.784765456389475	-11.526302337646484	495.0
16082	-5.235747741408868	-3.9354537687238245	-11.360719680786133	495.0
16102	-5.253510490199647	-3.8674442091326005	-11.651755332946777	495.0
16120	-5.463234421886823	-3.7697642199826493	-11.602968215942383	495.0
16139	-5.657225196773037	-3.6220711936208745	-11.68360424041748	495.0
16161	-5.714963183347927	-3.5166466022253635	-11.806465148925781	495.0
16178	-5.717386016568707	-3.6405966915245345	-11.745723724365234	495.0
16198	-5.9658289731731085	-3.812073137435232	-11.840204238891602	495.0
16218	-6.007626758134555	-3.999432667388064	-11.934566497802734	495.0
16237	-5.99743188717699	-3.8894309064198853	-12.192459106445312	495.0
16256	-6.217341387987427	-4.038800426598889	-12.281075477600098	495.0
16276	-6.1250366816838175	-4.077793970829599	-12.575018882751465	495.0
16296	-5.937941926107762	-4.249044069269473	-12.639068603515625	495.0
16315	-6.116101553245205	-4.502360944196661	-12.741066932678223	495.0
16334	-6.25896782907642	-4.529030728537119	-12.820040702819824	495.0
16354	-6.247756965986148	-4.736734070293959	-12.93297290802002	495.0
16372	-6.228698111738671	-4.807017693416537	-13.097412109375	495.0
16396	-6.433136499908828	-4.9485591908110464	-13.1342191696167	495.0
16413	-6.485791713069718	-5.001782788252155	-13.303838729858398	495.0
16433	-6.604667756655367	-5.214468006913699	-13.171236038208008	495.0
16451	-6.604667756655367	-5.214468006913699	-13.171236038208008	495.0
16471	-7.114328369363677	-5.244164554952621	-13.23771858215332	495.0
16490	-7.320199181682292	-5.33132406829562	-13.231348991394043	495.0
16509	-7.5331550867279375	-5.563159301823766	-13.225587844848633	495.0
16528	-7.779796001701658	-5.751691059494554	-13.218958854675293	495.0
16549	-8.221920361548658	-5.970641099166059	-13.092472076416016	495.0
16568	-8.560916298553618	-6.257920624879343	-13.113863945007324	495.0
16587	-8.936495333454515	-6.428539846566777	-12.879968643188477	495.0
16608	-9.134304064457375	-6.475065197200672	-12.723556518554688	495.0
16626	-9.426286642677256	-6.546384670642485	-12.406837463378906	495.0
16645	-9.7614731400707	-6.551254876281783	-12.187166213989258	495.0
16665	-10.13015188237562	-6.486088377022521	-11.862829208374023	495.0
16684	-10.386001492315414	-6.583969288044362	-11.523454666137695	495.0
16704	-10.56231771717433	-6.6121739282277545	-11.349111557006836	495.0
16723	-10.705500984596823	-6.574357437804705	-10.83195972442627	495.0
16746	-10.930600415330469	-6.7085035550244365	-10.4186429977417	495.0
16762	-11.63188535262735	-6.606282539094779	-10.043238639831543	495.0
16782	-12.104334256885453	-6.515885989671291	-9.626504898071289	495.0
16801	-12.50181175002432	-6.62238384111193	-9.304043769836426	495.0
16820	-12.974740771976393	-6.474638275427945	-8.96119499206543	495.0
16840	-13.477550033965215	-6.197267537831855	-8.405369758605957	495.0
16859	-14.010509426563313	-6.040523057812606	-7.728882312774658	495.0
16880	-14.59852412689465	-6.022929608072611	-7.3531036376953125	495.0
16899	-15.101343050270762	-5.770447560131136	-6.9689860343933105	495.0
16918	-15.218492006257083	-5.749259916359645	-6.475770473480225	496.0
16937	-15.39605353052779	-5.722809352262722	-6.183555603027344	496.0
16956	-15.663233974558914	-5.427605729784324	-5.601317882537842	496.0
16976	-15.892008082873764	-5.393723310935125	-5.029316425323486	496.0
16996	-16.08511414583826	-5.2500764718686375	-4.812226295471191	496.0
17016	-16.185092370777056	-5.230269181853024	-4.342333793640137	496.0
17034	-16.217146495468896	-5.117740248862941	-3.74823260307312	496.0
17054	-16.22980057646504	-5.1030430545929235	-3.156006336212158	496.0
17073	-16.45939125046075	-5.121180337589348	-2.6116673946380615	496.0
17092	-16.362578131714457	-4.794518901408301	-1.9121489524841309	496.0
17117	-16.58873556268205	-4.612538317376198	-1.4367307424545288	496.0
17132	-16.711538802092257	-4.262776008006112	-1.0362071990966797	498.0
17152	-16.711538802092257	-4.262776008006112	-1.0362071990966797	498.0
17171	-16.698138374935507	-4.09680638707523	-0.4184534549713135	498.0
17191	-16.603736110937106	-3.876904571283342	0.32959040999412537	498.0
17209	-16.4962778104004	-3.6567380653901185	0.8358714580535889	498.0
17229	-16.414837808537662	-3.473159466028564	1.5438061952590942	498.0
17248	-16.52660574992276	-3.3241054289758285	1.9912497997283936	498.0
17268	-16.692237222771443	-3.396515301526424	2.421276092529297	498.0
17287	-16.522498766637863	-3.2315906449952148	2.6298036575317383	498.0
17307	-16.37361631691585	-3.2093651286390257	3.092611074447632	498.0
17326	-16.17355665617205	-3.2321940495536077	3.62530255317688	499.0
17345	-16.158974546970676	-3.120464478688405	3.8709144592285156	499.0
17365	-16.121444371330625	-3.08583225851418	4.1745758056640625	499.0
17384	-16.015908328822047	-2.980267288649168	4.416862487792969	499.0
17404	-15.651062288276863	-2.995283042484332	4.9309773445129395	499.0
17423	-15.481718517248764	-2.827263693299605	5.244557857513428	499.0
17443	-15.230882338445088	-2.8997979128747926	5.73268985748291	499.0
17463	-14.815314886472606	-2.7795928558470053	6.028503894805908	499.0
17482	-14.607550253864396	-2.6796265515628663	6.351595878601074	499.0
17502	-14.417833837902343	-2.712969512857014	6.446931838989258	499.0
17521	-14.098201095221768	-2.6917729886979	6.6916375160217285	500.0
17540	-13.92024418220299	-2.574858712969448	7.114891529083252	500.0
17562	-13.735153016272971	-2.2607307329018815	7.3231987953186035	500.0
17583	-13.468663524644324	-2.119286131497634	7.5947771072387695	500.0
17599	-13.396868402885033	-1.7730590151236574	7.753486156463623	500.0
17617	-13.276339774541485	-1.812017285704562	8.027877807617188	500.0
17637	-13.135213991683639	-1.5768489120331577	8.145219802856445	500.0
17657	-12.830412823158172	-1.55173111221892	8.591039657592773	500.0
17678	-12.770193818877486	-1.4495268866560358	8.985058784484863	500.0
17695	-12.56456574759985	-1.4379776669009336	9.247908592224121	500.0
17716	-12.244636107405714	-1.4931849148438396	9.554119110107422	500.0
17735	-11.972469296178799	-1.4418148448419206	9.614312171936035	501.0
17754	-11.74402416391499	-1.5203505029420161	10.051424026489258	501.0
17773	-11.666937529267672	-1.4376183324104637	10.097076416015625	501.0
17793	-11.445203798960065	-1.640794143452008	10.326889038085938	501.0
17812	-11.514445132328397	-1.5068069893513825	10.352044105529785	501.0
17832	-11.390289552153293	-1.2969276978367283	10.465291023254395	501.0
17854	-11.496546027872808	-1.2294255005359818	10.581411361694336	501.0
17872	-11.496546027872808	-1.2294255005359818	10.581411361694336	501.0
17891	-11.430351208577354	-1.1417479827944006	10.616873741149902	501.0
17911	-11.322402840606074	-1.0469942370486045	10.845174789428711	501.0
17931	-11.13744088508279	-1.051673638992911	10.930135726928711	501.0
17949	-10.922851711972898	-1.0344550493162459	11.326231002807617	501.0
17968	-10.675798491082888	-0.9094439853719066	11.418725967407227	501.0
17987	-10.141342293686991	-0.7690821873299485	11.86545467376709	501.0
18007	-9.751026529568408	-0.8888981765789491	12.042648315429688	501.0
18026	-9.539066332538754	-1.021956476359274	12.037274360656738	501.0
18046	-9.239494040930708	-0.8822460393266317	12.090331077575684	501.0
18066	-9.213364813876428	-0.9222120838897881	12.274280548095703	501.0
18085	-9.153778815961582	-0.8862020747615995	12.322537422180176	501.0
18104	-9.036962102787678	-0.7344079501749362	12.576464653015137	501.0
18125	-9.092220840083414	-0.5530841435181103	12.691383361816406	502.0
18144	-9.108053906787188	-0.4896227792325573	12.676076889038086	502.0
18163	-8.922734408457837	-0.3887106942298774	12.855121612548828	502.0
18182	-8.651905862674655	-0.40137750515989595	12.909351348876953	502.0
18202	-8.689319854765047	-0.41980769233359966	13.138975143432617	502.0
18222	-8.42080822518247	-0.34801477297564787	13.072677612304688	502.0
18241	-8.013692401064697	-0.39115274592430593	13.05418586730957	502.0
18260	-7.87483268654324	-0.29756124561415553	12.948116302490234	502.0
18280	-7.849013229398779	-0.25788575667731994	12.846242904663086	502.0
18300	-7.792206315113573	-0.032351837800132136	12.854416847229004	502.0
18318	-7.803780573437086	-0.03365756148169425	12.723322868347168	503.0
18338	-7.628298750498361	0.1650637281660959	12.823404312133789	503.0
18358	-7.484860052383366	0.3625599597870754	13.07316780090332	503.0
18376	-7.543797169376727	0.4630519414308454	13.3390531539917	503.0
18396	-7.329123956146391	0.8430138605591262	13.495067596435547	503.0
18416	-7.319021771319175	0.9325286724234458	13.607128143310547	503.0
18436	-7.1777310683332685	1.154340035494563	13.766607284545898	503.0
18454	-7.094240575686119	1.0027586582302226	13.665894508361816	503.0
18474	-6.965338195354685	0.9989663444442224	13.720293045043945	503.0
18494	-6.804143866408484	0.8921604952852852	13.92875862121582	503.0
18512	-6.598717716755446	0.7246520313037236	13.75243854522705	503.0
18532	-6.598717716755446	0.7246520313037236	13.75243854522705	504.0
18553	-6.580730522204304	0.5400660705261053	13.770734786987305	504.0
18571	-6.580730522204304	0.5400660705261053	13.770734786987305	504.0
18592	-7.022232919751907	0.5218970366063825	13.536224365234375	504.0
18610	-7.022232919751907	0.5218970366063825	13.536224365234375	504.0
18629	-7.062826861627793	0.5288835798520317	13.6161470413208	504.0
18649	-6.938660776404348	0.7632851632505226	13.740667343139648	504.0
18669	-7.134238543443455	0.9632379478740117	13.567282676696777	504.0
18687	-7.131496550438146	0.9251516351113923	13.430577278137207	504.0
18708	-6.9479947761230285	0.9238874334115017	13.394084930419922	504.0
18727	-6.942035884362058	0.8214209428159274	13.422245979309082	505.0
18746	-6.743293380028776	0.7133030361049597	13.554267883300781	505.0
18765	-6.3644840094579385	0.7087917753738314	13.65471363067627	505.0
18787	-6.197927907981861	0.6945327611068233	13.739625930786133	505.0
18805	-6.0841305228502005	0.675850563140708	13.611919403076172	505.0
18824	-6.151849294118583	0.5518864983026499	13.621562004089355	505.0
18844	-6.334728689250217	0.47329546660720856	14.034280776977539	505.0
18863	-6.474418445868875	0.41249440447133745	14.02716064453125	505.0
18886	-6.489742053743052	0.2712976835751942	13.948448181152344	505.0
18905	-6.611876366197036	0.34064451032193127	13.81431770324707	505.0
18921	-6.694540494165334	0.6255738799284558	13.721539497375488	505.0
18940	-6.68314469132674	0.8746942922023857	13.745122909545898	505.0
18960	-6.96703848505791	0.619826444203381	13.74424934387207	505.0
18980	-6.73381447253911	0.5575510993199965	13.909133911132812	505.0
19002	-6.524452510684608	0.6263248961951661	13.798860549926758	505.0
19018	-6.702031794885721	0.7924825330732824	13.893915176391602	505.0
19039	-6.672345781737446	1.1416874154806176	13.950191497802734	505.0
19059	-6.592759292996764	1.3310137441621115	13.95999526977539	505.0
19077	-6.34820535156047	1.1452898201983919	14.016973495483398	505.0
19096	-6.423408514994465	0.9402910587962412	14.015871047973633	505.0
19116	-6.4488794287104545	1.194115101309585	14.056014060974121	505.0
19135	-6.413190629608592	1.2338930418159082	13.903997421264648	505.0
19155	-6.366424524026437	1.3174981046399084	13.739444732666016	505.0
19174	-6.444297621330033	1.2912724036619938	13.490367889404297	505.0
19193	-6.55155990607473	0.9167472868697624	13.549734115600586	505.0
19214	-6.665270729397388	0.9054675341703879	13.442654609680176	505.0
19234	-7.001530546810454	1.0605614888134718	13.395990371704102	505.0
19252	-7.001530546810454	1.0605614888134718	13.395990371704102	505.0
19274	-6.714587024146332	1.1424648597955709	13.59289264678955	505.0
19292	-6.714587024146332	1.1424648597955709	13.59289264678955	505.0
19311	-6.848839292518793	1.1737486422992673	13.521026611328125	505.0
19330	-6.978145995585748	0.9768642335928273	13.569960594177246	505.0
19349	-6.555879274769554	0.974254568638392	13.717227935791016	505.0
19371	-6.323036782322129	1.2171619589625637	13.663616180419922	505.0
19388	-6.146680586339018	1.0887366576613735	13.742950439453125	505.0
19408	-6.295572317524317	0.8248736782443455	13.767573356628418	505.0
19427	-6.226799865655259	0.9009056822729081	13.577157974243164	505.0
19446	-6.416468082319156	0.861940429674439	13.492939949035645	505.0
19467	-6.076962712877118	0.7097505710414038	13.691818237304688	505.0
19485	-6.138232561621376	0.9316885964123481	13.763704299926758	505.0
19505	-6.436263997434075	0.9688685118299665	13.604755401611328	505.0
19525	-6.527712413749473	0.9789676500677734	13.53111457824707	505.0
19543	-6.723707448688015	1.1319462066396067	13.556705474853516	505.0
19564	-6.64229885968832	1.4172010175278849	13.711377143859863	505.0
19584	-6.675820594097069	1.4148389917686335	13.91032600402832	505.0
19603	-6.767479592090955	1.2347766056732943	13.918261528015137	505.0
19623	-6.991310257683805	1.159095910571817	13.894251823425293	505.0
19641	-6.744136138722294	1.1416892523249218	13.890973091125488	505.0
19660	-6.791560321935233	1.2306585862227548	13.917152404785156	505.0
19680	-7.08527879543821	1.2383784664426565	13.99594783782959	505.0
19699	-6.863958906743883	1.1561914944198295	14.09502124786377	505.0
19720	-6.6813374677363955	0.96183634038321	14.137472152709961	505.0
19738	-6.668218019877029	0.8296508052071082	14.103347778320312	505.0
19758	-6.615570393084996	0.8718573260327313	14.017084121704102	505.0
19777	-6.337378224616471	1.0730734331086842	14.073235511779785	505.0
19796	-6.398087682411501	1.0275411020028287	13.851985931396484	505.0
19816	-6.421873514890814	0.9450920011454845	14.027345657348633	505.0
19835	-6.246862228851067	1.0634555316266971	13.98308277130127	505.0
19855	-6.29532664157137	1.2079928922566474	13.818581581115723	505.0
19875	-6.287941977966235	1.4480785576318116	13.663955688476562	505.0
19894	-6.1753306340135925	1.4905474101357141	13.647250175476074	505.0
19914	-5.9059890363263365	1.399016468668207	13.647586822509766	505.0
19933	-5.8788475199153245	1.1775892718285228	13.765490531921387	505.0
19955	-5.980773338250207	1.0547126972479246	13.79826831817627	505.0
19972	-5.668892784863508	0.9944498593927183	13.880751609802246	505.0
19992	-5.668892784863508	0.9944498593927183	13.880751609802246	505.0
20011	-5.858735221852668	0.6428031071347788	13.946683883666992	505.0
20031	-5.943239932748973	0.6644128400728034	13.952364921569824	505.0
20050	-6.110645808462956	0.5819130645010753	13.928377151489258	505.0
20069	-6.153492905330766	0.4630625132050076	14.028732299804688	505.0
20092	-6.1963950087576665	0.43116512954112035	14.261011123657227	505.0
20109	-6.480755664351263	0.37036783049074884	14.12032699584961	505.0
20127	-6.5573894436717834	0.47522490625488567	14.100516319274902	504.0
20147	-7.111804353076429	0.8353686186513607	13.73912525177002	504.0
20166	-7.551561841969171	1.196481089665445	13.395120620727539	504.0
20185	-7.76650648906438	1.3348913151848816	13.413518905639648	504.0
20206	-7.611733886676565	1.4380296051569343	13.540084838867188	504.0
20225	-7.613944703885526	1.4475122323266052	13.644262313842773	504.0
20244	-7.340631341965479	1.1398956940121598	13.877503395080566	504.0
20264	-6.855286731423004	0.7272299934743798	14.15472412109375	504.0
20283	-6.564681442596515	0.5451988975664325	14.471491813659668	504.0
20304	-6.248518774420212	0.667559506420655	14.624555587768555	504.0
20322	-6.231949184828975	0.896659429079549	14.598196029663086	503.0
20341	-6.223486702375517	1.0929619700163973	14.54139232635498	503.0
20361	-6.450935943411142	0.9680738378825963	14.448575019836426	503.0
20381	-6.39370589038859	0.9374985335360106	14.56757640838623	503.0
20400	-6.52378919294563	0.959349961197077	14.441433906555176	503.0
20419	-6.6056124786517785	1.1432316858358338	14.372869491577148	503.0
20439	-6.6209647473040585	1.1783777077103397	14.177453994750977	503.0
20458	-6.80002086537657	1.164376641794451	14.276542663574219	503.0
20478	-7.046800222067394	1.2714208912643006	14.188637733459473	503.0
20496	-7.139611667342132	1.1561815543155156	14.009072303771973	503.0
20516	-7.110576379173263	1.1700178670846315	14.129393577575684	502.0
20535	-6.861282064893362	1.1055997984451569	13.959468841552734	502.0
20555	-6.7125813144611906	0.9421210016786848	13.942768096923828	502.0
20575	-6.612798505172049	1.0974788643553468	13.864898681640625	502.0
20596	-6.483396506616962	1.2603953774902825	14.045037269592285	502.0
20613	-6.448975537401757	1.2089177071505106	13.758406639099121	502.0
20633	-6.373139579709551	1.112528470116084	13.811063766479492	502.0
20652	-6.5762011477660876	1.2456012070462086	13.903460502624512	502.0
20673	-6.378800985510104	1.0873169691734053	13.896271705627441	502.0
20697	-6.422654631553228	0.8617875081815154	13.713773727416992	502.0
20712	-6.422654631553228	0.8617875081815154	13.713773727416992	502.0
20731	-6.334549436578608	0.911343224088127	13.94189453125	501.0
20750	-6.412252978256715	0.8889375540666165	13.879185676574707	501.0
20769	-6.470991528286697	0.9914600356851015	13.70154857635498	501.0
20794	-6.458470617733824	1.0021247772019737	13.588027000427246	501.0
20812	-6.655593454940155	1.0142093515668054	13.390336990356445	501.0
20828	-6.560144203324699	0.9766061495680173	13.114470481872559	501.0
20847	-6.725451222752586	1.2068935291895118	13.020369529724121	501.0
20867	-6.712592324465908	1.2521476634636144	13.243246078491211	501.0
20885	-6.6564423844353655	1.2708097869621389	13.108222961425781	501.0
20909	-6.710487442348396	1.1471479210283326	13.054265975952148	501.0
20928	-6.554304856533686	0.8864340281326875	13.256975173950195	500.0
20945	-6.68283585888477	0.914647698123624	13.489262580871582	500.0
20968	-6.550762641401696	0.9775609145552865	13.496843338012695	500.0
20983	-6.325871010514226	0.9637495976499931	13.700194358825684	500.0
21004	-6.196179068588092	1.0504160458902188	13.623869895935059	500.0
21022	-6.054231794173284	1.3345185945292246	13.402786254882812	500.0
21041	-6.1683582077707	1.5384397657315922	13.388978004455566	500.0
21061	-6.1500723223652995	1.3522308597166808	13.389422416687012	500.0
----------------도착----------------
21080	-6.258176905096033	1.4343589537287424	13.295097351074219	500.0
21099	-6.315799042871118	1.3661587297522668	13.309122085571289	500.0
21119	-6.194995696886684	1.2074002311010734	13.439648628234863	499.0
21139	-6.282900185750195	1.0883148751958311	13.332146644592285	499.0
21159	-6.396887232773945	0.9306710658919861	13.49293041229248	499.0
21178	-6.82837754811029	0.92579282902175	13.663397789001465	499.0
21196	-6.836065236232415	0.7721559559722252	13.653606414794922	499.0
21217	-6.56285979322866	0.9041719847392053	13.79150390625	499.0
21236	-6.5082547253510645	1.033726153437306	13.77916145324707	499.0
21255	-6.333366342187289	1.147684942939531	13.731856346130371	499.0
21275	-6.248584480497908	0.9622598440051949	13.704216003417969	499.0
21296	-6.19641691672783	1.0592402734145387	13.727927207946777	499.0
21313	-6.202930318879378	1.0717702989425815	13.643171310424805	499.0
21333	-6.132868253330912	1.221536110597946	13.431797981262207	498.0
21352	-6.170840657719459	1.3284609519193171	13.44523811340332	498.0
21372	-6.2625921866945005	1.3847852263135474	13.448615074157715	498.0
21392	-6.369569905098534	1.1265939815443284	13.529975891113281	498.0
21411	-6.3472405419243145	1.0067292215789538	13.386446952819824	498.0
21431	-6.3472405419243145	1.0067292215789538	13.386446952819824	498.0
21450	-6.564387673047997	1.3508998104571566	13.29336166381836	498.0
21469	-6.53368727591294	1.1472368534357238	13.395344734191895	498.0
21488	-6.355198866222135	1.2101291947876014	13.319372177124023	498.0
21508	-6.4087352158950655	1.10333955136989	13.349955558776855	498.0
21527	-6.522826628825004	1.1022303837193748	13.087727546691895	497.0
21547	-6.384052116104927	1.0345732602660431	12.943218231201172	497.0
21566	-6.441452563131356	1.0994723198123342	12.758008003234863	497.0
21586	-6.447324289355894	1.1915897784937786	12.796794891357422	497.0
21605	-6.4564590249796785	1.0231764280664795	12.98403549194336	497.0
21626	-6.435395519742712	1.259861469043102	13.027061462402344	497.0
21645	-6.413023806664224	1.2493593670196432	13.018848419189453	497.0
21663	-6.313802482098721	1.0770909543763107	12.99677848815918	497.0
21683	-6.2764442640585525	1.0936375442494357	13.180351257324219	497.0
21702	-6.405756487268358	1.1766847251067771	13.195959091186523	497.0
21723	-6.346148647291963	1.1253876154164346	13.350968360900879	497.0
21742	-6.407405591492266	1.1222527080105527	13.318854331970215	497.0
21762	-6.353243199693753	1.2154136058298273	13.447173118591309	497.0
21782	-6.598126720571832	1.027116659510382	13.43342399597168	497.0
21801	-6.626835079582551	1.354646907562957	13.466608047485352	497.0
21819	-6.676841577266308	1.662693441156478	13.582514762878418	497.0
21839	-6.6275179950916225	1.5630791219551088	13.785026550292969	497.0
21859	-6.728595502548867	1.5034668467519416	13.866840362548828	497.0
21878	-6.753911730777501	1.5175319915132677	14.052438735961914	497.0
21898	-6.585532245737534	1.3222248931616571	14.216145515441895	497.0
21917	-6.581199571560245	1.4015274855499205	14.116990089416504	497.0
21935	-6.465154655544873	1.4263670176616412	14.173985481262207	497.0
21955	-6.479344837188475	1.1076179607713001	14.204596519470215	497.0
21975	-6.315584777143632	0.8087677080851464	14.109150886535645	497.0
21995	-6.472610051337112	0.7503287352104581	13.959580421447754	497.0
22014	-6.579929258061679	0.7239648825647798	13.95205020904541	497.0
22034	-6.519550671176897	0.643850397916379	13.785319328308105	497.0
22053	-6.612162503437066	0.6388019254463047	13.819707870483398	497.0
22072	-6.686263665708456	0.4796392810981257	13.636234283447266	497.0
22093	-6.735823324636465	0.4144069301491611	13.532634735107422	497.0
22113	-6.709028424223546	0.44529107108464144	13.477814674377441	497.0
22131	-6.709028424223546	0.44529107108464144	13.477814674377441	497.0
22152	-6.54622999831391	0.5738108412561279	13.775906562805176	497.0
22170	-6.54622999831391	0.5738108412561279	13.775906562805176	497.0
22189	-6.451836872948259	0.5475201989570982	13.881750106811523	497.0
22208	-6.541710124258456	0.5788123725461903	13.520453453063965	497.0
22228	-6.595594012495951	0.646950338051581	13.575789451599121	497.0
22257	-6.511225141855265	0.6477305933996227	13.725313186645508	497.0
22267	-6.4185595463923715	0.6344216612673497	13.878534317016602	497.0
22286	-6.807015005214205	0.5797073842930225	14.030707359313965	497.0
22305	-6.955024950305529	0.7818850928346464	13.667367935180664	497.0
22324	-6.962285184284807	0.8029891297169429	13.774807929992676	497.0
22345	-6.924416675621805	0.9422603130770419	13.70815372467041	497.0
22365	-6.811483967223446	0.9822053455946304	13.95853042602539	497.0
22384	-6.784332228791922	0.9673431168438027	13.720205307006836	497.0
22403	-6.792138341193652	0.8731737853011273	13.608537673950195	497.0
22422	-6.7607204174458735	0.872215543764272	13.458179473876953	497.0
22443	-6.579859472487636	0.8159009657129663	13.255581855773926	497.0
22461	-6.612028306854287	0.5453619807538064	13.282929420471191	497.0
22480	-6.6403832850864815	0.5379552470500926	13.176888465881348	497.0
22500	-6.778422700573339	0.4985897734206216	13.289997100830078	497.0
22520	-6.926054007509206	0.5070286896783301	13.325383186340332	497.0
22539	-7.05270972004508	0.4152069544393995	13.302870750427246	497.0
22559	-6.990379650430793	0.5069460333210863	13.299424171447754	497.0
22578	-6.99980616861649	0.5846341121347137	13.266824722290039	497.0
22599	-6.857608861368055	0.6367371723964037	13.394939422607422	497.0
22617	-6.806314884778755	0.8738001947937172	13.665003776550293	497.0
22636	-6.641209379725303	0.7603676636264547	13.688546180725098	497.0
22657	-6.401820973889972	0.6886294499078065	13.664201736450195	497.0
22675	-6.24603722866468	0.9423677384744992	13.515613555908203	497.0
22695	-6.165050012851346	1.0586742437600045	13.571203231811523	497.0
22715	-6.097787579998835	0.9102440654033986	13.634064674377441	497.0
22735	-6.296688183000193	0.8195566537699401	13.64228630065918	497.0
22755	-6.412086786513357	0.6775985548154544	13.507552146911621	497.0
22773	-6.509084202975003	0.45778217388605413	13.423036575317383	497.0
22792	-6.643956446586875	0.6160860790716419	13.376577377319336	497.0
22812	-6.745250455066573	0.6310144808840616	13.25046443939209	497.0
22835	-6.745250455066573	0.6310144808840616	13.25046443939209	497.0
22853	-6.72025752262933	0.5411470220699954	13.394965171813965	497.0
22871	-7.009383759675833	0.6224163706377379	13.287260055541992	497.0
22890	-7.249703225015445	0.6532292446829732	13.183696746826172	497.0
22908	-7.187855190743404	0.5989833917595244	13.249042510986328	497.0
22928	-7.01105974014871	0.6158487169215278	13.391748428344727	496.0
22948	-7.067747087080386	0.7075535766031331	13.466135025024414	496.0
22970	-6.8930695299716245	0.5532736660773844	13.528398513793945	496.0
22986	-6.808014132973124	0.4431457772118914	13.553631782531738	496.0
23007	-6.931600053270761	0.24699427566459078	13.566571235656738	496.0
23026	-6.830187229009149	0.1524537065656837	13.647507667541504	496.0
23045	-6.74067182622313	0.3767091356154753	13.625411987304688	496.0
23069	-6.741639160412586	0.3637944149205872	13.563567161560059	496.0
23084	-6.972216520621454	0.4185292362672937	13.583158493041992	496.0
23104	-6.752041865111094	0.42267946895320074	13.539518356323242	496.0
23123	-6.744272497175841	0.4564425661489938	13.50114917755127	495.0
23144	-6.8398900251219725	0.5401698560064502	13.62232780456543	495.0
23162	-6.803992046697716	0.6241976394436364	13.754300117492676	495.0
23181	-6.686853859978685	0.708032287249747	13.858172416687012	495.0
23201	-6.559239488618446	0.6546650463609016	14.024081230163574	495.0
23221	-6.348416735516574	0.925066380439161	14.079439163208008	495.0
23241	-6.277258889576317	1.0163833266116944	13.85582160949707	495.0
23259	-6.327761381198603	1.0468329248236956	13.742033958435059	495.0
23279	-6.236985435592208	0.9503219808435144	13.95846939086914	495.0
23298	-6.081539267363419	0.8019399764366768	13.980796813964844	495.0
23318	-6.1630599161781765	0.544368122874846	13.824800491333008	494.0
23337	-6.214614006937892	0.2540701444990731	13.725333213806152	494.0
23356	-6.5294743637970445	0.1642827018850988	13.510505676269531	494.0
23376	-6.820166671577884	0.010733753636464059	13.327917098999023	494.0
23395	-6.952264606612428	-0.07982485415954586	13.473576545715332	494.0
23416	-7.124617441470893	-0.21730116843090322	13.44037914276123	494.0
23435	-7.08013808661201	-0.030437824170969564	13.38001537322998	494.0
23453	-7.149032542889878	0.206540237166983	13.32522201538086	494.0
23473	-7.207431560195187	0.4881404558412601	13.18631362915039	494.0
23491	-7.218420156862064	0.636646230087613	13.254230499267578	494.0
23513	-7.009091092820104	0.45536887572734897	13.489919662475586	494.0
23532	-6.852429928431197	0.27871861210651894	13.575335502624512	494.0
23552	-6.852429928431197	0.27871861210651894	13.575335502624512	494.0
23570	-6.696241825002642	-0.0998050785274907	13.646133422851562	494.0
23590	-6.5045321014429485	-0.3066592414102214	13.608367919921875	494.0
23609	-6.669791842008606	-0.4443887096808786	13.622336387634277	494.0
23629	-6.744026894724694	-0.559316900622659	13.673783302307129	494.0
23649	-7.192993317209535	-0.5750575641339939	13.545434951782227	494.0
23673	-7.269456299294797	-0.4846313372004473	13.336711883544922	494.0
23687	-7.248892765450614	-0.32873434409827673	13.215706825256348	494.0
23706	-7.145862568322372	-0.025343843115938656	13.357481956481934	494.0
23726	-7.104088828587469	-0.007147455857683741	13.339451789855957	493.0
23745	-6.939692345866869	0.07078082020776852	13.371895790100098	493.0
23765	-6.6296444728317905	0.22405785200838224	13.252784729003906	493.0
23784	-6.6994075626348355	0.23746970055359728	13.30284595489502	493.0
23806	-6.429407641579383	0.13416084261980335	13.479740142822266	493.0
23823	-6.678018691105961	-0.06913425519191335	13.619108200073242	493.0
23844	-6.622690378491032	-0.026920296931138094	13.783553123474121	493.0
23863	-6.685796051056543	-0.005078145908283991	13.86678409576416	493.0
23885	-6.958954832989319	0.3910234379675406	13.661200523376465	493.0
23902	-6.796519536255426	0.6650383255253972	14.196393966674805	493.0
23921	-6.970983417910255	0.7700560532710929	14.346662521362305	493.0
23940	-7.057660294269908	0.7392884338802971	14.292901039123535	493.0
23960	-7.398039485339161	0.6460853368382092	14.049286842346191	493.0
23979	-7.5419795228138	0.5729550160727068	13.735166549682617	493.0
23998	-8.207087631506859	0.5421046548949724	13.525053977966309	493.0
24020	-8.29844860650956	1.0393414207976124	13.340752601623535	493.0
24037	-7.967703430515907	1.2538252098091434	13.456137657165527	493.0
24057	-7.740360850832828	1.7432187360876825	13.194053649902344	493.0
24075	-7.759670549208587	2.0150948507723383	12.961238861083984	493.0
24096	-7.66617520951504	2.223572192576465	13.06114387512207	493.0
24115	-7.781830729465331	1.8121215102727628	13.178072929382324	493.0
24135	-7.987608548133536	1.0261335169071122	13.279886245727539	493.0
24154	-7.916500578008789	0.3871840342567313	13.071661949157715	493.0
24173	-8.16356075302209	-0.17886237117833345	12.895785331726074	493.0
24193	-8.36371925702055	0.17153358578537933	12.93004322052002	493.0
24211	-8.36371925702055	0.17153358578537933	12.93004322052002	493.0
24234	-8.179200851111288	0.661309983671946	13.372072219848633	493.0
24251	-8.524918643110855	0.5997580397992518	13.093624114990234	493.0
24271	-8.524918643110855	0.5997580397992518	13.093624114990234	493.0
