15	-0.28381260493941535	3.522833533032506	-6.475793361663818	464.0
33	-0.4201774576933273	3.420751089152223	-6.663150787353516	464.0
52	-0.3689229494609518	3.3247195525790296	-6.7375946044921875	464.0
72	-0.27605091872411575	3.2048723680540845	-6.681984901428223	464.0
92	-0.29687298656137207	3.2386915871087716	-6.502320289611816	464.0
111	-0.3115332796063938	3.1855011607047676	-6.3100972175598145	464.0
130	-0.051477514062056105	3.1941624619100186	-6.300015449523926	464.0
150	-0.06351202041331944	3.274399782218849	-6.310044288635254	464.0
175	0.09617979198444394	3.4184060588214007	-6.3128204345703125	464.0
188	0.24584974529818615	3.34592683174826	-6.2461395263671875	464.0
208	0.23980747665220342	3.3379284859399942	-6.247867584228516	464.0
229	0.227596635266931	3.548193142209115	-6.145054340362549	464.0
249	0.4212547249150953	3.687951139478369	-6.0717010498046875	464.0
268	0.4212547249150953	3.687951139478369	-6.0717010498046875	464.0
287	0.5246011896445796	3.805607058228255	-5.94180154800415	464.0
307	0.4644572647292533	3.7665031736906798	-5.70975399017334	464.0
325	0.5112144233111638	3.7781037562007436	-5.942355155944824	465.0
344	0.30644248029005783	3.5920577442543693	-5.832678318023682	465.0
364	0.2286202355720013	3.4977984275024445	-5.783446788787842	465.0
384	0.3651934142072042	3.6838917352550173	-5.684669494628906	465.0
403	0.5673493490927272	3.828208728762005	-5.602911949157715	465.0
422	0.673445644874508	3.824247053498451	-5.664093971252441	465.0
442	0.47611547113302977	3.8273716505916764	-5.708646297454834	465.0
461	0.6284570053587787	3.9191507424379095	-5.747039794921875	465.0
481	0.7546638666914696	3.968225177355286	-5.648548126220703	465.0
501	0.7106120857902282	3.9934419805966805	-5.673251628875732	465.0
520	0.6555333634483561	4.185468787293886	-5.481875896453857	466.0
540	0.7263732612726994	4.110148620482987	-5.5525054931640625	466.0
559	0.6167456946061912	3.994232818623168	-5.549749374389648	466.0
578	0.4857338117516189	3.961916688397197	-5.359163761138916	466.0
598	0.7297166644763237	4.107992824531078	-5.38685417175293	466.0
617	0.4264251695230642	3.9410674126347067	-5.578364372253418	466.0
636	0.4228928044382583	3.90233220188933	-5.646507740020752	466.0
657	0.556062435586003	3.5608550988595864	-5.726792335510254	466.0
675	0.5656557065236912	3.507253643480608	-5.762868881225586	466.0
695	0.27395592878584796	3.5692631930619134	-5.652909755706787	466.0
715	0.6084474667912686	3.707964291122673	-5.7497334480285645	466.0
734	0.6049278557199046	3.894751039036475	-5.955021381378174	468.0
754	0.6434533170543513	3.9742105687602383	-6.153805732727051	468.0
773	0.7369966543985713	4.061541971223494	-5.951573848724365	468.0
793	0.7078069701998057	4.014409986069413	-5.649489402770996	468.0
811	0.8420058795520815	4.327398445835212	-5.659340858459473	468.0
831	0.8200245890552158	4.295180048156153	-5.78392219543457	468.0
850	0.9774223867820679	4.213903948848777	-5.808470249176025	468.0
871	0.9336373898929812	4.213078263639059	-5.646851062774658	468.0
890	1.0594962526787617	4.189741958189098	-5.468504905700684	468.0
909	1.0032447432362472	4.000839679028422	-5.129447937011719	468.0
929	0.9789206943231111	4.099981170127764	-5.432990074157715	470.0
949	0.9404654148673142	4.057676560858645	-5.401566982269287	470.0
968	0.8576029021366878	4.110545814119538	-5.571513652801514	470.0
990	0.8576029021366878	4.110545814119538	-5.571513652801514	470.0
1006	0.8943852051503539	4.1598043034374355	-5.562037944793701	470.0
1026	0.8294193293747726	4.382502779494118	-5.62180757522583	470.0
1044	0.6484981401269058	4.3301768702264605	-5.880665302276611	470.0
1065	0.5142985723826271	4.407181410706358	-5.880309104919434	470.0
1084	0.4126593317939493	4.5388071355009405	-5.932201385498047	470.0
1102	0.5827824259022552	4.434930198717495	-5.584531784057617	470.0
1122	0.8101057606085322	4.581811054396385	-5.799447536468506	471.0
1141	0.9990933190780096	4.265613773742448	-5.519725799560547	471.0
1161	1.1921939786590454	4.305538604013087	-5.654323101043701	471.0
1181	1.2263037061881532	4.2373053241887995	-5.528299331665039	471.0
1201	1.3323321258806362	4.149507293740156	-5.4971723556518555	471.0
1220	1.2778467688707122	3.9896109103518467	-5.667692184448242	471.0
1239	1.2252701623083284	4.0694387200158255	-5.768749237060547	471.0
1259	1.2407445133098376	4.307666611294457	-6.094057559967041	471.0
1279	1.2456351001317105	4.254667515265764	-5.891524791717529	471.0
1298	1.1163266534219816	4.459422642932059	-5.850223064422607	471.0
1317	1.087407406125263	4.32137429372962	-5.863495349884033	472.0
1337	1.236441680173794	4.230843750529321	-5.883880138397217	472.0
1356	1.11015859351887	4.30952383776388	-5.628385066986084	472.0
1376	1.2340261377672452	4.4864603346112375	-5.46331787109375	472.0
1395	1.159687700432362	4.290195791364117	-5.394052028656006	472.0
1425	1.0099455353489941	4.11720173239448	-5.36100959777832	472.0
1434	0.8855964974276425	4.293074965191352	-5.546757698059082	472.0
1453	1.1310128156477024	4.321077606255348	-5.615359783172607	472.0
1472	1.0215895803250479	4.3145669359451135	-5.762253284454346	472.0
1492	1.0515268799824873	4.285973358774877	-5.791524410247803	472.0
1512	1.0140976717291459	4.434870829698689	-5.80378532409668	472.0
1530	1.183676162280049	4.3785950969573335	-5.718803882598877	473.0
1550	1.40113536043646	4.468434629889507	-5.632747650146484	473.0
1570	1.5102552840398864	4.595832336605111	-5.616455078125	473.0
1589	1.5259462974009466	4.332308565542176	-5.660376071929932	473.0
1610	1.4497006947595357	4.280103500596264	-5.670932769775391	473.0
1629	1.2891042248088245	4.422296470234119	-5.382072448730469	473.0
1649	1.3035539768292637	4.572554151286594	-5.319326400756836	473.0
1669	1.3011863850238627	4.440949581379564	-5.339533805847168	473.0
1687	1.3011863850238627	4.440949581379564	-5.339533805847168	473.0
1709	1.1622254545754513	4.293527005055371	-5.340665817260742	473.0
1726	1.0469140232473886	4.344677117810019	-5.457218170166016	473.0
1745	1.0689216396253067	4.21735722836337	-5.207823753356934	473.0
1764	1.1269930898857785	4.437768572108659	-5.0863800048828125	473.0
1784	0.8316527665066097	4.541239694274438	-5.36253547668457	473.0
1804	0.9567962579876385	4.446414842536515	-5.440268039703369	473.0
1826	0.9044364242116131	4.455369528549401	-5.579980373382568	473.0
1843	1.1311929316864096	4.452798847280012	-5.56553840637207	473.0
1862	1.0275057490995094	4.5087107919586	-5.649718284606934	473.0
1883	1.020237108282856	4.517692453236281	-5.602594375610352	473.0
1902	0.9344063154693257	4.612392029702536	-5.805701732635498	473.0
1921	0.9944928001123157	4.630475040078589	-6.063769340515137	473.0
1939	1.2087447384978909	4.53978672185832	-6.079166889190674	473.0
1959	1.1866805063598216	4.643016239418052	-6.26196813583374	473.0
1979	1.2277232488090712	4.617454482274261	-6.222358703613281	473.0
1999	1.2269648742358665	4.608113241241967	-6.332003593444824	473.0
2017	1.406741766820537	4.654159592987312	-6.2251691818237305	473.0
2036	1.4722300239412702	4.618984839816193	-6.163176536560059	473.0
2057	1.3155672158106435	4.6221743988058845	-6.162049293518066	473.0
2075	1.2943329196856146	4.674197804882175	-6.109737396240234	473.0
2095	1.3615523243728842	4.697664961048371	-5.905284404754639	473.0
2114	1.336798186456993	4.618485732219596	-5.719479560852051	473.0
2135	1.2296491613726597	4.488950377833663	-5.718093395233154	473.0
2155	1.1045373076299632	4.587310229951828	-5.886035442352295	473.0
2173	0.8758537905263565	4.562860627707092	-6.105522632598877	473.0
2192	0.6272138582960517	4.548217321853685	-6.231605052947998	473.0
2213	1.0273472488092779	4.6290946358286265	-6.200742721557617	473.0
2232	0.9656182760620406	4.648180703928223	-5.956952095031738	473.0
2251	0.8961231110570669	4.607351310390954	-5.960018634796143	473.0
2269	1.0828596136149413	4.5697851298619545	-5.955134391784668	473.0
2289	1.2728141544675675	4.451419913242526	-6.066915988922119	473.0
2309	1.335237335327107	4.374026689956697	-5.8239665031433105	473.0
2329	1.5275922486933	4.537469750626705	-5.692660808563232	473.0
2349	1.4824296438238704	4.642099031805103	-5.795900344848633	473.0
2368	1.4824296438238704	4.642099031805103	-5.795900344848633	473.0
2389	1.5234843432024001	4.352405243472631	-5.706795692443848	473.0
2408	1.5234843432024001	4.352405243472631	-5.706795692443848	473.0
2429	1.5462405915324664	4.37271932225127	-5.810825824737549	473.0
2448	1.5076987144701595	4.519328249247257	-5.9155964851379395	473.0
2464	1.3188827225245066	4.759575086916506	-5.745259761810303	473.0
2484	1.227131795192925	4.7324390337194036	-5.889039993286133	473.0
2504	1.097770640405242	4.591936655012039	-5.893365859985352	473.0
2523	1.3335570613412144	4.444725565462669	-5.807231426239014	473.0
2545	1.2525171702301432	4.521621540415424	-5.8680853843688965	473.0
2562	1.2395234877532044	4.557936470906855	-5.606909275054932	473.0
2582	1.2493886193181605	4.48642572421077	-5.538329124450684	473.0
2601	1.2590876542280023	4.40164956933426	-5.537760257720947	473.0
2621	1.485223878122268	4.434649264207697	-5.733372211456299	473.0
2641	1.2861554108090494	4.371542180460192	-5.840206146240234	473.0
2665	1.3019592793248806	4.335546426790497	-6.072265148162842	473.0
2679	1.1180532933160603	4.2937353898390205	-6.051711559295654	473.0
2699	0.9327762214295157	4.139444949084597	-6.057456970214844	473.0
2718	0.9458993784519676	4.171171582940514	-6.374212741851807	473.0
2739	1.0006869266238487	4.238854982719197	-6.251543045043945	473.0
2758	0.8756215390899396	4.402306190119313	-6.346119403839111	473.0
2776	0.6919549375853076	4.320741345325869	-6.237488269805908	473.0
2796	0.7754582321809232	4.338618595541126	-5.913116455078125	473.0
2816	0.8613586884788081	4.435189738320408	-5.746738910675049	473.0
2835	0.9387179805531816	4.5986409071429115	-5.8189873695373535	473.0
2854	0.762585030039919	4.528270690942626	-5.843502521514893	473.0
2873	0.7527737777324636	4.38830609739146	-5.82883882522583	473.0
2894	0.6606283416913656	4.481436677394234	-5.904191493988037	473.0
2913	0.7732216192070482	4.387274859665901	-5.786129951477051	473.0
2932	0.9397979910196415	4.360888626266182	-5.835858345031738	473.0
2951	1.0150040425609568	4.476059169617824	-5.942088603973389	473.0
2971	0.8208849080237132	4.303943437241391	-5.662313461303711	473.0
2991	0.7885048616837265	4.204428008549609	-5.619736671447754	473.0
3009	0.9216148506699798	4.329392613283871	-5.7200026512146	473.0
3028	0.979459160692341	4.487078265366638	-5.732060432434082	473.0
3048	1.0754839528680504	4.298676191230333	-5.657578945159912	473.0
3069	1.0754839528680504	4.298676191230333	-5.657578945159912	473.0
3089	1.2201416769446132	4.30065311063953	-5.684825897216797	473.0
3109	0.9232578906936141	4.324516397586587	-5.519548416137695	473.0
3131	1.0300571298920949	4.101652342292705	-5.629946708679199	473.0
3148	1.1261571940774884	4.2337404042691	-5.955927848815918	473.0
3165	1.2256149665706346	4.155705651940758	-6.002842903137207	473.0
3184	1.2459601118993142	4.354927703401789	-5.878304481506348	473.0
3204	1.2550129489529835	4.249917779809996	-5.9270782470703125	473.0
3223	1.0932820583692524	4.311557258781524	-6.163855075836182	473.0
3243	0.8391245886187149	4.442151095853929	-6.312530994415283	473.0
3265	1.1491535552393028	4.382477706333339	-6.329119682312012	473.0
3282	1.1801071285462283	4.496020199281108	-6.143352031707764	473.0
3300	1.1003909643551688	4.47863732790541	-5.846344470977783	473.0
3321	0.9583528763038719	4.532203802718415	-5.886251449584961	473.0
3341	1.0685176057252632	4.18344467527591	-5.903636932373047	473.0
3361	1.1197822054851296	4.230659032332217	-5.88377046585083	473.0
3381	1.3750894679896182	4.193477010843887	-5.516907215118408	473.0
3399	1.5216296127205073	3.966238499223563	-5.375661849975586	473.0
3418	1.410862909746994	4.046143514284759	-5.5519585609436035	473.0
3438	1.3239095879372322	4.215584517553548	-5.722295761108398	473.0
3458	1.369423827288729	4.239121060331834	-6.083174228668213	473.0
3478	1.569786684508859	4.356719125115775	-6.084057331085205	473.0
3498	1.6045884013184066	4.391716050036552	-6.147087574005127	473.0
3518	1.4886731763139853	4.472354497072631	-6.102710247039795	473.0
3535	1.3676599302941093	4.396531852303251	-6.44154167175293	473.0
3554	1.1601471560381056	4.3047703680787475	-6.35287618637085	473.0
3575	1.0964465976459064	4.465068623214239	-6.38605260848999	473.0
3594	1.0964297385437731	4.411730015783776	-6.361753463745117	473.0
3614	1.098170098312424	4.288123276942617	-6.347561359405518	473.0
3632	0.8680820846211136	4.117524564523322	-6.226377964019775	473.0
3661	0.8311234193137824	4.077119153542973	-6.088332176208496	473.0
3671	0.8435359699343505	4.116449491771544	-5.999105930328369	473.0
3690	0.7594768289556727	4.1686121791900606	-5.909656524658203	473.0
3710	0.8857419320254858	4.250011168511054	-6.057016372680664	473.0
3729	1.0883328208687904	3.909646669135781	-5.691375732421875	473.0
3751	1.1090732255476579	3.9632310090300433	-5.624311447143555	473.0
3768	1.1090732255476579	3.9632310090300433	-5.624311447143555	473.0
3790	0.9534258252458055	4.159121904335951	-5.475748538970947	473.0
3807	0.9534258252458055	4.159121904335951	-5.475748538970947	473.0
3827	0.929415184746723	4.30074984710418	-5.526475429534912	473.0
3851	0.8518714698954076	4.16195798496845	-5.6639180183410645	473.0
3867	1.019509758375675	4.278201905121232	-5.51366662979126	473.0
3885	0.9532059770286786	4.282987703528823	-5.4011101722717285	473.0
3904	0.7083301676474222	4.610438942569616	-5.609226226806641	473.0
3924	0.8050176204925473	4.650651633755978	-5.728928089141846	473.0
3944	0.9216118088505911	4.879372112092933	-5.8421735763549805	473.0
3962	0.8793835473854226	4.989326815088394	-5.877265453338623	473.0
3982	0.9705665214999705	4.881098959812747	-5.982316970825195	473.0
4001	0.8204984038502787	4.912157023051475	-5.868650913238525	473.0
4021	0.5963216973555256	4.6970825713429605	-5.9219651222229	473.0
4041	0.695991010584087	4.85090078234547	-5.849484443664551	473.0
4061	0.8015209393862891	4.656260795471241	-5.900768756866455	473.0
4080	0.708833766848256	4.5579899747228225	-5.789523124694824	473.0
4099	0.5972100425397251	4.496333882555169	-5.738429069519043	473.0
4119	0.7462259949312784	4.454282215678779	-5.5801496505737305	473.0
4138	0.646806405652868	4.682673903398736	-5.548816680908203	473.0
4158	0.6033765493109986	4.7232623789752095	-5.577239513397217	473.0
4177	0.5275795597647628	4.9251206050503065	-5.649824142456055	473.0
4196	0.389736698930162	4.730663954932559	-5.570284366607666	473.0
4216	0.3594688362392544	5.007923160325125	-5.3834967613220215	473.0
4235	0.3675026294192881	4.991419337457345	-5.243185043334961	473.0
4255	0.3737360396900034	4.868812770932405	-5.108271598815918	473.0
4274	0.33133763360105667	4.720515404819126	-5.315657138824463	473.0
4294	0.31846783994154865	4.504339436061123	-5.089972972869873	473.0
4314	0.4592469894264213	4.686454961291838	-4.945663928985596	473.0
4337	0.3229650023081378	4.610260281838485	-4.856722831726074	473.0
4352	0.253077683949074	4.709761821150338	-4.9060468673706055	473.0
4371	0.05787778500072884	4.614235676677792	-4.806657791137695	473.0
4390	-0.13946024509798977	4.725020797062549	-4.9555768966674805	473.0
4410	-0.150227566116911	4.604114347972601	-4.82664680480957	473.0
4429	-0.2997087865804267	4.597864922320963	-4.528111934661865	473.0
4449	-0.32889639607673843	4.679710932397034	-4.620680809020996	473.0
4473	-0.0861379651633657	4.669642996228363	-4.663445472717285	473.0
4489	0.38014497315083495	4.896858408705452	-4.763806343078613	473.0
4508	0.38014497315083495	4.896858408705452	-4.763806343078613	473.0
4528	0.4722177591860129	4.955584992069551	-4.638279914855957	473.0
4548	0.5486577073003616	4.954328552046325	-4.619385242462158	473.0
4566	0.4207143340299716	4.858555625521616	-4.723580360412598	473.0
4587	0.36288258018909597	5.00310847653663	-4.992321968078613	473.0
4605	0.43122058373738437	5.153346958202716	-5.188305377960205	473.0
4624	0.39770509583741376	5.251183732976431	-5.059851169586182	473.0
4645	0.08256627841458374	5.101976963822974	-5.183560371398926	473.0
4663	-0.28616593340458896	5.015744112502754	-5.119142055511475	473.0
4682	-0.1777315249923486	5.2146828569541155	-5.277897834777832	473.0
4702	-0.20131418325681122	5.115326358700189	-5.401445388793945	473.0
4722	-0.06260472504966734	5.333888995539411	-5.247231483459473	473.0
4740	0.0015917453060949798	5.503264720016534	-5.117561340332031	473.0
4760	-0.07373082437293976	5.374258103417699	-5.132928848266602	473.0
4780	-0.1291232218824937	5.333099685122941	-5.183282852172852	473.0
4802	-0.1511221045872677	5.324181101174977	-5.281042098999023	473.0
4821	-0.07419205260402907	5.324717459937452	-5.434910774230957	473.0
4841	-0.21067573772061174	5.055996541803613	-5.322026252746582	473.0
4857	-0.35512872972736564	4.9722545154502935	-5.405211448669434	473.0
4877	-0.21448838346236393	4.726515838677414	-5.36152982711792	473.0
4896	-0.44389414766637253	4.590255378292559	-5.397910118103027	473.0
4916	-0.3782518181913194	4.569304193057042	-5.418821334838867	473.0
4935	-0.5480254403922927	4.546616743812461	-5.435047626495361	472.0
4954	-0.4962373310156586	4.681628621636576	-5.456862926483154	472.0
4974	-0.42344739326647346	4.597256970129954	-5.524326801300049	472.0
4994	-0.5949421359628724	4.637681093955236	-5.684919834136963	472.0
5013	-0.5625964787066993	4.966022480861442	-5.704216480255127	472.0
5032	-0.6373330057460075	5.233440048206305	-5.729757308959961	472.0
5053	-0.44145936626224125	5.322461426217675	-5.962988376617432	472.0
5071	-0.28693719482754193	5.444541086130019	-6.049654483795166	472.0
5091	-0.3574854873271196	5.57512133103367	-6.336627960205078	472.0
----------------출발----------------
5109	-0.4764327256846626	5.564011829757587	-6.394173622131348	472.0
5129	-0.3096893442335873	5.845290965970191	-6.2791748046875	471.0
5148	-0.15475076024771667	6.058732171620107	-6.192025661468506	471.0
5169	-0.2197206429703798	5.9047915031203235	-6.510941028594971	471.0
5188	-0.4960237399164623	5.496368610540439	-6.811653137207031	471.0
5209	-0.4126444024278772	5.427227487517381	-6.708914756774902	471.0
5228	-0.4126444024278772	5.427227487517381	-6.708914756774902	471.0
5247	-0.32260470992432233	5.6614037734757865	-6.609854698181152	471.0
5266	0.10266166482715933	5.858147062367651	-6.490607261657715	471.0
5285	0.31911926722241124	5.867824233597836	-6.387732982635498	471.0
5305	0.48610170309649253	5.740483431938985	-6.2706756591796875	471.0
5324	0.6452512858362641	5.719436973998742	-6.441228866577148	468.0
5343	0.47982137312278667	5.409308208001735	-6.452042579650879	468.0
5363	0.6753261013901773	5.42095837766643	-6.459005832672119	468.0
5383	0.5251359882170185	5.322963299795852	-6.586758136749268	468.0
5404	0.24483839650323078	5.417408089977086	-6.510000228881836	468.0
5422	-0.4915856267937174	5.572329913223728	-6.219637870788574	468.0
5440	-0.5997477888595946	5.637218688464673	-6.558867931365967	468.0
5459	-0.2727133541624847	5.44762276344306	-7.219336032867432	468.0
5480	-0.12302380809985897	5.319364903411885	-7.463738441467285	468.0
5499	-0.013023817861963044	5.564045436897487	-7.600911617279053	468.0
5519	-0.270678477713996	5.5378104464042766	-7.90062952041626	464.0
5538	-0.1359527761150845	5.815002455936412	-8.132004737854004	464.0
5557	-0.03798033477509313	5.697755335180081	-8.283992767333984	464.0
5578	-0.18198518192699437	5.686157723260684	-8.930181503295898	464.0
5597	-0.3644762000522962	5.537486635040245	-8.955570220947266	464.0
5617	-0.5106771931236337	5.592256627176409	-9.048248291015625	464.0
5636	-0.8692687331598811	5.601414705895179	-9.428339004516602	464.0
5655	-0.9846984642806469	5.585501218488236	-9.757759094238281	464.0
5674	-1.0471055511381688	5.8831414994338544	-10.153314590454102	464.0
5694	-0.9895374788677711	6.0838054945347935	-10.423654556274414	464.0
5714	-1.1627448036118044	6.447127419982355	-10.769501686096191	464.0
5733	-1.4752029616990503	6.2927562563894615	-10.790772438049316	464.0
5751	-1.691649587521378	6.022635819347637	-11.084074020385742	464.0
5771	-1.7341659070561781	5.882467162202269	-11.305975914001465	464.0
5791	-1.321127886972705	5.814875222211884	-11.417208671569824	464.0
5810	-1.1242021588605573	5.786473146902971	-11.7858304977417	464.0
5829	-0.9861840423622663	5.800948039350106	-11.903286933898926	464.0
5849	-1.1555511777666283	5.815079088416951	-11.868240356445312	464.0
5868	-0.9990967083444686	5.831514653697254	-11.866171836853027	464.0
5889	-1.0593959697138573	5.9374365292271145	-12.036054611206055	464.0
5910	-1.260603640416184	6.179671449950272	-12.322463035583496	464.0
5928	-1.5830694721217864	6.346813492395938	-12.532696723937988	464.0
5947	-1.5830694721217864	6.346813492395938	-12.532696723937988	464.0
5967	-1.8791567314668816	6.269214393171432	-12.863666534423828	464.0
5987	-2.1623173541409226	6.334466444154209	-13.04442024230957	464.0
6005	-2.2399605461762437	6.22246205591899	-13.264708518981934	464.0
6025	-2.243243850601871	6.14014914013877	-13.641907691955566	464.0
6044	-2.994089636729758	5.820656749358784	-13.86436653137207	464.0
6063	-3.5901262382011674	5.648983705655309	-14.034157752990723	464.0
6083	-3.9294944697411447	5.725045239509578	-14.31584644317627	464.0
6103	-4.05952308868009	6.118439010840558	-14.411211013793945	464.0
6121	-4.347585799733481	6.543371304003395	-14.450544357299805	473.0
6142	-4.563981509685311	7.048542091330403	-14.557475090026855	473.0
6161	-4.443664931167741	7.319394463289197	-14.823691368103027	473.0
6181	-4.274605782606054	7.157045948033161	-15.351004600524902	473.0
6199	-4.771091420818962	7.131665404535268	-15.73148250579834	473.0
6219	-5.224651503476904	7.269446732665451	-15.860894203186035	473.0
6238	-5.272321552274673	7.966499983786317	-15.935503959655762	473.0
6258	-4.702233924386135	8.984665059698541	-15.86934757232666	473.0
6279	-3.929476525956998	9.89133361547419	-16.041284561157227	473.0
6296	-3.8382738239379797	9.91001171979552	-16.130849838256836	473.0
6316	-4.0865656241773545	9.677039495107595	-16.491683959960938	487.0
6336	-4.550551847289693	9.53226758754734	-16.906362533569336	487.0
6355	-5.005148539012713	9.631211401710454	-17.097091674804688	487.0
6375	-5.475803211056921	10.013409874687724	-17.145132064819336	487.0
6394	-6.4168372788923485	10.25041248432064	-16.930099487304688	487.0
6413	-7.474256654885731	10.18675884121775	-17.081687927246094	487.0
6433	-8.377071302204184	10.431099746203008	-16.924150466918945	487.0
6453	-9.296103560584807	10.610793199535076	-16.833763122558594	487.0
6471	-9.993208516996916	10.617714036085525	-16.838815689086914	487.0
6491	-10.298479087317572	10.49850226346821	-17.026142120361328	487.0
6512	-10.668063432700595	10.719864887533127	-17.228670120239258	487.0
6530	-11.282342320293038	11.181705187536718	-16.925153732299805	506.0
6549	-12.068287805481608	11.595806391776723	-16.267667770385742	506.0
6569	-12.682355521291306	12.20495291321774	-15.668176651000977	506.0
6588	-12.6898404627658	12.622437909770065	-15.448789596557617	506.0
6609	-13.02212656943241	12.48397962334112	-15.567087173461914	506.0
6628	-13.143902735050407	12.233198197882082	-15.691580772399902	506.0
6649	-11.147795672438404	11.673472334451596	-17.455394744873047	506.0
6668	-11.211370250545656	11.502631612472088	-17.3272762298584	506.0
6687	-11.211370250545656	11.502631612472088	-17.3272762298584	506.0
6706	-11.988825131726502	11.715595245325757	-16.331378936767578	506.0
6729	-12.19498524230021	12.026492219304432	-15.77561092376709	519.0
6745	-11.940911326682896	12.11484412076229	-15.398711204528809	519.0
6763	-11.497116060410463	12.291485513586224	-15.382857322692871	519.0
6783	-11.18496776414497	12.410074264414758	-15.160303115844727	519.0
6804	-10.879279528787869	12.621315149016223	-14.77139663696289	519.0
6822	-10.646943078931505	12.83681282734218	-14.371798515319824	519.0
6841	-10.49339150973818	12.961660051477658	-14.014780044555664	519.0
6861	-9.96735531587195	12.79959740563989	-14.227423667907715	519.0
6882	-8.901931201390141	12.74560519653093	-14.480895042419434	519.0
6900	-7.893665785908951	12.953666425169542	-14.73709774017334	519.0
6919	-7.211027342301093	12.806114529874517	-14.48789119720459	519.0
6939	-7.681945869915865	12.939608474663029	-13.734548568725586	519.0
6958	-8.288547237759452	13.367771322300136	-12.740872383117676	519.0
6979	-8.058089073797936	13.860844611982342	-12.005946159362793	519.0
6997	-7.614757226579104	14.110115470880748	-11.322900772094727	519.0
7017	-7.429022105130212	14.654386900894078	-10.490283012390137	519.0
7036	-7.507512768121519	15.075893446019155	-9.649979591369629	519.0
7056	-7.575946771907643	15.170455156321873	-8.761428833007812	519.0
7074	-7.648838231553068	15.432264771648846	-8.30897045135498	519.0
7094	-7.388159293516324	15.442695420285581	-8.029645919799805	519.0
7114	-7.157124290792081	15.274102020932007	-8.25803279876709	519.0
7133	-6.530338273945231	14.98356473425744	-8.674577713012695	519.0
7153	-6.063407473644974	14.917588281477487	-9.024799346923828	519.0
7172	-5.615192411400782	14.907507682370397	-9.225515365600586	519.0
7191	-5.408032996305401	15.024690074296803	-8.791960716247559	519.0
7212	-5.2901438609038145	15.132284591927355	-8.219335556030273	519.0
7231	-5.2760583524995495	15.392064023537438	-7.503570556640625	519.0
7249	-5.21647943017837	15.450758147594067	-7.008100509643555	519.0
7269	-4.970896588898821	15.470902787204404	-7.044737339019775	519.0
7289	-5.013962227496034	15.606575440942315	-7.313834190368652	519.0
7309	-4.7794466105342615	15.39427480216879	-7.523449420928955	519.0
7329	-4.674974087048846	15.29536816507661	-7.804569721221924	507.0
7348	-4.674974087048846	15.29536816507661	-7.804569721221924	507.0
7367	-4.321477479302421	15.027292014667351	-8.315400123596191	507.0
7387	-4.239569252448118	15.21543894540854	-7.998562812805176	507.0
7406	-4.075651157972525	15.355197064894314	-7.5416765213012695	507.0
7425	-3.989216661618135	15.217097644725682	-7.715419769287109	507.0
7445	-3.839338876984558	15.220343820355566	-7.60371208190918	507.0
7464	-3.8182587194560385	14.880708376243382	-8.059855461120605	507.0
7483	-4.107907818849969	14.792718773746037	-8.539552688598633	507.0
7502	-4.051832356420801	14.647238350419983	-8.90269947052002	507.0
7522	-4.267829934786601	14.494199393613853	-9.194717407226562	485.0
7543	-4.151836824707374	14.371719007333311	-9.753312110900879	485.0
7566	-4.010045479353524	14.46191881191856	-10.229663848876953	485.0
7584	-4.062727949871312	14.521112918714893	-10.307815551757812	485.0
7600	-4.333941365406488	14.774527190255245	-10.120024681091309	485.0
7619	-4.411330250840915	14.777254697364867	-10.34206771850586	485.0
7641	-4.277775411261315	14.423181440827618	-10.94541072845459	485.0
7659	-4.133896253275196	14.23714079299037	-11.38305950164795	485.0
7678	-3.8598780739161347	14.232872260084719	-11.618093490600586	485.0
7698	-3.3573923922126396	13.818743636454345	-12.570930480957031	485.0
7717	-2.9168930336761467	13.834460541537482	-12.594600677490234	461.0
7737	-3.9958693804057996	14.101996043503714	-12.164946556091309	461.0
7756	-4.989342200661943	14.229230273488902	-11.609464645385742	461.0
7777	-4.300197130543083	14.547732247380909	-11.509374618530273	461.0
7800	-3.396770624917737	14.324961273004176	-11.918423652648926	461.0
7814	-3.6935806748666256	13.792680146908632	-12.398884773254395	461.0
7834	-4.103601192805835	13.557755001885486	-12.838544845581055	461.0
7853	-4.208675149174361	13.317529177804738	-13.03515625	461.0
7872	-4.335371070810391	13.00131938443503	-13.432446479797363	461.0
7891	-4.567848261513912	12.967174709061982	-13.549964904785156	461.0
7915	-4.901256018542622	12.971392205624781	-13.338701248168945	461.0
7930	-5.485006512384825	13.109547830831275	-12.944063186645508	449.0
7950	-5.749242106005908	13.438907419491498	-12.845758438110352	449.0
7970	-5.257042218165527	13.722223807410378	-12.661211013793945	449.0
7989	-5.036009530752681	13.557596995505406	-12.880705833435059	449.0
8008	-4.946570721916776	13.26850929257278	-13.248340606689453	449.0
8028	-4.82175912755345	13.061754234155064	-13.548409461975098	449.0
8052	-4.712196499382915	13.056891479512508	-13.495572090148926	449.0
8069	-4.837693191002362	13.35524328834039	-13.371031761169434	449.0
8088	-4.837693191002362	13.35524328834039	-13.371031761169434	449.0
8106	-4.959177053974938	13.827578797106696	-12.813647270202637	449.0
8126	-4.959177053974938	13.827578797106696	-12.813647270202637	447.0
8145	-5.034578666978461	13.941505489462434	-12.654083251953125	447.0
8168	-5.179172555448752	14.10445541351142	-12.633129119873047	447.0
8185	-5.532718327038406	14.0306757051601	-12.432818412780762	447.0
8203	-5.86560772791403	14.01728624362483	-12.379379272460938	447.0
8223	-5.9704617175951045	14.074386171063558	-12.31484603881836	447.0
8244	-6.061264032236452	13.923955956186411	-12.354318618774414	447.0
8261	-6.256510032738748	13.87649452325886	-12.301947593688965	447.0
8283	-6.366890367436456	13.960629967528183	-11.983627319335938	447.0
8300	-6.350538434437012	14.17713351049382	-11.667961120605469	447.0
8320	-6.412164038455726	14.265881538134987	-11.498064994812012	447.0
8340	-6.684165780684338	14.068504075654204	-11.572054862976074	447.0
8358	-6.96534101847815	13.818551965577496	-11.528197288513184	447.0
8379	-7.1358210679738105	13.639347350525936	-11.549101829528809	447.0
8400	-7.263055899532694	13.925391611052362	-11.310872077941895	447.0
8421	-7.318489882759687	13.965013709144786	-10.859289169311523	447.0
8436	-7.485724723037626	13.939071312276893	-10.648359298706055	447.0
8457	-7.575066190933333	13.851111912660222	-10.585136413574219	447.0
8475	-7.44856763251841	13.57079501902291	-10.34654712677002	447.0
8495	-7.374784045072543	13.446021955949398	-10.120957374572754	447.0
8514	-7.115070685321603	13.396820469768379	-9.83380126953125	447.0
8534	-7.047414069113788	13.392088547126251	-9.370184898376465	444.0
8555	-6.730629254334633	13.085877179358688	-9.033543586730957	444.0
8573	-6.487900144008535	13.133867988021606	-8.780067443847656	444.0
8593	-6.567006263323204	13.049358122768517	-8.664133071899414	444.0
8612	-6.5837276538216445	12.837523698761782	-8.827268600463867	444.0
8633	-6.24694343208798	12.764225121008597	-8.936796188354492	444.0
8650	-5.65728328788149	12.832256255595016	-9.066096305847168	444.0
8670	-5.475042985702217	12.923793151661549	-8.910770416259766	444.0
8690	-5.5261207101117975	12.996026237544642	-8.358762741088867	444.0
8709	-5.754120678771822	12.754385028345958	-8.097602844238281	444.0
8727	-5.826030941105914	12.271790234891471	-7.943535327911377	445.0
8750	-5.593034796455289	11.879138135487159	-8.119470596313477	445.0
8772	-5.593034796455289	11.879138135487159	-8.119470596313477	445.0
8788	-5.00263018983068	11.362484308031078	-7.953385353088379	445.0
8807	-5.00263018983068	11.362484308031078	-7.953385353088379	445.0
8826	-5.4197948587830735	10.900049647291018	-7.623766899108887	445.0
8845	-5.238227351281786	10.584013081143176	-7.639717102050781	445.0
8864	-5.171178413836285	10.084063761161444	-7.725152015686035	445.0
8885	-5.079763937775372	9.80042429656173	-7.706498622894287	445.0
8905	-4.88842960806732	9.397114100464806	-7.896026611328125	445.0
8925	-4.769511680049087	9.141568659081726	-7.786231994628906	448.0
8942	-4.708704227249987	8.761741975618273	-7.647807598114014	448.0
8962	-4.437080449633831	8.448602340074011	-7.4769062995910645	448.0
8981	-4.187277734320237	8.110486442950355	-7.232739448547363	448.0
9005	-4.196473130969352	7.799078260964772	-7.059223651885986	448.0
9020	-4.03574765718378	7.358457378399741	-7.183477401733398	448.0
9040	-3.7663417076672205	6.858620700210823	-7.377668380737305	448.0
9060	-3.714945416729691	6.649014565782375	-7.424034118652344	448.0
9079	-3.7148557411047443	6.152162861182906	-7.310398101806641	448.0
9098	-3.7770756230660774	5.889254431474393	-7.211575984954834	448.0
9118	-3.7758544097965596	5.582817727870345	-7.16859245300293	448.0
9137	-3.774292634348454	5.213166155738672	-7.2967705726623535	448.0
9156	-3.614420645630041	5.090191933398122	-7.358972549438477	448.0
9176	-3.2237562210139665	4.876362701810141	-7.24796199798584	448.0
9195	-3.163881680506486	4.697827429617532	-7.233054161071777	448.0
9214	-2.816282246701588	4.405086282400881	-7.167054653167725	448.0
9234	-2.228291272034453	4.606877426878295	-7.3610405921936035	448.0
9254	-1.8589210439025137	4.452527965856911	-7.6231536865234375	448.0
9274	-1.3063170028966358	4.328088772403739	-7.832630157470703	448.0
9294	-1.0391034430603259	4.2437111790016555	-7.967358589172363	448.0
9312	-0.7002354924685107	3.8007303437351605	-7.950922966003418	448.0
9332	-0.7148959614538634	3.6789180835690964	-8.164549827575684	448.0
9354	-0.3883659517476956	3.589215443976876	-8.27513599395752	448.0
9370	-0.27455990171423095	3.3564139507943236	-8.53270149230957	448.0
9390	-0.1773819260789641	2.9442992233614054	-8.546407699584961	448.0
9410	0.01929014295953613	2.701285694276493	-8.660637855529785	448.0
9429	-0.047306052883760746	2.3908768742922453	-8.611456871032715	448.0
9448	0.3152595772994663	2.2851980234312292	-8.597488403320312	448.0
9469	0.4586693357466755	2.2893197251981925	-8.845945358276367	448.0
9488	0.47157470677239366	2.4531242302872696	-8.851055145263672	448.0
9507	0.47157470677239366	2.4531242302872696	-8.851055145263672	448.0
9527	0.6077899291216186	2.4925723029204616	-9.024847984313965	443.0
9546	0.7867583223289357	2.3393782517702415	-9.178035736083984	443.0
9566	0.929767306287699	2.060578510349147	-9.339093208312988	443.0
9585	1.0976871470915803	2.02861535424789	-9.640144348144531	443.0
9605	1.3078459075626785	2.0989246745058825	-9.827120780944824	443.0
9625	1.4811751333107275	2.1347343574912783	-10.209891319274902	443.0
9643	1.778166515788985	1.9962540293486275	-10.331047058105469	443.0
9663	1.6665152707669035	1.6111326088906035	-10.651810646057129	443.0
9682	1.6786479123047895	0.9886712338412106	-10.768988609313965	443.0
9701	1.672047831276667	0.9034195281558209	-11.085026741027832	443.0
9723	1.8927795724757255	0.8513992119997029	-11.220673561096191	441.0
9740	2.140296808982203	0.5686402494282365	-11.097216606140137	441.0
9760	2.4263852605719625	0.4668002859335519	-11.12643051147461	441.0
9779	2.4133202933799396	0.26563058728279393	-11.211417198181152	441.0
9798	2.305298824741498	0.05391279786983068	-11.518380165100098	441.0
9818	2.6101801713942723	-0.27451721292945186	-11.570365905761719	441.0
9839	2.674384696481527	-0.34938303156308526	-11.844264030456543	441.0
9856	2.670743547132084	-0.805910207880268	-11.652435302734375	441.0
9876	2.479937308758659	-0.9528157503023064	-11.6751708984375	441.0
9896	2.4015882105643813	-0.7457724964023621	-11.868562698364258	441.0
9914	2.157232535498414	-0.653456059184634	-12.140032768249512	441.0
9934	1.9242555867501567	-0.8128569708037525	-12.104752540588379	441.0
9955	1.6432716544305817	-1.0228713963691316	-11.958561897277832	441.0
9975	1.414303694465899	-1.0752644390958221	-12.267611503601074	441.0
9993	1.0481504260798593	-1.1038072814698028	-12.223438262939453	441.0
10013	0.8574420771672893	-0.9437065869343235	-12.635908126831055	441.0
10032	0.9194322355000663	-0.9721723554446321	-12.756562232971191	441.0
10052	0.900300676596841	-0.936879333904002	-12.833135604858398	441.0
10071	0.9448569322870679	-0.8468352896977905	-12.894464492797852	441.0
10093	0.7242800342257025	-0.7146195596769479	-13.07596206665039	441.0
10109	0.34521291189360087	-0.8847606209139014	-13.194930076599121	441.0
10129	0.0936858371976785	-0.9023776624603542	-13.029467582702637	442.0
10148	0.15317684661789369	-0.8654950580257789	-13.176496505737305	442.0
10169	0.07551113041135042	-0.7866204464603302	-13.072861671447754	442.0
10188	0.0638704968560345	-0.6881784577518306	-13.222517967224121	442.0
10207	0.0638704968560345	-0.6881784577518306	-13.222517967224121	442.0
10227	-0.2272462819835579	-0.7214936617235722	-13.372186660766602	442.0
10245	-0.4356895428437102	-0.6032400371762853	-13.363607406616211	442.0
10265	-0.6626069004547173	-0.4717479940837993	-13.284585952758789	442.0
10284	-1.0140322846890788	-0.290964879298371	-13.519119262695312	442.0
10304	-1.2593940018703818	-0.20968909842684444	-13.766515731811523	442.0
10325	-1.595208675730063	-0.01140531889781893	-13.869620323181152	437.0
10343	-1.6467389678215252	0.2673289390364146	-14.175562858581543	437.0
10364	-1.4353527662785486	0.1983324615026738	-14.398168563842773	437.0
10381	-1.5862942977113736	0.3167261734533592	-14.466620445251465	437.0
10401	-1.79454257878239	0.29870580679246406	-14.631333351135254	437.0
10420	-2.0092665862763646	0.33339109940132267	-14.971477508544922	437.0
10444	-2.137268721471438	0.09810005815313823	-14.872880935668945	437.0
10459	-2.381821657939972	0.10872873074410246	-14.87308406829834	437.0
10479	-2.7153464362692867	0.06385242041996725	-14.828073501586914	437.0
10499	-2.937717901645586	-0.2109115011012857	-14.782224655151367	437.0
10518	-3.3642827977741896	-0.3479049649104791	-14.666961669921875	437.0
10537	-3.638376720505283	-0.5129168336160133	-14.655169486999512	437.0
10556	-3.764370368568116	-0.5050953061525938	-14.558650970458984	437.0
10577	-3.821501935996058	-0.7607964920741724	-14.508365631103516	437.0
10597	-4.103632815479663	-0.9190451386308877	-14.495309829711914	437.0
10616	-4.345411737500467	-1.3122969972772025	-14.477587699890137	437.0
10635	-4.28694791035683	-1.3930457170800974	-14.618643760681152	437.0
10654	-4.621648026706721	-1.3694592505633838	-14.348335266113281	437.0
10674	-4.976830787048396	-1.5513965149868227	-14.265748023986816	437.0
10693	-5.030554218571918	-1.6434385097720594	-14.240754127502441	437.0
10712	-5.07033081075707	-1.5569978985296453	-14.352898597717285	437.0
10732	-5.356176540158387	-1.7201270147080883	-14.406658172607422	442.0
10752	-5.785913125882516	-2.1216886574993192	-14.169142723083496	442.0
10770	-6.122151185939761	-2.126002551665108	-14.128850936889648	442.0
10791	-6.566339538059663	-2.100423430443138	-14.094733238220215	442.0
10814	-6.9355188124536	-2.007476963263397	-13.957234382629395	442.0
10828	-7.217359441254499	-1.8107013397060994	-13.849807739257812	442.0
10849	-7.5461064662536135	-1.7965860764224921	-13.668413162231445	442.0
10868	-7.736742822632367	-2.0624744204116867	-13.153428077697754	442.0
10889	-7.824390639996764	-2.375196021380436	-12.886910438537598	442.0
10911	-7.90350175670288	-1.9729018598821113	-12.851347923278809	442.0
10931	-7.90350175670288	-1.9729018598821113	-12.851347923278809	446.0
10948	-8.174505651232964	-1.4052888540917614	-12.025676727294922	446.0
10964	-8.174505651232964	-1.4052888540917614	-12.025676727294922	446.0
10984	-8.277631180067624	-1.4008126061354012	-12.08527946472168	446.0
11004	-8.604369751674799	-1.401409279837508	-12.059351921081543	446.0
11023	-8.797330565797404	-1.2310237725373014	-11.723403930664062	446.0
11044	-9.251723143772352	-1.0894290733875627	-11.820140838623047	446.0
11062	-9.316321823099141	-0.7779986631489149	-11.569723129272461	446.0
11082	-9.392605806755384	-0.6639532273711192	-11.533950805664062	446.0
11101	-9.437021449004304	-0.31905178465939243	-11.92154598236084	446.0
11121	-9.60079240711353	-0.046607759180051965	-12.083288192749023	446.0
11141	-9.800900356295111	0.18430709049853464	-12.297538757324219	446.0
11161	-9.983547157591188	0.429851324631494	-12.093172073364258	446.0
11180	-10.108633999336687	0.39987069072916775	-12.261513710021973	446.0
11198	-9.896135828458899	0.7780896458011998	-12.588841438293457	446.0
11219	-9.659888431378203	0.9979304375752582	-13.490524291992188	446.0
11238	-9.611145616039703	1.2671967756077651	-14.283061981201172	446.0
11257	-9.412979826620122	1.4111661012158054	-14.500672340393066	446.0
11278	-9.401314888353062	1.5569416954028814	-14.98954963684082	446.0
11296	-8.971248733071722	1.8862079133646785	-15.642117500305176	446.0
11316	-8.412294153917907	1.877041333029361	-16.696170806884766	450.0
11335	-8.65425060247153	1.1827209572344952	-17.261201858520508	450.0
11354	-9.385277801295182	-0.21082829143148996	-17.618328094482422	450.0
11374	-9.961769473142233	-1.4548198506236856	-17.56886100769043	450.0
11393	-9.826816944594327	-2.1419649088568518	-17.86498260498047	450.0
11413	-9.9213651474441	-2.787987587825748	-18.780126571655273	450.0
11432	-9.801084206510083	-3.580794440583366	-19.111066818237305	450.0
11452	-9.48282025181574	-4.570403689173994	-19.26910972595215	450.0
11471	-8.841695847812874	-5.621706550074	-19.360294342041016	450.0
11490	-8.388919247822127	-6.478095125778923	-19.83942222595215	450.0
11510	-8.040221146198693	-7.335199355706562	-19.9157657623291	450.0
11532	-7.695635932354837	-7.871682611498534	-19.855884552001953	454.0
11549	-7.151172913671469	-8.427898888740799	-19.8043212890625	454.0
11568	-6.765607571177593	-9.162251562835388	-19.193578720092773	454.0
11591	-6.836564593554639	-10.52754062891883	-18.371292114257812	454.0
11608	-6.772448253157317	-11.63856316962834	-17.568950653076172	454.0
11628	-6.772448253157317	-11.63856316962834	-17.568950653076172	454.0
11648	-6.7282870722649495	-12.380325487562848	-16.781192779541016	454.0
11666	-6.659025425178517	-12.801624395412475	-15.77037525177002	454.0
11685	-6.852895865786422	-13.351410766163568	-14.889678955078125	454.0
11704	-7.0809383364318	-13.672531026167361	-13.776676177978516	454.0
11723	-7.640154936724105	-13.995109890424157	-12.369766235351562	460.0
11743	-7.898773171740756	-14.356684673443604	-11.154303550720215	460.0
11763	-8.073844097369262	-14.444174334141684	-10.346620559692383	460.0
11782	-8.481995213538196	-14.587984833646201	-9.152005195617676	460.0
11802	-9.156890608160507	-14.416462786133593	-7.619167327880859	460.0
11821	-9.68109563605533	-14.140218071680934	-6.457564830780029	460.0
11841	-10.11404355329391	-13.488929157240364	-5.635544776916504	460.0
11861	-10.646977462440109	-13.002510135640819	-5.172801971435547	460.0
11879	-10.946378692856921	-12.738466128586643	-4.279593467712402	460.0
11900	-11.320705673526978	-12.383670646209016	-2.913264274597168	460.0
11918	-11.746876384459341	-11.793724613620263	-1.718511700630188	462.0
11938	-12.041810662752363	-11.120793946349824	-1.0765591859817505	462.0
11957	-12.06390988062587	-10.852245584027655	-1.0476136207580566	462.0
11976	-12.468966136169378	-10.36118085819088	-0.8232954144477844	462.0
11997	-12.464205169472736	-9.7242496335013	-0.40598875284194946	462.0
12017	-12.784510765761771	-9.279163595410662	0.04459702968597412	462.0
12035	-13.004629925923187	-8.63308750778705	0.8030771017074585	462.0
12055	-13.275582267827152	-8.041156057533707	1.605589747428894	462.0
12074	-13.369460216305892	-7.691671706754572	2.455862045288086	462.0
12093	-13.257058440143041	-7.283317992935495	3.1331357955932617	462.0
12113	-13.533775798439898	-6.513333387246355	4.051713943481445	462.0
12133	-13.681041439337474	-6.0490485304522	4.90819787979126	459.0
12153	-13.89032180371391	-5.627331319566496	5.6494293212890625	459.0
12171	-13.714904095473324	-5.0643302305886	6.388341426849365	459.0
12191	-13.871048827081465	-4.737853211982774	6.873937129974365	459.0
12211	-13.935161030286151	-4.44643373269189	7.188889026641846	459.0
12229	-14.039785894676363	-4.338724553671794	7.41679048538208	459.0
12250	-14.516018467080254	-4.102339694156506	7.274055480957031	459.0
12269	-14.915016970635303	-3.844235397586527	7.240237236022949	459.0
12288	-14.789300167052328	-3.345677697574209	7.699655532836914	459.0
12309	-14.585793911782183	-2.6749950753585527	8.549464225769043	459.0
12328	-14.447167317419181	-2.053583403537494	9.382126808166504	455.0
12350	-13.930307259464563	-1.3542257120538113	10.427886962890625	455.0
12367	-13.850135772597751	-1.1597888925146445	10.688485145568848	455.0
12385	-13.850135772597751	-1.1597888925146445	10.688485145568848	455.0
12405	-13.521745100462306	-0.8864126934078648	11.232120513916016	455.0
12424	-13.417130038935001	-0.4586089324752215	11.511167526245117	455.0
12444	-13.218471431187973	-0.058775741454833746	11.451021194458008	455.0
12466	-13.236765406132012	0.2620399761988309	11.564193725585938	455.0
12482	-13.541580387516127	0.3698111725234498	11.511306762695312	455.0
12502	-13.527916776386903	0.2964497781601556	11.515459060668945	455.0
12521	-13.667274885389375	0.32853477695071853	11.347280502319336	447.0
12541	-13.766333504490966	0.47092831345267316	11.302393913269043	447.0
12561	-14.003215048683574	0.706194303280051	11.18410873413086	447.0
12582	-14.156715565854904	0.8785109645434381	11.25094223022461	447.0
12602	-14.033759209584492	0.9455080116300546	11.567946434020996	447.0
12619	-13.7878044636266	1.2059429061515359	11.854409217834473	447.0
12638	-13.564728788618156	1.6074180002569773	12.192855834960938	447.0
12658	-13.27926436214557	1.711969492416664	12.594226837158203	447.0
12676	-13.108467350574683	1.743603108216651	13.102859497070312	447.0
12696	-13.012275950764506	1.8336804406071743	13.369492530822754	447.0
12719	-12.700986111241075	1.9547294886148787	13.701478958129883	444.0
12735	-12.276250257346387	2.2922074310279745	13.977266311645508	444.0
12755	-12.08689163174199	2.600290724603321	14.29886531829834	444.0
12774	-12.034487788566025	2.870587913045334	14.440682411193848	444.0
12795	-11.956026517047992	2.9895675451410297	14.463837623596191	444.0
12813	-11.835242540569004	3.2526733358997975	14.675039291381836	444.0
12833	-11.876935254602184	3.265323016245501	14.642329216003418	444.0
12852	-11.88945082421397	3.4211917605247937	14.867593765258789	444.0
12873	-11.838463442178686	3.4744777017289974	14.888213157653809	444.0
12891	-11.686836850943076	3.2744080608793933	15.032092094421387	444.0
12911	-11.447460117301729	3.262679622101707	15.322221755981445	444.0
12930	-11.375679873279179	3.3068368419384715	15.307124137878418	425.0
12950	-11.275807582667301	3.390144946619264	15.36305046081543	425.0
12969	-11.451103649479697	3.572427670063412	15.366825103759766	425.0
12988	-11.031253511095933	3.7776527910325863	15.651575088500977	425.0
13009	-10.518506682596756	3.7453972301088707	15.636024475097656	425.0
13029	-10.466445502090039	3.7742928883069236	15.826125144958496	425.0
13047	-10.250059466451516	4.121728691642893	15.917169570922852	425.0
13069	-10.250059466451516	4.121728691642893	15.917169570922852	425.0
13090	-10.00414047401854	4.651905125972062	16.093690872192383	425.0
13105	-9.680799436987526	4.766816308441735	16.436519622802734	425.0
13124	-9.342169073365621	4.967260833521571	16.5278263092041	409.0
13144	-8.937895462934769	4.9545549269984575	16.23201560974121	409.0
13163	-9.008297291643318	4.858428722177125	16.222150802612305	409.0
13187	-9.034847146331547	4.656214662730128	16.291980743408203	409.0
13203	-9.122916697439589	4.729816230754481	16.244234085083008	409.0
13222	-9.209214223852838	4.816736420350836	16.528505325317383	409.0
13241	-9.117888616937963	4.485878838996898	16.46101188659668	409.0
13260	-9.222740401874832	4.3381311137786875	16.41131591796875	409.0
13281	-9.518811421434627	4.101267467785447	16.49317741394043	409.0
13299	-9.62075752490168	4.1544061633743175	16.761720657348633	409.0
13318	-9.442771272419812	4.285557768321462	16.790794372558594	398.0
13339	-9.34091187890342	4.365343094157684	16.93377685546875	398.0
13358	-8.990566331527974	4.803950819224378	17.13909912109375	398.0
13378	-8.765663900712626	5.100846619950226	17.05069351196289	398.0
13398	-8.12766079869994	5.485693621311543	17.4169921875	398.0
13419	-7.815946731404877	5.355204208399938	17.607919692993164	398.0
13436	-7.768686132933523	5.354278907613683	17.439870834350586	398.0
13456	-7.931756470465695	5.067580680150273	17.203866958618164	398.0
13474	-8.105117612098931	4.811298715860604	17.26422119140625	398.0
13494	-8.295820702383311	4.692569727311962	17.39177703857422	398.0
13514	-7.966994719123352	4.836813739994271	17.46622085571289	398.0
13533	-7.242489752090589	5.10778430408904	17.515323638916016	398.0
13552	-7.079175691682672	5.024234646469026	17.611295700073242	398.0
13572	-6.635136441462445	5.146829910893086	17.743379592895508	398.0
13591	-6.943256633990999	5.004224313586447	17.738208770751953	398.0
13610	-7.295094829949385	4.994985205753025	17.80381202697754	398.0
13630	-7.434731977950649	4.994743959274348	17.645463943481445	398.0
13650	-7.2451681169322795	5.017184349511779	17.615358352661133	398.0
13668	-7.1376420070267805	4.9482430849720975	17.617155075073242	398.0
13689	-7.135757813714479	4.481600743600616	17.764068603515625	398.0
13709	-7.294582716967115	4.130969908846997	17.766002655029297	398.0
13728	-7.304433081519648	4.046411194561787	17.76203155517578	398.0
13747	-7.304433081519648	4.046411194561787	17.76203155517578	398.0
13766	-7.119643710175383	4.505387710029844	17.789413452148438	398.0
13786	-7.130250148265219	4.7725541309434005	17.681503295898438	398.0
13807	-7.631118527643569	4.700018334261037	17.594261169433594	398.0
13825	-7.899474966214642	4.472696772085953	17.548423767089844	398.0
13845	-7.7435181560838675	4.318764404205498	17.636070251464844	398.0
13864	-7.702030442966261	4.143847005278533	17.728971481323242	398.0
13883	-7.318746616894316	4.205489410082904	17.8525390625	398.0
13905	-7.641972461185001	4.368189465159093	17.660470962524414	398.0
13923	-7.9338387249338655	4.637582237971442	17.41344451904297	398.0
13941	-7.8547696904039395	5.009968691106549	17.507654190063477	398.0
13961	-7.188797309515316	5.103699877540442	17.769493103027344	398.0
13981	-6.873742950377432	4.768208746615916	17.952917098999023	398.0
14000	-6.505568330614251	4.5257246744648	18.248151779174805	398.0
14019	-6.182623603274738	4.64347291413723	18.177583694458008	398.0
14039	-6.342450025732759	4.793063987567491	18.03409767150879	398.0
14059	-6.483889157943772	4.864303410889739	17.93621253967285	398.0
14078	-6.281435337062428	4.955354481087454	17.822845458984375	398.0
14097	-6.100415651515894	4.8381012097301905	17.89745330810547	398.0
14116	-6.103330926510232	4.671101636060285	17.840831756591797	407.0
14138	-6.281225295673975	4.711975335757968	17.718299865722656	407.0
14156	-6.322532985108024	4.592978974739638	17.559415817260742	407.0
14175	-6.427797458294813	4.593616473161454	17.65625762939453	407.0
14194	-6.728056506296548	4.418517176812739	17.57012367248535	407.0
14214	-6.940101126539588	4.362495124390415	17.60684585571289	407.0
14234	-7.280818315305041	4.4936445191682495	17.486068725585938	407.0
14254	-7.154944431848094	4.3836234315553195	17.484506607055664	407.0
14272	-7.088026560271267	4.59943570260124	17.610095977783203	407.0
14291	-6.606009759307555	4.839488322949653	17.810394287109375	407.0
14311	-6.653777944270682	4.7946808558043355	17.828075408935547	407.0
14331	-7.031008447742921	4.478045390252082	17.83146095275879	424.0
14350	-7.086863968943831	4.33050029542493	17.726964950561523	424.0
14370	-6.919903741623979	4.5884590246235675	17.782285690307617	424.0
14388	-7.1217740691699305	4.239913323633101	18.1292781829834	424.0
14412	-7.469796162036311	4.411167678865193	18.061290740966797	424.0
14429	-6.732125300730785	5.019233215574943	18.142641067504883	424.0
14448	-6.74250467637301	5.004439712221809	18.15967559814453	424.0
14467	-6.74250467637301	5.004439712221809	18.15967559814453	424.0
14488	-6.635880780947874	5.2063940160727	18.164369583129883	424.0
14508	-6.783622223590352	5.100486831248522	18.08338737487793	424.0
14525	-6.7963496989920475	5.12312923133005	18.06830406188965	444.0
14544	-7.106587343973306	4.796438855238807	17.924720764160156	444.0
14564	-7.10566370594436	4.728075361936596	17.755538940429688	444.0
14584	-7.271292422240191	4.42428684815133	17.712116241455078	444.0
14604	-7.73779002304393	4.074617005274434	17.4633731842041	444.0
14624	-8.011640088709155	3.724196291853846	17.222017288208008	444.0
14641	-8.02611681253067	3.94299707037449	17.312992095947266	444.0
14661	-7.351467573476947	4.232157209509506	17.241626739501953	444.0
14681	-7.000202955975314	4.283020796476285	17.441532135009766	444.0
14700	-6.841910515018257	4.4477762839628	17.46619415283203	444.0
14720	-7.162611105576246	4.184181275442835	17.300151824951172	462.0
14741	-7.557465938085846	3.9468514819145732	17.187288284301758	462.0
14759	-7.448826975110047	4.038026085971154	17.21058464050293	462.0
14778	-7.047771134211296	4.1207105212519135	17.44674301147461	462.0
14797	-6.65758272566231	4.266370795783575	17.44290542602539	462.0
14817	-7.085835242521097	4.3044420549676286	17.50572967529297	462.0
14837	-7.715463186902779	4.291717435769106	17.427392959594727	462.0
14856	-7.665525470941885	4.340968660099786	17.60462188720703	462.0
14876	-7.576352490662464	4.488086117210044	17.660194396972656	462.0
14894	-7.509835642441095	4.702576158722081	17.433542251586914	462.0
14915	-8.21934936526916	4.565914014068339	17.333168029785156	476.0
14933	-8.519780932049624	4.12639100321847	16.997509002685547	476.0
14953	-8.25910049889709	3.6018618274882237	17.233226776123047	476.0
14972	-8.080171265188254	3.6213890605206487	17.330188751220703	476.0
14992	-7.743369019224389	3.971249278067146	17.518497467041016	476.0
15011	-7.211174117261928	3.9265891841426748	17.518272399902344	476.0
15031	-6.874834236179469	3.877667682569988	17.473180770874023	476.0
15051	-6.8295100730468095	4.074322226948901	17.521650314331055	476.0
15069	-6.565697476865793	4.686351598174667	17.407052993774414	476.0
15091	-6.734674884218435	4.841898611576139	17.62943458557129	476.0
15112	-6.868117251885555	4.512663180597936	17.54924964904785	476.0
15128	-7.085615219797236	4.400256571031176	17.456111907958984	482.0
15149	-7.186625273866395	4.413372418188712	17.23089027404785	482.0
15168	-7.128483486232695	4.581450555777205	17.194372177124023	482.0
15188	-7.128483486232695	4.581450555777205	17.194372177124023	482.0
15210	-7.050071984260373	4.568496644250128	17.19500160217285	482.0
15226	-7.229835385069969	4.296647561690202	17.190832138061523	482.0
15245	-7.329800539544562	3.898096041333723	17.17721939086914	482.0
15263	-7.044686026409385	3.582911212925112	17.343528747558594	482.0
15283	-7.084795866535205	3.603857139951327	17.544029235839844	482.0
15304	-7.111617021625646	3.728364324377059	17.632001876831055	482.0
15323	-6.997948336122354	3.895834033816259	17.59854507446289	484.0
15343	-6.855994101217675	4.201529416067293	17.889883041381836	484.0
15361	-7.043452683013825	4.2681736762199485	18.052282333374023	484.0
15380	-7.008390030369283	4.289198527737351	18.199636459350586	484.0
15400	-6.824247270194099	4.174902643967645	18.23565673828125	484.0
15421	-7.109794596383112	4.234185539485739	18.15019989013672	484.0
15442	-7.09810613184629	4.210663331938968	18.28612518310547	484.0
15464	-7.195800903724705	4.306230699074962	18.061182022094727	484.0
15478	-7.286029967419277	4.283470705038568	18.115121841430664	484.0
15498	-7.4509579450963965	4.296078240056136	17.789915084838867	484.0
15517	-7.17417324874966	4.560678820268501	17.944496154785156	485.0
15537	-7.314784860232926	4.652223600911051	17.796241760253906	485.0
15557	-7.424876256498975	4.784446850485541	17.930522918701172	485.0
15581	-7.2719752273645994	4.849594529924037	18.067968368530273	485.0
15595	-7.330415520973835	4.876397892966308	17.851016998291016	485.0
15614	-7.196939473849118	4.810525174455992	18.082582473754883	485.0
15634	-7.268546668230597	4.617654948448078	17.97722816467285	485.0
15654	-7.32027651016047	4.356845010080414	18.167192459106445	485.0
15674	-7.5373494698214305	4.207600152649343	18.15094757080078	485.0
15692	-7.25227881044729	4.306597435321302	18.23212432861328	485.0
15712	-7.113600694796948	4.486943890893686	18.190616607666016	485.0
15731	-7.2180435932223626	4.376491475919798	17.97528076171875	485.0
15751	-7.233649731116123	4.448744710056127	17.925247192382812	485.0
15770	-7.336557888015233	4.4508259837292075	17.765687942504883	485.0
15794	-7.191830127868077	4.821979366560959	17.97115707397461	485.0
15808	-7.007824450265176	4.8338117363405315	17.95787239074707	485.0
15835	-6.773974670748202	4.682732859188011	17.930910110473633	485.0
15848	-6.833535050700601	4.602614025420005	17.767044067382812	485.0
15868	-6.830625897353801	4.6181186709478395	17.799232482910156	485.0
15888	-6.830625897353801	4.6181186709478395	17.799232482910156	485.0
15907	-6.5746911615969506	4.951788987230889	18.003273010253906	485.0
15926	-6.7572685308160665	4.961461606728046	18.04269027709961	485.0
15946	-6.884086923552446	5.051297119739978	17.890321731567383	485.0
15964	-6.830957167409287	4.835144166181066	17.86770248413086	485.0
15984	-6.8953852846085475	4.741622976856531	17.849119186401367	485.0
16004	-6.862271434484745	4.842520409389477	17.80022621154785	485.0
16024	-6.877780338863775	5.148311895731829	17.94729995727539	485.0
16042	-6.889785009653865	5.3026285860304085	17.74604034423828	485.0
16064	-6.81686765344806	4.724571539305438	17.632219314575195	485.0
----------------도착----------------
16081	-6.703661685629483	4.5907809466544744	17.65190887451172	485.0
16100	-6.271384859837178	4.52322106218683	17.731170654296875	485.0
16120	-6.210903452145511	4.53608220783881	17.631074905395508	485.0
16140	-6.354341389217222	4.353353625634866	17.673503875732422	485.0
16159	-6.557863773321564	4.338062581559273	17.784473419189453	485.0
16179	-6.602186637290362	4.349995756720365	17.88147735595703	485.0
16199	-6.653701432317722	4.000945114485204	17.982343673706055	485.0
16217	-6.778562533506934	4.168721814060276	18.22988510131836	485.0
16237	-6.804179606843385	4.177574495668609	18.0907039642334	485.0
16256	-6.800148244295692	4.312915963966138	18.355159759521484	485.0
16276	-6.725965481692186	4.495702859371594	18.463672637939453	485.0
16296	-6.672396279876913	4.809155969311357	18.322795867919922	485.0
16315	-6.786124758406765	4.841030286598455	18.13428497314453	485.0
16335	-6.76837672161976	4.7753275386073115	17.95587921142578	485.0
16354	-6.88842734182559	4.754244984201227	18.19345474243164	485.0
16373	-6.854651234625958	4.684115196001885	18.09701919555664	485.0
16393	-6.7763239680703515	4.9689977618343875	18.22968101501465	485.0
16413	-7.0188387403593	4.964137446850763	18.060352325439453	485.0
16432	-7.153867599969419	4.954204298966548	18.052270889282227	485.0
16450	-7.326478854001241	5.047411880401022	18.195789337158203	485.0
16469	-7.261260458685754	4.875818124176794	18.379281997680664	485.0
16490	-7.219520834892308	4.7613453382829665	18.34984016418457	485.0
16509	-7.188954062469998	4.591777321847928	18.126127243041992	485.0
16528	-7.073649706935775	4.545507404726095	18.242942810058594	485.0
16548	-6.997982993064739	4.4646784350944895	18.36984634399414	485.0
16568	-6.896015874883785	4.493786006845874	18.25869369506836	485.0
16587	-6.896015874883785	4.493786006845874	18.25869369506836	485.0
16608	-6.932773575726659	4.634392506386691	18.24301528930664	485.0
16626	-6.57366602293539	4.74378833245609	18.128244400024414	485.0
16645	-6.536205740359927	4.816717622185755	17.979406356811523	485.0
16665	-6.584541038366279	4.8036768308587625	18.183774948120117	485.0
16684	-6.412474578227709	4.759990339779757	18.492273330688477	485.0
16705	-6.536233939407489	4.802723540458061	18.356014251708984	485.0
16722	-6.489963945842112	4.858924935886353	18.257246017456055	485.0
16743	-6.49101684603515	4.854927196418818	18.460447311401367	485.0
16763	-6.507532471396968	4.638285093474097	18.487863540649414	485.0
16782	-6.8094458975145615	4.560269138989734	18.644393920898438	485.0
16801	-6.869758550159481	4.613435623965574	18.800697326660156	485.0
16820	-6.716324331948209	4.720219791733042	18.77191925048828	485.0
16840	-6.965616648554271	4.735463123741005	18.72084617614746	485.0
16859	-6.9762101290960645	4.7991929380722205	18.92059898376465	485.0
16879	-6.7897731142928155	4.713044397624427	19.128826141357422	485.0
16898	-6.904432152411712	4.465477241848372	19.16007423400879	485.0
16919	-6.8668961856539745	4.649916569818758	19.135223388671875	485.0
16937	-6.6118422885707595	4.742670692181259	19.090797424316406	485.0
16956	-6.432486436452653	4.785446101399392	19.186843872070312	485.0
16977	-6.472043393268338	4.797149424968151	19.429466247558594	485.0
16995	-6.30494612488975	4.803421800906401	19.63753890991211	485.0
17015	-5.992957884246266	4.762695090925602	19.735523223876953	485.0
17035	-6.071215005210994	4.701563181189624	19.871013641357422	485.0
17054	-5.971476778158271	4.912771055012651	19.905725479125977	485.0
17074	-5.923122938267982	5.088898758645497	19.98208236694336	485.0
17093	-5.872067241365043	5.118746792215795	20.062740325927734	485.0
17113	-5.919097907743546	4.880388683556301	20.20705795288086	485.0
17132	-5.8876865713486035	4.846620884391358	20.22751808166504	485.0
17150	-5.7830860008922125	4.96506576501493	19.981037139892578	485.0
17171	-5.5915981034078355	4.978269183622088	20.08283805847168	485.0
17190	-5.437786229519841	5.080730806404472	20.18771743774414	485.0
17209	-5.449524398245817	4.833670538902523	20.00682258605957	485.0
17229	-5.601668780096701	4.553595576011957	20.196578979492188	485.0
17248	-5.728053149420513	4.439437405566444	20.304719924926758	485.0
17269	-5.809470669458367	4.450693550632503	20.044139862060547	485.0
17288	-5.782384546650102	4.44541160919698	19.686386108398438	485.0
17308	-5.782384546650102	4.44541160919698	19.686386108398438	485.0
17326	-5.580180723068462	4.252265199959918	19.868438720703125	485.0
17346	-5.58582518830491	4.137273432924012	19.755373001098633	485.0
17367	-5.488157743581635	3.908990128496475	19.771873474121094	485.0
17385	-5.295057452281398	3.8694540920553404	19.91840934753418	485.0
17403	-5.103834761171265	3.7518585875059363	19.659677505493164	485.0
17423	-5.149839472727063	3.4006479029414183	19.469234466552734	485.0
17443	-4.9577878829870246	3.3098870496402357	19.589197158813477	485.0
17462	-4.716173586493019	3.1273232842461303	19.621496200561523	485.0
17482	-4.723204969775732	3.0176527986180885	19.568077087402344	485.0
17502	-4.503041226040165	2.927472966392044	19.63092803955078	485.0
17520	-4.475618034101715	2.761182319562986	19.436670303344727	485.0
17540	-4.643988456842864	2.5678705242760738	19.511127471923828	485.0
17560	-4.503211278064192	2.477460703477232	19.710926055908203	485.0
17580	-4.33844668416995	2.6023478143646557	19.955352783203125	485.0
17598	-4.163938996037442	2.5153386365501023	20.187633514404297	485.0
17617	-4.169278933909288	2.284061277281659	20.3875732421875	485.0
17638	-4.2245296611553975	2.3809679024582113	20.616750717163086	485.0
17657	-4.414906703832325	2.1572606345321304	20.62628173828125	485.0
17677	-4.488181844723227	2.054119262759035	20.678848266601562	485.0
17696	-4.49297956353868	1.9686225808463786	20.779949188232422	485.0
17719	-4.68889432030867	1.958814984237802	20.737560272216797	484.0
17734	-4.90313509010251	1.6880543308880358	20.699094772338867	484.0
17754	-5.027945748096694	1.3992641649916158	20.52151870727539	484.0
17774	-5.431222519477842	1.1973403087588186	20.53437614440918	484.0
17794	-5.5396140233012305	0.85047626157612	20.475860595703125	484.0
17812	-5.677008071500409	0.7307609154252462	20.4845027923584	484.0
17832	-5.648146523844809	0.6603034456353214	20.519840240478516	484.0
17852	-5.629122960657063	0.7511927608194001	20.269289016723633	484.0
17871	-5.622969106757252	0.7152371968555052	20.264015197753906	484.0
17890	-5.518531780839659	0.7774718746281148	20.161956787109375	484.0
17910	-5.513495990244913	0.7712157065132869	20.28177261352539	484.0
17929	-5.258186196486413	0.7997235052610259	20.28903579711914	481.0
17958	-5.319461704096576	0.6651463517030684	20.164710998535156	481.0
17967	-5.305484303706105	0.5953838668813868	20.232500076293945	481.0
17988	-5.384560797043334	0.5671467136869366	20.152679443359375	481.0
18008	-5.5623285825996325	0.5413067643019803	20.190353393554688	481.0
18028	-5.5623285825996325	0.5413067643019803	20.190353393554688	481.0
18046	-5.652331059677339	0.6436710165487507	20.19330406188965	481.0
18065	-5.782092658555216	0.592926179482829	20.316038131713867	481.0
18088	-6.023747768533012	0.5148583887078398	20.288738250732422	481.0
18104	-6.079239107768851	0.3167720620854451	20.132244110107422	481.0
18123	-5.767806080599415	0.39604512188644386	20.255661010742188	477.0
18145	-5.810204974800522	0.2247831932306431	20.259626388549805	477.0
18163	-5.9581248409797745	0.252118861389467	20.426725387573242	477.0
18181	-6.088288750863763	0.09636592435131616	20.697315216064453	477.0
18205	-6.167808347831282	0.03572835159894443	20.78304100036621	477.0
18221	-6.1093013022456555	-0.003895187823126991	20.894107818603516	477.0
18240	-6.279150861938932	-0.04875144298956515	20.964555740356445	477.0
18261	-6.376041518713704	0.01973849766157768	21.137989044189453	477.0
18279	-6.724496599793219	0.08928402869410908	21.079769134521484	477.0
18299	-6.912271184828562	0.28181514483673425	21.286834716796875	477.0
18318	-7.025272080545664	0.09761819923005013	21.427860260009766	471.0
18338	-6.8435770850474995	-0.19032178351689438	21.223310470581055	471.0
18357	-6.972204194427808	-0.3617969018135074	21.156522750854492	471.0
18377	-6.84250231191182	-0.3433494171153267	20.926733016967773	471.0
18396	-6.7953896421627356	-0.48836301505191493	20.988954544067383	471.0
18416	-6.672457946783372	-0.5745309681544314	20.783863067626953	471.0
18435	-6.568738850969781	-0.4689958627504955	20.684057235717773	471.0
18456	-6.52728661508054	-0.6176305577088869	20.415925979614258	471.0
18475	-6.319412665797569	-0.7075529270265103	20.294475555419922	471.0
18493	-6.564361970604653	-0.7425556754010301	20.332965850830078	471.0
18513	-6.745664481322471	-0.4944002303670489	20.237958908081055	471.0
18533	-6.864397006366043	-0.5332167943941254	20.160377502441406	465.0
18553	-6.897087008433992	-0.6301731142784744	19.914749145507812	465.0
18571	-7.186690607315221	-0.5255123514809189	20.22679328918457	465.0
18591	-7.226874821677439	-0.6713866277714375	20.286123275756836	465.0
18610	-7.270538256047107	-0.594033864455787	20.494701385498047	465.0
18630	-7.4738645557931624	-0.6657744958491368	20.290353775024414	465.0
18649	-7.388311698256183	-0.4813917769030072	20.287708282470703	465.0
18668	-7.32935459715941	-0.609878109926386	20.405990600585938	465.0
18689	-7.509693057189322	-0.5117373849796385	20.38861656188965	465.0
18709	-7.41499138875512	-0.5477525478538904	20.47077751159668	465.0
18727	-7.41499138875512	-0.5477525478538904	20.47077751159668	461.0
18747	-7.870111726941378	-0.8752474938532585	20.43660545349121	461.0
18766	-7.870111726941378	-0.8752474938532585	20.43660545349121	461.0
18785	-7.87922919640976	-1.057327566569289	20.015453338623047	461.0
18804	-8.035703077446364	-1.1866445588365282	19.925003051757812	461.0
18824	-7.935559081821562	-1.2491581267857268	19.7283878326416	461.0
18843	-7.760956747844793	-1.0884609070651041	19.820091247558594	461.0
18863	-7.5572260422302175	-0.8676953715060948	20.06713104248047	461.0
18883	-7.247996608631637	-0.6967940896558813	20.12429428100586	461.0
18902	-7.212305800038243	-0.6594190868114826	19.941518783569336	461.0
18921	-7.093250174033668	-0.7824729178644021	19.776580810546875	457.0
18940	-7.132951300683608	-0.6382863577305129	19.87174415588379	457.0
18961	-6.923488083569717	-0.5183036769297767	20.030498504638672	457.0
18980	-7.057955022375938	-0.6159859597534065	20.274425506591797	457.0
18999	-7.341101989776826	-0.7694168589510029	20.11610221862793	457.0
19019	-7.65015168701512	-0.7327837054247157	20.039390563964844	457.0
19038	-7.824258155344357	-0.5461873301401623	20.060209274291992	457.0
19059	-7.798074195256982	-0.4181553870011747	20.11761474609375	457.0
19077	-7.815405217765961	-0.33740021494267186	20.103586196899414	457.0
19096	-7.877177318901607	-0.5084761028631531	20.12197494506836	457.0
19116	-7.921982464291225	-0.4107411336063393	20.051904678344727	455.0
19136	-7.950459336484061	-0.3554346903946661	20.013259887695312	455.0
19155	-7.752824824533833	-0.25503344215385426	19.87566375732422	455.0
19175	-7.364377675854089	-0.25665106434701074	19.9354305267334	455.0
19193	-7.437901068543537	-0.25345790186157574	19.90296173095703	455.0
19213	-7.417353405711757	-0.11302618670109152	19.9534854888916	455.0
19233	-7.551410258203902	-0.27376118039977315	20.124671936035156	455.0
19253	-7.730337878228188	-0.473729902356256	20.257301330566406	455.0
19274	-7.846629117237838	-0.610960132931317	20.23879051208496	455.0
19291	-7.878735639568984	-0.33348485121978183	20.278438568115234	455.0
19312	-7.9824698323443	-0.27325697520104847	20.398752212524414	455.0
19330	-7.91554086527875	-0.2746600792356152	20.57193374633789	454.0
19349	-7.779817652486524	-0.3350100089908255	20.67448616027832	454.0
19368	-7.616650960365354	-0.5735887251704316	20.601160049438477	454.0
19387	-7.604607693332926	-0.6777482864426364	20.3983211517334	454.0
19409	-7.604937262361652	-0.5529830386780039	20.182313919067383	454.0
19429	-7.588511947346852	-0.5374933666902993	20.15610694885254	454.0
19447	-7.676204850776586	-0.6237706768596588	20.16785430908203	454.0
19466	-7.676204850776586	-0.6237706768596588	20.16785430908203	454.0
19485	-7.5283543363460055	-0.4626195271852503	20.250600814819336	454.0
19505	-7.352931429327357	-0.19148984355843854	20.04256820678711	454.0
19525	-7.24705548197117	0.053065782128871496	20.073707580566406	454.0
19543	-7.363573831513005	-0.16159092585555365	20.290712356567383	454.0
19563	-7.288552384844151	-0.4958177542269859	20.539188385009766	454.0
19583	-7.199139404780378	-0.6766208397778671	20.704374313354492	454.0
19602	-7.398883668397357	-0.7027350158073004	20.64177894592285	454.0
19621	-7.5842063299205895	-0.8778775173683128	20.59993553161621	454.0
19641	-7.7868510347289055	-1.11185432440493	20.60341453552246	454.0
19660	-8.11091831464814	-1.3752809022484158	20.638153076171875	454.0
19679	-8.017120751896186	-1.2625642785870204	20.496910095214844	454.0
19700	-7.958790335211488	-1.1134848814881448	20.241037368774414	454.0
19719	-7.968681576065908	-0.6492622148564393	20.090599060058594	454.0
19738	-8.074700964790026	-0.37475958216802663	20.0728759765625	454.0
19757	-7.960076585015292	-0.17616879311891853	19.954940795898438	454.0
19778	-7.878995303032403	0.042088749816329915	19.769838333129883	454.0
19796	-7.76730966467159	-0.09104848725209229	19.704038619995117	454.0
19816	-7.611088917599982	-0.18796006275292634	19.7632999420166	454.0
19835	-7.600856203860108	-0.39019389422731865	19.828784942626953	454.0
19855	-7.629739953561092	-0.2907099154257469	19.91016387939453	454.0
19881	-7.633093409433414	-0.5748474298687696	19.824533462524414	454.0
19894	-7.577120562614933	-0.7488048045328597	19.869150161743164	454.0
19913	-7.914815861252675	-0.8644000131664012	19.794179916381836	454.0
19933	-7.974006474187816	-0.832699608811561	19.929534912109375	455.0
19952	-7.8541499894260545	-0.8628072299152456	19.900466918945312	455.0
19971	-7.896071201443936	-0.8546974702317068	19.802085876464844	455.0
19994	-7.671466915051914	-0.9440102163625426	19.855806350708008	455.0
20011	-7.64705107913341	-1.1257007632253637	19.83789825439453	455.0
20030	-7.402217545979331	-0.9876987089331628	19.921245574951172	455.0
20049	-7.193705071990877	-0.7608020533089203	19.842906951904297	455.0
20069	-7.168880078816851	-0.7991299292987671	19.947818756103516	455.0
20088	-7.208963415681758	-1.0518132484184302	19.904367446899414	455.0
20110	-7.233151518457971	-1.1616225441272627	20.03038787841797	455.0
20127	-7.233151518457971	-1.1616225441272627	20.03038787841797	457.0
20147	-7.224682013539666	-1.422779533977199	20.09981918334961	457.0
20168	-7.487786585436686	-0.9790586731467391	20.014562606811523	457.0
20186	-7.487786585436686	-0.9790586731467391	20.014562606811523	457.0
20205	-7.597399054823585	-0.7846497647986784	20.082599639892578	457.0
20225	-7.717153363425957	-0.7576294990845752	20.218881607055664	457.0
20244	-7.664928718956926	-0.6717599471824384	20.133766174316406	457.0
20264	-7.295107218071775	-0.7514990403179056	20.073225021362305	457.0
20283	-7.446678284072269	-0.7151194594287759	20.15005111694336	457.0
20303	-7.487618787123085	-0.5786605524789967	20.114734649658203	457.0
20322	-7.6334897012216425	-0.8074841693081249	20.154682159423828	459.0
20341	-7.301480647785873	-0.9198642245252728	20.276939392089844	459.0
20360	-7.296094791914436	-1.0324376718360893	20.277080535888672	459.0
20380	-7.570291110160606	-0.8591197707782069	20.101099014282227	459.0
20400	-7.578812001313828	-0.7614624607677135	20.34978485107422	459.0
20419	-7.883624158638682	-0.6806751427027485	20.44704246520996	459.0
20438	-7.828213231067197	-0.5621378513824883	20.2464599609375	459.0
20458	-8.011567873821035	-0.6361321234679888	20.164888381958008	459.0
20477	-7.888009586868068	-0.4731490261312655	20.06378746032715	459.0
20498	-8.195546302856496	-0.6597896199972655	20.021333694458008	459.0
20516	-7.963853632271647	-0.498305764235016	20.041677474975586	461.0
20536	-7.701031140591425	-0.5185680140110793	19.94379425048828	461.0
20555	-7.701210031979994	-0.5937876338070984	19.884357452392578	461.0
20574	-7.493214813391994	-0.64121724161113	20.058591842651367	461.0
20596	-7.532499868215549	-0.7299003430830967	19.82778549194336	461.0
20614	-7.538404235394073	-0.4110059305278485	19.73899269104004	461.0
20633	-7.820747388889386	-0.4876711513242274	19.74764633178711	461.0
20653	-7.4853894920653845	-0.599343592583545	19.695274353027344	461.0
