2	13.584720405455252	-9.647116372734827	-1.279752254486084	493.0
19	13.806429017574734	-9.518500945921607	-1.3861407041549683	493.0
38	13.82478600135717	-9.498416801399149	-1.5909806489944458	493.0
58	13.937253209819739	-9.256232345599315	-1.5686523914337158	493.0
78	13.691128600013897	-9.477937641439645	-1.5058882236480713	490.0
101	13.935785546728088	-9.377641033753031	-1.4455289840698242	490.0
116	13.898100269267935	-9.368337296659922	-1.2990949153900146	490.0
137	13.85852529698839	-9.30639875271967	-1.1355903148651123	490.0
155	14.08199023203541	-9.269295981960836	-0.7629007697105408	490.0
175	14.122224653202636	-9.192585689061872	-0.5873132944107056	490.0
197	14.159778824774	-9.057001421884094	-0.48245060443878174	490.0
219	14.025063235340198	-9.296705354306326	-0.4493086338043213	490.0
235	13.986744640688707	-9.18685615193478	-0.25155913829803467	490.0
252	14.074484640311075	-9.307682267702305	-0.2132713794708252	490.0
272	13.880947961811678	-9.268836462012631	-0.18138563632965088	488.0
291	13.91607828533541	-9.22344482445457	-0.3459826707839966	488.0
311	13.89496461108066	-9.272090882772376	-0.5616680383682251	488.0
330	13.760962423880509	-9.492157288957674	-0.6098951101303101	488.0
351	13.631824083657369	-9.643812601502102	-0.5777256488800049	488.0
370	13.538130413800125	-9.602427916567313	-0.43765389919281006	488.0
389	13.53417638742802	-9.402763612803218	-0.2516680955886841	488.0
409	13.30020873045316	-9.549452357089821	-0.3235645294189453	488.0
428	13.329671212454517	-9.637027635008314	-0.5952053070068359	488.0
447	13.246011011912334	-9.611380142920074	-0.5568876266479492	488.0
467	13.13069584962299	-9.573108146504817	-0.7184675931930542	486.0
486	13.075991939961407	-9.373679726213712	-0.7751153707504272	486.0
505	12.977002523689375	-9.384801467942157	-0.7105814218521118	486.0
526	12.953859235365744	-9.338281807006677	-0.645627498626709	486.0
546	12.986532453337748	-9.474812749346999	-0.7186079025268555	486.0
565	13.062601984531764	-9.272832903510583	-0.6948459148406982	486.0
582	13.251774948426139	-9.206941744975238	-0.7058897614479065	486.0
603	13.459359700216654	-9.144601959588062	-0.8093991875648499	486.0
622	13.610740619030905	-8.964203894431023	-0.7223999500274658	486.0
641	13.510637742964722	-8.991763824907304	-0.7940129637718201	486.0
663	13.748356888373424	-8.863424706542457	-0.7911491394042969	486.0
683	13.85061197780379	-8.986153234883837	-0.7804849743843079	485.0
701	13.85061197780379	-8.986153234883837	-0.7804849743843079	485.0
721	14.17073782761676	-8.91477209521135	-0.7820681929588318	485.0
739	14.044797573725653	-8.957710255830184	-0.9188269376754761	485.0
759	13.827565548278214	-8.930255523067364	-0.8846001625061035	485.0
781	13.618430043564075	-9.289644359425106	-0.966718316078186	485.0
798	13.485076586160652	-9.427780354331366	-1.0440618991851807	485.0
817	13.519166803158587	-9.491266851782092	-1.0454111099243164	485.0
836	13.4577918392769	-9.699596806293236	-0.887809693813324	485.0
856	13.40431675798093	-9.579954931985435	-0.9003971219062805	485.0
875	13.200649322808642	-9.562761515457272	-0.931860625743866	485.0
895	13.317135000333533	-9.539006845941172	-0.830630898475647	485.0
916	13.467519413963867	-9.685344519314699	-0.8532565832138062	485.0
933	13.454398199789503	-9.388520088766612	-0.8009918332099915	485.0
953	13.457165188954141	-9.374355023894259	-0.8724454045295715	485.0
973	13.535376283003336	-9.369336685197602	-0.8881239295005798	485.0
993	13.370665794521507	-9.305281765274964	-0.9893091917037964	485.0
1012	13.222175835466455	-9.485307769382628	-0.930687427520752	485.0
1032	13.31653462443613	-9.58304815867429	-1.0215764045715332	485.0
1050	13.523528261390911	-9.525109031213812	-1.2191216945648193	485.0
1070	13.374102339482382	-9.570691307279725	-1.242344617843628	485.0
1090	13.316716249146243	-9.773139787676877	-1.2388789653778076	485.0
1108	13.410305837605957	-9.937472157239961	-1.148085117340088	485.0
1128	13.468938532302415	-9.879141987382985	-0.9256909489631653	485.0
1148	13.562222446489933	-9.947266553173106	-1.0657951831817627	485.0
1167	13.861794201194169	-9.952401649425152	-1.158064842224121	485.0
1187	13.655587227536389	-9.932473501541757	-1.1473318338394165	485.0
1206	13.614597882868747	-10.214952056441978	-1.0631904602050781	485.0
1225	13.712543368621967	-10.07911313172494	-1.0818758010864258	485.0
1245	13.863356148896019	-10.155849870882673	-1.0006427764892578	485.0
1264	13.78992803630149	-10.107780861223452	-0.9469367265701294	485.0
1285	14.069007425231192	-10.284254343802669	-1.0256421566009521	485.0
1303	14.106033381368427	-10.189170908291501	-0.733451247215271	485.0
1322	14.145814585437119	-10.029572803125296	-0.5044187307357788	485.0
1342	14.144853674267504	-10.079703676563195	-0.37008535861968994	485.0
1362	14.047828190015018	-10.083878889245657	-0.3487356901168823	485.0
1383	14.1361486151139	-10.145338065756475	-0.3193308115005493	485.0
1401	13.893190481696392	-10.061320573020701	-0.41235804557800293	485.0
1421	13.898875007041257	-9.99429167362779	-0.5693161487579346	485.0
1439	13.898875007041257	-9.99429167362779	-0.5693161487579346	485.0
1458	13.56419459171513	-10.09901046706231	-0.7033778429031372	485.0
1479	13.399741296873126	-10.14112568203028	-0.744987964630127	485.0
1498	13.190286073377335	-10.239108671025516	-0.7912073135375977	485.0
1517	13.278546147996895	-10.245913229523547	-0.7307989597320557	485.0
1536	13.198930761325634	-10.136497918739947	-0.7094658613204956	485.0
1557	12.980979410460165	-10.219663701015293	-0.5088741779327393	485.0
1576	13.123308461457086	-10.263390280276392	-0.46487534046173096	485.0
1596	12.997303086698476	-10.44497248228366	-0.8242799043655396	485.0
1616	12.743163489677093	-10.450350998412302	-0.8619940280914307	485.0
1636	12.766769746088233	-10.427316860456395	-0.8733320236206055	485.0
1653	12.518993532913182	-10.498161533382962	-0.8033547401428223	485.0
1673	12.416694368764555	-10.558302224383938	-0.8259854316711426	485.0
1692	12.335706486578397	-10.70426446073066	-0.5856978893280029	485.0
1712	12.312281806405544	-10.745306696952504	-0.7689942121505737	485.0
1730	12.306513792956281	-10.937154966312747	-0.963735818862915	485.0
1752	12.322314826370917	-10.984027745756062	-0.5169416666030884	485.0
1769	12.581981402397542	-11.11685548417771	-0.44470369815826416	485.0
1790	12.621337474384399	-11.293826243041279	-0.4258890151977539	485.0
1809	12.83480473852071	-11.273434451295618	-0.4196922779083252	485.0
1829	12.67032522768555	-11.417335793138301	-0.19918549060821533	485.0
1848	12.615851798875816	-11.521832948785816	0.023447275161743164	485.0
1869	12.423556945704618	-11.600015536437834	0.29730021953582764	485.0
1887	12.22922775887892	-11.521358315878791	0.6803221702575684	485.0
1907	12.260180465796928	-11.530878183028609	0.6452233791351318	485.0
1925	11.99171457452391	-11.558125171065246	0.82698655128479	485.0
1945	11.72201841416529	-11.636526843233478	0.8425939083099365	485.0
1964	11.526456696742423	-11.872577177233174	0.9382376670837402	485.0
1985	11.51427136548266	-11.925086560553591	0.9166836738586426	485.0
2006	11.312348876129304	-12.08568720995342	0.8252346515655518	485.0
2022	11.25759646064161	-12.131430365298279	0.9180583953857422	485.0
2042	11.057600074713164	-12.223405088295937	0.9126341342926025	485.0
2062	10.836774295784172	-12.344952455321884	0.9842624664306641	485.0
2082	10.858800000862901	-12.37557944929967	0.9825127124786377	485.0
2102	10.668758052577523	-12.542481177252803	1.1602318286895752	485.0
2122	10.668758052577523	-12.542481177252803	1.1602318286895752	485.0
2141	10.562509369641417	-12.84676232532463	1.1730191707611084	485.0
2159	10.44932779165584	-13.039310193019501	1.4344472885131836	485.0
2178	10.526507857138387	-13.160223546814546	1.7636075019836426	485.0
2197	10.35645791533763	-13.542896679721512	1.9196631908416748	485.0
2217	10.344564571999523	-13.876316667048593	2.0520758628845215	485.0
2237	10.247886353618757	-13.93160203098491	2.0025675296783447	485.0
2258	10.336171166752205	-14.352280202401813	1.997241735458374	485.0
2276	10.545943046827633	-14.435708967449406	1.8671956062316895	485.0
2296	10.63203719683645	-14.523608847979514	2.0547375679016113	485.0
2314	10.621115625921886	-14.607682732460654	2.3919146060943604	485.0
2335	10.710670829208784	-14.79531731554684	2.792479991912842	485.0
2355	10.738167873755971	-14.836134053171895	3.0421206951141357	485.0
2374	11.071839605929826	-14.782077727576906	3.1784884929656982	485.0
2393	11.303629137491109	-15.028013107768817	3.628795623779297	485.0
2412	11.4050903319179	-14.976528836174245	3.835892915725708	485.0
2431	11.636391045877613	-14.9415495313781	4.239093780517578	485.0
2451	11.630228174934885	-15.065506977972092	4.336803913116455	485.0
2470	11.706674311407562	-15.115879504330263	4.332635879516602	485.0
2490	11.838793634114992	-15.10189224036574	3.9328904151916504	485.0
2510	12.032177246045432	-15.166333139962514	3.774807929992676	485.0
2529	11.7872401689435	-15.148424624927685	3.285074234008789	485.0
2549	11.9452333073511	-15.14856729628914	2.954589605331421	485.0
2568	12.000887250116495	-14.95588565590555	2.7662672996520996	485.0
2588	12.09677569695701	-14.889964969967199	2.7166216373443604	485.0
2607	12.287330275312943	-14.656445228134055	2.7330780029296875	485.0
2625	12.438219227767934	-14.675968162247656	2.6007931232452393	485.0
2645	12.351179044407262	-14.562083638399653	2.4387929439544678	485.0
2665	12.502205004007301	-14.348297725019219	1.955559253692627	485.0
2685	12.741081149275173	-14.08825427129656	1.8408019542694092	485.0
2704	12.794317949633351	-13.944074173418224	1.669489860534668	485.0
2724	12.823910025543011	-13.735747559676716	1.6972715854644775	485.0
2742	12.747999048787795	-13.583516276779948	1.5215730667114258	485.0
2761	12.690274427483564	-13.536621900389076	1.2260279655456543	485.0
2782	12.7148397324724	-13.138071399002033	0.6792550086975098	485.0
2802	12.5497721313466	-13.050052297403605	0.4005286693572998	485.0
2822	12.47740615604839	-12.783741869852326	0.2019786834716797	485.0
2841	12.47740615604839	-12.783741869852326	0.2019786834716797	485.0
2860	12.444359653978399	-12.732229211877371	0.16181397438049316	485.0
2879	12.37573378679466	-12.359294596965	-0.15949463844299316	486.0
2898	12.274876453895317	-12.076501048561042	-0.2671844959259033	486.0
2917	12.3060246642007	-11.788486828482833	-0.5454955101013184	486.0
2937	12.199944290694635	-11.443716572537424	-0.5524660348892212	486.0
2960	12.144191786261723	-11.239014353469262	-0.5718625783920288	486.0
2977	12.299678861499284	-10.694730576750956	-0.7501753568649292	486.0
2995	12.417031507075896	-10.471622285520716	-0.4783289432525635	486.0
3015	12.49659994548444	-10.271616237042952	-0.5754960775375366	486.0
3034	12.532988521539444	-10.067248440937462	-0.41148805618286133	486.0
3053	12.7504725040025	-10.18946057724368	-0.6090279817581177	486.0
3073	12.742823532084548	-10.1986835554134	-0.6147139072418213	487.0
3093	12.891537162734517	-10.025222832073071	-0.590201735496521	487.0
3113	13.00730509210433	-10.035126195962173	-0.5575782060623169	487.0
3133	13.103386577977087	-10.086302773512132	-0.4680616855621338	487.0
3151	13.064649775693573	-10.15316446917886	-0.7049001455307007	487.0
3170	13.303674323463001	-9.958764815985496	-0.5472774505615234	487.0
3190	13.222031890961087	-9.89391903666487	-0.44072961807250977	487.0
3209	13.144282532383935	-9.792009213601139	-0.486446738243103	487.0
3230	13.350981182991868	-9.648412015957494	-0.3910254240036011	487.0
3249	13.346617245894109	-9.710541119690474	-0.7061253786087036	487.0
3268	13.43706527558794	-9.621913522299446	-0.6402695178985596	488.0
3287	13.636958506531935	-9.664369529577492	-0.26328229904174805	488.0
3306	13.680819986879246	-9.815405247226492	-0.05968821048736572	488.0
3327	13.66672369940883	-10.081546872329174	-0.15909862518310547	488.0
3346	13.792070399804937	-10.209703301048348	-0.54509437084198	488.0
3365	13.910666090283874	-10.00702016861788	-0.6039201021194458	488.0
3384	13.739972378874713	-10.093598737941416	-0.8680548667907715	488.0
3403	13.8909739282177	-10.080262978944173	-0.8473962545394897	488.0
3422	13.76166778157998	-10.230447158773996	-0.507538914680481	488.0
3446	13.64810676492022	-10.17574931841943	-0.6368086338043213	488.0
3462	13.669808307312223	-9.989972579348779	-0.6908234357833862	489.0
3481	13.613754672085895	-9.881546008295736	-0.7577720880508423	489.0
3501	13.613754672085895	-9.881546008295736	-0.7577720880508423	489.0
3522	13.476307153651593	-10.003284902043724	-0.7405071258544922	489.0
3543	13.476307153651593	-10.003284902043724	-0.7405071258544922	489.0
3560	13.4349625699166	-9.851811633427028	-0.6471402645111084	489.0
3583	13.456254517923957	-9.76934004136086	-0.5105603933334351	489.0
3598	13.727047422160245	-9.546469610538512	-0.82001793384552	489.0
3617	13.787659908446093	-9.50385941155139	-1.1899409294128418	489.0
3637	13.903283332624316	-9.422385519560068	-1.2343379259109497	489.0
3657	13.809377245129987	-9.427533926871877	-1.0034267902374268	489.0
3677	13.89968573528056	-9.51402039360331	-0.8807231783866882	489.0
3697	14.16512994961172	-9.275959013987796	-0.7518885135650635	489.0
3716	14.148243134478525	-9.164328980812778	-0.7137910723686218	489.0
3735	13.994771470587464	-9.192126734329683	-0.8634127974510193	489.0
3754	13.838324839748424	-9.307310005014513	-0.869434654712677	489.0
3774	13.815156886162642	-9.295300720467955	-0.5524705648422241	489.0
3793	13.832399200339514	-9.169243206313471	-0.6896077394485474	489.0
3813	13.927496370955021	-8.970522433981056	-0.8945432305335999	489.0
3832	13.833628806037156	-8.930761258217716	-0.9124528169631958	489.0
3851	13.719660665963172	-9.03618116754207	-0.9408041834831238	489.0
3871	13.809409432028618	-9.277202953620042	-0.864908754825592	490.0
3890	13.957508432149302	-9.237321957278265	-0.799009382724762	490.0
3909	13.935171439373509	-9.217970534496857	-0.745068371295929	490.0
3930	13.89411328434933	-9.14686039853427	-0.6837706565856934	490.0
3949	13.758027005496231	-9.29067842874788	-0.6714082956314087	490.0
3969	13.73923885377532	-9.318032309191013	-0.6366170644760132	490.0
3988	13.552129109940289	-9.177207306686977	-0.7385504245758057	490.0
4010	13.533603265630395	-9.112573663035525	-0.7545143961906433	490.0
4026	13.324587937562125	-9.261805947880871	-0.6268515586853027	490.0
4046	13.419065496367779	-9.247296237680567	-0.3913801908493042	490.0
4065	13.384837127355329	-9.050109905991981	-0.5303539037704468	492.0
4084	13.4217179772947	-9.106203804321265	-0.7481329441070557	492.0
4104	13.593113279820296	-9.21347059864603	-0.5767072439193726	492.0
4125	13.553539112379243	-9.408642887778855	-0.5393702983856201	492.0
4144	13.94485820532311	-9.551438051041474	-0.5311774015426636	492.0
4162	13.92563671949944	-9.574186658764235	-0.6057853698730469	492.0
4182	13.965687870557732	-9.375472923217849	-0.758890688419342	492.0
4202	13.926660668498025	-9.55147989371526	-0.7237364053726196	492.0
4223	13.906531535323689	-9.540403300773225	-0.45155787467956543	492.0
4241	13.905995289719987	-9.483154889556443	-0.3557734489440918	492.0
4263	13.851000369154875	-9.464514410696719	-0.6647683382034302	492.0
4280	13.851000369154875	-9.464514410696719	-0.6647683382034302	493.0
4299	14.079772692455549	-9.402007854010444	-0.9269160032272339	493.0
4318	13.989594687156385	-9.320633462978599	-0.9402124881744385	493.0
4338	14.159592452060371	-9.279809343748541	-0.862878680229187	493.0
4357	14.441410686238568	-9.161365036688553	-0.7070366740226746	493.0
4377	14.366246775797118	-8.915685555652866	-0.9084826111793518	493.0
4397	14.585004456520899	-9.168173083188591	-0.8177695274353027	493.0
4415	14.754433134496407	-9.118202475311843	-1.0030632019042969	493.0
4435	14.742535651955254	-8.890924507313436	-0.8709575533866882	493.0
4454	14.578887463597404	-8.808474365957203	-0.7660645246505737	493.0
4474	14.260178781656176	-8.872896678198089	-0.7942649126052856	494.0
4496	14.110541958978137	-8.914703750812773	-0.6585234999656677	494.0
4513	14.052576951621464	-8.940266984967154	-0.8365938067436218	494.0
4532	14.164855914841512	-8.984611838666241	-0.7188839912414551	494.0
4552	13.9412912320619	-8.797145989008312	-0.8850460052490234	494.0
4571	13.718041000825114	-8.953882201187826	-0.6168758869171143	494.0
4591	13.739137935438864	-8.96434009459277	-0.5507065057754517	494.0
4609	13.817505168598728	-8.8252955240801	-0.5680713653564453	494.0
4629	13.83747358864326	-8.845863845349815	-0.5415953397750854	494.0
4649	13.895827044299956	-8.700575294457401	-0.6097297668457031	494.0
4668	13.970824097919929	-8.748486599569715	-0.45380163192749023	494.0
4688	13.896616210783318	-8.601105473559251	-0.4075063467025757	494.0
4707	14.008225751020849	-8.583926435816116	-0.40696775913238525	494.0
4728	14.158668249400984	-8.604407031297589	-0.5112768411636353	494.0
4747	14.103277341936282	-8.608416181996741	-0.7979625463485718	494.0
4766	13.894887232370719	-8.861092657855297	-0.8617336750030518	494.0
4787	14.213092321740925	-8.938908289881763	-0.8940021991729736	494.0
4804	14.152026168123292	-9.130930223565692	-0.9931666851043701	494.0
4825	13.891707164048816	-9.07106837979007	-0.8741353154182434	494.0
4846	13.742387410312132	-9.152843789026976	-0.8026515245437622	494.0
4866	13.931015820635984	-9.184197052896032	-0.7346579432487488	494.0
4883	13.856063678811877	-9.058975500057155	-0.7897931933403015	494.0
4901	14.080095159914825	-9.163876375100728	-0.5558316707611084	494.0
4922	14.196488242648682	-8.919302836308916	-0.5524661540985107	494.0
4952	14.105484412225739	-8.804695018336945	-0.5508848428726196	494.0
4961	14.23839277867148	-8.77809123314623	-0.5046135187149048	494.0
4981	14.23839277867148	-8.77809123314623	-0.5046135187149048	494.0
4999	14.497137323557341	-8.957556150846438	-0.7768573760986328	494.0
5018	14.64543960974279	-9.011358451590882	-0.8231581449508667	494.0
5038	14.382714736244129	-9.050130516051608	-0.7022002935409546	494.0
5058	14.344770774592183	-9.008363702625498	-0.6213860511779785	494.0
5077	14.305131405794356	-8.948466308449259	-0.7415338158607483	493.0
5099	14.338985278953372	-9.184867940688	-0.5948219299316406	493.0
5116	14.317447490799536	-9.346396397690413	-0.5455809831619263	493.0
5135	14.224124489720548	-9.242796333403959	-0.7030404806137085	493.0
5154	14.058916948966294	-9.2051789970711	-0.3672976493835449	493.0
5174	14.054453430906078	-9.257893590324246	-0.48471760749816895	493.0
5194	14.029993783382366	-9.346137640300496	-0.7359268069267273	493.0
5213	14.027529285792776	-9.463646909858547	-0.7266657948493958	493.0
5233	13.727824920701249	-9.41428665888127	-0.7689430117607117	493.0
5251	13.674085532186565	-9.310561999135913	-0.8179256319999695	493.0
5272	13.825813084772523	-9.212661111573562	-0.852615475654602	493.0
5290	13.753144191751431	-9.130212618777854	-0.8828753232955933	493.0
5311	13.866268452805095	-8.9775209750767	-1.005437970161438	493.0
5332	13.734737478526872	-8.960092002611427	-0.8812770843505859	493.0
5349	13.864861558398081	-9.017371519044076	-0.796973705291748	493.0
5368	14.016348853616844	-8.832746149681876	-0.8895697593688965	493.0
5387	13.978907946116097	-8.896448688883693	-0.8410247564315796	493.0
5408	13.979927574106409	-8.915964515844442	-0.7276337742805481	493.0
5427	13.963310577321284	-8.786803417369974	-0.8070105314254761	493.0
5446	14.017256103508142	-8.960985436544004	-0.7839101552963257	493.0
5466	13.848577490915515	-8.975937387947093	-0.7859509587287903	493.0
5486	14.03849417406119	-8.872483005861021	-0.7575792074203491	493.0
5505	13.978667023914944	-8.90542404622613	-0.8882975578308105	493.0
5525	13.862521731369508	-9.037751919403826	-0.8781722187995911	493.0
5544	13.971441716349535	-9.260659613609064	-0.8273820281028748	493.0
5565	14.078797161878546	-9.375552838621141	-1.0736839771270752	493.0
5583	14.038083170259505	-9.588217240400368	-1.060142159461975	493.0
5601	14.19265460086487	-9.472695465577438	-0.964667558670044	493.0
5621	14.378434530679124	-9.553905537006347	-0.9423040151596069	493.0
5642	14.393400222971579	-9.677486335572093	-0.8924964666366577	493.0
5663	14.246759398727454	-9.584500873887206	-0.763362467288971	493.0
5680	14.246759398727454	-9.584500873887206	-0.763362467288971	493.0
5702	14.343609624443916	-9.367433484337624	-0.8155722618103027	493.0
5719	14.343609624443916	-9.367433484337624	-0.8155722618103027	493.0
5740	14.306942816488434	-9.309481546115796	-0.810544490814209	493.0
5758	14.121729584537126	-9.201682531235353	-0.7569671869277954	493.0
5777	14.022074415231781	-9.444675624077846	-0.7890125513076782	493.0
5797	13.981401745377124	-9.42756839932224	-0.904839277267456	493.0
5818	13.83030121813098	-9.34439247537099	-1.0483753681182861	493.0
5835	14.145006864853444	-9.500642659282203	-1.0665128231048584	493.0
5855	14.110448241538338	-9.300558814433206	-1.1251707077026367	493.0
5875	14.108033040100668	-9.52266441226078	-1.0578277111053467	493.0
5894	13.905080401650512	-9.31826190719162	-1.119034767150879	493.0
5914	14.018389088359633	-9.254259518457989	-1.0730993747711182	493.0
5933	14.059655391608981	-8.98479998311185	-1.0032780170440674	493.0
5959	14.041497974108621	-8.932921513097977	-0.886160135269165	493.0
5976	14.151504673299932	-8.934579788216253	-1.0063164234161377	493.0
5991	13.946855413149555	-8.895996328823895	-0.981071949005127	493.0
6011	14.06275110027156	-8.937855246966302	-0.7397961616516113	493.0
6031	14.120434496650958	-8.733720176892808	-0.9101949334144592	493.0
6049	14.474222079141065	-8.903321853766714	-0.8413342237472534	493.0
6069	14.474004424305539	-8.955115429775665	-0.8733015060424805	494.0
6088	14.456690903862865	-8.92808401149361	-0.9182254672050476	494.0
6108	14.379592055351223	-9.040279380277974	-0.9240300059318542	494.0
6126	14.400908816766771	-9.172183456644717	-0.7004245519638062	494.0
6146	14.41163487791888	-8.953146484557065	-0.6119567155838013	494.0
6167	14.389113652514208	-9.014699145637781	-0.6579486131668091	494.0
6185	14.34988110099284	-9.246046074328278	-0.2557154893875122	494.0
6205	14.130360883559675	-9.254657856459348	-0.2335662841796875	494.0
----------------출발----------------
6224	14.072937280097037	-9.17538422290256	-0.21269559860229492	494.0
6243	14.052640699341739	-9.262002011435003	-0.29215896129608154	494.0
6263	14.207783846238618	-9.101328139440657	-0.35234594345092773	495.0
6283	14.110048018278713	-9.05211815264033	-0.42199814319610596	495.0
6303	14.23634123106757	-9.203620211901757	-0.4771078824996948	495.0
6322	14.03287246109855	-9.12863094450543	-0.3619905710220337	495.0
6341	13.886166764240082	-8.901225675374112	-0.7383828163146973	495.0
6361	13.865871318516925	-8.817342922323865	-0.9448900818824768	495.0
6382	13.915900954990043	-8.838362258696163	-0.9212825298309326	495.0
6400	13.915900954990043	-8.838362258696163	-0.9212825298309326	495.0
6419	13.915776384074611	-8.836554548049811	-0.9403082728385925	495.0
6438	13.780593995913081	-9.041869986018	-0.9447369575500488	495.0
6458	13.879360662994083	-9.02459713476778	-0.7183202505111694	495.0
6476	13.713219503180117	-8.929933701537127	-0.8202911019325256	496.0
6496	13.861878991113008	-8.79615653591715	-1.0652499198913574	496.0
6515	13.934753095807176	-8.86234266292612	-1.1232140064239502	496.0
6537	13.942365376871846	-8.760789369675626	-0.9184718728065491	496.0
6555	13.845670409693351	-8.907712341488228	-1.0255420207977295	496.0
6575	13.737363957593416	-8.828227021372046	-1.0067695379257202	496.0
6594	13.624952988744308	-8.677661786312083	-1.1837115287780762	496.0
6613	13.507157733255966	-8.756966463595157	-1.4686856269836426	496.0
6636	13.48543768405432	-8.746483566249049	-1.7330304384231567	496.0
6653	13.294148726812514	-8.930980014005636	-1.8454432487487793	496.0
6672	13.112320929500399	-8.810425855375113	-1.639232873916626	497.0
6692	13.073154712166449	-9.012287538488133	-1.5609736442565918	497.0
6712	13.092743083016913	-8.931361217596391	-1.691712498664856	497.0
6730	13.219061456092252	-9.116644925140022	-1.9428493976593018	497.0
6753	13.220055978143577	-9.153714641260374	-1.9372774362564087	497.0
6771	13.110491616265573	-9.084449377285608	-1.8757281303405762	497.0
6789	13.109284663971103	-9.28078569641745	-1.7305201292037964	497.0
6808	13.050568218500937	-9.312450492320403	-1.7730177640914917	497.0
6827	13.121480201713519	-9.534407640215877	-1.7186554670333862	497.0
6847	13.117305778388058	-9.49861639054728	-1.9380652904510498	497.0
6867	12.870275602964206	-9.613162498109345	-1.9216210842132568	497.0
6886	12.741682194928002	-9.556220594157153	-1.7019798755645752	497.0
6904	12.87345961336952	-9.526989365987493	-1.570862889289856	497.0
6925	12.91266717651433	-9.307627528131938	-1.5409536361694336	497.0
6945	12.68375269663263	-9.27473311203782	-1.719653606414795	497.0
6964	12.606235926054461	-9.489704344026654	-1.4757798910140991	497.0
6982	12.413658302408136	-9.562853759305167	-1.6958168745040894	497.0
7003	12.229638850550845	-9.371098041471408	-1.6832599639892578	497.0
7023	12.076812235023658	-9.350398716179617	-1.897916316986084	497.0
7041	12.113880435376744	-9.181618623168387	-2.1125376224517822	497.0
7061	11.715185975229804	-9.304636313534846	-2.3470685482025146	497.0
7081	11.715185975229804	-9.304636313534846	-2.3470685482025146	497.0
7101	11.370338218405095	-9.627537377674432	-2.7403993606567383	497.0
7123	11.370338218405095	-9.627537377674432	-2.7403993606567383	497.0
7140	11.227428053924449	-9.403375530947926	-2.896164655685425	497.0
7157	11.323182909895214	-9.344417834575435	-2.8156538009643555	497.0
7177	11.147258363184731	-9.59047319307226	-2.9290542602539062	497.0
7197	11.22052336425089	-9.695134162831835	-2.987123966217041	497.0
7215	10.993614497076907	-9.96569228726863	-3.137455940246582	497.0
7240	10.864330981670713	-9.884332367733013	-3.15437388420105	497.0
7255	10.766161666057135	-9.801882967705563	-3.334148406982422	497.0
7285	10.725006791519396	-9.700684143263468	-3.3955161571502686	497.0
7294	10.663225825899545	-9.605066168537325	-3.7074975967407227	497.0
7314	10.323678234999075	-9.436197671626504	-4.153513431549072	497.0
7333	10.305140881446253	-9.314852757834828	-4.48729133605957	497.0
7353	10.13985819985635	-9.211944091382884	-4.440596103668213	497.0
7371	9.974394318556486	-9.124847159422735	-4.536256790161133	497.0
7392	10.12657069603645	-9.292136486768992	-4.617049217224121	497.0
7412	9.87025286952129	-9.177333162639048	-4.3858137130737305	497.0
7430	9.867468951931132	-9.224149685330435	-4.440659046173096	497.0
7451	9.751525976254749	-9.350018591411128	-4.443073749542236	497.0
7472	9.826748209702684	-9.331209629813845	-4.409493446350098	497.0
7489	9.656018459436877	-9.262880147052858	-4.426020622253418	497.0
7508	9.65164077723354	-9.155693058549948	-4.610280990600586	497.0
7528	9.367000004201824	-9.124161745183072	-4.687145709991455	497.0
7547	8.932531207848514	-9.066273861513702	-4.818449020385742	497.0
7567	8.832728638595537	-9.199396807463241	-5.108732223510742	497.0
7585	8.684696000485332	-9.130546016268081	-5.253059387207031	497.0
7606	8.457270431368514	-9.000777597981777	-5.461922645568848	497.0
7625	8.295504235470721	-9.128533675267239	-5.566336631774902	497.0
7644	8.329931497261223	-9.055410337761492	-5.698078155517578	497.0
7664	8.267331611345382	-9.214135449298405	-5.985087871551514	497.0
7683	8.354056915211913	-9.171060514328081	-5.999237537384033	497.0
7702	8.458465791901034	-9.18895068030614	-6.032332897186279	497.0
7722	8.493395304816787	-8.98184728416115	-6.211987018585205	497.0
7745	8.382399280417358	-8.89864199733308	-6.390052318572998	497.0
7761	8.480981300106048	-8.811821540292135	-6.562112331390381	497.0
7782	8.485178684267517	-8.638785121177456	-6.500846862792969	497.0
7801	8.410465474033172	-8.372727646032038	-6.513479709625244	497.0
7820	8.410465474033172	-8.372727646032038	-6.513479709625244	497.0
7840	8.046308942980401	-8.133917230339058	-6.406952857971191	497.0
7865	8.063990117856015	-8.069786781279936	-6.621335983276367	497.0
7877	7.960836195241617	-7.8359228481289405	-6.505843162536621	497.0
7898	8.206536878201062	-7.745797387635761	-6.316060543060303	497.0
7917	8.296127440610146	-7.709923155140327	-6.444573402404785	497.0
7936	8.24235016260538	-7.649916914284394	-6.451512813568115	497.0
7959	8.316965551997358	-7.542838667307282	-6.6583452224731445	497.0
7981	8.152531546783488	-7.783813175783893	-6.90499210357666	497.0
7994	8.326443521133207	-7.849545555330913	-6.983466625213623	497.0
8014	8.235116071537009	-7.8142268552223	-6.985378265380859	497.0
8034	8.023066829105405	-7.791183177164827	-7.123873710632324	497.0
8052	7.772057733671601	-7.716795769253507	-7.29008674621582	497.0
8075	7.449752668559027	-7.666673430635766	-7.263304233551025	497.0
8093	7.25285962755538	-7.458019053146252	-7.249880313873291	497.0
8111	7.092231689110523	-7.4461333357764055	-6.946521759033203	497.0
8132	7.106112147413657	-7.196076921092695	-6.7550554275512695	497.0
8152	7.200296993119343	-6.888241150512025	-6.683870315551758	497.0
8169	7.1048418231027926	-6.620071852231623	-6.424499034881592	497.0
8189	7.194636974904798	-6.208512365926552	-6.168826580047607	497.0
8210	6.974794046223679	-5.949294527426732	-6.110706806182861	497.0
8227	6.876297548012367	-5.5484478539697015	-6.160903453826904	497.0
8247	6.91643449052873	-5.390111007987571	-5.978976249694824	497.0
8267	6.6384808433490665	-5.199597497796918	-6.098915100097656	497.0
8286	6.348308693834738	-5.099482198550627	-6.168808937072754	497.0
8306	6.088008630203672	-4.979467591336549	-5.859357833862305	497.0
8326	5.893014694282162	-4.872647104942184	-5.829334259033203	497.0
8345	5.603844457078117	-4.878483838640856	-6.0695600509643555	497.0
8364	5.439285243458946	-4.794033734064648	-5.898643493652344	497.0
8383	5.274358749518346	-4.782848537543912	-5.544528484344482	497.0
8403	5.036955226080589	-4.776122764062401	-5.487354278564453	497.0
8422	4.899526274485428	-4.61279299213377	-5.428746223449707	497.0
8443	4.573516791432316	-4.435171332165847	-5.149982452392578	497.0
8461	4.0343296547586815	-4.324227744825417	-5.229645729064941	497.0
8483	4.089675482825516	-4.134175442988275	-5.224587440490723	497.0
8501	4.048523919251471	-3.932522046240151	-5.244051933288574	497.0
8520	4.048523919251471	-3.932522046240151	-5.244051933288574	497.0
8541	3.989358327275413	-4.002522238036208	-5.321704864501953	497.0
8562	3.7345924859790123	-3.777348740724831	-5.420905590057373	497.0
8580	3.4554546274449507	-3.6499280591418337	-5.292824745178223	497.0
8597	3.021203111993542	-3.6253827619633823	-5.1416449546813965	497.0
8617	3.04805289354774	-3.4070754427936105	-5.228109836578369	497.0
8636	2.9311537655332116	-3.3402739236313264	-5.114793300628662	497.0
8656	2.5150273910195864	-3.1302170504461264	-5.208831787109375	497.0
8675	2.229069952608378	-2.9269451544175427	-5.019059658050537	497.0
8695	1.8510444166376012	-2.5572595450602247	-4.895812511444092	497.0
8716	1.7550853223234215	-2.3856318637919736	-4.883314609527588	497.0
8733	1.7587795481980353	-2.0736241845404466	-5.017522811889648	497.0
8754	1.7699099576075936	-1.7633222268311115	-4.953347682952881	497.0
8773	1.3229669542924272	-1.584378978549469	-4.710179805755615	497.0
8796	0.9483947676100045	-1.3775911200271207	-4.817126274108887	497.0
8811	0.5970879264336619	-1.267422462422205	-4.782158851623535	497.0
8832	0.18772816017646723	-1.21753527404716	-4.719944477081299	497.0
8850	-0.03549358486201297	-1.14014531345847	-4.7578043937683105	497.0
8871	-0.555134592363825	-1.0859839515574956	-4.921429634094238	497.0
8891	-1.1677221947002532	-1.0816849957125825	-5.006014347076416	497.0
8909	-1.542389243904513	-0.8708028088772841	-5.279256343841553	497.0
8930	-1.8463350134812342	-0.9087651601063087	-5.472634315490723	497.0
8948	-2.2206673315589542	-0.725027111849875	-5.2949018478393555	497.0
8967	-2.632258591755448	-0.7969440389347457	-5.251067638397217	497.0
8986	-3.003886406606031	-0.6402737123737683	-5.592422962188721	497.0
9007	-3.325864600432244	-0.7222901014553368	-5.753488063812256	497.0
9025	-3.4076693252463595	-0.6745668431366303	-5.753299236297607	497.0
9044	-3.621966341834323	-0.44703537276117056	-5.721127033233643	497.0
9064	-3.999970971611698	-0.4371383902953717	-5.75508975982666	497.0
9083	-4.160004370110054	-0.3481287034909304	-6.018322467803955	497.0
9102	-4.2435599075491846	-0.5344693064291788	-6.313080310821533	497.0
9123	-4.505926471611805	-0.6819544707599943	-6.718216419219971	497.0
9142	-4.4719742983856525	-1.0156636782183521	-6.753384113311768	497.0
9162	-4.584500695832353	-0.8822257905072451	-6.759045600891113	497.0
9182	-4.584500695832353	-0.8822257905072451	-6.759045600891113	497.0
9200	-5.021627033616295	-0.8059837846032316	-7.177151203155518	497.0
9221	-5.351266146066729	-0.9577940951039179	-7.958793640136719	497.0
9240	-5.351266146066729	-0.9577940951039179	-7.958793640136719	497.0
9259	-5.531823672187641	-1.1419398008462218	-8.06090259552002	497.0
9278	-5.495602423286643	-1.1516149936067979	-8.168563842773438	497.0
9298	-5.606022130072598	-1.1014273565595794	-8.151131629943848	497.0
9317	-5.773838557184965	-0.8580049621436115	-8.318160057067871	497.0
9336	-5.943334086257816	-0.9965954789514486	-8.426680564880371	497.0
9357	-5.92862871844601	-1.158861284469653	-8.261300086975098	497.0
9376	-6.057186597045015	-1.3014865543299023	-8.350417137145996	497.0
9400	-6.167624884185665	-1.2786765104789073	-8.22498607635498	497.0
9414	-6.22956278003822	-1.3333548583431056	-8.120100975036621	497.0
9434	-6.474001513630226	-1.3961709504314304	-8.463522911071777	497.0
9453	-6.418559739877052	-1.434144307603085	-8.575241088867188	497.0
9473	-6.455533265548117	-1.7455722809334318	-8.57258129119873	497.0
9493	-6.439552281806324	-1.809437950906222	-8.568652153015137	497.0
9512	-6.471864241983839	-1.7585937964145284	-8.579319953918457	497.0
9532	-6.365226068237641	-1.7811330812611594	-8.454055786132812	497.0
9553	-6.322657441867039	-1.895793778343481	-8.389561653137207	497.0
9570	-6.373951118632698	-1.8879325556958988	-8.469701766967773	497.0
9590	-6.263191888646714	-2.179031499796628	-8.166511535644531	497.0
9610	-6.055078519446949	-2.363173853860027	-8.119234085083008	497.0
9629	-5.9514567882963805	-2.3929691384357206	-8.239683151245117	497.0
9650	-5.9792821658598285	-2.424229569329692	-8.267931938171387	497.0
9667	-5.872486916232788	-2.5961729687240718	-8.261164665222168	497.0
9687	-5.906370802808172	-2.7745047374808136	-8.2376070022583	497.0
9708	-5.955905199637714	-3.0527515083032273	-8.29770278930664	497.0
9726	-5.850775933131978	-3.2395561354077484	-8.42746353149414	497.0
9745	-5.877945876297958	-3.311867530557626	-8.573991775512695	497.0
9765	-5.899945391179071	-3.414134066944648	-8.584551811218262	497.0
9788	-5.894165309187445	-3.5121321044149054	-8.455132484436035	497.0
9803	-5.788199647959881	-3.444384823566487	-8.483394622802734	497.0
9823	-5.740641386978915	-3.6002967217691713	-8.61328125	497.0
9843	-5.620575227718802	-3.453448842299776	-8.565361022949219	497.0
9863	-5.379792200318957	-3.4785428934878664	-8.869584083557129	497.0
9886	-5.170540298915847	-3.5418267489638002	-8.831469535827637	497.0
9903	-5.170540298915847	-3.5418267489638002	-8.831469535827637	497.0
9922	-4.9823611751416115	-3.490125110579802	-8.836695671081543	497.0
9940	-4.812304769688283	-3.535074955401978	-8.713632583618164	497.0
9960	-4.812304769688283	-3.535074955401978	-8.713632583618164	497.0
9979	-4.693870240854174	-3.857899220623679	-8.820656776428223	497.0
10001	-4.521598754452914	-3.7947452422285872	-8.548674583435059	497.0
10017	-4.342537369551246	-3.764037618503618	-8.766311645507812	497.0
10037	-4.176943472637101	-3.633642125400719	-8.50857925415039	497.0
10057	-4.07086759088822	-3.7153682252795424	-8.273900985717773	497.0
10075	-3.8962012673441637	-3.665273233482089	-8.136319160461426	497.0
10096	-3.4460396341860684	-3.647401414118754	-7.988304615020752	497.0
10119	-3.3316392117468383	-3.5204651362517665	-8.219497680664062	497.0
10134	-3.1318973317621737	-3.4006195641638253	-8.188078880310059	497.0
10154	-3.0173253981572334	-3.5255119181194994	-8.181925773620605	497.0
10172	-2.7342933124631026	-3.585379685605194	-7.813953399658203	497.0
10193	-2.531350991425806	-3.5819023842002973	-7.584005355834961	497.0
10212	-2.4467564753783564	-3.40159988291171	-7.452121257781982	497.0
10233	-2.495968766029701	-3.3510847085062827	-7.251041412353516	497.0
10254	-2.402631897943538	-3.0115046105554444	-7.342710494995117	497.0
10271	-2.2768360912768935	-2.9312180504854153	-7.1041693687438965	497.0
10291	-2.0931038681001053	-2.8064562349193607	-6.986478805541992	497.0
10309	-1.985884602530189	-2.5489282519705183	-7.046578884124756	497.0
10328	-1.6857826412662256	-2.457093195776187	-7.096068382263184	497.0
10348	-1.478362636936687	-2.4334773034680204	-7.201075077056885	497.0
10368	-1.3119639478918086	-2.3811635535498983	-7.387813568115234	497.0
10387	-1.0355541081280295	-2.1485339028723036	-7.596161365509033	497.0
10407	-0.9998129274735982	-2.3757407351201247	-7.519315719604492	497.0
10425	-0.9321607413416008	-2.1781570746364407	-7.696305274963379	497.0
10446	-1.063888901575818	-2.1236465010470837	-7.903728485107422	497.0
10464	-1.0217665208904212	-2.007906157401262	-7.836501121520996	497.0
10485	-0.8664962619206974	-1.7364589557039012	-7.828917026519775	497.0
10505	-0.9247878862157312	-1.463136345531153	-7.937920093536377	497.0
10522	-0.7441338538300156	-1.2924063054739363	-7.818341255187988	497.0
10542	-0.8666681581918957	-1.0977880135936564	-7.899728298187256	497.0
10562	-0.9732903011666669	-0.7977563050500911	-7.677895545959473	497.0
10582	-0.8738273375211678	-0.6416276453317193	-7.618640899658203	497.0
10602	-0.6910405885353749	-0.4338499150746308	-7.480363845825195	497.0
10622	-0.551432512764946	-0.2590891970476481	-7.529593467712402	497.0
10640	-0.7915997749129966	-0.15425452634202066	-7.461909294128418	497.0
10661	-0.7915997749129966	-0.15425452634202066	-7.461909294128418	497.0
10679	-0.7434789398952799	-0.0822716954651031	-7.395929336547852	497.0
10699	-0.8365417257741243	0.10836267250840002	-7.557553768157959	497.0
10720	-0.609645973099039	0.2911450888785367	-7.456955909729004	497.0
10737	-0.6111475905784796	0.8443291792075706	-7.649421691894531	497.0
10757	-0.9401491436995636	1.1906077602210021	-7.738611698150635	497.0
10776	-1.0417505519384322	1.6257470231558575	-7.756271839141846	497.0
10795	-0.9327637797750423	1.8972115250622046	-7.843595504760742	497.0
10816	-1.02238082165098	2.0144695985657175	-8.14606761932373	497.0
10835	-1.3087218415872768	2.2758188637078858	-8.265599250793457	497.0
10854	-1.4113148708004257	2.485531802247261	-8.260537147521973	497.0
10874	-1.6032523558895628	2.5630711469585696	-8.239051818847656	497.0
10893	-1.3396038993396437	2.584081651502775	-8.47132396697998	497.0
10912	-1.0530375344362044	2.7096387309317445	-8.34352970123291	497.0
10933	-1.1633301641232592	2.8237383600171473	-8.415960311889648	497.0
10952	-1.5103702378748884	2.8760878415671534	-8.417524337768555	497.0
10973	-1.3472286691601219	3.0833057447190426	-8.50642204284668	497.0
10991	-1.365786015775988	3.1559313921522842	-8.390884399414062	497.0
11010	-1.4098802645567123	3.3048993324505904	-8.350318908691406	497.0
11029	-1.3748197126667938	3.620335990509893	-8.634430885314941	497.0
11048	-1.4965567691180566	3.7927647039251267	-8.66519546508789	497.0
11069	-1.541781158095925	4.1605962173648425	-8.913975715637207	497.0
11087	-1.4468155796697053	4.282362797933823	-8.874210357666016	497.0
11108	-1.241254344374724	4.247204937523083	-8.877215385437012	497.0
11126	-1.3492728943231829	4.163780225066532	-8.99306869506836	497.0
11147	-1.206129774469696	4.386559170876931	-9.0554838180542	497.0
11166	-1.175496638555627	4.656169011548701	-9.258994102478027	497.0
11187	-1.0013869624985725	4.691474190789529	-9.143305778503418	497.0
11204	-1.1705599104405684	4.7585851200132865	-9.159708023071289	497.0
11223	-1.3875566688791048	4.568454378083314	-9.11211109161377	497.0
11243	-1.2574425800251456	4.60006808941084	-9.17019271850586	497.0
11262	-1.2891979132434324	4.835866513797144	-9.224512100219727	498.0
11282	-1.4734463674616132	5.0821763898153325	-8.966379165649414	498.0
11302	-1.4915706459407705	4.992943433852946	-8.87622356414795	498.0
11324	-1.4915706459407705	4.992943433852946	-8.87622356414795	498.0
11342	-1.7535314511061593	4.381363220211779	-9.019135475158691	498.0
11361	-1.7535314511061593	4.381363220211779	-9.019135475158691	498.0
11380	-1.5173331531572587	4.427089025856865	-8.93774700164795	498.0
11400	-1.5795696478943153	4.703886444943383	-8.759708404541016	498.0
11421	-1.5795696478943153	4.703886444943383	-8.759708404541016	498.0
11439	-1.617207953535818	4.854771580117541	-8.653923988342285	498.0
11457	-1.5860947439691744	4.741559280585111	-8.728066444396973	498.0
11477	-1.5029058920775686	4.720656340333615	-8.701271057128906	499.0
11496	-1.3959147428464476	4.763306841281854	-8.498395919799805	499.0
11515	-1.535262464898272	4.77974391792227	-8.588268280029297	499.0
11535	-1.6468020335879485	4.97757689995925	-8.188992500305176	499.0
11555	-1.5754345246874235	4.918513958235792	-8.225417137145996	499.0
11574	-1.6888530332825584	4.725952585999808	-8.18306827545166	499.0
11594	-1.6527129959791957	4.741646700021827	-8.133530616760254	499.0
11613	-1.665683044450503	4.523277801211216	-7.67114782333374	499.0
11632	-1.8332679171575332	4.405255510956059	-7.745636940002441	499.0
11653	-2.047783852615723	4.447067488294341	-7.641842365264893	499.0
11673	-2.043169715109194	4.5321188448644545	-7.219178676605225	500.0
11691	-2.336228152491062	4.377053377343662	-7.268149375915527	500.0
11710	-2.4353255067527044	4.421598176733908	-6.9583916664123535	500.0
11729	-2.447452386220883	4.671284790270772	-6.743965148925781	500.0
11750	-2.578530171894079	4.441729382880971	-6.548205375671387	500.0
11768	-2.6934274515406704	4.750187776094206	-6.577268600463867	500.0
11789	-2.823296157872526	4.829185978744187	-6.392005920410156	500.0
11807	-2.8867930596337565	4.7360770656836895	-6.228036403656006	500.0
11827	-2.9445267044750656	4.855724393837547	-6.276113986968994	500.0
11846	-2.806143533053356	4.650317783893248	-6.2400665283203125	500.0
11865	-2.7608031563090405	4.6550437895015255	-6.226894378662109	501.0
11885	-2.84097171436262	4.589186321749794	-6.158807277679443	501.0
11904	-2.72642791305729	4.760694362255651	-5.876562118530273	501.0
11924	-2.725930536784362	4.689870370629613	-5.886829853057861	501.0
11943	-2.631157903805185	4.67903539654071	-5.886260032653809	501.0
11963	-2.628082439512938	4.992731117930338	-5.778392314910889	501.0
11982	-2.6301749301932627	5.073843350431717	-5.565959930419922	501.0
12001	-2.6110777425880474	5.0521952936719625	-5.546858310699463	501.0
12021	-2.426940293449151	5.018418918983682	-5.515533447265625	501.0
12041	-2.426940293449151	5.018418918983682	-5.515533447265625	501.0
12060	-2.3057396157324597	4.775600705951699	-5.413761138916016	501.0
12080	-2.3209082953056193	4.721176264102439	-5.7015061378479	501.0
12100	-2.1961377042095487	4.6527845638390275	-5.569334506988525	501.0
12118	-2.262015935673843	4.7089663819382155	-5.308570384979248	501.0
12139	-2.1534260376090035	4.410493497377014	-5.2993621826171875	501.0
12158	-2.361363313872094	4.0926330410808545	-5.328097343444824	501.0
12178	-2.487511640659476	4.113944879723012	-5.129127502441406	501.0
12196	-2.7538984348865245	4.038025433558229	-4.890241622924805	501.0
12217	-2.8896423039558616	4.278982078255658	-4.720270156860352	501.0
12235	-3.0513928071481105	4.3609516706595635	-4.338266849517822	501.0
12258	-3.2444631359324188	4.529828790432276	-3.97609281539917	501.0
12275	-3.3174853044718446	4.487845267521808	-4.0173869132995605	501.0
12294	-3.761255629335395	4.613563610998304	-3.7782351970672607	501.0
12313	-3.8793929725291734	4.878961896620683	-3.5470762252807617	501.0
12332	-4.10289991074963	4.9175913721079905	-3.288041114807129	501.0
12352	-4.388483347777557	5.120931185436533	-3.1787147521972656	501.0
12371	-4.575661254349199	5.02027838416416	-3.0788114070892334	501.0
12392	-4.9442566742647935	5.149783105858766	-3.0345029830932617	501.0
12411	-5.140723681445979	5.1704472894365505	-3.4695980548858643	501.0
12431	-5.65695106469538	5.308598329333799	-3.179814577102661	501.0
12450	-5.786918960100941	5.536576309952477	-3.1286301612854004	501.0
12469	-6.220675615058563	5.5117537277093565	-2.978508472442627	501.0
12488	-6.712971780124715	5.762969676181594	-2.926612138748169	501.0
12507	-6.861601592988922	5.722456613313531	-2.804203987121582	501.0
12527	-7.275802316667075	6.036871363740545	-2.829720973968506	501.0
12546	-7.469612223245059	6.0135900928899595	-2.697364091873169	501.0
12566	-7.6476573163818165	6.033970540801901	-2.371721029281616	501.0
12585	-7.687299380039106	6.061428384197383	-2.3498387336730957	501.0
12604	-7.846070458256149	6.081642157339864	-2.2321958541870117	501.0
12624	-7.984625425674576	6.221909359397387	-2.2529666423797607	501.0
12644	-8.075656379723487	6.202416283340953	-2.238201856613159	501.0
12663	-8.443919762519993	6.319067940670278	-2.2995553016662598	501.0
12682	-8.582421980107846	6.247257176189682	-2.347228527069092	502.0
12702	-8.611824148371038	6.279906249954479	-2.429701328277588	502.0
12722	-9.158805461279435	6.22356540093912	-2.4922146797180176	502.0
12742	-9.386440549185869	6.304515088917656	-2.3913135528564453	502.0
12761	-9.679062178854966	6.462327503101878	-2.209047317504883	502.0
12781	-9.679062178854966	6.462327503101878	-2.209047317504883	502.0
12800	-9.872862259346167	6.369688597262562	-1.9747951030731201	502.0
12820	-9.932101170247005	6.405167067094112	-1.9558990001678467	502.0
12838	-10.093307067430862	6.434712417694904	-1.7192879915237427	502.0
12857	-10.340023053152706	6.4890720206952475	-1.5881335735321045	502.0
12877	-10.693143748090582	6.530170343285339	-1.5003223419189453	503.0
12896	-10.809166628919327	6.548514857228411	-1.52269446849823	503.0
12916	-10.94453449906711	6.64060178972921	-1.6311750411987305	503.0
12935	-11.156861922790656	6.592861751496404	-1.7194905281066895	503.0
12954	-11.373675360106619	6.567503965498117	-1.814049243927002	503.0
12974	-11.736071575586147	6.684545665108118	-1.586308479309082	503.0
12994	-11.777439610057495	6.680762748359591	-1.5797501802444458	503.0
13013	-11.968605840811295	6.59104080469798	-1.5885072946548462	503.0
13033	-12.155915038231704	6.650677513162896	-1.5724341869354248	503.0
13053	-12.339600418940442	6.654794221877247	-1.6010956764221191	503.0
13072	-12.58598056411331	6.506039846980573	-1.5485776662826538	503.0
13091	-12.658132557269282	6.816910113748615	-1.7351982593536377	503.0
13111	-12.74320240175651	6.943855709632885	-1.949368953704834	503.0
13130	-12.58057154870843	7.079897829031988	-2.0641140937805176	503.0
13149	-12.916330053639335	7.262301463391333	-2.2462501525878906	503.0
13169	-12.976554976035693	7.223308142926493	-2.1888575553894043	503.0
13188	-13.041508747059408	7.196027675283541	-2.147747755050659	503.0
13208	-12.898725994456372	7.213552694164064	-2.171675682067871	503.0
13227	-13.110921542883906	7.417241263836399	-2.1554572582244873	503.0
13248	-13.337490204031242	6.959295663076645	-2.006528854370117	503.0
13266	-13.363305802294843	6.963582111164426	-2.071491003036499	504.0
13285	-13.600456478602355	6.891483936180337	-1.974670648574829	504.0
13305	-13.555323179302022	6.873837940845691	-1.9291118383407593	504.0
13324	-13.461229162358663	6.910080299072358	-2.0473060607910156	504.0
13343	-13.500697825148324	6.79317678521028	-2.0757648944854736	504.0
13364	-13.521421463137205	6.873564108686318	-1.9573993682861328	504.0
13382	-13.380450573806575	6.812859280399318	-2.059244394302368	504.0
13402	-13.321431416570768	6.94873094328884	-2.1614441871643066	504.0
13421	-13.168492606811656	7.168870663711974	-2.04971981048584	504.0
13441	-13.079406642699045	7.290254591494739	-2.012582540512085	504.0
13462	-13.05229291182228	7.373239626491723	-1.769816517829895	504.0
13483	-13.182344698492658	7.376050328284546	-1.5455801486968994	505.0
13500	-13.182344698492658	7.376050328284546	-1.5455801486968994	505.0
13520	-13.32633065251313	7.4928082018319975	-1.6871631145477295	505.0
13538	-13.45538503809472	7.470925624997515	-1.7040748596191406	505.0
13558	-13.45757351711059	7.447197360774781	-1.4753305912017822	505.0
13577	-13.458024602542284	7.500920865449543	-1.3483655452728271	505.0
13598	-13.660972147714075	7.537057385044763	-1.2043298482894897	505.0
13616	-14.110064399106033	7.581648803411519	-1.163073182106018	505.0
13635	-14.136500715413806	7.525876233583661	-1.4796347618103027	505.0
13656	-14.132554683296515	7.633635867278029	-1.3344210386276245	505.0
13674	-14.028834292615223	7.705238934402479	-0.9943593740463257	504.0
13697	-14.025703236866782	7.881208864087924	-1.0094975233078003	504.0
13717	-14.258740078434725	7.828829386573864	-1.0425586700439453	504.0
13733	-14.316824988920825	7.781552781058593	-1.0284521579742432	504.0
13753	-14.333486405537414	7.710776598184758	-1.032415509223938	504.0
13772	-13.900700821479528	7.535506793576211	-0.8275647163391113	504.0
13792	-13.896172221421962	7.460256589262147	-0.49176859855651855	504.0
13813	-13.844916889670555	7.495891607215465	-0.4748276472091675	504.0
13833	-13.823240753407516	7.60068224082621	-0.860954761505127	504.0
13850	-13.931209936656577	7.6016761323732105	-0.7613087892532349	504.0
13870	-13.930654521790924	7.710052861320783	-0.8453154563903809	504.0
13888	-13.975990210594132	7.698533771670041	-1.0950138568878174	504.0
13908	-13.961523098783067	7.551174241010349	-1.2362725734710693	504.0
13929	-14.017818228499848	7.65901277969525	-1.318190336227417	504.0
13946	-13.859744741808745	7.784191933575887	-1.1230045557022095	504.0
13968	-13.945253427265447	7.900158970293545	-1.0765905380249023	504.0
13986	-13.853321587183771	7.805624073369809	-0.9319075345993042	504.0
14005	-13.843241413156582	7.828003100135081	-0.9639589786529541	504.0
14025	-13.673048541121977	7.850228069599973	-0.8497234582901001	504.0
14044	-13.534214515655103	7.905503054073222	-0.6063833236694336	504.0
14064	-13.21266214153267	8.010496506619493	-0.5087965726852417	504.0
14084	-13.257985773988826	7.832601365336442	-0.4851583242416382	504.0
14102	-13.230218876104972	7.812966341276156	-0.7180159091949463	504.0
14122	-13.045948124944639	7.796448704695172	-0.872093915939331	504.0
14141	-13.149066046548484	7.664381916503027	-1.0945796966552734	504.0
14161	-12.937792809459845	7.6582187355226665	-1.2371628284454346	504.0
14183	-12.937792809459845	7.6582187355226665	-1.2371628284454346	504.0
14201	-12.570312145103784	7.645815717329505	-1.0814344882965088	504.0
14220	-12.570312145103784	7.645815717329505	-1.0814344882965088	504.0
14239	-12.699043128245249	7.628270621359738	-0.9097222089767456	504.0
14258	-12.363169828705106	7.71140451547411	-0.7907168865203857	504.0
14278	-12.296615968645733	7.6722422403835315	-0.9442969560623169	503.0
14301	-12.270974225332008	7.55985626153435	-1.1134741306304932	503.0
14316	-11.923071930303985	7.675912847431087	-0.8516833782196045	503.0
14336	-11.73835454280188	7.7021470401412815	-0.5378317832946777	503.0
14355	-11.596575420273759	7.480673625845226	-0.653841495513916	503.0
14376	-11.723166831319334	7.556245775078853	-0.6964573860168457	503.0
14394	-11.547515018963926	7.430832552912485	-0.5507714748382568	503.0
14414	-11.678997754498033	7.34101352178531	-0.46918797492980957	503.0
14434	-11.929639864102253	7.3403879797987885	0.01775681972503662	503.0
14452	-11.710574299554208	7.353963175802597	0.35035955905914307	503.0
14472	-11.68596018656885	7.362405754845564	0.42420530319213867	503.0
14491	-11.577750553428043	7.343568226317592	0.34589099884033203	503.0
14511	-11.490820003609993	7.381886059217697	0.5759053230285645	503.0
14531	-11.3338683135384	7.373832900276958	0.7053989171981812	503.0
14552	-11.252093078008652	7.352688454004203	0.49023985862731934	503.0
14569	-11.248805889069141	7.622194936005052	0.469235897064209	503.0
14589	-11.036470426126385	7.550445552143951	0.19362139701843262	503.0
14608	-11.15082213438518	7.684170240096135	-0.0015004873275756836	503.0
14629	-11.246592220744942	7.6388263712207	0.026674985885620117	503.0
14651	-11.378684015919134	7.6930982396584096	0.02795267105102539	503.0
14667	-11.194627896426692	7.626939965241318	-0.08824717998504639	504.0
14687	-10.97436585322043	7.5042332487112935	-0.21116399765014648	504.0
14706	-11.091135312174094	7.578773666871452	-0.315395712852478	504.0
14725	-10.911880149334078	7.390404521445189	-0.37567973136901855	504.0
14744	-10.722636714954948	7.442487829421388	-0.3686840534210205	504.0
14765	-10.721766370821536	7.431382285876931	-0.301530122756958	504.0
14785	-10.611968613655463	7.363392923788008	-0.284115195274353	504.0
14803	-10.309650587407871	7.3345324608834925	-0.20814228057861328	504.0
14822	-10.435576987299745	7.35450023103741	-0.10148036479949951	504.0
14842	-10.256429570860863	7.637063887492781	6.887912750244141E-4	504.0
14861	-10.035914969638752	7.885431275697264	0.18954682350158691	504.0
14882	-9.999577392762578	8.014423215769991	0.1112130880355835	503.0
14902	-10.020781966591475	8.373557284755046	0.05202746391296387	503.0
14921	-9.882027619195666	8.49728966895142	0.18398380279541016	503.0
14939	-9.882027619195666	8.49728966895142	0.18398380279541016	503.0
14959	-9.89759208573484	8.592110619319943	0.26276206970214844	503.0
14977	-10.120813038587894	8.608836426697975	0.2846946716308594	503.0
15001	-10.063489645701974	8.750543464488223	0.23150229454040527	503.0
15019	-10.120715511800192	8.819746835649603	0.20564186573028564	503.0
15036	-10.104458171109318	8.700085467347293	0.25565266609191895	503.0
15057	-10.002893693665653	8.586050405948773	0.4384453296661377	503.0
15075	-9.956759233120753	8.415398375330698	0.6206475496292114	502.0
15094	-9.909289757568382	8.208127204787528	0.4735311269760132	502.0
15114	-9.77835733800301	8.272354792586412	0.5035436153411865	502.0
15133	-9.543116376257304	8.157463936591991	0.458553671836853	502.0
15153	-9.471142253772301	8.195677509852636	0.44105207920074463	502.0
15173	-9.804385253550006	8.08504673823838	0.5762311220169067	502.0
15192	-9.898620329108311	8.175189440390115	0.5027427673339844	502.0
15211	-9.944800485169896	8.380232662970188	0.627416729927063	502.0
15231	-9.808672285655327	8.467752263658873	0.638658881187439	502.0
15251	-9.672491344979434	8.668180798085508	0.6653010845184326	502.0
15272	-9.793806774168281	8.570013323288737	0.5923784971237183	503.0
15290	-9.978491731429697	8.638086187628796	0.6789650917053223	503.0
15309	-9.861593091133196	8.806575842010137	0.6806412935256958	503.0
15329	-9.545116316223849	8.754523383589577	0.5917104482650757	503.0
15347	-9.50630837436599	8.731823489041878	0.5896340608596802	503.0
15367	-9.518040858668808	8.697428845232697	0.3386579751968384	503.0
15387	-9.62342204007437	8.49880036324743	0.30419814586639404	503.0
15406	-9.644588113095386	8.375545173503873	0.3708394765853882	503.0
15425	-9.530576162580166	8.486660582235967	0.3718233108520508	503.0
15444	-9.24807978275069	8.656839484228492	0.33070242404937744	503.0
15464	-9.432864515856041	8.528221941538257	0.426055908203125	504.0
15484	-9.575936772056348	8.597428861648524	0.5761668682098389	504.0
15502	-9.53610159702266	8.598290302058064	0.6590960025787354	504.0
15522	-9.38867016749391	8.526459059664132	0.601121187210083	504.0
15542	-9.334320369898716	8.553086498525586	0.5459119081497192	504.0
15561	-9.394974445751533	8.502455319687135	0.51304030418396	504.0
15580	-9.394974445751533	8.502455319687135	0.51304030418396	504.0
15603	-9.674729658723518	8.159258203340478	0.4414527416229248	504.0
15620	-9.674729658723518	8.159258203340478	0.4414527416229248	504.0
15639	-9.90882989153095	7.887055252476405	0.38789045810699463	504.0
15659	-9.926865690518646	7.96374855743714	-0.10696065425872803	504.0
15677	-9.926865690518646	7.96374855743714	-0.10696065425872803	503.0
15697	-10.050916194990958	7.946661047080854	-0.015126347541809082	503.0
15717	-10.155538710948067	7.915751650636507	0.16232776641845703	503.0
15737	-10.077460732913865	8.030317310361848	0.1338944435119629	503.0
15758	-10.260169780069877	8.077743055635583	0.23673999309539795	503.0
----------------도착----------------
15776	-10.224037000433935	8.27095452280349	0.12699806690216064	503.0
15794	-9.966829990283884	8.57434570343159	0.33933937549591064	503.0
15814	-9.872760745599438	8.418284999317132	0.4781404733657837	503.0
15834	-9.95040153632083	8.400295068168765	0.4971923828125	503.0
15853	-9.994766916839756	8.374836397528092	0.4468129873275757	503.0
15873	-9.831256724800406	8.403577248385806	0.3788290023803711	504.0
15892	-9.829551273657309	8.362555785450198	0.38241100311279297	504.0
15912	-9.649814975737666	8.361700271666487	0.4521307945251465	504.0
15930	-9.892666579199117	8.244749803097585	0.3694267272949219	504.0
15951	-10.149907512021116	8.11147184200002	0.03575432300567627	504.0
15970	-10.057884676008113	8.07177899531596	0.034000277519226074	504.0
15989	-10.168305303481533	7.973093817886311	0.21072936058044434	504.0
16009	-10.213296966497762	7.903099007091331	0.19831585884094238	504.0
16029	-10.3875942446274	7.817778417976211	0.2616020441055298	504.0
16048	-10.363649659468097	7.801091639811749	0.439453125	504.0
16068	-10.35697452623755	7.803270604584356	0.17800474166870117	504.0
16086	-10.200504240799791	7.855466744850956	0.20002853870391846	504.0
16106	-9.906483135679771	7.96849036363188	0.3195682764053345	504.0
16126	-9.837394056384442	8.117204616753439	0.46507179737091064	504.0
16145	-9.58682764472336	8.338867793306859	0.44788026809692383	504.0
16164	-9.29441587115579	8.56803532039283	0.5900192260742188	504.0
16184	-9.241446843578165	8.701942783623627	0.43569064140319824	504.0
16204	-9.293430718352045	8.751649256096597	0.12381446361541748	504.0
16222	-9.295476515235523	8.631233043003819	0.3178328275680542	504.0
16242	-9.142359790258658	8.560065778961766	0.4343602657318115	504.0
16262	-9.203430440348452	8.39396506014655	0.355757474899292	504.0
16280	-9.264969868098756	8.372396374954178	0.29034435749053955	504.0
16302	-9.52993028475677	8.173432258279535	0.25620007514953613	504.0
16322	-9.623949987415244	8.351460765636945	0.09428131580352783	504.0
16340	-9.623949987415244	8.351460765636945	0.09428131580352783	504.0
16359	-9.754943884895223	8.179323998624378	0.1852281093597412	504.0
16379	-9.896298030933412	8.192147557456327	0.37319397926330566	504.0
16398	-9.819054992685466	8.258775044700924	0.33551156520843506	504.0
16418	-9.98337893061225	8.272027290733636	0.41931450366973877	504.0
16436	-9.842432759770388	8.496418157222552	0.5536514520645142	504.0
16455	-9.922439017684166	8.356231734680671	0.5023834705352783	504.0
16475	-9.795351132675627	8.467721168128595	0.3728752136230469	505.0
16495	-9.785004849446427	8.180645638700822	0.36176395416259766	505.0
16515	-9.743149552672609	8.245116307983583	0.4184321165084839	505.0
16534	-9.540265031711488	8.081030893781566	0.34943056106567383	505.0
16553	-9.51543435520373	8.164834812100425	0.4306635856628418	505.0
16574	-9.5114357695661	8.107740169835719	0.5608425140380859	505.0
16593	-9.568090053177539	8.068286588656179	0.5759012699127197	505.0
16612	-9.745989767533418	8.129443197789616	0.7799240350723267	505.0
16632	-9.90320412191213	8.186934471278233	0.5727589130401611	505.0
16651	-10.050601578332161	8.217019723973852	0.5281237363815308	505.0
16670	-9.923105028320048	8.29074745936778	0.29113972187042236	505.0
16690	-9.940120104093149	8.42344229880544	0.4043923616409302	505.0
16709	-10.139669204274485	8.486222107299438	0.2806962728500366	505.0
16728	-10.00647473389399	8.7976416178975	0.20312321186065674	505.0
16748	-10.098652948359089	8.690236345715332	0.16837430000305176	505.0
16767	-9.933914243216167	8.644506407551143	0.07634341716766357	505.0
16787	-9.682489054271668	8.546097278948125	0.39126718044281006	505.0
16807	-9.796157142174536	8.586088516318382	0.393174409866333	505.0
16825	-9.845622745855128	8.66934789866089	0.4734393358230591	505.0
16846	-10.024644737233302	8.586173403228539	0.21104097366333008	505.0
16865	-9.889114941058688	8.402335691985652	0.37926530838012695	505.0
16883	-9.897895842278125	8.349871496707525	0.11830699443817139	505.0
16904	-10.083974977785994	8.391158963202543	0.10196864604949951	505.0
16924	-10.086295659487309	8.468882853298267	-0.041582703590393066	505.0
16943	-10.255537890524128	8.490297176227434	-0.12353754043579102	505.0
16962	-10.200567601553521	8.44853464657294	-0.07016992568969727	505.0
16981	-10.313278444703462	8.45650553569102	0.02676248550415039	505.0
17001	-10.11622508916444	8.401206936159488	0.3206820487976074	505.0
17022	-10.263861929381612	8.430785148175271	0.3837510347366333	505.0
17042	-10.263861929381612	8.430785148175271	0.3837510347366333	505.0
17060	-10.312183023386707	8.378575201512517	0.5659803152084351	505.0
17079	-10.063104812504482	8.3189400006835	0.6648021936416626	505.0
17098	-9.943975442355274	8.26829628600118	0.8450481295585632	505.0
17117	-9.8137892242469	8.267891141810274	0.8276983499526978	505.0
17137	-9.497869662696141	8.231353006042431	0.764898419380188	505.0
17156	-9.353473669740493	8.091649686328868	0.65928715467453	505.0
17175	-9.505335931862161	8.11315416880799	0.5420643091201782	505.0
17205	-9.452609927370242	8.030180554455669	0.4547109603881836	505.0
17216	-9.43470687189301	8.048942537987086	0.4656780958175659	505.0
17234	-9.438425796564468	8.013660873810483	0.4673069715499878	505.0
17253	-9.593560794292852	8.031879102574456	0.39299893379211426	505.0
17274	-9.829316009220934	8.151715341400493	0.5145564079284668	505.0
17297	-10.050349411291867	8.009230028110487	0.6111111640930176	505.0
17312	-10.139876212642536	8.089237338602036	0.6081924438476562	505.0
17331	-10.189412752363266	8.11136085466701	0.7264775037765503	505.0
17352	-10.139811999929307	8.222814104390917	0.9832643270492554	505.0
17370	-10.157932131324133	8.241140973340315	1.007031798362732	505.0
17390	-10.429893115362107	8.355069962038653	0.7242652177810669	505.0
17409	-10.33529994858792	8.400935378931745	0.6555060148239136	505.0
17429	-10.15094830525033	8.361461663672245	0.5178894996643066	505.0
17449	-10.033316692578579	8.551951868346453	0.5100971460342407	505.0
17469	-10.050796599885869	8.530878564725526	0.5448896884918213	505.0
17487	-9.991172551135993	8.495645161603436	0.18933820724487305	505.0
17507	-9.901353032943671	8.348822410291957	-0.2087407112121582	505.0
17528	-9.771612276857919	8.324974219719765	-0.11116373538970947	505.0
17545	-9.596243511751071	8.377412039780411	0.003708362579345703	505.0
17565	-9.808102410968194	8.284027740117601	0.2706630229949951	505.0
17584	-9.82343411241655	8.338952938677501	0.27569782733917236	505.0
17603	-9.976623415745598	8.27505917285295	0.20195329189300537	505.0
17623	-9.914900816181946	8.359599541242872	0.2335367202758789	505.0
17643	-9.850607153372014	8.482829634433507	0.28753387928009033	505.0
17665	-9.762275664426017	8.618903961184287	0.6175353527069092	505.0
17681	-9.844164223412074	8.570940507792796	0.5791305303573608	505.0
17701	-9.786419925536421	8.665822946463704	0.6750971078872681	505.0
17721	-9.593277490801311	8.718997696186719	0.42083561420440674	505.0
17742	-9.83352722969564	8.616775215422772	0.15070676803588867	505.0
17767	-9.83352722969564	8.616775215422772	0.15070676803588867	505.0
17780	-9.847243801545257	8.728510826421491	0.045787692070007324	505.0
17798	-9.847243801545257	8.728510826421491	0.045787692070007324	505.0
17817	-9.785662110759738	8.612455439053022	0.2647639513015747	505.0
17837	-9.981800273588085	8.54649352557505	0.1236274242401123	505.0
17857	-10.077368727212422	8.535940178277695	0.07832467555999756	505.0
17877	-10.042077908236074	8.504518957965617	0.007954239845275879	505.0
17896	-10.063354103839528	8.368781873081051	0.001934051513671875	505.0
17916	-9.790801216585349	8.359855490028199	0.24376225471496582	505.0
17934	-9.81297489467743	8.030624267047612	0.4077368974685669	505.0
17954	-9.889840427433791	8.01509401931086	0.39857232570648193	505.0
17974	-10.011874968249217	8.025034000826643	0.23350310325622559	505.0
17999	-9.96289296286973	8.122806850275033	0.2090134620666504	505.0
18013	-10.076432127576377	8.074264807870561	0.299877405166626	505.0
18031	-10.195672309566282	7.816515416671634	0.27201128005981445	505.0
18052	-10.263545909734576	7.984586999177762	0.3002958297729492	505.0
18071	-10.30444922667533	8.018318146326347	0.0819551944732666	505.0
18090	-10.303614957228838	8.110467830978306	-0.06852984428405762	505.0
18110	-10.170916134692717	8.163383840685603	-0.1027747392654419	505.0
18129	-10.354772157761918	8.177667233718196	0.05272364616394043	505.0
18149	-10.374558157857846	8.183492441297414	0.1173635721206665	505.0
18168	-10.301092488401837	8.299106878180163	0.08458912372589111	505.0
18188	-10.375125209134428	8.347777603198963	0.1507471799850464	505.0
18207	-10.191490535070466	8.422540731127665	0.14036035537719727	505.0
18226	-10.075930021793944	8.38871888572281	0.33974695205688477	505.0
18246	-9.985289432687162	8.540706849323978	0.20331084728240967	505.0
18267	-9.908012319595489	8.644329486925558	0.1231001615524292	505.0
18285	-9.67811338382624	8.635735022758784	0.12802958488464355	505.0
18304	-9.695992635983849	8.669822072630167	0.021498918533325195	505.0
18323	-9.492347734942188	8.551613597253207	0.01762080192565918	505.0
18345	-9.281686834668204	8.653806880769524	0.18950307369232178	505.0
18367	-9.58662501358798	8.384902081259998	0.2735687494277954	505.0
18381	-9.719235210168545	8.493535780666152	0.22976219654083252	505.0
18402	-9.606478126209085	8.297811606377515	0.23466014862060547	505.0
18422	-9.555419105911783	8.025350059477361	0.12872099876403809	505.0
18440	-9.46330406833944	8.158604993246827	0.11709451675415039	505.0
18462	-9.559682555835874	8.140934478040073	0.2403179407119751	505.0
18483	-9.781463005852471	8.102033367575972	0.402294397354126	505.0
18499	-9.781463005852471	8.102033367575972	0.402294397354126	505.0
18518	-10.040569436920082	8.062974708090321	0.4524167776107788	505.0
18537	-9.75380553700872	8.258032777538032	0.3900265693664551	505.0
18556	-9.772671364465083	8.120847906599245	0.4247502088546753	505.0
18577	-9.961056410233327	8.26765883951672	0.3631354570388794	505.0
18598	-10.122490888643789	8.41486276416714	0.4400092363357544	505.0
18616	-10.376557244341365	8.37315476676701	0.43415403366088867	505.0
18635	-10.29535078170053	8.285911105418913	0.21560359001159668	505.0
18654	-10.366038449242728	8.246476517628633	0.1731722354888916	505.0
18673	-10.165199339138013	8.29099896219828	-0.12139749526977539	505.0
18693	-10.225216638894176	8.233343677524678	-0.01832270622253418	505.0
18713	-9.909068530974343	8.323578889588687	0.09633100032806396	505.0
18733	-9.74381226971157	8.47393357350994	0.48483264446258545	505.0
18752	-9.637478420062475	8.284874917926187	0.5148457288742065	505.0
18771	-9.47322836480889	8.268179215878018	0.5050820112228394	505.0
18791	-9.454799105093308	8.246806487974846	0.49496006965637207	505.0
18810	-9.379220402966018	8.37872437429365	0.32922303676605225	505.0
18829	-9.363196499112444	8.334084142732156	0.5586555004119873	505.0
18851	-9.384849868334202	8.35361063799376	0.32805657386779785	505.0
18869	-9.689687474896074	8.211960106970638	0.2064375877380371	505.0
18888	-9.814238902167439	7.9869486623596995	-0.03379476070404053	505.0
18907	-9.871578445872927	8.187595992785958	-0.14784884452819824	505.0
18926	-9.951245623887845	8.182524929378273	-0.18969690799713135	505.0
18948	-9.914339565074442	8.184958489504625	-0.09827673435211182	505.0
18968	-9.798674021891012	8.204221853565764	0.07020938396453857	505.0
18985	-9.9358878907735	8.243806819614608	0.04873812198638916	505.0
19004	-9.957036098521069	8.241282185727716	0.21745741367340088	505.0
19023	-9.884272466862832	8.245998579859377	0.2799018621444702	505.0
19043	-9.833258312119872	8.216421025946742	0.19030094146728516	505.0
19065	-9.984206314067505	8.085229806915056	0.16168582439422607	505.0
19085	-9.92967124465159	8.140684721714	-0.08390867710113525	505.0
19102	-9.86169328043387	8.09058119132182	-0.006236553192138672	505.0
19121	-9.973220757105256	8.11305513481037	-0.10419070720672607	505.0
19142	-9.994226775385135	7.934559320680861	-0.20155227184295654	505.0
19160	-10.159471269739367	7.903693757144155	-0.3381839990615845	505.0
19181	-10.34386889196902	8.097172169343915	-0.2439570426940918	505.0
19203	-10.34386889196902	8.097172169343915	-0.2439570426940918	505.0
19218	-10.392419053730972	8.078144670973964	-0.11858296394348145	505.0
19237	-10.381533514165602	8.30340843528674	-0.0744558572769165	505.0
19257	-10.249104565772129	8.355583304095605	0.10381674766540527	505.0
19277	-10.279318750286262	8.42570852233254	0.05669128894805908	505.0
19297	-10.204728921753638	8.403373017758629	0.18499767780303955	505.0
19320	-10.146526045412784	8.57398963539575	0.18498075008392334	505.0
19335	-9.995211007668331	8.556374329032526	0.3859570026397705	505.0
19355	-9.910029071942306	8.346524910268668	0.3713338375091553	505.0
19373	-9.841682143278948	8.52235442351976	0.2846043109893799	505.0
19393	-9.681883814926938	8.438076047741463	0.11149919033050537	505.0
19413	-9.823596523495103	8.425404813433305	0.29802405834198	505.0
19433	-9.979829013879474	8.490019680321463	0.28007054328918457	505.0
19451	-9.957648555083212	8.4540109010961	0.4014836549758911	505.0
19471	-9.750336311007231	8.565293612390843	0.30455827713012695	505.0
19490	-9.83167229117595	8.620246179623605	0.3680133819580078	505.0
19510	-9.870627063286424	8.746902427009763	0.41726577281951904	505.0
19530	-10.022002899041775	8.567099111637475	0.47690892219543457	505.0
19549	-9.941222340515552	8.612762750900728	0.6415235996246338	505.0
19570	-9.905155634251559	8.765059570676879	0.5088465213775635	505.0
19588	-9.685717013664128	8.93561643545587	0.4771319627761841	505.0
19607	-9.701108113305843	9.042625180056637	0.1584949493408203	505.0
19627	-9.927296358024822	8.873872745259591	0.1624521017074585	505.0
19646	-10.08045800890819	8.944041731085006	0.10303473472595215	505.0
19667	-10.236413222151688	9.007405478634038	0.10764086246490479	504.0
19685	-10.05856904814788	9.054157389157186	0.030764102935791016	504.0
19705	-10.111656587266701	8.880023772386203	-0.1911773681640625	504.0
19724	-10.226257205757294	8.752954610452068	-0.23313891887664795	504.0
19743	-10.390270395500721	8.684851020796486	-0.1573319435119629	504.0
19763	-10.266264697038112	8.732256525477828	-0.0033990144729614258	504.0
19782	-10.29964292229615	8.647736912863047	-0.0554203987121582	504.0
19801	-10.260952994127937	8.6020801497654	0.015207409858703613	504.0
19822	-10.039547877626841	8.528797015107813	0.09249603748321533	504.0
19842	-10.095041110831204	8.573600154398667	0.17550575733184814	504.0
19861	-10.139305657123685	8.580180824013906	0.517546534538269	504.0
19881	-10.139305657123685	8.580180824013906	0.517546534538269	503.0
19900	-10.102431275777587	8.496187588234807	0.465290904045105	503.0
19919	-10.122665202367042	8.362096812425934	0.6008065938949585	503.0
19938	-10.296120606890655	8.29402176182152	0.5738316774368286	503.0
19957	-10.032157697026035	8.573950625031525	0.437613844871521	503.0
19977	-9.905232339586536	8.452163254907298	0.35169172286987305	503.0
19996	-9.941039355494588	8.41936846278701	0.3355882167816162	503.0
20016	-9.927265117135637	8.57280739032192	0.08707249164581299	503.0
20036	-10.012622859070513	8.82946910579582	-0.34138023853302	503.0
20057	-9.99803647916927	8.748286093028561	-0.34817183017730713	503.0
20074	-10.068785327381345	8.683123044917577	-0.4517735242843628	502.0
20094	-10.102122395952238	8.685463442189143	-0.732478141784668	502.0
20114	-10.054247848895356	8.596578532596025	-0.6525933742523193	502.0
20134	-9.931077075628277	8.622744036166667	-0.5931466817855835	502.0
20154	-9.876041475840347	8.491969348936609	-0.48850250244140625	502.0
20172	-9.858953904116316	8.224762289687469	-0.3367640972137451	502.0
20192	-9.84291396142899	7.9123469570476725	-0.1436777114868164	502.0
20211	-9.942009618554732	7.9623752736924125	-0.20451569557189941	502.0
20230	-9.664496223944225	8.10180190961878	-0.29456591606140137	502.0
20250	-9.562870361925992	8.078776759117561	-0.06386208534240723	502.0
20274	-9.710972509351722	8.133629809857739	-0.1702876091003418	502.0
20288	-9.930517466348327	8.269288058479978	-0.26671433448791504	502.0
20308	-9.819834791793182	8.272125795530181	-0.40163683891296387	502.0
20327	-9.913903369467622	8.554469195599447	-0.4960808753967285	502.0
20346	-9.878033115180923	8.585186200316944	-0.4580785036087036	502.0
20366	-9.770495640418883	8.564922153870887	-0.4506164789199829	502.0
20386	-9.94431906415427	8.553453337190353	-0.4438817501068115	502.0
20406	-9.813154445906381	8.671019463584134	-0.47643518447875977	502.0
20425	-9.731254335076326	8.607251006459375	-0.3300163745880127	502.0
20444	-9.617732960687764	8.4292400911649	-0.2958575487136841	502.0
20463	-9.79812918930929	8.591209167023331	-0.3229261636734009	502.0
20483	-9.829326914725419	8.410858684720024	-0.13111376762390137	502.0
20512	-9.700949437916162	8.593340121740814	-0.3287649154663086	502.0
20524	-9.826510094132827	8.644803079399695	-0.1599944829940796	502.0
20542	-9.919230404910396	8.629101438477456	-0.07641148567199707	502.0
20561	-10.014095606108308	8.568046464862295	-0.06077396869659424	502.0
20581	-10.014095606108308	8.568046464862295	-0.06077396869659424	502.0
20601	-10.05952520508585	8.520841482125677	-0.07511007785797119	502.0
20621	-9.923361191065341	8.744077667714059	-0.030948638916015625	502.0
20638	-9.923361191065341	8.744077667714059	-0.030948638916015625	502.0
20658	-9.711952898290507	8.890182512788458	-0.040132761001586914	502.0
20677	-9.704128694324668	8.959109196270367	0.09227216243743896	503.0
20697	-9.353680609819632	8.947111796331313	-0.02443993091583252	503.0
20715	-9.1726390734289	8.839863532656606	-0.10129225254058838	503.0
20736	-9.286286887851254	8.771954060734773	-0.13396847248077393	503.0
20755	-9.412124217534624	9.0542256317463	-0.09989261627197266	503.0
20776	-9.581296902298725	8.937193727884457	0.03738963603973389	503.0
20794	-9.474196050574493	8.88635068193122	-0.04059147834777832	503.0
20813	-9.654003966771214	8.834608828896608	-0.1683652400970459	503.0
20834	-9.668305655888275	8.792380054867763	-0.37685251235961914	503.0
20852	-9.935099393911639	8.825414694961186	-0.4229466915130615	503.0
20874	-9.947557855304485	8.925606629603081	-0.3324155807495117	504.0
20891	-9.740947034916775	8.918904191286297	-0.4402848482131958	504.0
20912	-9.533985343078983	8.7276749185391	-0.45851945877075195	504.0
20930	-9.407656407409721	8.717037160912573	-0.640877366065979	504.0
20950	-9.426781581977703	8.723592429301776	-0.586807370185852	504.0
20969	-9.353898393181057	8.709062699349182	-0.535082221031189	504.0
20990	-9.390539553851053	8.56493688495508	-0.2758544683456421	504.0
21007	-9.391498297228411	8.501999919877708	-0.15175998210906982	504.0
21028	-9.35488177623394	8.605624818476189	-0.09640109539031982	504.0
21046	-9.43127103093753	8.609176454275158	-0.08305799961090088	504.0
21067	-9.480523224770197	8.648759709979029	0.08987629413604736	504.0
21087	-9.51643701868018	8.550814292643611	0.23512983322143555	504.0
21105	-9.445703034576187	8.656015109440247	0.09817337989807129	504.0
21127	-9.552517844192993	8.552016722063817	0.19902968406677246	504.0
21144	-9.631237244433066	8.538373462599457	0.02185237407684326	504.0
21164	-9.704811416872513	8.670996664711318	-0.0614924430847168	504.0
21183	-9.813611083690574	8.543057915474952	-0.03629410266876221	504.0
21203	-9.981836202440107	8.318471426628488	0.09749865531921387	504.0
21223	-9.886436121099356	8.348187797315628	0.21923136711120605	504.0
21243	-9.923100178483395	8.470400751873873	0.23354291915893555	504.0
21262	-9.907160539603693	8.35137507672063	0.24771714210510254	504.0
21281	-9.876722769297107	8.575410392874188	0.10214459896087646	505.0
21300	-9.876722769297107	8.575410392874188	0.10214459896087646	505.0
21322	-9.867866199105757	8.684273837310892	0.31295084953308105	505.0
21339	-9.737402994665208	8.396297946497187	0.4485102891921997	505.0
21358	-9.661755747574729	8.578862152156866	0.36322951316833496	505.0
21378	-9.571019084209802	8.834122576553945	0.1591576337814331	505.0
21396	-9.80450659846497	8.71318791265157	-0.005506157875061035	505.0
21416	-9.956623733567467	8.633885093190482	-0.055318236351013184	505.0
21436	-9.871169302866642	8.678702782312149	0.14677906036376953	505.0
21455	-9.85014756036919	8.579694098431466	0.16539490222930908	505.0
21475	-9.736912480274553	8.576452478338512	0.025509953498840332	505.0
21495	-9.682700033210677	8.688886330734134	-0.12401759624481201	505.0
21514	-9.629788692928736	8.568510939794628	-0.11595630645751953	505.0
21533	-9.606412116721001	8.559522078164976	0.03888046741485596	505.0
21553	-9.496098548399175	8.51172262048206	-0.034691452980041504	505.0
21573	-9.414633343227047	8.525653121969015	0.13302552700042725	505.0
21592	-9.535903821861119	8.40472579591354	-0.13249194622039795	505.0
21611	-9.675423527914448	8.523768612464991	0.10725116729736328	505.0
21631	-9.896063411165382	8.478149712322733	0.2872723340988159	505.0
21650	-9.860759454165576	8.5507615827475	0.28476250171661377	505.0
21670	-9.866627268788116	8.5278862072705	0.31188642978668213	505.0
21689	-9.826233445986041	8.555379378760597	0.37890326976776123	505.0
21708	-9.823845004267367	8.714830497419868	0.32256627082824707	505.0
21728	-9.9477624784001	8.819686875611378	0.13141214847564697	505.0
21747	-9.73335304583471	8.805311603238485	0.04137229919433594	505.0
21766	-9.592466290478297	8.794446407059473	-0.15175402164459229	505.0
21786	-9.383959573935117	8.906990370433514	-0.2607920169830322	505.0
21806	-9.692911378781716	9.014864065657004	-0.28597891330718994	505.0
21825	-9.85684554131057	9.07902428739272	-0.3287242650985718	505.0
21844	-9.886637931402365	9.102429154513835	-0.4336357116699219	505.0
21864	-9.887273829754239	9.145873075157361	-0.28315889835357666	505.0
21884	-9.74289373483553	9.01301541905056	-0.4357888698577881	505.0
21902	-9.902598536706819	9.211682945308809	-0.38106393814086914	505.0
21922	-9.992703274793252	9.2157730088657	-0.3940035104751587	505.0
21942	-10.177925062563084	9.231006140456449	-0.4748300313949585	505.0
21961	-10.018166341092197	9.08793746557018	-0.3436000347137451	505.0
21981	-9.960373643258007	8.902781847136282	-0.4043790102005005	505.0
