4	0.15952300721839022	-3.019130561416003	-6.312072277069092	574.0
24	0.22502010057266436	-3.0413581597419324	-6.446926593780518	574.0
43	0.4306824258751801	-3.0187735426160756	-6.518423557281494	574.0
63	0.28575023268312605	-3.037941978283999	-6.447359085083008	574.0
82	0.503612589286239	-3.0525199223564403	-6.411989688873291	574.0
109	0.503612589286239	-3.0525199223564403	-6.411989688873291	574.0
123	0.7609578598485525	-3.2463882094113687	-6.541256904602051	574.0
141	0.7609578598485525	-3.2463882094113687	-6.541256904602051	574.0
160	0.5994368684282003	-3.205219374007292	-6.692666053771973	574.0
179	0.5132804394079754	-3.3305675683316722	-6.634906768798828	574.0
198	0.45493574233588874	-3.338410902027157	-6.665460586547852	574.0
218	0.11692211029784355	-3.19271452534029	-6.76270866394043	574.0
237	0.3069496043171912	-3.1985332871914114	-6.993463516235352	574.0
257	0.30483440867593137	-3.3141604395482096	-7.0378546714782715	574.0
276	0.38614044633230926	-3.364305306688306	-6.95538854598999	574.0
297	0.31651086946805995	-3.273049935180392	-6.956020355224609	573.0
317	0.33268461335172234	-3.4081649810342847	-6.940699100494385	573.0
336	0.2231817760867051	-3.2970778268453302	-6.982358932495117	573.0
355	0.13989551537631062	-3.3313821948601956	-6.8895063400268555	573.0
374	0.3216818245359387	-3.3945920432764796	-6.721487045288086	573.0
393	-0.037341252618485414	-3.4854659075653887	-6.366568088531494	573.0
413	-0.2458377402140125	-3.3399046321460237	-6.497366905212402	573.0
433	-0.3757685333365002	-3.127182312339138	-6.694715976715088	573.0
451	-0.3763783882443202	-3.2666118504022257	-6.659780025482178	573.0
471	-0.273524963331367	-3.337091625962054	-6.710141658782959	573.0
491	-0.16237799604848968	-3.4160109769689027	-6.722021102905273	573.0
511	-0.2151213568689994	-3.4042476372282384	-6.566098690032959	573.0
530	-0.27426106762219515	-3.150754423262877	-6.680674076080322	573.0
550	0.0038605768514418915	-3.1038144164912027	-6.817025184631348	573.0
569	0.15831728769982936	-3.3240043435731477	-6.664364814758301	573.0
597	0.4283954344996092	-3.4378468742322785	-6.526942253112793	573.0
606	0.4200145812148111	-3.5055993386824786	-6.61976432800293	573.0
627	0.3653319396289885	-3.399902873329907	-6.722900390625	573.0
645	0.35647121626576567	-3.3959278642289727	-6.793208122253418	573.0
666	0.5125028010753396	-3.5155929329263977	-6.923430919647217	573.0
685	0.5206834930785778	-3.632355099559864	-6.903953552246094	573.0
705	0.3975371139071143	-3.6749341901214656	-6.919991493225098	573.0
723	0.42101394595741964	-3.6029781814350854	-6.859446048736572	573.0
743	0.19330890531317152	-3.555343696738029	-6.773932456970215	573.0
765	0.27379606815726276	-3.482503424193522	-6.861445903778076	573.0
785	0.5612502839079606	-3.5066002713980655	-6.6759748458862305	573.0
805	0.6138609517554546	-3.5514931583321725	-6.559201240539551	573.0
822	0.6138609517554546	-3.5514931583321725	-6.559201240539551	573.0
841	0.5940351659742802	-3.704399718054576	-6.287519931793213	573.0
860	0.5940351659742802	-3.704399718054576	-6.287519931793213	573.0
879	0.610270291260658	-3.6087469282878355	-6.130283355712891	573.0
899	0.5817180471169917	-3.5895180972639107	-6.111372947692871	573.0
919	0.6655168049926923	-3.6872722092593366	-6.23876953125	573.0
937	0.6332852438836039	-3.66636448229727	-5.877805709838867	573.0
958	0.5042534868201951	-3.6297699725487753	-5.836177825927734	573.0
977	0.5259778927822979	-3.58816901212761	-5.9183502197265625	573.0
997	0.3740200246742831	-3.555097230341752	-5.937594413757324	573.0
1016	0.33983675522100354	-3.3569943482584805	-5.980200290679932	573.0
1035	0.3513095334865823	-3.445055482575264	-6.062687873840332	573.0
1055	0.2007487944690474	-3.578512205938406	-5.992938995361328	573.0
1076	0.153091636986343	-3.5318414823085518	-5.86218786239624	573.0
1093	0.215487380752314	-3.5444380031529668	-6.017787456512451	573.0
1115	0.026921931915750902	-3.653949569497563	-6.094465255737305	573.0
1133	-0.04142879454633769	-3.765011527219088	-6.013585567474365	573.0
1152	-0.12112120737013192	-3.7942494320740994	-6.023909568786621	573.0
1171	-0.02217792474247611	-3.899046796519284	-5.906509876251221	573.0
1192	0.0021992283864477238	-3.831585841905842	-5.924452781677246	573.0
1211	-0.023464147102204114	-3.548601358274351	-6.1920599937438965	573.0
1230	-0.23474068901489908	-3.6448043914538095	-6.159908771514893	573.0
1250	-0.3504931088997507	-3.512148371008964	-6.233179092407227	573.0
1269	-0.33071770628941766	-3.5375972997506913	-5.970861911773682	573.0
1288	-0.43779167783985384	-3.555967348567483	-6.083446502685547	573.0
1308	-0.6785201810536515	-3.795280705143048	-6.128974437713623	573.0
1327	-0.5867641972315709	-3.920859907077984	-6.059053897857666	573.0
1346	-0.421944931428625	-3.876445021111493	-6.132242679595947	573.0
1365	-0.42941173572032826	-4.108330909220847	-6.0474748611450195	573.0
1386	-0.2948327408797026	-4.0315145287126875	-6.060941219329834	573.0
1404	-0.21627511081167072	-3.9326698400997433	-6.055324077606201	573.0
1425	-0.36368742018984396	-3.8556683102677582	-6.431872844696045	573.0
1443	-0.3403244041570439	-3.64857797218145	-6.170487403869629	573.0
1464	-0.2168296226164453	-3.407292270066169	-6.052164554595947	573.0
1484	-0.37768166918831003	-3.1737904181278904	-6.096297740936279	573.0
1504	-0.6597216902945202	-3.4087129636769387	-5.8587822914123535	572.0
1525	-0.6597216902945202	-3.4087129636769387	-5.8587822914123535	572.0
1544	-0.5899393595094828	-3.4245533138957	-5.739388465881348	572.0
1569	-0.7193754611998308	-3.4633193792995023	-5.642817974090576	572.0
1580	-0.8867814432330368	-3.8353155914493073	-5.621011257171631	572.0
1600	-0.8849807067298697	-3.924397759705534	-5.305364608764648	572.0
1619	-1.216283696976067	-4.170142865637692	-5.470341205596924	572.0
1641	-1.2128702579250423	-4.321738959239371	-5.538293361663818	572.0
1660	-1.279493821251521	-4.464414601836125	-5.428432464599609	572.0
1677	-1.316773342621915	-4.371395764783106	-5.511584281921387	572.0
1697	-1.3905462678480902	-4.234505429643815	-5.443190097808838	573.0
1716	-1.3606765322721475	-4.3968777841981925	-5.52458381652832	573.0
1737	-1.2661337627725364	-4.168715768134293	-5.253942489624023	573.0
1758	-1.241344730401175	-4.106522340782373	-5.2685675621032715	573.0
1775	-1.0192820699033311	-4.192871122276603	-5.250435829162598	573.0
1795	-1.0868887013354385	-4.1148142292333425	-5.0083394050598145	573.0
1815	-1.1594728034307513	-4.035081881327254	-5.1268510818481445	573.0
1834	-0.9800544602283454	-3.9938214427622047	-4.8358378410339355	573.0
1853	-0.9414759252373336	-4.079298005986697	-4.775411128997803	573.0
1872	-0.8648820213477012	-4.001783296360957	-4.706272602081299	573.0
1892	-0.9424000827348493	-4.141958871168456	-4.928683280944824	573.0
1910	-0.6880819503011453	-4.095874942374371	-4.746393203735352	573.0
1930	-0.520073685958435	-4.056640974195827	-4.63779354095459	573.0
1949	-0.5531675333555344	-4.19198890402065	-4.635303974151611	573.0
1969	-0.2617582978774055	-4.530870362586988	-4.468685150146484	573.0
1990	-0.3409033977648406	-4.645633669735073	-4.49245023727417	573.0
2008	-0.2464307896501712	-4.646751011356157	-4.451503753662109	573.0
2028	-0.4216768179387446	-4.6040781913904905	-4.461240768432617	573.0
2047	-0.3090737627639185	-4.495216046515439	-4.272519588470459	573.0
2067	-0.4930052790207153	-4.595101245372919	-4.275424957275391	573.0
2085	-0.37225441219078936	-4.566648063494787	-4.192460536956787	573.0
2106	-0.19671712864422586	-4.46304515927762	-4.162039756774902	572.0
2124	-0.09701987692722779	-4.21411071590344	-4.16015625	572.0
2146	-0.04388198624321923	-4.224032895058892	-4.2310099601745605	572.0
2163	-0.015155476746826073	-4.281849635485535	-4.417113304138184	572.0
2185	0.13239530073868355	-4.407939641113647	-4.436615943908691	572.0
2204	0.12181320755356664	-4.314280999671304	-4.589542865753174	572.0
2223	0.1309153666930513	-4.083381586719649	-4.7245893478393555	572.0
2245	0.1309153666930513	-4.083381586719649	-4.7245893478393555	572.0
2264	-0.18935449528066667	-3.97989260074671	-4.86450719833374	572.0
2281	-0.18790751319922636	-3.856613432337124	-4.920037746429443	572.0
2299	-0.526373786384241	-3.995916952602375	-4.876538276672363	571.0
2319	-0.4690163350303514	-4.117782892912837	-4.8594160079956055	571.0
2338	-0.6284356346869577	-4.2517607904492225	-4.782694339752197	571.0
2363	-0.6925816589458457	-4.159213712715307	-4.909973621368408	571.0
2376	-0.7977746185200226	-4.260150702546592	-4.773382663726807	571.0
2397	-0.6031194434156906	-4.438033692637983	-4.860654830932617	571.0
2416	-0.40006271440885327	-4.525976970930127	-4.854434013366699	571.0
2436	-0.47605188637924517	-4.798231817408635	-4.9260663986206055	571.0
2456	-0.30393623379508466	-4.719449017320207	-5.031026363372803	571.0
2478	-0.2893801318476151	-4.5850741091825356	-5.210757255554199	571.0
2496	-0.08145102329279372	-4.624088872296894	-5.096747875213623	571.0
2515	-0.17007018964524964	-4.6858245951068485	-4.813179969787598	570.0
2534	-0.00320478738627287	-4.737941342577781	-5.094918727874756	570.0
2554	-0.12746030161687869	-4.7350873161876885	-4.957110404968262	570.0
2573	-0.35268614183795766	-4.548096987200646	-4.915695667266846	570.0
2594	-0.5532717511078947	-4.491430904531924	-5.042964458465576	570.0
2611	-0.6827226837979278	-4.569124384103557	-5.207675933837891	570.0
2631	-0.7072401981638831	-4.747132699145443	-5.014351844787598	570.0
2650	-0.6226709938519812	-4.65852457028338	-5.1983323097229	570.0
2670	-0.38284031133212126	-4.63483014914018	-5.376175880432129	570.0
2689	-0.5881404182208998	-4.720265756612371	-5.195958614349365	570.0
2708	-0.634158894740695	-4.805211288209051	-5.424836158752441	570.0
2727	-0.6422344208122612	-4.911769390431677	-5.449647903442383	570.0
2747	-0.3465437486742437	-4.8589196906591905	-5.367140769958496	570.0
2766	-0.2112088668280445	-4.8145579879354585	-5.295970439910889	570.0
2785	-0.1390913157030898	-4.469059509161957	-5.252019882202148	570.0
2804	-0.1657888357583682	-4.521394955419661	-5.455116271972656	570.0
2825	-0.12844513497487442	-4.567805894230223	-5.3886003494262695	570.0
2844	-0.15311288854002547	-4.482474755058208	-5.429189205169678	570.0
2864	-0.13503643017575437	-4.28770947323307	-5.3743720054626465	570.0
2883	-0.12192254900203678	-4.191631012189766	-5.3799262046813965	570.0
2906	-0.09212725487868353	-4.133664756397754	-5.144656658172607	570.0
2924	-0.14816437986419995	-4.035519305400772	-5.0986762046813965	570.0
2943	-0.14816437986419995	-4.035519305400772	-5.0986762046813965	570.0
2963	-0.23628735948920593	-4.108766158291616	-5.3034138679504395	570.0
2981	-0.21544777698741974	-4.17378380774228	-4.961330413818359	570.0
3000	-0.154848951991879	-4.288809952101822	-4.995543479919434	570.0
3020	0.1273144863664095	-4.41251238106787	-4.678859710693359	570.0
3039	0.10057926085570956	-4.625836640824262	-4.887524127960205	570.0
3058	0.09637114014168707	-4.459498421179557	-4.8632588386535645	570.0
3081	0.09055890219178894	-4.421703093622645	-5.022503852844238	570.0
3097	-0.06560137940456631	-4.4187477197350145	-4.933104991912842	570.0
3117	0.07337003173860239	-4.396775075258624	-4.871066570281982	570.0
3136	0.039417403540689094	-4.439686214968036	-4.8809919357299805	570.0
3155	-0.13036696129559736	-4.294775093547988	-5.074798107147217	570.0
3176	-0.34159491785448187	-4.205845870099297	-5.273862838745117	570.0
3196	-0.4452447166053839	-4.0645785859881265	-5.123233795166016	570.0
3214	-0.5748726701357355	-4.494471748123897	-5.31215763092041	570.0
3234	-0.6472791300837268	-4.456512111450418	-5.337337493896484	570.0
3254	-0.44947475869501224	-4.69993915224445	-5.449390411376953	570.0
3273	-0.5018484377570628	-4.748006456774588	-5.506332874298096	570.0
3293	-0.638868058796494	-4.51463777344144	-5.488779067993164	570.0
3313	-0.5785492146550046	-4.284045745514897	-5.630019664764404	570.0
3331	-0.42927126814385663	-4.2075822103616325	-5.662112712860107	570.0
3350	-0.3739494542930583	-4.288666824848169	-5.58958625793457	570.0
3370	-0.1028483851867716	-3.9003614780689513	-5.429667949676514	570.0
3390	-0.33227322615028704	-4.009084973021197	-5.451508522033691	570.0
3409	-0.5658665677757326	-4.025159396306682	-5.377811908721924	570.0
3429	-0.7048518363079277	-4.204214344134983	-5.222744941711426	570.0
3448	-0.6146510807432604	-4.431815049716808	-5.075770854949951	570.0
3467	-0.4064355318558601	-4.52559523862833	-4.720646381378174	570.0
3485	-0.5228323234636568	-4.749276892504902	-4.660769462585449	570.0
3505	-0.48324930961897167	-4.871606081870595	-4.575109004974365	570.0
3524	-0.599191773850647	-5.015797258682594	-4.779359340667725	570.0
3544	-0.5127836087239901	-4.888093019509965	-5.009986877441406	570.0
3563	-0.21772095805469174	-4.673301538880458	-4.852528095245361	570.0
3584	0.016905980011344225	-4.507178069780083	-4.806926727294922	570.0
3603	-0.0844358906972394	-4.39788055560808	-5.047837257385254	570.0
3625	-0.2772808652836655	-4.451911472213667	-4.849179267883301	570.0
3643	-0.21638972434227546	-4.2099454102418505	-4.66953706741333	570.0
3661	-0.21638972434227546	-4.2099454102418505	-4.66953706741333	570.0
3685	-0.0949195893099595	-4.011325598930481	-4.8239336013793945	570.0
3699	-0.12757339044852453	-4.115437777563571	-4.813634872436523	571.0
3719	-0.14623532712810278	-4.240108127444028	-4.675082206726074	571.0
3740	-0.3064311576183672	-4.446860618225088	-4.875946521759033	571.0
3759	-0.5170456700712782	-4.482364700347816	-4.884191513061523	571.0
3778	-0.32838922662459763	-4.427738628545918	-4.768670558929443	571.0
3803	-0.19245689075582742	-4.502573394935505	-5.115684509277344	571.0
3818	-0.16102953934357347	-4.501543946627924	-5.397679328918457	571.0
3837	-0.17057102733840995	-4.487083476111562	-5.124668121337891	571.0
3856	-0.15044329323796668	-4.533328905809893	-5.1242499351501465	571.0
3875	0.23387172464754813	-4.337205593406371	-5.167508125305176	571.0
3898	0.2141744651862727	-4.159467780167641	-5.035459518432617	571.0
3921	0.277138894826564	-4.282315106454256	-4.883088111877441	572.0
3937	0.26522069678133336	-4.352602549350606	-4.746583938598633	572.0
3954	0.18428415062409545	-4.283573004194275	-4.604135036468506	572.0
3974	-0.04804651873057881	-4.4576773259726945	-4.447301387786865	572.0
3993	-0.12733763458911806	-4.546762844851183	-4.657423496246338	572.0
4012	-0.1351141061496099	-4.519644129627493	-4.5494585037231445	572.0
4033	-0.3336611011154225	-4.518797989967787	-4.638762950897217	572.0
4050	-0.3054440716764481	-4.651837567409814	-4.741786479949951	572.0
4071	-0.3126892456512548	-4.598235591824326	-4.831704616546631	572.0
4090	-0.4418619663958153	-4.61664148209832	-4.887997150421143	572.0
4109	-0.5397581304686561	-4.685550991809107	-4.855210304260254	573.0
4128	-0.33283576930955167	-4.526640933423006	-4.922432899475098	573.0
4149	-0.21156862605843116	-4.254562810042242	-4.822051525115967	573.0
4166	-0.10926160054675928	-4.058006978771425	-4.644833087921143	573.0
4186	-0.18758826505273984	-4.092116497217448	-4.444601058959961	573.0
4205	-0.19391420667060177	-3.873526433761566	-4.4437665939331055	573.0
4226	-0.2068316473295274	-3.770555438685241	-4.673213958740234	573.0
4245	-0.054748309650090726	-3.6527679741430883	-4.808191776275635	573.0
4264	0.007276130734042144	-3.6446475467364845	-4.920251846313477	573.0
4287	0.04619140783874239	-3.6960690022975347	-4.882536888122559	573.0
4303	-0.0512659806819655	-3.756168839322805	-5.030272960662842	574.0
4323	-0.26215138909057245	-3.851080154652318	-5.144205093383789	574.0
4343	-0.06350897149957184	-3.82860771424152	-5.375857353210449	574.0
4362	-0.06350897149957184	-3.82860771424152	-5.375857353210449	574.0
4382	-0.06781622206330987	-3.886206938562797	-5.416167259216309	574.0
4401	-0.05849766033264505	-4.035406391483937	-5.098721504211426	574.0
4419	-0.021542294427508154	-4.0715674432736675	-4.989243030548096	574.0
4439	0.004089496622646077	-4.073222585407969	-5.024628639221191	574.0
4458	-0.10086897010297873	-4.047008248195681	-5.106095790863037	574.0
4479	-0.019224506054756715	-4.230560971179998	-4.98979377746582	574.0
4497	0.28672101184030374	-4.006092511772376	-5.115394592285156	574.0
4520	0.24931026978790752	-4.136015529053309	-4.728174686431885	574.0
4536	0.21030090485111	-4.015023241543519	-4.71910285949707	574.0
4557	0.27426159830105384	-3.9666978974107434	-4.928169250488281	574.0
4577	-0.033219312314034515	-4.100522527485098	-4.887085437774658	574.0
4597	-0.013949275867553465	-4.145936843711091	-4.802229404449463	574.0
4615	0.09095805679682566	-4.122133144694325	-4.91202449798584	574.0
4635	-0.010472835568470664	-4.017471653555115	-5.03702449798584	574.0
4653	-0.148295256398169	-4.055845731333878	-5.04555082321167	574.0
4674	-0.15493597132689116	-3.927344454060978	-5.192901134490967	574.0
4693	-0.15752092525154068	-4.143688153492718	-5.245005130767822	574.0
4712	-0.2593095814921713	-4.067262118829354	-5.396684646606445	576.0
4732	-0.13314317107918894	-3.8240407965156007	-5.540377616882324	576.0
4753	-0.19146976436498875	-3.871855684392755	-5.450089931488037	576.0
4770	-0.1488922238314051	-3.6311399937402644	-5.303050518035889	576.0
4789	-0.08876324126729225	-3.7011829333110184	-5.2878737449646	576.0
4809	-0.1017891687040795	-3.8180162088021383	-5.1969428062438965	576.0
4829	0.01895919119395523	-3.776481420594468	-5.303469181060791	576.0
4848	0.07762333201317324	-3.77077503483883	-5.28009557723999	576.0
4870	0.1116325431859307	-3.5690120841472286	-5.087523937225342	576.0
4887	0.13102302036213417	-3.4532933083401662	-4.977887153625488	576.0
4907	0.17490635411940628	-3.216013917222586	-5.114236354827881	578.0
4925	0.09775888813541692	-3.51564442575889	-4.875907897949219	578.0
4945	0.22008266749449193	-3.359529608120952	-4.854641914367676	578.0
4964	0.3474336513587636	-3.549017340175144	-4.850070476531982	578.0
4983	0.2349986092396854	-3.61141649151166	-4.760349750518799	578.0
5006	0.20114261849057352	-3.5563583518763595	-4.7838335037231445	578.0
5022	0.041721719403672135	-3.831461666885911	-4.844447612762451	578.0
5043	0.017358881260751913	-4.109879566722311	-4.861109733581543	578.0
5064	-0.059743612089416274	-4.204755972660041	-5.068092346191406	578.0
5083	-0.059743612089416274	-4.204755972660041	-5.068092346191406	578.0
5102	-0.09426634622943746	-4.196219179232887	-5.4759321212768555	580.0
5123	-0.05160877948613626	-4.4027827476267785	-5.2500104904174805	580.0
5140	-0.16457226483037626	-4.244286091600875	-5.3665385246276855	580.0
5159	-0.22775003235250882	-4.077140620656426	-5.357550144195557	580.0
5178	0.014140065000428014	-3.952556779234056	-5.300632476806641	580.0
5199	0.21267877406276678	-3.9627416510267435	-5.237063884735107	580.0
5222	0.2548894012518164	-3.9125772514877006	-5.462969779968262	580.0
5239	0.34261312416818684	-3.979795907012722	-5.284261226654053	580.0
5256	0.4997297986279647	-3.947531506102957	-5.168156623840332	580.0
5275	0.2628462269125141	-3.894992145389372	-5.359730243682861	580.0
5296	0.31810534388725037	-3.751876359937926	-5.187828540802002	582.0
5316	0.4043498663990201	-3.9682602629054182	-5.210585117340088	582.0
5338	0.15042623573649672	-4.146561544931602	-5.2590107917785645	582.0
5357	0.0762305500087506	-4.14796476549311	-5.337169170379639	582.0
5374	-0.02207411510813817	-4.0942197182316535	-5.087619304656982	582.0
5393	-0.1181688166158651	-3.9367129433836223	-5.086433410644531	582.0
5413	-0.4050568773191812	-4.005601001416362	-5.0663065910339355	582.0
5432	-0.3486928607821431	-3.92922099044751	-5.061576843261719	582.0
5451	-0.19372229432652385	-3.9870464323542794	-5.060014247894287	582.0
5472	-0.06132400647661001	-3.848776486690392	-5.0572309494018555	582.0
5493	0.04853919782409082	-3.81618136995741	-4.989014625549316	582.0
5509	-0.023471246660324272	-3.6646549767512573	-4.648352146148682	582.0
5529	0.007636618299789018	-3.764160754056949	-4.841610908508301	582.0
5548	0.0019034659444326924	-3.89288586435645	-4.67483377456665	582.0
5567	0.12937941837271363	-3.8649146255646705	-4.635624885559082	582.0
5592	-0.002267374730195659	-3.9247550367948945	-4.64845085144043	582.0
5609	-0.1893773598756327	-3.9629521105384917	-4.877199649810791	582.0
5626	-0.45531712312405986	-4.063327851958621	-4.8190693855285645	582.0
5645	-0.4494055182138707	-4.0697702310209225	-4.630411624908447	582.0
5665	-0.35451704696035535	-4.096826813408078	-4.748837947845459	582.0
5686	-0.23140929476743707	-4.082408418925128	-4.684049606323242	582.0
5704	-0.20428602362710874	-4.18331874552996	-4.576385974884033	582.0
5724	-0.23473879053790533	-4.317733931470239	-4.336797714233398	582.0
5754	-0.004573773698774427	-4.411682450977355	-4.183927059173584	582.0
5763	0.08964920631426482	-4.3398154911750355	-4.263672828674316	582.0
5782	0.08964920631426482	-4.3398154911750355	-4.263672828674316	582.0
5802	0.18705195039060576	-4.225027686959276	-4.292428016662598	582.0
5821	0.008556055023175935	-4.2784970127076605	-4.3783040046691895	582.0
5842	0.19725222691769176	-4.233546162752669	-4.460356712341309	582.0
5859	0.2645861561800289	-4.12954104076189	-4.461091995239258	582.0
5879	0.3502571151078042	-3.857429115610691	-4.694559574127197	582.0
5901	0.31280776534656746	-3.8455485110835372	-4.851518630981445	582.0
5918	0.34454430352710536	-3.725545172587862	-4.910651206970215	582.0
5938	0.35510327660651003	-3.774993603031173	-4.772837162017822	582.0
5957	0.3695636295191302	-3.978492247459866	-4.835047245025635	582.0
5976	0.5368190226201522	-3.8144649828600095	-4.920481204986572	582.0
5995	0.4225531604057446	-3.9096258274839943	-5.076207160949707	582.0
6015	0.15923999469467284	-3.781613106404055	-5.19045352935791	582.0
6035	-0.01842454084215579	-4.023631535988879	-5.444594383239746	582.0
6057	0.19618236006918605	-3.912449447287335	-5.542643070220947	582.0
6076	0.14682218081175152	-4.052117706625356	-5.548349380493164	582.0
6095	0.1139861672766915	-3.9343829425250223	-5.518041133880615	582.0
6113	0.1798024362564584	-3.7928127784481176	-5.544502258300781	582.0
6133	0.23326457994506397	-3.918670662676459	-5.487187385559082	582.0
6152	0.25978414156609514	-3.9885376056581925	-5.437609672546387	582.0
6171	0.3619766491696688	-3.9817138617126537	-5.381360054016113	582.0
6190	0.4326618634242536	-3.7163591212872027	-5.120363712310791	582.0
6210	0.23556344812068158	-3.839682730378486	-5.032447814941406	582.0
6229	0.26033902735939046	-3.8878521961690917	-5.031968116760254	582.0
6249	0.25043385388004374	-3.9852269283066204	-5.090997695922852	582.0
6268	0.25884079454892744	-3.940693630160048	-5.091405868530273	582.0
6286	0.18305557023414928	-3.905886995258545	-5.080142021179199	582.0
6309	0.012842190741951087	-3.8398714655916364	-4.870248794555664	582.0
6326	-0.0053630955073842666	-3.9882538953186986	-4.689064025878906	582.0
6346	0.03915729323451216	-4.047696604698078	-4.747072696685791	582.0
6364	0.10304741433911482	-3.969927552460551	-4.859775543212891	582.0
6384	-0.12569205815138323	-3.9082090890212506	-4.974857807159424	582.0
6404	-0.10334760639525539	-3.9427349237614346	-4.999303340911865	582.0
6424	-0.3320675422538819	-3.8950981758621537	-4.988523483276367	582.0
6443	-0.35308697628724184	-3.8057388672368746	-5.155959129333496	582.0
6466	-0.35308697628724184	-3.8057388672368746	-5.155959129333496	582.0
6482	-0.32580299472134616	-3.588661295207462	-5.705792427062988	582.0
6502	-0.32580299472134616	-3.588661295207462	-5.705792427062988	582.0
6521	-0.39427677486316953	-3.5249252428819644	-5.66775369644165	582.0
6540	-0.5663649714942041	-3.413890673892165	-5.513953685760498	582.0
6559	-0.4806774315096683	-3.4144630796893245	-5.5605268478393555	582.0
----------------출발----------------
6578	-0.4262563141647647	-3.4123185999236703	-5.644488334655762	582.0
6598	-0.3948113290085729	-3.35363039808897	-5.735742568969727	582.0
6617	-0.34982481341526855	-3.3588644590192125	-5.589606285095215	582.0
6637	-0.2664655233876666	-3.54037397662159	-5.400067329406738	582.0
6657	-0.10096637280059405	-3.7211246998258334	-5.249017238616943	582.0
6676	-0.06143178222770809	-3.746452830351486	-5.315613746643066	582.0
6695	0.026981030457479835	-3.9354544011913988	-5.547901153564453	582.0
6714	-0.06341069851977477	-3.8140933868287044	-5.401353359222412	582.0
6736	-0.22231625384512224	-3.912903155050648	-5.283564567565918	582.0
6755	-0.3260468718406419	-4.079863668131133	-5.483277797698975	582.0
6773	-0.553483883738948	-4.0788227088165065	-5.564809322357178	582.0
6792	-0.7421487759021271	-3.987206941961076	-5.520366191864014	582.0
6813	-0.8735362168895756	-4.172141434316565	-5.673941612243652	582.0
6832	-0.8219309328762235	-4.4435892462799504	-5.676187515258789	582.0
6852	-0.7377482785620435	-4.387578167866854	-5.644463062286377	582.0
6871	-0.7291123525361827	-4.3782203807340805	-5.802216529846191	582.0
6891	-0.8788035003023702	-4.216059686912262	-5.975746154785156	582.0
6910	-0.7841478302583341	-3.9788981834704185	-5.82608699798584	582.0
6928	-0.5954459405523498	-4.0306329036392095	-5.800774097442627	582.0
6949	-0.38782259756166	-4.088455329030075	-5.936470031738281	582.0
6969	-0.22647230425130904	-3.9953683155006887	-5.983757495880127	582.0
6987	-0.331066141811646	-3.8405870385800593	-5.96999454498291	582.0
7006	-0.4185423215652206	-3.790300484149452	-5.756535530090332	582.0
7026	-0.46358796295009924	-4.098383930504091	-5.652348518371582	582.0
7047	-0.38500118688164603	-4.000107002196285	-5.725288391113281	582.0
7066	-0.5937377708745081	-4.0464392733775085	-5.832494735717773	582.0
7083	-0.738508017959501	-4.31070272985446	-6.143558502197266	582.0
7104	-0.7606022594213518	-4.169314024001447	-6.116380214691162	582.0
7122	-0.8915659780691965	-4.305111457996975	-6.005771636962891	582.0
7143	-0.8256357273840919	-4.23638278347984	-6.010507106781006	582.0
7162	-0.8256357273840919	-4.23638278347984	-6.010507106781006	582.0
7183	-0.7717844519683418	-4.169826142025564	-6.144111156463623	582.0
7202	-0.7717844519683418	-4.169826142025564	-6.144111156463623	582.0
7222	-0.6839274769004007	-4.020180172428785	-6.279767036437988	582.0
7240	-0.5015716608619908	-3.9647129055858494	-6.280935287475586	582.0
7260	-0.6067484083481294	-3.8747498121723973	-6.13079833984375	582.0
7281	-0.609715137362097	-4.005586706258231	-6.264022350311279	582.0
7298	-0.7163587363182139	-3.816444063777506	-6.242914199829102	580.0
7318	-0.9045933624882007	-3.9698564637804914	-6.3712944984436035	580.0
7338	-0.8240306495820416	-3.9811719658700286	-6.563835620880127	580.0
7358	-0.6851650983580215	-4.211594239543941	-6.682956218719482	580.0
7379	-1.124832258755783	-4.534807708886206	-6.636322975158691	580.0
7396	-1.4924668184086736	-4.7149276470616615	-6.677728176116943	580.0
7416	-1.5076962327143857	-4.665712497279901	-6.625805854797363	580.0
7435	-1.769429501778196	-4.711336406430176	-6.802870750427246	580.0
7456	-1.75627244528995	-4.753463926594024	-7.1121826171875	580.0
7475	-1.5500215556321766	-4.898134025181501	-7.383928298950195	580.0
7496	-1.443291903627167	-5.023138746937105	-7.48787260055542	580.0
7512	-1.5194991572501408	-5.013825860906337	-7.7957763671875	578.0
7532	-1.6156796276450291	-5.065922519021206	-7.966019153594971	578.0
7552	-1.5472655722595698	-5.067888423151471	-8.018449783325195	578.0
7571	-1.7836642984438928	-5.264836522412995	-8.307071685791016	578.0
7591	-2.043811759399313	-5.215768128281569	-8.032691955566406	578.0
7612	-2.42245271060211	-5.177780372870485	-8.173282623291016	578.0
7631	-2.394567467085195	-5.138101322307688	-8.280614852905273	578.0
7649	-2.1343563758568065	-5.3546621520313025	-8.259713172912598	578.0
7669	-2.138442158169869	-5.186626672203045	-8.177513122558594	578.0
7689	-2.4705121211275616	-4.993435275470212	-8.40536880493164	578.0
7707	-2.831824765741008	-4.912297818456299	-8.591764450073242	576.0
7729	-2.7844641605202747	-4.795336153453001	-8.793183326721191	576.0
7747	-2.5710348110161902	-4.904826342559471	-9.243368148803711	576.0
7766	-2.1630264354525197	-5.329334963422066	-9.41344165802002	576.0
7785	-1.875249844295104	-5.769337020002129	-9.271933555603027	576.0
7804	-1.8696340481077147	-5.911318002680154	-9.390640258789062	576.0
7823	-1.7798654621409098	-6.03532380509897	-9.668871879577637	576.0
7843	-1.5412640055984042	-5.945236010342127	-9.762859344482422	576.0
7862	-1.4619859102239465	-5.727312250447279	-9.844688415527344	576.0
7884	-1.3695726428682133	-5.645718815487792	-9.847809791564941	576.0
7902	-1.5508732662380642	-5.697588109082168	-9.652130126953125	576.0
7923	-1.5508732662380642	-5.697588109082168	-9.652130126953125	576.0
7942	-1.8022765899272788	-6.006265350637421	-9.369648933410645	576.0
7960	-1.9974501342968354	-6.100534510559352	-9.339117050170898	576.0
7979	-1.8245316886156986	-5.9476419572349615	-9.50806999206543	576.0
8000	-1.7085985516739859	-5.857251628449728	-9.500177383422852	576.0
8018	-1.8954318090518552	-5.81226625431206	-9.436628341674805	576.0
8037	-2.1743951503113763	-5.846444517206394	-9.559205055236816	576.0
8057	-2.3975862184280476	-5.8770650918827805	-9.55490779876709	576.0
8077	-2.7525192358022323	-5.9688271201628345	-9.803053855895996	576.0
8099	-3.0006102293992334	-5.957439133898232	-9.803852081298828	576.0
8115	-3.240196082307859	-5.835941503889506	-10.032440185546875	576.0
8136	-3.585302690525086	-5.7203459294387065	-10.001564979553223	576.0
8155	-4.071083987102546	-5.6113043120861645	-10.12735652923584	576.0
8176	-4.318835227293235	-5.577281371311716	-10.20694351196289	576.0
8194	-4.437482798290613	-5.4781757147481915	-10.339710235595703	576.0
8216	-4.4480470797293075	-5.477657328679113	-10.32538890838623	576.0
8232	-4.471806528217348	-5.532858498469644	-10.251809120178223	576.0
8252	-4.6450406045203625	-5.4796615266644	-10.192895889282227	576.0
8272	-4.990656079225617	-5.412819443859693	-10.153470039367676	576.0
8292	-5.209352070190461	-5.588853855180685	-9.967531204223633	576.0
8311	-5.125312646841671	-5.598142726037911	-9.872390747070312	582.0
8332	-4.982387488434338	-5.688731191885613	-9.95386791229248	582.0
8349	-4.966595448734497	-5.438779649526212	-9.941503524780273	582.0
8369	-5.175753882411715	-5.063604098675676	-9.982398986816406	582.0
8389	-5.19533146586645	-4.485733589382257	-10.220348358154297	582.0
8407	-5.335611084709505	-4.2698243653530294	-10.264902114868164	582.0
8427	-5.4853867451523435	-4.2942687373789035	-10.251287460327148	582.0
8447	-5.726441091316199	-4.481785687936142	-10.338104248046875	582.0
8467	-5.736638553221227	-4.813856615312423	-10.36599063873291	582.0
8485	-5.744209137418169	-4.990785770391871	-10.220877647399902	582.0
8504	-5.84822028129152	-5.303519367723752	-10.175596237182617	588.0
8524	-6.212718228145579	-5.392041174134189	-10.297504425048828	588.0
8544	-6.5450435857301255	-5.361104007122916	-10.06786823272705	588.0
8563	-6.820178059317281	-5.104294996904822	-9.98395824432373	588.0
8586	-7.051780934327163	-4.8372650883507164	-9.761767387390137	588.0
8603	-7.082852772575149	-4.383187457800983	-9.766193389892578	588.0
8623	-7.476961678747823	-4.264312855057772	-9.328743934631348	588.0
8641	-7.476961678747823	-4.264312855057772	-9.328743934631348	588.0
8661	-7.5335744081965	-4.3273528939904855	-9.415120124816895	588.0
8681	-7.7585526396032005	-4.532531240627495	-9.309133529663086	588.0
8703	-7.831697271539741	-4.780098975931656	-9.241181373596191	591.0
8721	-7.6593700282669825	-4.900774119386442	-9.264517784118652	591.0
8737	-7.6853972557303365	-4.905991009570221	-9.526122093200684	591.0
8758	-7.759106113497691	-4.569938793800177	-9.9675874710083	591.0
8777	-7.6624197678538986	-4.199114999480028	-10.245073318481445	591.0
8796	-7.572383966505478	-3.742472068010538	-10.489802360534668	591.0
8817	-7.799143466242759	-3.858192986580936	-10.284090042114258	591.0
8836	-7.642835628282918	-4.075486402409716	-10.294015884399414	591.0
8856	-7.183253546647089	-4.2492641398191315	-10.281349182128906	591.0
8875	-6.920838281036744	-4.48786183954986	-10.366479873657227	591.0
8895	-7.088904339881393	-4.53720674022403	-10.247522354125977	591.0
8914	-6.998569853179638	-4.513679741206947	-9.99839973449707	597.0
8934	-7.377569055615067	-4.3180069986756155	-10.007740020751953	597.0
8955	-8.050152190801663	-4.2420273833236815	-9.804847717285156	597.0
8972	-8.225682434674248	-3.9489178450452522	-9.733120918273926	597.0
8992	-8.184721428114846	-3.503947976808264	-9.606417655944824	597.0
9011	-8.24769589934961	-3.1377311115210333	-9.730827331542969	597.0
9030	-8.417012986532853	-2.971411241051692	-9.879822731018066	597.0
9052	-8.39909645616094	-3.037257414402632	-9.984818458557129	597.0
9069	-8.565328636274486	-2.997073265082198	-10.15948486328125	597.0
9088	-8.82720072358228	-2.926172822007326	-10.154694557189941	597.0
9108	-8.869201621410006	-3.1491049026785105	-10.22859001159668	599.0
9126	-9.157023356890683	-3.095031771156093	-10.051447868347168	599.0
9146	-9.551105704759838	-3.204161317905319	-10.125826835632324	599.0
9166	-9.543253735913401	-3.182771472209252	-10.502370834350586	599.0
9186	-9.701710408873804	-2.8290441484506803	-10.568887710571289	599.0
9206	-9.585688652514172	-2.5640002187117856	-10.618451118469238	599.0
9224	-9.747396313736271	-2.590170905699303	-10.677727699279785	599.0
9245	-9.482183064966115	-3.1064803660893565	-10.647481918334961	599.0
9264	-9.4153682344739	-3.277204174082557	-10.789756774902344	599.0
9283	-9.589489942455897	-3.6156953821344446	-10.70742416381836	599.0
9307	-10.015999988781275	-3.813623873385761	-10.62954330444336	599.0
9323	-10.015999988781275	-3.813623873385761	-10.62954330444336	599.0
9343	-10.220200706617078	-3.349969056977615	-10.59257984161377	599.0
9362	-10.32808367493909	-3.2542814791752215	-10.724565505981445	599.0
9381	-10.32808367493909	-3.2542814791752215	-10.724565505981445	599.0
9400	-10.560968809581832	-3.166689865931677	-10.632651329040527	599.0
9422	-10.714390245279358	-3.0716280842188812	-10.599373817443848	599.0
9439	-10.745614090851282	-3.1375290317148052	-10.624702453613281	599.0
9459	-10.856313031306152	-3.0129577747843377	-10.73613166809082	599.0
9477	-11.072333454319091	-3.04553442435012	-10.675008773803711	599.0
9496	-11.299740508828195	-3.2159107580952746	-10.796828269958496	599.0
9517	-11.322470587195859	-3.0286168568075484	-11.14627742767334	599.0
9536	-11.654418364064355	-2.8562856707801716	-11.03088092803955	599.0
9557	-12.032163324948918	-2.928728197580777	-11.021881103515625	599.0
9575	-12.08664093503621	-3.0862215309367866	-11.32034683227539	599.0
9594	-11.925945784088592	-3.295782455828267	-11.459318161010742	599.0
9615	-11.871757615940952	-3.7220685739555095	-11.404435157775879	599.0
9634	-12.012058196189322	-3.8574699150434997	-10.8525390625	599.0
9653	-12.137911418640352	-4.006756609009651	-10.633302688598633	599.0
9672	-12.30303505641975	-4.015179680440423	-10.641849517822266	599.0
9692	-12.493041844659844	-4.140693760489032	-10.702887535095215	599.0
9712	-12.750793270634313	-3.9068639796304065	-10.345414161682129	599.0
9732	-13.171526673675094	-3.6657809368272134	-10.162111282348633	599.0
9750	-13.425715358403995	-3.6601167363288036	-10.04870319366455	599.0
9769	-13.671611493033458	-3.680755157294408	-10.216825485229492	599.0
9789	-13.932362409096504	-3.887667737413814	-10.298123359680176	599.0
9808	-14.35676298369258	-4.042599201968184	-9.906620979309082	599.0
9829	-14.736370942288627	-4.193689152421484	-9.356650352478027	599.0
9846	-14.882698343768514	-4.020138944295388	-8.979432106018066	599.0
9867	-15.035730720801622	-3.9648396941900996	-8.632452964782715	599.0
9886	-15.005511242408396	-3.8654616088747957	-8.265974998474121	599.0
9906	-15.263028007363973	-3.720840528520841	-7.964842796325684	601.0
9928	-15.28768145351823	-3.8750758307433952	-7.772547245025635	601.0
9944	-15.312282661125874	-4.124325510530147	-7.663119316101074	601.0
9963	-15.154146945997653	-4.337873276940006	-7.552791595458984	601.0
9983	-14.953494650332134	-4.6548899119389615	-7.191256046295166	601.0
10005	-14.976337132698836	-4.762221028932819	-7.1834330558776855	601.0
10024	-14.819549472336158	-4.966927907851877	-6.764812469482422	601.0
10042	-15.042958386924823	-4.896939939335943	-6.357525825500488	601.0
10061	-15.042958386924823	-4.896939939335943	-6.357525825500488	601.0
10080	-14.416037861902806	-4.901366856147384	-6.568343639373779	601.0
10099	-13.955730834030147	-4.781288443960319	-6.359073162078857	604.0
10119	-13.680306210636996	-4.733207029537794	-6.143833160400391	604.0
10141	-13.296694149719173	-4.814551751620464	-6.069190979003906	604.0
10158	-13.294269740812837	-4.990812449615947	-5.353273391723633	604.0
10177	-13.112671766650548	-5.148464765789065	-4.957498073577881	604.0
10197	-12.629844586477134	-4.9802790000380925	-5.595454216003418	604.0
10218	-12.032712290972924	-4.903527855242824	-5.735917091369629	604.0
10236	-11.661719090756463	-4.820416881015464	-5.935764312744141	604.0
10255	-10.996418253471093	-4.633763750321528	-6.963427543640137	604.0
10276	-10.268323827296465	-4.351495555534799	-7.440873146057129	604.0
10295	-10.508804143401047	-4.706439868989492	-6.395036697387695	604.0
10314	-10.4072017153991	-4.8859274441058975	-5.54252815246582	604.0
10334	-10.145936358601373	-5.127186481980193	-5.196895599365234	604.0
10352	-9.99466902428481	-5.084941644601039	-5.225065231323242	604.0
10373	-9.680983692774566	-4.978141762567972	-5.630149841308594	604.0
10392	-9.401628600713478	-4.8616014923025554	-6.182608604431152	604.0
10411	-9.069130648803906	-4.605219099376197	-6.1021928787231445	604.0
10431	-8.957511788541476	-4.572667746024735	-5.81745719909668	604.0
10450	-8.598844341688789	-4.53678515669432	-5.654512405395508	604.0
10469	-8.448345074501878	-4.599459028567321	-5.454409122467041	604.0
10490	-7.952332678777876	-4.318538948049192	-5.51760721206665	604.0
10509	-7.163147267459783	-4.469020777480825	-6.002607345581055	601.0
10531	-6.556801329162574	-4.469502126186525	-6.288824081420898	601.0
10548	-6.045632652046985	-4.407371731687672	-6.355376243591309	601.0
10566	-5.961957448765669	-4.321029656067742	-6.275676727294922	601.0
10587	-5.75431011434106	-4.047836783611374	-6.336816787719727	601.0
10608	-5.614290065188815	-3.8394140939684256	-6.498225212097168	601.0
10625	-5.405487256506083	-3.565744694101703	-6.886678218841553	601.0
10644	-5.093183238224613	-3.4349639220138766	-6.985806941986084	601.0
10664	-4.760542065764705	-3.245820038023693	-6.859216690063477	601.0
10683	-4.340041030769708	-3.1739019024712714	-6.882175445556641	601.0
10704	-4.373774005895332	-3.1399596378417254	-6.909793853759766	599.0
10724	-4.12419940483814	-3.160120287270378	-7.037276744842529	599.0
10744	-4.004800032761795	-3.1454800589730625	-7.132756233215332	599.0
10762	-4.004800032761795	-3.1454800589730625	-7.132756233215332	599.0
10782	-3.718216019621181	-2.9144166547598376	-7.255789756774902	599.0
10801	-3.5688330980424405	-2.862341582931658	-7.440278053283691	599.0
10820	-3.4666547849446716	-2.9058876426953897	-7.859971046447754	599.0
10839	-3.514956224109063	-2.9321689606804697	-8.335038185119629	599.0
10858	-3.477264449714958	-2.7540382443092533	-8.726699829101562	599.0
10878	-3.35371054777292	-2.4131313309257525	-8.842641830444336	599.0
10898	-3.4408436854348827	-2.1961161140536523	-9.14181137084961	599.0
10917	-3.3708553857248624	-1.9981143854055985	-9.351049423217773	599.0
10936	-3.3124796699121735	-1.9042871997594646	-9.499117851257324	599.0
10956	-3.3167526992121528	-1.989799958549239	-9.658428192138672	599.0
10975	-3.398153135191774	-1.7723256657395225	-9.682577133178711	599.0
10995	-3.1772051281734677	-1.5196630339415338	-9.618741035461426	599.0
11016	-3.3988390048952737	-1.6755278070723276	-9.597331047058105	599.0
11034	-3.3570370957968665	-1.6273945570446058	-9.852224349975586	599.0
11054	-3.323091679973913	-1.6791916883887985	-10.0238618850708	599.0
11073	-3.3985508576483405	-1.7896575008739224	-10.274348258972168	599.0
11093	-3.577229843345247	-1.6218370729004634	-10.38364028930664	599.0
11111	-3.613543339682181	-1.4462902345568194	-10.543340682983398	599.0
11130	-3.6463379903074022	-1.213009400142986	-10.647451400756836	599.0
11150	-3.971482902963005	-1.2153183339102696	-10.712770462036133	599.0
11171	-4.092520624934612	-1.051947340222398	-10.793025016784668	599.0
11189	-4.370461806683729	-1.1013641919221255	-10.689525604248047	599.0
11210	-4.556310411091704	-1.0328474272169628	-10.522343635559082	599.0
11228	-4.649090521390173	-0.7059004689513516	-10.502222061157227	599.0
11247	-5.083138297791774	-0.6263910930736248	-10.67112922668457	599.0
11268	-5.245456210529772	-0.19168346808279924	-10.47823429107666	599.0
11286	-5.589697948424809	-0.4279474478047698	-10.420146942138672	599.0
11306	-5.639137143231741	-0.4770980450268723	-10.464728355407715	596.0
11326	-5.749746362983159	-0.40549353618957956	-10.470968246459961	596.0
11346	-5.969406501716272	-0.333953045096671	-10.441551208496094	596.0
11364	-5.8325088411949135	-0.13544762317122205	-10.399593353271484	596.0
11383	-5.944136061781552	-0.07334180921259333	-10.236137390136719	596.0
11402	-5.733742294023651	-0.030044564362337916	-10.284475326538086	596.0
11423	-5.842388714525305	-0.23746573792602443	-10.227240562438965	596.0
11443	-5.720883220813648	-0.04707160541749285	-10.246652603149414	596.0
11463	-5.93237385059719	-0.04580794612799654	-10.405580520629883	596.0
11482	-5.93237385059719	-0.04580794612799654	-10.405580520629883	596.0
11501	-5.842226826253943	0.2260872851597851	-10.446528434753418	595.0
11519	-5.817096741318866	0.26757091131924304	-10.449627876281738	595.0
11538	-6.199198704282699	0.39899439376479373	-10.523362159729004	595.0
11559	-6.202044266599235	0.35617442731564297	-10.684088706970215	595.0
11582	-6.3992552958215105	0.2707519838611232	-10.566822052001953	595.0
11598	-6.437320325707613	0.1594733571393414	-10.56882381439209	595.0
11617	-6.432569676947027	0.03334388959938777	-10.518208503723145	595.0
11636	-6.377092755712524	0.02979306825887108	-10.194425582885742	595.0
11655	-6.674418756833526	-0.17798688648342198	-9.935447692871094	595.0
11678	-6.878971691398963	0.04599326553864545	-9.904635429382324	595.0
11695	-6.916440047325542	0.10652083572855833	-9.679698944091797	594.0
11715	-7.027861629945794	0.18376290041631343	-9.548011779785156	594.0
11736	-6.986903407855571	0.3679489054226816	-9.416182518005371	594.0
11753	-7.228550630411179	0.2178281470458438	-9.263909339904785	594.0
11773	-7.323338199278951	0.40675813329848537	-9.232755661010742	594.0
11795	-7.584371127556799	0.5819805862217599	-9.245224952697754	594.0
11815	-7.57604460550625	0.8441734410435792	-9.291017532348633	594.0
11832	-7.644896652638362	0.686132595566969	-8.999491691589355	594.0
11851	-7.715060665960131	0.7099175316616041	-9.005915641784668	594.0
11870	-8.061832936607036	0.5979098106968166	-8.903462409973145	594.0
11889	-8.211821818428088	0.5319127850303198	-9.00361156463623	594.0
11913	-8.256668151571825	0.6183082840691388	-9.078283309936523	594.0
11935	-8.315483695046753	0.7206952679130624	-8.9937105178833	594.0
11948	-7.956811065302481	0.5789908217820777	-9.037117004394531	594.0
11968	-8.016828418683092	0.38587163559011034	-8.893004417419434	594.0
11986	-8.06000029365588	0.4195362275823847	-8.96851921081543	594.0
12006	-8.21312682886639	0.382335875243225	-8.973260879516602	594.0
12025	-8.113814496736016	0.3921427474648219	-8.913717269897461	594.0
12046	-8.226079007239813	0.3729908426726536	-8.726496696472168	594.0
12067	-8.17144111612117	0.41375461078773607	-8.369382858276367	594.0
12084	-8.225420710532825	0.31608093494846357	-8.149710655212402	594.0
12103	-8.626433639675772	0.17907943917157737	-8.11613941192627	594.0
12122	-8.699167389686533	0.4622122070398924	-8.212491989135742	594.0
12143	-8.752857759212901	0.43229176497139216	-8.304079055786133	594.0
12162	-8.89528093149021	0.3340883608196907	-7.973910808563232	594.0
12185	-8.89528093149021	0.3340883608196907	-7.973910808563232	594.0
12202	-9.018716674360862	0.30884014086938	-7.786769866943359	594.0
12221	-8.903501539936851	0.3421400025058714	-7.8423943519592285	594.0
12240	-9.175256477685128	0.273777206458218	-7.968647003173828	594.0
12259	-9.262529325400982	0.13310535959173966	-8.089644432067871	594.0
12278	-9.062525928849018	0.27050414068052353	-8.007423400878906	594.0
12299	-8.94054329227051	0.09080522606242993	-7.780836582183838	594.0
12318	-8.863481040076175	0.20592694276170093	-7.534097671508789	594.0
12337	-8.792401786222463	0.2512126575736973	-7.606169700622559	594.0
12357	-8.769387069244678	0.3605664580793917	-7.5722455978393555	594.0
12376	-8.945942442288798	0.19589936145416428	-7.566462993621826	594.0
12397	-8.837694030109887	0.09222605647948372	-7.466433048248291	594.0
12415	-9.023938490189776	8.284786872258664E-4	-7.373466491699219	594.0
12435	-9.405194094815048	-0.09467021236892484	-7.362702369689941	594.0
12455	-9.35679888293272	-0.06689328358398791	-7.378501892089844	594.0
12474	-9.353520447309924	0.01208994996675548	-7.34535551071167	594.0
12494	-9.55953794907929	0.02358472983493879	-7.507837295532227	594.0
12512	-9.687890648308771	0.044715132903859964	-7.682842254638672	592.0
12533	-9.847710493110984	0.10628069201735567	-7.287506580352783	592.0
12551	-9.825692996935407	0.2855081462530171	-7.393290996551514	592.0
12571	-9.890579115301374	0.32623824383475214	-7.3921051025390625	592.0
12590	-9.886461928327586	0.4321854465448107	-7.277334690093994	592.0
12609	-10.220736582944244	0.42733053839013035	-7.365913391113281	592.0
12632	-10.4332624097572	0.38522258991459396	-7.493099689483643	592.0
12655	-10.485409065086053	0.42934846987283065	-7.375704288482666	592.0
12668	-10.705323288145793	0.3359425102554593	-7.037609100341797	592.0
12687	-10.818517802583807	0.32961054017135155	-7.144668102264404	592.0
12706	-11.117959330056701	0.39844213103713294	-6.920132637023926	590.0
12726	-11.191503056983356	0.7126303112597246	-7.026287078857422	590.0
12745	-11.297366407926635	0.5844139224502479	-7.014897346496582	590.0
12764	-11.275892478901477	0.4604388426873184	-6.926925182342529	590.0
12790	-11.517034938075538	0.5015963344227912	-6.716460704803467	590.0
12803	-11.564617104182702	0.5667515909253269	-6.751803874969482	590.0
12823	-11.722911660997129	0.5467332240750676	-7.045717239379883	590.0
12843	-11.839328483364413	0.263588466725961	-6.908313274383545	590.0
12863	-11.800258968930468	0.1903465369367089	-6.966555118560791	590.0
12889	-11.937918183767554	-0.05730174045464268	-6.815795421600342	590.0
12902	-11.937918183767554	-0.05730174045464268	-6.815795421600342	589.0
12920	-12.004980185850409	-0.0038509024407978663	-6.697292327880859	589.0
12940	-12.13300176342116	0.12848391714351698	-6.550602912902832	589.0
12960	-11.923757978867243	0.030586598814979035	-6.6800432205200195	589.0
12979	-11.855347610933803	-0.17045089561261684	-6.769810199737549	589.0
12998	-11.860576279116128	-0.19765763165934155	-6.42514181137085	589.0
13018	-11.838221926272816	0.023312018978540905	-6.404849052429199	589.0
13037	-12.107632047154635	-0.043371128480126364	-6.3309526443481445	589.0
13056	-11.874717915518131	-0.008065073148057976	-6.350184917449951	589.0
13075	-11.8003427874843	-0.10389521117207955	-6.131649971008301	589.0
13096	-11.919678120347541	-0.33889568824959926	-6.123140335083008	588.0
13115	-12.245234965791356	-0.5311751152657265	-6.070311546325684	588.0
13137	-12.46459795489452	-0.5394747534349986	-5.807168483734131	588.0
13154	-12.597102403550542	-0.4870582841192814	-5.8505682945251465	588.0
13174	-12.581009729824022	-0.4864014917005481	-5.8321919441223145	588.0
13193	-12.368682076230641	-0.3635332945373377	-5.914098739624023	588.0
13213	-12.794422598474089	-0.40813181198857024	-5.672440528869629	588.0
13235	-13.242230583993107	-0.31976563313804635	-5.640225410461426	588.0
13252	-13.355606550518297	-0.23415604874128332	-5.388636112213135	588.0
13271	-13.359356516103828	-0.3525065943653794	-5.312633991241455	588.0
13290	-13.301068817490478	-0.17233727212475672	-5.142386436462402	588.0
13309	-13.270615456190402	-0.16811338515985705	-4.996365070343018	583.0
13329	-13.187043460249868	-0.10172233725495693	-4.685853004455566	583.0
13352	-13.24248976116321	-0.3521846664835402	-4.2499823570251465	583.0
13375	-13.317497169760381	-0.3437232842623443	-4.124636650085449	583.0
13387	-13.303799886678286	-0.4846713225641469	-4.124084949493408	583.0
13407	-13.317432643269946	-0.6079196511106421	-3.953368902206421	583.0
13426	-13.60526231346404	-0.3593048181542614	-3.5993247032165527	583.0
13445	-13.657247574189228	-0.43565564131902934	-3.4645538330078125	583.0
13468	-13.767130238812374	-0.367689244677439	-3.455899953842163	583.0
13486	-13.961868516225822	-0.29073365269436463	-3.575958728790283	583.0
13505	-14.231690976759062	-0.2849950604116974	-3.3983213901519775	577.0
13523	-14.222755807328172	-0.29834512819648773	-3.13200044631958	577.0
13543	-14.12584666806422	-0.2373876620540731	-2.8399100303649902	577.0
13563	-14.129772282080728	-0.11984810686435475	-2.8644886016845703	577.0
13583	-14.072525082739858	-0.32075692282621665	-2.6799473762512207	577.0
13605	-14.18457358464074	-0.3646314553956262	-2.4975242614746094	577.0
13621	-14.18457358464074	-0.3646314553956262	-2.4975242614746094	577.0
13640	-14.336924418269245	-0.47280476369856017	-2.1943094730377197	577.0
13659	-14.47040505962196	-0.5078959758281418	-1.8924129009246826	577.0
13679	-14.452020132509931	-0.4828701104715156	-2.028952121734619	577.0
13698	-14.300768925932337	-0.5204194273965662	-1.9318596124649048	574.0
13718	-14.187913699731922	-0.5385762259054427	-1.8387552499771118	574.0
13737	-14.10854558131242	-0.3869678581359422	-1.917868971824646	574.0
13757	-13.893386984351462	-0.2184720753280146	-1.9174537658691406	574.0
13776	-13.703424062259261	-0.21686385731706184	-1.853938341140747	574.0
13796	-13.478187596893605	-0.17267964371148387	-1.7301898002624512	574.0
13815	-13.235916411974275	-0.24908628783904446	-1.58211088180542	574.0
13836	-13.153724840280374	-0.17304273074689122	-1.1621609926223755	574.0
13855	-13.012429270786434	0.10521458739371803	-1.012459635734558	574.0
13875	-12.913340106562169	0.193681789393838	-0.7316916584968567	574.0
13893	-12.812146628183315	0.21933706011757467	-0.2360723465681076	574.0
13913	-12.803018151925459	0.3583233728301008	0.05055549740791321	571.0
13932	-12.793051631075455	0.49756207681774656	0.3230871856212616	571.0
13953	-12.827176712325475	0.5245061658855619	0.48813748359680176	571.0
13971	-12.879320216058877	0.6720467868170353	0.533575177192688	571.0
13994	-12.854331846697672	0.8262599229808698	0.6464210152626038	571.0
14010	-13.02505736092081	0.658612358031357	0.8939583897590637	571.0
14029	-13.184307568408789	0.8393370274889603	1.082301378250122	571.0
14048	-13.311957249572986	0.8313048636225991	1.3216297626495361	571.0
14068	-13.233251144620768	0.8841019947852542	1.4987900257110596	571.0
14087	-13.136633435266054	1.0141112729359993	1.5054619312286377	571.0
14109	-12.88998692426043	1.148435212954722	1.591440200805664	570.0
14126	-12.827410886664108	1.1374779963149035	1.8963284492492676	570.0
14147	-12.658553440088987	1.3066847377022963	2.099626302719116	570.0
14165	-12.570558225316237	1.3523105242770963	2.203280448913574	570.0
14185	-12.22481367389387	1.3947124082692928	2.268277883529663	570.0
14204	-12.002093969401843	1.4078234048834235	2.2501168251037598	570.0
14224	-11.817555451489829	1.5216745249684085	2.224853038787842	570.0
14243	-11.718073742218197	1.734243068899531	2.3157715797424316	570.0
14262	-11.734397924707103	1.7828777351185146	2.392124652862549	570.0
14283	-11.632278589779908	1.8354371135536174	2.502690553665161	570.0
14303	-11.570575720367192	1.8760349609528963	2.681044816970825	570.0
14325	-11.570575720367192	1.8760349609528963	2.681044816970825	570.0
14341	-11.438189187032497	2.10938735677116	2.680908679962158	570.0
14360	-11.341818752144583	2.31526682191439	2.7339046001434326	570.0
14379	-11.412206571907308	2.5414070559153443	2.7766075134277344	570.0
14399	-11.37191771275809	2.41742525451417	2.9925055503845215	570.0
14418	-11.123880714306875	2.311751711121771	3.23382568359375	570.0
14437	-11.08234659682592	2.417449695203799	3.3194258213043213	570.0
14458	-10.947471472224068	2.444392088295052	3.367896318435669	570.0
14477	-10.849156686244683	2.5841662492233	3.351583957672119	570.0
14496	-10.596629531259053	2.5414062401682114	3.6615798473358154	570.0
14516	-10.754245311619309	2.5780475701890317	3.5221614837646484	570.0
14536	-10.634184967355411	2.6903360694131466	3.533748149871826	570.0
14555	-10.50587285901795	2.9441928374770097	3.4691407680511475	570.0
14574	-10.736926848370782	3.0042368398909587	3.552248001098633	570.0
14594	-10.449444891955007	3.3015061707918982	3.495669364929199	570.0
14613	-10.213771991452465	3.4914075506809774	3.7474095821380615	570.0
14633	-10.198353743943255	3.3934024562597713	3.777751922607422	570.0
14652	-10.177207200048123	3.7222188424807743	3.6137733459472656	570.0
14672	-9.984755017309585	3.8015514665740895	3.866588592529297	570.0
14691	-9.978100475004224	3.67318931139725	4.023870468139648	570.0
14711	-9.983273295195204	3.62469906993754	4.217864990234375	570.0
14730	-9.657228101044463	3.6514215578180145	4.188500881195068	570.0
14749	-9.674550714428024	3.4118367907139193	4.322215557098389	570.0
14768	-9.715179505426544	3.304593141009925	4.073700904846191	570.0
14791	-9.560545418848756	3.3252383979138145	4.077841758728027	570.0
14811	-9.408731428137418	3.330091929074794	4.0860490798950195	570.0
14828	-9.48865222843201	3.1331573672438378	3.962059497833252	570.0
14846	-9.348855073824112	3.395400937141943	3.890733003616333	570.0
14866	-9.307751886709001	3.643886584512294	3.882448673248291	570.0
14885	-9.492197397818282	3.5732057754983515	3.8281760215759277	570.0
14905	-9.658649529711134	3.897351996623907	4.032292366027832	570.0
14924	-9.639906026701329	3.9982164768648323	4.1256208419799805	570.0
14944	-9.664680606637091	4.327386933045761	4.37509822845459	570.0
14962	-9.591443359992583	4.310800236090205	4.379071235656738	570.0
14984	-9.474149626864325	4.337251505163457	4.537774085998535	570.0
15002	-9.4303544618559	4.338834699525831	4.860846042633057	570.0
15022	-9.4303544618559	4.338834699525831	4.860846042633057	570.0
15044	-9.443429707934303	4.201947200425681	4.8508734703063965	570.0
15060	-9.312551320254293	4.498023296642649	4.952844142913818	570.0
15080	-9.108091331906794	4.281852759721576	4.765554428100586	570.0
15098	-9.26569249580205	4.401815797626128	4.73525333404541	568.0
15119	-9.257462357188253	4.361881090903566	4.7502665519714355	568.0
15138	-9.459208023752508	4.243547502807993	4.872363090515137	568.0
15164	-9.121953010941253	4.487156243438416	5.009024620056152	568.0
15177	-9.047884973181342	4.5670475064520755	4.855005264282227	568.0
15196	-9.053427246864077	4.4515736594909745	5.140220642089844	568.0
15216	-9.022176670890024	4.462012626945379	5.069943428039551	568.0
15236	-9.007256247546456	4.614595198162993	5.3248796463012695	568.0
15264	-8.772877078220253	4.582982452109379	5.711954593658447	568.0
15275	-8.730271539666514	4.411653563721959	5.75095272064209	568.0
15294	-8.682317235428476	4.344949370827815	5.750727653503418	568.0
15313	-8.79292767914788	4.233398873280772	5.837996959686279	568.0
15333	-8.780999483195863	3.9794695848140123	5.76123571395874	568.0
15352	-8.70685629891916	4.013231091595669	5.609253883361816	568.0
15371	-8.599386635878579	4.006842726791665	5.569380760192871	568.0
15394	-8.542287412424402	4.02164608333181	5.526131629943848	568.0
15411	-8.548931886612195	4.035539769242518	5.274170398712158	568.0
15430	-8.574206998069553	4.147633436413041	5.1225714683532715	568.0
15449	-8.541217507379642	4.236744104714321	5.17354679107666	568.0
15470	-8.51938990264388	4.312460324811893	4.969466209411621	568.0
15488	-8.627038683631241	4.525754004079936	5.046670436859131	568.0
15508	-8.49374902452267	4.777802166533665	4.87805700302124	570.0
15527	-8.712111663094541	4.766456235439812	4.783931732177734	570.0
----------------도착----------------
15546	-8.649630944391468	4.809517953817069	4.521961688995361	570.0
15565	-8.440889728062556	4.648629811216628	4.519313812255859	570.0
15586	-8.480128730822651	4.67989968236489	4.662200450897217	570.0
15604	-8.334211322028732	4.705555673876329	4.619932174682617	570.0
15624	-8.40904122826204	4.395364779931061	4.639413833618164	570.0
15643	-8.152208116117256	4.378267043756856	4.687565803527832	570.0
15663	-8.135427026993963	4.222515309235027	4.811324596405029	570.0
15682	-8.279182877753605	4.267734501239054	4.755574703216553	570.0
15704	-8.337965020879045	4.296797034619885	4.871357440948486	568.0
15721	-8.337965020879045	4.296797034619885	4.871357440948486	568.0
15742	-8.575423409739024	4.5298656111868025	4.861115455627441	568.0
15762	-8.656262488761584	4.404169740754645	4.570788860321045	568.0
15780	-8.783481272198253	4.595896889086552	4.70566463470459	568.0
15800	-8.737084114653175	4.828761569496514	4.739966869354248	568.0
15819	-8.787080568014678	4.828653790518132	4.676566123962402	568.0
15838	-8.874585506795553	4.924074745263683	4.7714104652404785	568.0
15859	-8.56603308322924	4.8609623193630656	4.917835235595703	568.0
15877	-8.535187346970497	4.871783239928402	4.893644332885742	568.0
15896	-8.50372651960963	4.884486174339306	4.903987884521484	568.0
15915	-8.495058810377232	5.12972408889837	5.131299018859863	568.0
15935	-8.482314018628545	5.022526006164985	5.103547096252441	568.0
15955	-8.74704392137571	4.964795681713964	4.962878227233887	568.0
15975	-8.81300995566553	4.8901169808973135	5.237951278686523	568.0
15995	-8.855680626204688	4.768034782751961	5.06520414352417	568.0
16014	-8.99020100181613	4.703416577029265	4.984160900115967	568.0
16034	-9.158993743946468	4.607394162712794	4.936328887939453	568.0
16053	-9.210165005382768	4.6232275788986446	5.0435791015625	568.0
16072	-9.014041980124762	4.526093037406571	4.911806106567383	568.0
16092	-9.01576619753549	4.518843596055744	4.751069068908691	568.0
16113	-8.586097190988038	4.7384689851733555	4.830190658569336	568.0
16131	-8.584291224815125	4.771562313448347	4.470724105834961	568.0
16150	-8.423452162962887	4.8733365180461545	4.495227336883545	568.0
16169	-8.225566197638921	5.1024310485987305	4.5129714012146	568.0
16189	-8.21017426074193	5.132144681496435	4.449485778808594	568.0
16208	-7.934385225387878	4.994272979983626	4.377522945404053	568.0
16229	-8.075291380824458	4.962638314709206	4.320136070251465	568.0
16247	-7.871410009257963	5.021601812799886	4.4719414710998535	568.0
16266	-8.079227739419274	4.952930610257267	4.55094051361084	568.0
16285	-8.048513645255891	4.924294940001527	4.450509548187256	568.0
16305	-8.096507307372162	4.999302012037012	4.562367916107178	568.0
16324	-8.258007654708868	4.975169326277897	4.628267765045166	568.0
16345	-8.149118962864838	4.907116051141005	4.668604850769043	568.0
16365	-8.138761276299034	4.915817100166671	4.649656295776367	568.0
16383	-8.06682934368678	4.876837157570104	4.608855724334717	568.0
16404	-8.375139871910003	5.049516376739959	4.713517189025879	568.0
16423	-8.375139871910003	5.049516376739959	4.713517189025879	568.0
16442	-8.378864771622654	4.976340546026594	4.633907318115234	568.0
16462	-8.529603225620642	4.908362795057016	4.866609573364258	568.0
16481	-8.610289963546787	4.896805721616511	4.806883811950684	568.0
16500	-8.754500072620035	4.867625646383679	4.926098823547363	568.0
16519	-8.81296049430514	5.046464383686727	4.96599006652832	568.0
16538	-9.154292453148992	5.146001631500715	5.0800676345825195	568.0
16558	-9.25588972674124	4.990895516389824	5.334163188934326	568.0
16577	-9.303125404875981	4.776459382672433	5.015963554382324	568.0
16599	-9.393630818454021	4.828285181273102	4.972278594970703	568.0
16616	-9.21376068681377	4.865354788619	5.107912063598633	568.0
16636	-9.088073393512609	4.994278038896456	5.100901126861572	568.0
16656	-8.888264919491169	4.960233938725078	4.990699768066406	568.0
16675	-8.760703613557562	4.86013404273089	4.846712112426758	568.0
16695	-8.931555584706041	4.725370827798963	4.783310413360596	568.0
16715	-8.978852671987399	4.95507131649271	4.562097549438477	571.0
16733	-8.913021710720447	4.879258999803544	4.771445274353027	571.0
16753	-8.791271638195179	4.782859548760015	4.692305088043213	571.0
16772	-8.732631420165463	4.913486505203562	4.509925365447998	571.0
16792	-8.817552571258336	4.646757657040144	4.403232574462891	571.0
16811	-9.0024211376821	4.688216836694674	4.38757848739624	571.0
16830	-9.074798893139473	4.599457739694111	4.467271327972412	571.0
16850	-8.7530452041393	4.549112204851742	4.590515613555908	571.0
16870	-8.627075755909686	4.4641336068774615	4.638710975646973	571.0
16889	-8.58298027328918	4.576999022655783	4.701305866241455	571.0
16909	-8.55675754347305	4.615047231535981	4.857168197631836	572.0
16928	-8.82368995288943	4.477093231165464	5.065053939819336	572.0
16948	-8.828271310962327	4.756900387264883	5.3490190505981445	572.0
16966	-8.584644683756668	4.709655317951888	5.230353355407715	572.0
16986	-8.700192531456223	4.893783458390186	5.230327129364014	572.0
17005	-8.6609236606046	4.975601170331214	4.991829872131348	572.0
17025	-8.542684428543149	5.05233557604719	5.093867778778076	572.0
17044	-8.441109672448874	5.195589108092762	4.9462127685546875	572.0
17067	-8.41943451026372	5.060280860376208	5.041141510009766	572.0
17083	-8.272075922347787	5.139934914619361	4.8419084548950195	572.0
17102	-8.392413965014548	5.183728776989349	4.765202522277832	575.0
17123	-8.73838745671645	5.134994061644107	4.875833511352539	575.0
17142	-8.598789764933864	5.1258230933845566	4.98690128326416	575.0
17162	-8.598789764933864	5.1258230933845566	4.98690128326416	575.0
17181	-8.553180322404879	5.155369547678861	5.1375041007995605	575.0
17199	-8.73176189907789	5.232427648292996	5.165584564208984	575.0
17229	-8.66496879722846	4.911115320816149	5.4006195068359375	575.0
17242	-8.807915308709017	5.0240501416981616	5.361679553985596	575.0
17259	-8.91517307281581	4.891791573185183	5.527504920959473	575.0
17277	-8.68989560650709	4.80894030485203	5.5178070068359375	575.0
17296	-8.428966428185431	4.7774628545024544	5.41486930847168	578.0
17317	-8.472185645972877	4.694270477955151	5.344934463500977	578.0
17336	-8.395244002335861	4.826555970827311	5.192939758300781	578.0
17355	-8.260290645466064	4.5689811304104415	5.091421604156494	578.0
17375	-8.395017820528393	4.5719189909437095	4.962313652038574	578.0
17395	-8.307857343667303	4.66393804660322	4.859102725982666	578.0
17415	-8.226535934300518	4.68783744747823	4.765440940856934	578.0
17435	-8.402047683483643	4.678848245397369	4.6564860343933105	578.0
17453	-8.389389796529185	4.7945903900002005	4.844085216522217	578.0
17474	-8.45989465752834	4.693858210423497	4.937946319580078	578.0
17492	-8.780515737734776	4.645720497264584	4.927283763885498	578.0
17513	-8.969853799353247	4.627621058528708	5.040700435638428	580.0
17531	-8.986435360169455	4.752110904256302	5.0874786376953125	580.0
17550	-9.213435356784792	4.7204412774671685	5.070898056030273	580.0
17569	-9.262728303603478	4.641218308671342	5.033181667327881	580.0
17590	-9.334570076593605	4.624821052906512	4.90726900100708	580.0
17609	-9.306876342146891	4.600564680575355	4.602805137634277	580.0
17628	-9.222779749497112	4.835005264001248	4.591039180755615	580.0
17647	-9.037901328166543	4.674227474553756	4.609976291656494	580.0
17666	-8.865508930374395	4.68797810735373	4.531754016876221	580.0
17686	-8.673157304310095	4.745737644989457	4.5003461837768555	580.0
17706	-8.430984424305613	4.9160722793676195	4.673519611358643	582.0
17725	-8.432804532044544	5.242412181536405	4.764928817749023	582.0
17745	-8.339248395026178	5.188867846840804	4.752664566040039	582.0
17763	-8.510912430861836	5.236046071030629	5.0181427001953125	582.0
17784	-8.63109980237039	5.0403685645940675	5.32554817199707	582.0
17804	-8.559557661941502	5.068723742424713	5.484576225280762	582.0
17823	-8.408007503563772	5.301891559306807	5.465898036956787	582.0
17842	-8.408007503563772	5.301891559306807	5.465898036956787	582.0
17862	-8.577412776346911	5.31321058988013	5.338034152984619	582.0
17882	-8.681703366700347	5.192256223786505	5.3423614501953125	582.0
17902	-8.593767213421579	4.998531421547573	5.261584281921387	582.0
17919	-8.587889445381244	4.878787655724907	5.3209357261657715	582.0
17939	-8.597578092129707	4.859046242786022	5.024969100952148	582.0
17958	-8.576743282912702	4.998927861313613	4.771114826202393	582.0
17979	-8.513390235082698	5.138799663989372	4.437215328216553	582.0
17998	-8.684673095226984	4.950644088194222	4.655054092407227	582.0
18020	-8.706499227223581	4.793856811176682	4.59049129486084	582.0
18037	-8.530519938818578	4.813169873147578	4.323057651519775	582.0
18056	-8.647198549703083	4.921126269312491	4.392190456390381	582.0
18075	-8.744508027337549	5.072275616315696	4.487745761871338	582.0
18095	-8.556664632948943	4.9804575708014704	4.7008466720581055	582.0
18114	-8.542391640031436	4.9751408850166134	4.546599388122559	582.0
18135	-8.788444137542095	4.819639108530176	4.62555456161499	582.0
18154	-8.814645006633722	4.84277780400366	4.498130798339844	582.0
18173	-8.69839138074497	4.9950898758611455	4.736670970916748	582.0
18193	-8.67873316101678	4.968300784319676	4.865145206451416	582.0
18212	-8.535754757183415	5.014534191138935	4.605987548828125	582.0
18231	-8.40538934009945	5.015282874615554	4.552155017852783	582.0
18252	-8.615257735955588	5.164873934079392	4.640829086303711	582.0
18272	-8.461305082266927	5.126003375668449	4.756902694702148	582.0
18290	-8.406418570817983	4.976307770941883	5.106489181518555	582.0
18308	-8.194744968065937	4.9272500014483365	5.38741397857666	582.0
18328	-8.257546445020465	4.917620734826913	5.228645324707031	582.0
18348	-8.400151228411472	4.7887097478496825	5.250357627868652	582.0
18369	-8.406214116773498	4.5990736656225195	5.454952716827393	582.0
18387	-8.289046989643927	4.512143244665266	5.316238880157471	582.0
18406	-8.060841837244883	4.476650037311296	5.0806379318237305	582.0
18425	-8.270782187184277	4.489673786370913	5.1109299659729	582.0
18444	-8.200732298281995	4.571406680394628	5.1629252433776855	582.0
18464	-8.374651064966967	4.578185735285334	4.903534412384033	582.0
18484	-8.390390232550574	4.530330723231702	4.914928913116455	582.0
18504	-8.54623797085852	4.686259528095071	4.94932746887207	582.0
18522	-8.576895441140334	4.720926177440297	4.968014717102051	582.0
18543	-8.660798553709753	4.806408896533743	5.1734619140625	582.0
18562	-8.660798553709753	4.806408896533743	5.1734619140625	582.0
18582	-8.803808647289717	4.763243643841754	5.322438716888428	582.0
18601	-8.771700526745638	4.703233274224336	5.3294677734375	582.0
18620	-8.802488501993375	4.702328914422098	5.104911804199219	582.0
18639	-8.52915947794885	4.83088308149628	5.340573310852051	582.0
18658	-8.657759541915105	4.786224002855541	5.595649242401123	582.0
18678	-8.475330721649236	4.739985290731174	5.3600616455078125	582.0
18697	-8.493515146318549	4.798140622440206	5.253150463104248	582.0
18719	-8.614589196631604	4.796195614746108	5.196842670440674	582.0
18737	-8.41572430720719	4.895521105251718	5.221179008483887	582.0
18757	-8.555733842671081	4.790255711099603	5.233059883117676	582.0
18777	-8.633246387197147	4.943977883601119	5.447920322418213	582.0
18795	-8.927170753140334	4.739132617872774	5.317811012268066	582.0
18815	-8.798114460676691	4.746336751421292	5.189883708953857	582.0
18834	-8.82793509569373	4.768997235509828	5.4446845054626465	582.0
18854	-8.873911243620041	4.687029270979478	5.561678409576416	582.0
18876	-8.741823761561685	4.757719614705629	5.514780044555664	582.0
18894	-8.957650511930368	4.828507462165924	5.297179222106934	582.0
18912	-8.779574824126959	4.969388481058732	5.223230361938477	582.0
18932	-8.835493400660734	4.909872601336683	4.957850456237793	582.0
18951	-8.825790154739465	4.946844239984191	4.756557464599609	582.0
18970	-9.036090176700418	4.930065717381015	4.649802207946777	582.0
18991	-9.122348797915592	4.81339828902973	4.817868232727051	582.0
19010	-9.035393576304104	5.0178365842833355	4.663210868835449	582.0
19029	-9.054075149046243	5.095744374754401	4.56101131439209	582.0
19048	-8.923336212871543	4.970116855680439	4.586582183837891	582.0
19068	-8.755633447388957	5.010548684838796	4.607934951782227	582.0
19086	-8.61184857402115	4.969412515059236	4.820577144622803	582.0
19108	-8.42606519255298	4.97236476743367	5.1468071937561035	582.0
19126	-8.240032502281657	4.994428920509617	5.150955677032471	582.0
19145	-7.975992723097835	4.9162844282300435	4.899699687957764	582.0
19165	-8.014016961955408	4.935156024169232	4.9842376708984375	582.0
19184	-8.034819419410166	4.890177409421084	4.892667770385742	582.0
19204	-8.161574671421558	4.832688847341641	5.093593597412109	582.0
19223	-8.335687232073408	4.73457912779371	5.326247692108154	582.0
19242	-8.335687232073408	4.73457912779371	5.326247692108154	582.0
19263	-8.677639649971033	4.668293287838743	5.193357944488525	582.0
19282	-8.668592453124594	4.781008918917369	5.107998371124268	582.0
19302	-8.995670780687671	4.898233479564487	5.3953351974487305	582.0
19321	-8.995670780687671	4.898233479564487	5.3953351974487305	582.0
19340	-9.016563933688648	4.818363400811037	5.34170389175415	582.0
19360	-8.972459697736367	4.789090090719662	5.418246269226074	582.0
19379	-8.968281658786562	5.113146272664853	5.409895420074463	582.0
19398	-8.942010837727608	5.14196151570964	5.253718852996826	582.0
19417	-9.006421019275255	5.237654517426783	5.130119800567627	582.0
19437	-9.05393863783681	5.253693508157781	4.9853057861328125	582.0
19457	-8.955999438544344	5.310022334546529	5.092567443847656	582.0
19476	-8.715482215787361	5.361264864533597	4.889679908752441	582.0
19496	-8.689810782186253	5.364473977043113	4.932810306549072	582.0
19515	-8.734903597655514	5.506137058782637	5.032009124755859	582.0
19535	-8.540568817223784	5.469111063605172	5.22623348236084	582.0
19555	-8.552636062291237	5.477997033106172	5.237342357635498	582.0
19574	-8.53699360413033	5.333246732993064	5.273890972137451	582.0
19593	-8.381251205905722	5.225994396291876	5.403004169464111	582.0
19612	-8.508529121702965	5.156431859311632	5.520337104797363	582.0
19632	-8.423148170345781	5.2074075740215156	5.544683933258057	582.0
19651	-8.425178904867131	5.243567759641208	5.35987663269043	582.0
19671	-8.611015856068354	5.129261985133136	5.343033790588379	582.0
19690	-8.86589549954243	5.148688972498725	4.817497253417969	582.0
19709	-8.917329835977565	5.202019866739195	4.5303192138671875	582.0
19730	-8.920942136036862	5.369694941542076	4.298430442810059	582.0
19749	-9.026614134770716	5.4161354232059775	4.10380744934082	582.0
19768	-8.954400838323622	5.226030236615172	4.003117084503174	582.0
19788	-9.151571989544488	5.097324246577971	3.848403215408325	582.0
19806	-9.045902948313943	5.003331790159482	3.919238567352295	582.0
19826	-8.822671352284564	4.927321218686268	3.9645934104919434	582.0
19846	-8.704743790302533	4.5939693791229725	4.062108993530273	582.0
19865	-8.792468109437774	4.451948420974151	4.219654083251953	582.0
19884	-8.766725785738457	4.383389287666938	4.284298896789551	582.0
19904	-8.702219733670592	4.3085394894443025	4.3682379722595215	582.0
19922	-8.688494793178737	4.33310748604246	4.323948860168457	582.0
19943	-8.663549425614262	4.362096228508186	4.521064758300781	582.0
19964	-8.693680736139997	4.40675566524715	4.605177879333496	582.0
19982	-8.698580074496988	4.539858336976486	4.450446128845215	582.0
20002	-8.698580074496988	4.539858336976486	4.450446128845215	582.0
20021	-8.713552694059146	4.571324553478073	4.647669315338135	582.0
20041	-8.624077602095687	4.511761880595631	4.789948463439941	582.0
20059	-8.584301231026787	4.319184887323579	5.018319129943848	582.0
20079	-8.40345775581184	4.442484231848483	5.168091773986816	582.0
20098	-8.536744893244439	4.281894176997087	5.262123107910156	580.0
20118	-8.596467060207685	4.081760704452698	5.193787097930908	580.0
20138	-8.612452622337862	4.134327075433761	5.144650459289551	580.0
20158	-8.45675212612247	4.097659635165211	5.279259204864502	580.0
20176	-8.444922232648835	4.056203521900353	5.114373207092285	580.0
20195	-8.445164903623489	4.149157394062949	4.984413146972656	580.0
20216	-8.491821269869602	4.3972359903581	4.881807327270508	580.0
20235	-8.662676208675759	4.381448234813374	4.930688381195068	580.0
20256	-8.5585643732136	4.558679225540353	4.745278835296631	580.0
20274	-8.504848969571267	4.603364262730691	4.68820858001709	580.0
20297	-8.568893836940479	4.580616857758743	4.603028297424316	580.0
20313	-8.865627629372806	4.619141545429211	4.3749470710754395	578.0
20333	-8.81487364335707	4.656843886438519	4.419348239898682	578.0
20352	-8.692951636073584	4.528928499105411	4.287883758544922	578.0
20371	-8.613349564325489	4.392425452970835	4.320370197296143	578.0
20390	-8.601622053824796	4.3496047329741625	4.439765453338623	578.0
20410	-8.648216327806605	4.330886526231719	4.729770183563232	578.0
20429	-8.680996789371488	4.424914559691679	4.89125919342041	578.0
20449	-8.8614646198884	4.279086259331235	4.960218906402588	578.0
20468	-8.825644830682814	4.141733602084438	5.0051655769348145	578.0
20487	-8.861818892463257	4.214093457298834	4.870967864990234	578.0
20507	-8.908827566846353	4.358766691768055	4.800741195678711	576.0
20526	-9.029046908323897	4.358136028095736	4.806913375854492	576.0
20546	-9.090748444518326	4.3589372096973635	4.677209854125977	576.0
20565	-9.133911118671072	4.177257618525161	4.473503112792969	576.0
20585	-8.965528817400068	3.9746710827372125	4.299846172332764	576.0
20604	-8.660341488421402	4.214816834739143	4.469142913818359	576.0
20623	-8.631496747366882	4.240272752321978	4.366588592529297	576.0
20642	-8.755366215337022	4.401891522250914	4.342648506164551	576.0
20664	-8.738298806837042	4.31811982245185	4.390356063842773	576.0
20683	-8.738298806837042	4.31811982245185	4.390356063842773	576.0
20702	-8.595198124359479	4.295520085818517	4.032711505889893	574.0
20723	-8.525543901933682	4.416147992027525	4.258498191833496	574.0
20741	-8.393759590262711	4.626454286392074	4.2704081535339355	574.0
20760	-8.393759590262711	4.626454286392074	4.2704081535339355	574.0
20780	-8.421400767225915	4.421823151692428	4.2267842292785645	574.0
20798	-8.403219402576786	4.517057531211974	4.420693874359131	574.0
20819	-8.166322967802095	4.649940240248574	4.387939453125	574.0
20838	-8.030549614160654	4.887062294716107	4.370385646820068	574.0
20856	-7.8902446590087685	4.767686606132492	4.523368835449219	574.0
20876	-7.985257434250608	4.775689942318229	4.559953689575195	574.0
20896	-7.903191174391286	4.563500668210994	4.450299263000488	574.0
20915	-8.002948908257775	4.371004335673476	4.674932479858398	574.0
20935	-7.889926217405589	4.404726102815831	4.8592848777771	574.0
20954	-7.702287746105357	4.306111947982035	4.810510635375977	574.0
20974	-7.7280184121376685	4.078715434614064	4.864763259887695	574.0
20994	-7.7347535717409315	3.9662179153051937	4.858980655670166	574.0
21013	-7.968141266839684	4.0191096828250545	5.014971733093262	574.0
21032	-7.969629291911227	4.019647161086897	4.842325210571289	574.0
21051	-7.901274037610068	4.0083927297534805	4.922389030456543	574.0
21071	-7.729734083126133	3.990694551788576	5.039577484130859	574.0
21091	-7.723173348777485	4.061497824779597	4.73102331161499	574.0
21110	-7.763978172191424	4.198343075695114	4.634145736694336	574.0
21130	-7.835044257865788	4.382768031344404	4.490676403045654	574.0
21149	-7.915023362544413	4.475980301903796	4.736617565155029	574.0
21169	-7.696472987601502	4.675439242174973	4.907008647918701	574.0
21188	-7.313563688910566	4.613542867386667	5.149031639099121	574.0
21207	-7.3113457931658665	4.664447057613994	5.2817206382751465	574.0
21228	-7.433134127684892	4.745021048975623	5.29646635055542	574.0
21245	-7.408799036972293	4.738457537571806	5.335233688354492	574.0
21266	-7.47386933514092	4.949936339165892	5.152252197265625	574.0
21284	-7.637541888028495	4.935442581065986	5.175886631011963	574.0
21304	-7.502200030805589	4.811053612009056	4.978503227233887	574.0
