3	7.860290434266481	-17.07459847400517	2.0859484672546387	367.0
17	7.8198794725997605	-17.250464791248078	1.9198498725891113	367.0
36	7.959344113835223	-17.08921817926001	1.6629183292388916	367.0
56	7.981373181229685	-16.928897721934693	1.8013579845428467	367.0
75	8.097538540559874	-16.77760269435003	1.98197603225708	367.0
94	8.111449868152206	-16.63133022859278	2.0110366344451904	367.0
115	7.995890129660282	-16.57155827566157	1.9967598915100098	367.0
134	7.995890129660282	-16.57155827566157	1.9967598915100098	367.0
154	8.288476206521915	-16.56505822842124	1.8198318481445312	367.0
173	8.20325075818786	-16.538074919409624	1.9545831680297852	367.0
193	8.288024155061397	-16.273818833762757	2.301729202270508	367.0
211	8.482848211053327	-16.14986632782279	2.433143138885498	367.0
232	8.243060191415106	-16.34066427429158	2.311328649520874	367.0
250	8.151702632302642	-16.516017516236953	2.363002300262451	367.0
270	7.964629176872789	-16.6694167793229	2.42004132270813	367.0
289	8.161965360636497	-16.80035945349603	2.520493268966675	367.0
309	8.032511388509763	-16.875967676284194	2.5824859142303467	367.0
328	8.199149255854236	-16.933655844838125	2.3929967880249023	367.0
349	8.128950189205181	-17.151574319057264	2.1975154876708984	367.0
367	7.918741277428049	-17.388569094546977	2.1952919960021973	367.0
387	8.12406899608	-17.454410306437246	2.193096399307251	367.0
406	8.094896266069917	-17.502603972830467	2.16517972946167	367.0
425	8.225485582100692	-17.34500007397325	1.8813083171844482	367.0
448	8.157038355045783	-17.16447992530591	1.4976599216461182	367.0
466	8.066118019518022	-17.023870933021893	1.462691068649292	367.0
485	7.887098024158517	-17.016488143924093	1.9272422790527344	367.0
502	7.758144893472772	-17.00215697399687	1.9942338466644287	367.0
522	7.836398791671868	-17.098648528526724	1.9288489818572998	367.0
542	7.838293438760982	-17.00886182966982	1.887615442276001	367.0
562	7.989221037522848	-16.750456131719822	1.8202755451202393	367.0
582	8.029504340888106	-16.91140360545692	1.8357634544372559	367.0
601	8.113553814224911	-16.881478794909334	2.1090190410614014	367.0
620	8.144888259596227	-16.826797322192302	2.28409743309021	367.0
640	7.963217551405301	-16.813103572677118	2.3008224964141846	367.0
659	8.124584957154504	-16.739913704750485	2.4354636669158936	367.0
679	8.19322708991895	-16.50776355767918	2.551762104034424	367.0
699	8.234077474035143	-16.42192530599909	2.831613063812256	367.0
717	7.902351039613394	-16.479152447862816	2.8473687171936035	367.0
737	7.910221384093943	-16.44534499226694	2.5954699516296387	367.0
756	7.935609575674565	-16.794427427111962	2.3347136974334717	367.0
776	7.879927684134049	-16.924805479653998	2.166569948196411	367.0
795	8.092193412609406	-16.844535131651373	2.4121015071868896	367.0
814	8.099772878578298	-16.870461233338975	2.458329916000366	367.0
835	7.935475366114767	-16.85905133449872	2.3792407512664795	367.0
855	7.954988870641984	-16.84913257419074	2.305917978286743	367.0
874	8.16330137724865	-17.06141034923615	2.218813419342041	367.0
893	8.24781144202829	-17.089276531940328	2.2640676498413086	367.0
911	8.24781144202829	-17.089276531940328	2.2640676498413086	367.0
931	8.323499319503945	-16.828757635741436	2.289302110671997	367.0
952	8.313380615374511	-16.942627443174928	2.5207912921905518	367.0
971	8.185867327395378	-16.970713557391576	2.486456871032715	367.0
990	8.105583531004951	-16.951178378150146	2.65899395942688	367.0
1008	8.040878139528482	-17.10049771373628	2.7459006309509277	367.0
1028	7.9587795175211316	-17.282598981849983	2.733558416366577	367.0
1048	7.9256773233532485	-17.19022561833642	2.533958673477173	368.0
1068	7.803760672139845	-17.139109603612223	2.5709543228149414	368.0
1087	7.661956432221156	-17.192705919635074	2.5987751483917236	368.0
1106	7.665878609096685	-17.002040936932005	2.6179850101470947	368.0
1127	7.800066870240077	-17.07519932900382	2.4062917232513428	368.0
1145	7.998351971856968	-16.965290769989675	2.2146074771881104	368.0
1164	8.087199357638529	-16.83846632332348	2.209458351135254	368.0
1184	8.118999862598566	-16.806253842343125	2.2098610401153564	368.0
1204	8.093016633677719	-16.830317024051624	2.468931198120117	368.0
1223	8.092952366298974	-16.906090342461596	2.1901681423187256	368.0
1243	8.224061129930861	-16.862567857998446	2.127490997314453	369.0
1262	8.198749996180016	-16.847687257520157	1.9445719718933105	369.0
1281	8.078094020135524	-16.769064418023877	2.16324782371521	369.0
1301	7.889990537571087	-16.850128117895597	2.1835312843322754	369.0
1321	8.058581669694194	-16.8969962193691	2.3001351356506348	369.0
1339	7.836277582634396	-16.967364914424763	2.4370110034942627	369.0
1360	7.709895369942661	-17.067669923607006	2.376546621322632	369.0
1378	7.85455669483387	-17.056867157428925	2.39284086227417	369.0
1398	7.756605034152623	-16.967739098368824	2.3698506355285645	369.0
1418	7.715147718983763	-17.217681922329472	2.4623489379882812	369.0
1437	7.7991658379666635	-17.379905070648242	2.5667595863342285	370.0
1456	7.763510247864231	-17.385954804544298	2.7343616485595703	370.0
1475	7.6878006920424165	-17.263724920112054	2.7539923191070557	370.0
1495	7.837174514978064	-17.12943457133482	2.6995911598205566	370.0
1515	8.043544632393457	-16.926800698887877	2.446202516555786	370.0
1535	7.845767404379283	-16.874543679198613	2.5010828971862793	370.0
1555	7.688539386407726	-16.970889962657974	2.4605486392974854	370.0
1574	7.688539386407726	-16.970889962657974	2.4605486392974854	370.0
1593	7.886346896416136	-16.815178077804394	2.6250085830688477	370.0
1612	7.983234426456606	-16.846114664666413	2.3927669525146484	370.0
1631	7.981850227399775	-16.744963892379186	2.4707441329956055	371.0
1655	7.868165452737088	-16.768709681933974	2.3849246501922607	371.0
1670	7.851739351999276	-16.815917053485972	2.4466896057128906	371.0
1689	7.64483496957342	-17.092546184557744	2.3656773567199707	371.0
1709	7.693073458850477	-17.2346335041328	2.3050642013549805	371.0
1729	7.846545268946194	-17.248606708219363	2.255711793899536	371.0
1748	7.7258710327569435	-17.20472836511765	2.0518813133239746	371.0
1767	7.644463606989139	-17.137529427272742	2.042543649673462	371.0
1787	7.606629098029309	-17.207183865093317	1.7341229915618896	371.0
1807	7.38454698721988	-17.315041556808524	1.8127937316894531	371.0
1827	7.471652521786684	-17.315059048266	1.7399966716766357	371.0
1846	7.674237178598918	-17.20371197390687	1.7853765487670898	371.0
1866	7.783630929523443	-17.168620196843175	1.7636995315551758	371.0
1884	7.970117440042121	-17.172003147949535	1.9216580390930176	371.0
1904	7.948686603724027	-17.17574719725634	2.0991158485412598	371.0
1924	7.888369707740452	-17.145381830499602	2.2722396850585938	371.0
1943	7.969817017355917	-17.201477163315786	2.5700886249542236	371.0
1963	8.192408325476908	-17.245729593287443	2.5611207485198975	371.0
1982	8.22987980388433	-17.150046291216444	2.619947671890259	371.0
2001	8.156082156043373	-17.234070270540215	2.5953292846679688	371.0
2020	7.98915981597678	-17.28572132684135	2.5498292446136475	371.0
2039	7.834546996751692	-17.22907010259865	2.649951696395874	371.0
2059	7.97841860033346	-17.25410356639674	2.645658016204834	371.0
2079	8.055747524805733	-17.244780946752574	2.644540786743164	371.0
2097	8.03983859526936	-17.098012191866182	2.823310375213623	371.0
2120	7.943801876936226	-16.944822733768497	2.631316661834717	371.0
2139	7.8630139470325	-16.971739750469133	2.5125844478607178	371.0
2158	8.011187894105454	-16.754738764638116	2.6233296394348145	371.0
2176	8.273444234639571	-16.647042531571085	2.5458805561065674	371.0
2195	8.260539247478254	-16.606887967166006	2.5312750339508057	371.0
2215	8.091195901209897	-16.6685793005507	2.6828055381774902	371.0
2235	8.085372866363457	-16.71092911777113	2.466364622116089	371.0
2258	8.231073995363428	-16.75297360708307	2.1015491485595703	371.0
2273	8.231073995363428	-16.75297360708307	2.1015491485595703	371.0
2293	8.333579594403314	-16.80629369459855	2.2662696838378906	371.0
2313	8.475832069958647	-16.892954155256472	2.173750638961792	371.0
2332	8.522292477635492	-16.85423467253037	2.049478530883789	371.0
2351	8.355216352970555	-16.91297138176156	2.0321881771087646	371.0
2370	8.215239085627216	-17.037048220520813	1.842740535736084	371.0
2390	8.237928296552539	-17.10897881440519	1.9615569114685059	371.0
2409	8.13784573607301	-17.036486970605367	2.3165199756622314	371.0
2430	8.24146509426298	-17.1370795438096	2.614687919616699	371.0
2448	8.481696434038781	-17.072047021147146	2.5265326499938965	371.0
2468	8.241796522578381	-17.00997999340779	2.5937445163726807	371.0
2491	8.201864533340864	-16.964081580228562	2.574237823486328	371.0
2507	8.391394486874194	-16.930760202813453	2.376535177230835	371.0
2527	8.444532044937786	-16.948214441203977	2.4349446296691895	371.0
2546	8.470400749832722	-16.95517856930928	2.171142816543579	371.0
2565	8.625701496389627	-17.033135758485937	2.182307481765747	371.0
2584	8.580997276122392	-16.924251710205063	2.303093433380127	371.0
2604	8.563276944175582	-17.11998637596034	2.4368183612823486	371.0
2624	8.540693686265758	-17.126592646783045	2.294590950012207	371.0
2643	8.31681042858552	-17.28614394856828	2.191107749938965	371.0
2662	8.1969160269822	-17.40257181196744	2.429844379425049	371.0
2682	8.207945630468105	-17.352125990507286	2.3987674713134766	371.0
2701	8.150710687579583	-17.240549465465083	2.5140581130981445	371.0
2721	8.10944717542024	-17.23031733372878	2.417518138885498	371.0
2741	8.031942697156888	-17.1424774605391	2.1109070777893066	371.0
2760	7.835378487792235	-17.053194590078807	1.7861485481262207	371.0
2779	8.051198708433628	-16.957102242133853	1.834357500076294	371.0
2798	8.077121372107205	-16.935880182545397	1.9110090732574463	371.0
2818	8.197655359182436	-16.876377997235707	1.76515793800354	371.0
2838	8.221299500433583	-16.923432977142593	1.780423879623413	371.0
2857	8.320801061377066	-16.92832380834945	1.8296229839324951	371.0
2877	8.187524630580265	-16.877106165337796	1.8501713275909424	371.0
2896	8.126810195170576	-17.005465300517745	2.081721067428589	371.0
2915	8.011659861835337	-17.089263064267627	2.4010839462280273	371.0
2934	7.936337742774598	-17.266109040245716	2.443396806716919	371.0
2955	7.929503293197265	-17.396541148099402	2.552361488342285	371.0
2978	7.896398859114606	-17.35125116316046	2.7679543495178223	371.0
2995	7.981284116879234	-17.339252487679907	2.8545753955841064	371.0
3015	7.980331939544445	-17.355104230697552	2.817563056945801	371.0
3032	7.980331939544445	-17.355104230697552	2.817563056945801	371.0
3052	8.003149362317352	-17.322214055533912	2.824718713760376	371.0
3071	8.013056854857068	-17.245112050468457	2.530440330505371	371.0
3090	8.153439541974985	-17.259752359341384	2.396350860595703	371.0
3110	8.078510638192364	-17.212978984612153	2.310150146484375	371.0
3129	8.208467589112145	-17.118981125055367	2.1502115726470947	371.0
3149	8.123264993766629	-17.022108552197007	2.2245068550109863	371.0
3168	8.116836407695217	-17.157197265193798	2.3433806896209717	371.0
3188	8.192931640070611	-17.072334236096896	2.6803622245788574	371.0
3209	8.260452248244276	-17.138336128447097	2.7372887134552	371.0
3227	8.161428213394784	-17.144688664506294	2.804225444793701	371.0
3246	8.150173653359488	-17.053035799090416	2.6696412563323975	371.0
3266	8.175995383634202	-16.86210746959357	2.5431735515594482	371.0
3285	8.20475524443526	-16.725464272553697	2.693389892578125	371.0
3304	8.141016433944843	-16.6813312833721	2.6950981616973877	371.0
3323	8.147071323829762	-16.493870858618514	2.647665023803711	371.0
3347	7.960604621047801	-16.42186771628575	2.4466211795806885	371.0
3363	8.008195981218686	-16.37283008926217	2.2313671112060547	371.0
3382	8.14346987787548	-16.527339928491237	2.236538887023926	371.0
3401	8.18209828007011	-16.460376403936884	2.3701324462890625	371.0
3421	8.183230937505622	-16.581108140643483	2.4933977127075195	371.0
3442	8.154851891069175	-16.90771438604566	2.4508917331695557	372.0
3462	8.223379811405389	-17.093382143054573	2.3561856746673584	372.0
3480	8.287353263011775	-17.09681797123255	2.2579870223999023	372.0
3498	8.412068782959684	-17.053163046471738	2.2032623291015625	372.0
3518	8.29262684678323	-16.979195077581476	2.315424919128418	372.0
3538	8.020308055837335	-17.04716698612337	2.2617602348327637	372.0
3558	7.986704429156869	-17.099227798063033	2.251117467880249	372.0
3577	8.096687072361002	-17.275277530527987	2.322612762451172	372.0
3596	8.145920712477178	-17.083015848301397	2.283918857574463	372.0
3616	8.23337223635858	-16.936583142581743	2.2524166107177734	372.0
3635	8.274404684265109	-17.076489937546967	2.270249366760254	373.0
3664	8.086130290950708	-17.1352698384951	2.2734122276306152	373.0
3675	8.090960782987468	-17.192926093405923	2.3199994564056396	373.0
3696	8.090960782987468	-17.192926093405923	2.3199994564056396	373.0
3716	8.154524374441769	-16.972289226980728	2.1977100372314453	373.0
3733	8.154524374441769	-16.972289226980728	2.1977100372314453	373.0
3751	7.985126596490703	-16.955887700875802	2.12579345703125	373.0
3771	7.994120474159565	-16.876901077445112	2.11763334274292	373.0
3791	7.969917313021018	-16.92524369004893	2.080620050430298	373.0
3812	7.718038160201882	-16.734947747756788	2.2007198333740234	373.0
3830	7.766436336296014	-16.735108014578234	2.0544912815093994	373.0
3849	7.7818909973040515	-16.753011484836303	2.021554946899414	373.0
3869	7.883326106007623	-16.860233784105002	1.974071979522705	373.0
3889	7.93946969782436	-16.9343068418314	2.1993088722229004	373.0
3907	8.041520171901253	-16.888166456568715	2.3219470977783203	373.0
3929	8.00130633975286	-17.005328204874647	2.3334877490997314	373.0
3947	7.872731875641354	-16.941612893340874	2.4592833518981934	373.0
3966	7.937948353443693	-16.791651670265512	2.4534106254577637	373.0
3986	7.978239216221837	-16.903908567300373	2.68170428276062	373.0
4004	8.048819042815428	-17.008448870684983	2.6720197200775146	373.0
4024	8.242948890570192	-16.9162238503213	2.715479850769043	373.0
4044	8.08678608160366	-16.889912631722595	2.5672693252563477	373.0
4063	7.950155543521963	-16.85851894210097	2.584676742553711	373.0
4083	7.891326068035652	-16.71245090926152	2.602367401123047	373.0
4101	7.906767093328427	-16.708335910126124	2.444828987121582	373.0
4121	7.889241937734691	-16.9413381578628	2.6435165405273438	373.0
4140	7.956157394394683	-16.743523123662897	2.5529651641845703	373.0
4166	7.971010791005193	-16.705999260306434	2.3093340396881104	373.0
4178	7.85178196242978	-16.825570866355132	2.178710460662842	373.0
4199	8.067489220337936	-16.706815669549822	2.316243886947632	373.0
4217	8.386462098527652	-16.660380130905562	2.1129274368286133	373.0
4238	8.423448218537324	-16.7525140458662	2.1406233310699463	373.0
4257	8.463750268682388	-16.801307355465358	2.6350977420806885	373.0
4277	8.49597635630278	-16.8681824134017	2.6337499618530273	373.0
4296	8.647885664645706	-16.795591229184794	2.585259437561035	373.0
4315	8.677079640974233	-16.844057690535777	2.624847888946533	373.0
4338	8.558717278436237	-16.856761200695182	2.6595869064331055	373.0
4354	8.587230119898269	-16.914352390569302	2.4991800785064697	373.0
4376	8.306645985055361	-17.072627425562686	2.541849374771118	373.0
4395	8.47239335619201	-17.098517486964212	2.4560275077819824	373.0
4417	8.480022117734704	-17.11654058958393	2.1448166370391846	373.0
4434	8.480022117734704	-17.11654058958393	2.1448166370391846	373.0
4452	8.540895856511515	-16.999731178383083	2.3278141021728516	373.0
4473	8.518208854262319	-17.159287502073962	2.359898567199707	373.0
4491	8.36432854290725	-17.115737510898228	2.343409538269043	373.0
4511	8.716935015944564	-17.127386005306835	2.374206066131592	373.0
4536	8.821275691866644	-17.200586269166543	2.325916051864624	373.0
4550	8.95280838953011	-17.17112594770622	2.3621559143066406	373.0
4568	8.845616147717525	-17.187982941898824	2.460306167602539	373.0
4588	8.734827050685722	-17.22807569283102	2.6554970741271973	373.0
4609	8.700265893234898	-17.27835028675841	2.570568323135376	373.0
4628	8.438648553149367	-17.357963756413735	2.7545201778411865	373.0
4648	8.529080291471015	-17.202381523945796	2.6439402103424072	371.0
4669	8.236955519399405	-17.157333217264917	2.755420684814453	371.0
4685	7.986669800524276	-16.966686750057182	2.8467905521392822	371.0
4706	7.859038468340202	-16.796524991661624	2.8654682636260986	371.0
4724	7.814893944978314	-16.679641913266856	2.783435344696045	371.0
4743	7.885885417533666	-16.61217376846394	2.493464946746826	371.0
4764	7.881048678397676	-16.513789810128376	2.466115951538086	371.0
4784	8.054381418830987	-16.421969602298596	2.4679155349731445	371.0
4802	8.159931511975525	-16.593283354862354	2.4684858322143555	371.0
4820	8.259441731051743	-16.64114826160881	2.275789499282837	371.0
4841	8.115429264396614	-16.893280416632997	2.1912317276000977	369.0
4860	8.130569061608243	-16.99614804003705	2.3953633308410645	369.0
4882	8.017807051669136	-17.146544668969913	2.6602773666381836	369.0
4900	8.071691527623463	-17.261628495878607	2.7381858825683594	369.0
4920	7.890302206492913	-17.313218061104223	2.393460988998413	369.0
4937	7.767249243062279	-17.330776588247414	2.104177951812744	369.0
4957	7.5632427139120955	-17.268626682864276	2.182692527770996	369.0
4977	7.58995969840238	-17.115693829305055	2.2248916625976562	369.0
4998	7.5751315154908845	-16.913609196580847	2.207552909851074	369.0
5024	7.530570505746042	-16.89822419855696	1.9004321098327637	369.0
5036	7.551758123308065	-16.767482357053126	1.8111932277679443	367.0
5055	7.520713446379334	-16.58401031055154	1.8533258438110352	367.0
5076	7.825022610416813	-16.663582366395744	1.9512648582458496	367.0
5095	7.773272177516812	-16.443767252084548	2.0028703212738037	367.0
5114	7.773272177516812	-16.443767252084548	2.0028703212738037	367.0
5137	7.897675433669087	-16.37486052681549	2.1006381511688232	367.0
5153	7.902004952870751	-16.492033139110294	2.1445412635803223	367.0
5172	8.001001322225767	-16.603187481478873	2.29294753074646	367.0
5191	7.91776762594104	-16.609421042594995	2.588773250579834	367.0
5211	8.13342461342831	-16.51510889129799	2.7914161682128906	367.0
5231	8.050157963414916	-16.69424574771157	2.7204442024230957	367.0
5254	7.827606903065398	-16.602345588919786	2.818763256072998	365.0
5270	8.0859001509642	-16.68750625334626	3.1245436668395996	365.0
5288	8.101689544157411	-16.733435659571647	3.1780829429626465	365.0
5307	8.20777772704115	-16.671228457998208	3.125383138656616	365.0
5327	8.179792267799549	-16.536099857057934	3.080415725708008	365.0
5347	8.233652566011518	-16.484742082670405	2.9259724617004395	365.0
5368	7.970349984017955	-16.698197569850333	2.777831792831421	365.0
5390	8.128948028225352	-16.645482136597305	2.686265707015991	365.0
5405	8.147857197204418	-16.761260616104483	2.476672887802124	365.0
5424	8.232600483720763	-16.931138262972357	2.161743402481079	365.0
5443	7.97556866340861	-16.876763222161777	1.9823319911956787	365.0
5463	7.964440350299181	-16.989478448286597	2.341064929962158	365.0
5484	7.869342054057445	-17.16549411573068	2.667245864868164	365.0
5501	7.92805077629443	-17.194066075566035	2.6992483139038086	365.0
----------------출발----------------
5521	8.007386846165678	-17.342616783588422	2.5297975540161133	365.0
5541	7.819531328492341	-17.450333945954313	2.3018839359283447	365.0
5561	7.819955700545884	-17.568054734098865	1.9892642498016357	365.0
5579	7.668214996275146	-17.5149062621598	1.963620901107788	365.0
5605	7.671512073996825	-17.663427869979675	1.9393739700317383	365.0
5619	7.622592612661927	-17.64007225674911	1.7926335334777832	365.0
5639	7.780354723379142	-17.464380753642942	2.178570032119751	364.0
5658	7.880474432391605	-17.487179898618475	2.478783369064331	364.0
5677	7.8797482859886605	-17.351015238617297	2.664754867553711	364.0
5697	7.982107656366224	-17.211424396949038	2.73848819732666	364.0
5717	7.966572824529445	-16.945452914178027	2.8414902687072754	364.0
5735	7.839674960652832	-17.234187963457753	2.4113411903381348	364.0
5755	7.9145769421669545	-17.24502918025787	2.0628693103790283	364.0
5773	7.812115747204612	-17.32291167620169	1.91048264503479	364.0
5795	7.897128553412806	-17.254532924920607	1.9039793014526367	364.0
5813	7.897128553412806	-17.254532924920607	1.9039793014526367	364.0
5836	7.741719195205185	-17.10396175596926	2.294557571411133	363.0
5854	7.7793683107482945	-16.972744180431704	2.465651512145996	363.0
5871	7.78375135031298	-17.16948687270475	2.300736665725708	363.0
5891	7.82442071930006	-17.443458916202488	1.9964478015899658	363.0
5910	7.854726625941687	-17.172350426329594	2.026998281478882	363.0
5930	7.93565363549607	-17.15904709210738	2.1112921237945557	363.0
5950	8.05617192273062	-17.0995518978975	2.125277280807495	363.0
5968	7.991665814493469	-17.331008337811706	2.013824462890625	363.0
5989	8.161911909799635	-17.53859656766202	1.971562147140503	363.0
6008	8.030651884062271	-17.767779072292353	2.0105385780334473	363.0
6027	7.936672702154935	-17.694676158872625	2.0173048973083496	363.0
6047	7.908926099705639	-17.801148681016365	2.052311658859253	363.0
6069	7.877161327685956	-18.136424968950315	2.212221622467041	363.0
6086	7.892452986135401	-18.35757702972329	2.171590805053711	363.0
6106	7.794551718141776	-18.430806105921068	2.0653393268585205	363.0
6125	7.861355158805157	-18.476916564571454	2.0765745639801025	363.0
6144	7.8138642577492305	-18.521727238359563	2.0597825050354004	363.0
6164	7.745668278034178	-18.470144014146797	1.9837961196899414	363.0
6183	7.822189376607791	-18.651613192916987	2.095224142074585	363.0
6202	7.786534700722179	-18.626978358153057	2.0998611450195312	363.0
6221	7.77091505546338	-18.666707854488905	1.7519066333770752	363.0
6241	7.650890081777851	-18.657339143345972	1.6772301197052002	363.0
6260	7.755284181369674	-18.758116601852862	1.9462776184082031	363.0
6280	7.697493044565552	-18.772080884014784	2.174614906311035	363.0
6298	7.8828927520292	-18.63299553454506	1.9907491207122803	363.0
6319	8.023284795694195	-18.872980273349665	2.1974823474884033	363.0
6339	7.785215349636155	-18.90053944784024	2.2067368030548096	363.0
6357	7.710223740143252	-18.972470540988454	2.166978120803833	363.0
6377	7.632009284912972	-18.950441413639634	2.0744552612304688	363.0
6397	7.482391464166401	-19.100171740585136	2.030812978744507	363.0
6416	7.400599221171754	-19.299233685396757	1.7278523445129395	363.0
6435	7.364272385340674	-19.56019838781947	1.321519374847412	363.0
6455	7.086671374076965	-19.839280017682242	1.1332001686096191	363.0
6474	6.9289368439403685	-19.804563517615414	1.019561767578125	363.0
6494	6.9289368439403685	-19.804563517615414	1.019561767578125	363.0
6514	6.7499654577357315	-20.148678969800052	0.39255690574645996	363.0
6534	6.7499654577357315	-20.148678969800052	0.39255690574645996	363.0
6555	6.797047555091114	-20.274119642488074	0.49601125717163086	363.0
6573	6.797047555091114	-20.274119642488074	0.49601125717163086	363.0
6592	6.680890875838757	-20.20677334697121	0.5624139308929443	363.0
6610	6.5404910233413185	-20.122789538884078	0.6235363483428955	363.0
6629	6.608127611445043	-20.297380997642897	0.757246732711792	363.0
6650	6.731487033861866	-20.288357954125935	0.4694526195526123	363.0
6671	6.787108800734486	-20.35959795816214	0.5467469692230225	363.0
6689	6.8022691641351365	-20.459681501897084	0.44800710678100586	363.0
6708	6.646235876348633	-20.63040201340042	0.3231220245361328	363.0
6726	6.697277369097247	-20.95572578589407	0.11625838279724121	363.0
6747	6.639938582066508	-21.141364421224345	-0.07464122772216797	363.0
6767	6.733940369239792	-21.246943754631303	-0.08203816413879395	363.0
6786	6.304958678795753	-21.418256454070782	-0.30930638313293457	363.0
6805	6.176983889683103	-21.809886237288566	-0.3930962085723877	363.0
6825	6.107605183244742	-22.35753225544069	-0.445850133895874	363.0
6845	6.08467480730726	-22.794745562536004	-0.31427645683288574	363.0
6863	5.902223165213233	-23.0815686376797	-0.24911880493164062	363.0
6883	5.8080051142976385	-23.30923848069983	-0.19804024696350098	363.0
6902	5.817542563601303	-23.546653030090337	-0.05552315711975098	363.0
6922	5.705710579704001	-23.935612268376303	-0.35138940811157227	363.0
6940	5.852824397694612	-24.299352655532793	-0.26297473907470703	363.0
6961	5.876012179036292	-24.56352497811798	-0.2212224006652832	363.0
6980	6.038595479054998	-24.696651393321353	-0.51141357421875	363.0
7000	5.975379220917791	-24.930746986840347	-0.5529556274414062	363.0
7018	6.219877431652496	-25.179999544186437	-0.8261327743530273	363.0
7040	6.293912904966216	-25.56864570604402	-0.910550594329834	363.0
7069	6.2569625390710835	-26.076110154444486	-0.9363415241241455	363.0
7077	6.393023196871716	-26.39739845214796	-0.9845519065856934	363.0
7097	6.433336344066486	-26.666552726714873	-1.270024061203003	363.0
7116	6.365156064380541	-26.96717638841641	-1.4366304874420166	363.0
7139	6.492694342101944	-27.21546243846696	-1.3011424541473389	363.0
7159	6.662636598613874	-27.594528741098262	-1.432530164718628	363.0
7176	6.5937843489773895	-27.91040454194479	-1.3525660037994385	363.0
7194	6.5937843489773895	-27.91040454194479	-1.3525660037994385	363.0
7214	6.645408413763039	-28.46690534761033	-1.927699327468872	363.0
7234	6.851990101123267	-28.906240520684644	-2.249650478363037	363.0
7254	6.851990101123267	-28.906240520684644	-2.249650478363037	363.0
7278	6.8520707945088395	-29.309192414898174	-2.371755361557007	363.0
7291	7.12756086345691	-29.92023334536966	-2.469954013824463	363.0
7311	6.9709258213605425	-30.467913509909383	-2.244655132293701	363.0
7331	7.00273530117942	-30.75949213297929	-2.0426857471466064	363.0
7350	6.851444187117558	-31.369966732303197	-1.9745378494262695	363.0
7369	6.834945305497611	-31.897247266748842	-1.9178056716918945	363.0
7389	7.042819614735141	-32.32965171576922	-2.160931348800659	363.0
7409	6.833773339370685	-32.866334066902304	-2.477342128753662	363.0
7428	7.041447317518737	-33.1464227143155	-2.617668390274048	363.0
7447	6.986607278354748	-33.413304336894306	-2.7765908241271973	363.0
7467	7.162215968701505	-33.801576573147486	-3.02473783493042	363.0
7487	7.154705806525787	-34.190964353298554	-3.0857391357421875	363.0
7510	7.483524015331125	-34.512118315571385	-3.0539660453796387	363.0
7527	7.663207577310347	-34.88297512565789	-2.8267602920532227	363.0
7544	7.554920531251719	-35.40200710762167	-2.889740467071533	363.0
7564	7.628808710607613	-35.84165051486974	-2.8240246772766113	363.0
7584	7.650196407643679	-36.428058082424094	-2.8351359367370605	363.0
7603	7.700131235022082	-37.07758455593479	-2.5257201194763184	363.0
7624	7.6062009240717945	-37.63220370271507	-2.083545684814453	363.0
7642	7.788469953915269	-38.26838990382329	-1.7749640941619873	363.0
7661	7.767679705834168	-38.80802953064078	-1.7771084308624268	363.0
7682	7.644374383051693	-39.181611744298	-2.0746922492980957	363.0
7700	7.685776447091031	-39.58845679069149	-2.110781669616699	363.0
7719	7.745633452336654	-39.887953611585736	-2.299502372741699	363.0
7741	7.921072771738112	-40.23962525281167	-2.440782070159912	363.0
7760	7.952740063783431	-40.6563417764329	-2.360086441040039	363.0
7778	7.998620124984086	-41.05005326478613	-2.452780246734619	363.0
7797	7.672116577700731	-41.38132611589526	-2.581202507019043	363.0
7816	7.545838589297958	-41.7430687189985	-2.885960578918457	363.0
7836	7.550403064298286	-42.31161108494381	-3.06734037399292	363.0
7856	7.673579593766793	-42.65614839373418	-3.152595043182373	363.0
7876	7.779511108360895	-42.91054529372286	-3.126222610473633	363.0
7895	7.50070361501385	-43.307800899643595	-2.794833183288574	363.0
7917	7.50070361501385	-43.307800899643595	-2.794833183288574	363.0
7933	7.401516703885856	-43.89861084227342	-2.7626161575317383	363.0
7953	7.401516703885856	-43.89861084227342	-2.7626161575317383	363.0
7974	7.4502018363864	-44.368139875307385	-2.4150619506835938	363.0
7992	7.59911276028381	-44.7369052402798	-2.1821060180664062	363.0
8012	7.66102217612775	-45.05470240449592	-2.173459529876709	363.0
8031	7.374001862520866	-45.620529170103616	-2.0936684608459473	364.0
8051	7.118247559726462	-46.01502177334224	-2.273191452026367	364.0
8069	7.185534460883187	-46.2450421680908	-2.880336284637451	364.0
8088	6.958668592332172	-46.42706463237735	-2.7723755836486816	364.0
8110	6.743584480095969	-46.66365088482471	-2.490426540374756	364.0
8129	6.665188768517804	-46.884425775947804	-2.6682324409484863	364.0
8148	6.500636181564736	-46.95758365109703	-2.664764404296875	364.0
8167	6.478001501716026	-47.06685776434218	-2.5706839561462402	364.0
8186	6.290027223347598	-47.05317169248132	-2.6439480781555176	364.0
8207	6.081866573803102	-47.27827921252557	-2.8117971420288086	364.0
8228	6.144435521085163	-47.38618850470335	-2.9790873527526855	364.0
8246	6.048115392732083	-47.57004161698509	-3.190126419067383	365.0
8265	6.030174229727285	-47.6115699628106	-2.9906535148620605	365.0
8285	5.781393914423303	-47.69964150937111	-2.939455032348633	365.0
8304	5.668659267190873	-47.88041291153601	-2.916701316833496	365.0
8324	5.532302995058438	-47.915645623489375	-3.1421055793762207	365.0
8347	5.413211419450841	-48.01414543647257	-3.4518795013427734	365.0
8364	5.471292613750322	-48.08169121477206	-3.6945858001708984	365.0
8381	5.207944714365416	-48.10524424024534	-4.071691513061523	365.0
8401	5.082002272526031	-48.119767336348275	-4.63312292098999	365.0
8420	4.907613187204515	-48.097405522269	-4.506132125854492	365.0
8439	4.869033718093612	-48.129088796395955	-3.7939889430999756	366.0
8458	4.727742612907128	-48.06211208625798	-3.2925055027008057	366.0
8479	4.563612653989491	-48.15026687047993	-3.1290202140808105	366.0
8498	4.564169507417608	-47.85509159412894	-3.621577262878418	366.0
8517	4.195551687538467	-47.80709866720897	-4.230097770690918	366.0
8536	3.9117492211446874	-47.83118671252267	-4.746921539306641	366.0
8557	3.7825599332298205	-47.850878903417474	-4.696256637573242	366.0
8576	3.650767028989599	-47.683538291755525	-4.968719482421875	366.0
8599	3.261945979244227	-47.68750167340896	-5.262848854064941	366.0
8617	2.765367031482035	-47.696826170154196	-5.268006801605225	366.0
8634	2.51616862870623	-47.63866522394637	-5.372258186340332	368.0
8655	2.51616862870623	-47.63866522394637	-5.372258186340332	368.0
8673	2.127506623399415	-47.68538756229219	-5.550509452819824	368.0
8692	1.8014702334957928	-47.50626654814538	-5.728645324707031	368.0
8715	1.5421900109774076	-47.358183105159775	-5.941239356994629	368.0
8731	1.3737079158903307	-47.22026298551926	-6.083952903747559	368.0
8751	1.1254278658758612	-47.177670847116254	-5.967887878417969	368.0
8770	1.170263249040272	-46.86378270917124	-6.316136360168457	368.0
8790	1.3425893811292215	-46.6427273050228	-6.420894145965576	368.0
8808	1.2679986088341848	-46.47465711527867	-6.518772125244141	368.0
8831	1.3157971087931322	-46.307204080783684	-6.3610968589782715	368.0
8848	1.3096731721272468	-46.09936195985465	-6.613112926483154	369.0
8867	1.2738555125789763	-45.8684131217505	-6.635249614715576	369.0
8888	1.0660018038978971	-45.73941214754472	-6.727189540863037	369.0
8907	0.7271720192509661	-45.63118305382158	-6.798511505126953	369.0
8926	0.3561114196144832	-45.70033351173903	-6.822365760803223	369.0
8947	0.07537479629286865	-45.56575398338505	-7.083673000335693	369.0
8965	-0.22661725528021545	-45.223866963421855	-7.327642440795898	369.0
8984	-0.5634940536342432	-44.97896535721839	-7.5555524826049805	369.0
9004	-0.6976593616016977	-44.799407986059414	-7.50062894821167	369.0
9022	-0.862876601731804	-44.6667680848733	-7.497931957244873	369.0
9043	-1.1752252394922351	-44.33919735603122	-8.005706787109375	370.0
9062	-1.1136388313412326	-44.12212326930996	-8.42402458190918	370.0
9082	-1.2397035919322006	-43.84677233693074	-8.364325523376465	370.0
9101	-1.447571773244043	-43.66461624985794	-8.705221176147461	370.0
9119	-1.6133750831284641	-43.566952317474964	-8.82392692565918	370.0
9140	-1.6988780045749754	-43.37217300136472	-8.945265769958496	370.0
9159	-1.8694169778129641	-43.28505888562709	-9.095978736877441	370.0
9182	-2.4577967624352617	-43.03077836543371	-9.440496444702148	370.0
9198	-2.687463463908298	-42.98902058860172	-9.369617462158203	370.0
9217	-2.8498044805190164	-42.80299559955832	-9.443092346191406	370.0
9236	-3.123897171269257	-42.56758755687816	-9.475600242614746	371.0
9256	-3.214208080938926	-42.34191215186013	-9.539518356323242	371.0
9276	-3.42401373515591	-42.12448791460462	-10.042627334594727	371.0
9296	-3.6064821184439304	-41.85057870374212	-10.504800796508789	371.0
9315	-3.748861976824075	-41.427176308114184	-10.755971908569336	371.0
9335	-3.762952077655691	-41.26067931077196	-10.75767707824707	371.0
9354	-3.762952077655691	-41.26067931077196	-10.75767707824707	371.0
9375	-3.9888676991751346	-40.64371431085879	-10.822244644165039	371.0
9395	-3.9888676991751346	-40.64371431085879	-10.822244644165039	371.0
9412	-3.9312913787536066	-40.26102960374215	-11.164701461791992	371.0
9432	-4.095344704677929	-40.01244921428606	-11.332258224487305	371.0
9451	-4.064386600080765	-39.71391215502536	-11.256603240966797	371.0
9470	-4.220528162865641	-39.63263095566317	-10.972525596618652	371.0
9490	-4.320733966335352	-39.549342016167934	-10.790521621704102	371.0
9509	-4.265802518841995	-39.12618477608896	-10.9066162109375	371.0
9533	-4.509094211898881	-38.78948323018859	-11.436979293823242	371.0
9551	-4.587822933745276	-38.228043928901265	-12.067418098449707	371.0
9569	-4.790468825664263	-37.76403168535142	-12.766786575317383	371.0
9587	-4.6866548454770625	-37.09499834765371	-13.262228965759277	371.0
9607	-4.8155805870549555	-36.64100769073261	-13.307656288146973	371.0
9626	-5.01966912047744	-36.34179497212055	-12.908166885375977	371.0
9645	-5.0199098649255385	-35.98376537179436	-12.79578971862793	371.0
9665	-4.928241772624357	-35.848179430679785	-12.725567817687988	371.0
9685	-4.733900883850594	-35.442669919324786	-12.908766746520996	371.0
9704	-4.674151278976765	-34.85993706830192	-13.513762474060059	371.0
9724	-4.53781085369132	-34.22892793692805	-13.918044090270996	371.0
9743	-4.790300046387184	-33.785018560748654	-14.094839096069336	371.0
9765	-4.9318899735328285	-33.39841906167579	-14.109474182128906	371.0
9783	-4.916506521695928	-33.0926947852718	-13.93789291381836	371.0
9802	-5.039190036672629	-32.64327699363934	-13.51878833770752	371.0
9820	-4.923380705659066	-31.924082206515696	-13.745097160339355	371.0
9839	-4.9392316231737174	-31.20170364072462	-14.170181274414062	371.0
9859	-4.627829975429013	-30.434662380466243	-14.720865249633789	371.0
9879	-4.338136469326445	-29.80183266896765	-15.234423637390137	371.0
9902	-4.300560253601782	-29.2701552016715	-15.537485122680664	371.0
9918	-4.28218630511556	-28.803618915483234	-15.345627784729004	371.0
9937	-4.222651278221062	-28.444718732763985	-15.163278579711914	371.0
9956	-4.135920515952517	-28.017358496148027	-15.11555004119873	371.0
9975	-4.007074114774208	-27.564441805623552	-14.984694480895996	371.0
9995	-3.8328718798702415	-26.887122826515192	-15.318283081054688	371.0
10015	-3.8073416522461763	-26.355171088400958	-15.580286026000977	371.0
10036	-3.7194738823705595	-25.73592497177468	-15.705917358398438	370.0
10054	-3.3249938550197276	-25.130924327998606	-15.574053764343262	370.0
10075	-3.211249932120699	-24.824474348931794	-15.14741325378418	370.0
10095	-3.3026395186616586	-24.154385582317907	-14.8714599609375	370.0
10113	-3.3026395186616586	-24.154385582317907	-14.8714599609375	370.0
10132	-3.209549593808818	-23.41914565936	-15.041089057922363	370.0
10152	-3.1694579291938254	-22.56471592127215	-15.382540702819824	370.0
10170	-2.882804862778701	-21.97773498728681	-15.349878311157227	370.0
10189	-2.823261601536707	-21.400962719084855	-15.337564468383789	370.0
10209	-2.708967951516472	-20.861218455359005	-15.269686698913574	370.0
10229	-2.78256444028448	-20.247750213471157	-15.219741821289062	370.0
10248	-2.802108562443349	-19.682116694589165	-15.450136184692383	369.0
10269	-2.6914108431264703	-19.239471455278984	-15.720479011535645	369.0
10288	-2.714059033700224	-18.791445516503067	-15.89211368560791	369.0
10307	-2.5025036190225456	-18.42557030466807	-15.924558639526367	369.0
10327	-2.3409858808554236	-18.11581621002916	-15.88791561126709	369.0
10345	-2.1626801046644712	-17.694307088263333	-15.524889945983887	369.0
10366	-2.1762556944053184	-17.044596266101596	-15.65615463256836	369.0
10384	-2.0359449766507365	-16.788726697172322	-15.418164253234863	369.0
10404	-1.8455995967883891	-16.188245582937412	-15.291234970092773	369.0
10425	-1.609165654647867	-15.432279026169281	-15.18088150024414	369.0
10443	-1.396449379195832	-15.00457416315166	-15.074076652526855	369.0
10463	-1.3733387929146026	-14.593623774907444	-14.830859184265137	369.0
10481	-1.369096173751054	-14.059380603828691	-14.61954116821289	369.0
10504	-1.37201127398057	-13.541203455814747	-14.737217903137207	369.0
10520	-1.3186557328173878	-13.528588862529837	-14.502479553222656	369.0
10539	-1.2284346538032989	-13.195890351830041	-14.590865135192871	369.0
10560	-1.135800493616213	-12.66654559619347	-14.70744800567627	369.0
10578	-0.9891276883877373	-12.132081815330388	-14.780135154724121	369.0
10598	-0.8189966030774672	-11.470206335417487	-14.842862129211426	369.0
10617	-0.9149782363404511	-10.769283315049849	-15.001396179199219	369.0
10637	-0.9246574046674525	-10.386191105370665	-14.806844711303711	369.0
10658	-0.8998807090815607	-10.003579655876305	-14.728653907775879	369.0
10676	-0.9263380738823142	-9.523118937649548	-14.591236114501953	369.0
10696	-1.1394889700580182	-8.983702491905426	-14.527915954589844	369.0
10715	-1.195411826940231	-8.491434994136432	-14.450827598571777	369.0
10734	-1.2813330696949479	-8.23270869476396	-14.439784049987793	369.0
10757	-1.280735321616348	-7.85971590437622	-14.30162239074707	369.0
10774	-1.1302261488072578	-7.47381353044792	-14.222390174865723	369.0
10794	-1.1302261488072578	-7.47381353044792	-14.222390174865723	369.0
10813	-1.1463656174126815	-6.9662742548346195	-14.298543930053711	369.0
10832	-1.1029390806422974	-6.670695003865815	-14.168008804321289	369.0
10852	-1.1302251071431104	-6.306678131092364	-14.066463470458984	369.0
10873	-1.0418464246148254	-6.000670365632632	-13.846030235290527	369.0
10891	-1.0109327512396018	-5.735802340444254	-13.678680419921875	369.0
10910	-1.0486234344618812	-5.336331966518613	-13.65692138671875	369.0
10930	-1.1481234650229306	-5.093692149060624	-13.628172874450684	369.0
10949	-1.3579636278417861	-4.908915794054989	-13.641200065612793	369.0
10969	-1.707174552416035	-4.594351381476809	-13.656416893005371	369.0
10988	-1.9990544748197472	-4.161734114542145	-13.731200218200684	369.0
11007	-1.8447505287737627	-3.9396778354057584	-13.899370193481445	369.0
11026	-1.7822275111659283	-3.8650810596584417	-14.06116771697998	369.0
11046	-1.7569785611975755	-3.7197839557666943	-14.046845436096191	369.0
11066	-1.665826054049137	-3.4787647258101866	-13.962606430053711	369.0
11085	-1.7620814968141962	-3.142140447432471	-13.861297607421875	369.0
11106	-1.7566432083381018	-2.6642645314607214	-13.94336986541748	369.0
11123	-1.5545647301733516	-2.3227259297415412	-14.039844512939453	369.0
11143	-1.4072539143030025	-2.0780776240192185	-14.132072448730469	369.0
11162	-1.4317685387817267	-1.7902981976540164	-14.025603294372559	369.0
11182	-1.4528411080577872	-1.0827263100605515	-14.045034408569336	369.0
11204	-1.5477662809520512	-0.753175298887424	-14.387389183044434	369.0
11222	-2.0960352626198167	-0.41589597825280056	-14.511754035949707	369.0
11240	-2.0040069856469014	0.014554245974456755	-14.801162719726562	370.0
11259	-1.7951236904327532	0.10195094909402383	-14.782782554626465	370.0
11279	-1.6575552094684884	0.25710861502370336	-14.891702651977539	370.0
11297	-1.56972708811249	0.6584402074338362	-14.702439308166504	370.0
11318	-1.4290362755341477	1.1817846082245664	-14.761260986328125	370.0
11340	-1.4822685228991286	1.397561113567759	-14.696134567260742	370.0
11356	-1.565596051681813	1.6955664904901926	-14.720845222473145	370.0
11377	-1.3378702181411517	1.8671240669109754	-14.664545059204102	370.0
11396	-1.3018729427887195	1.7979960036182947	-14.92086124420166	370.0
11415	-1.270035828395936	1.9963823219513923	-15.256075859069824	370.0
11435	-1.4149217102846299	2.210163801436283	-15.353020668029785	371.0
11454	-1.4149217102846299	2.210163801436283	-15.353020668029785	371.0
11475	-1.334917239618347	2.482031430850608	-15.719714164733887	371.0
11493	-1.334917239618347	2.482031430850608	-15.719714164733887	371.0
11512	-1.171578772312145	2.492370082065149	-15.8965425491333	371.0
11532	-1.2066840519848627	2.7489158162733305	-15.862811088562012	371.0
11551	-0.889763209515269	2.8091903862154544	-16.093650817871094	371.0
11570	-0.7048068748435521	3.0054812414622605	-16.143037796020508	371.0
11590	-0.735242386975788	3.295433733271056	-16.264001846313477	371.0
11609	-0.35672901065670887	3.3998909131461126	-16.318151473999023	371.0
11630	-0.3509950600616402	3.461476545623887	-16.574077606201172	371.0
11649	-0.3469351726135324	3.223517027185149	-16.908050537109375	371.0
11668	-0.24150503870132167	3.032252586636103	-17.393550872802734	371.0
11688	0.0044570557969616	2.637175441448946	-17.506412506103516	371.0
11708	0.18053635263391143	2.7631531869486845	-17.742443084716797	371.0
11727	0.48241225404504573	2.891297952817578	-17.768695831298828	371.0
11746	0.8806146931663317	2.8277874862779147	-17.87596893310547	371.0
11766	1.0647580467800697	3.142924756576799	-17.997255325317383	371.0
11785	1.3693666078445845	3.3389927555015793	-17.980731964111328	371.0
11808	1.5083465063203978	3.4366945385067167	-17.985387802124023	371.0
11825	1.4424340877817279	3.2034016332679256	-18.113798141479492	371.0
11842	1.6218218492510577	2.8392796508182725	-18.527217864990234	371.0
11862	1.8142399959587538	2.2411954548286213	-18.609989166259766	371.0
11882	2.3046307737676512	2.2873531543793644	-18.567888259887695	371.0
11901	3.0268646170205478	2.3251374295993372	-18.553791046142578	371.0
11921	3.6492357344416377	2.31653433089164	-18.526580810546875	371.0
11939	4.054144643387463	2.612272883807852	-18.650388717651367	371.0
11960	4.530864195864969	2.5374015187674632	-18.863279342651367	371.0
11980	5.196878401339042	2.077965967029634	-18.696718215942383	371.0
11999	5.618820668697495	1.5656894267732393	-18.714632034301758	371.0
12017	6.120315385278112	1.2826645942914434	-18.745033264160156	371.0
12037	6.420592485800107	0.6600647688861103	-19.0871639251709	371.0
12056	6.889143587591308	0.49348143052039906	-19.197174072265625	371.0
12077	7.547260388184518	0.46540645138187026	-19.212120056152344	371.0
12096	8.129561780175514	0.2764500363269549	-19.147918701171875	371.0
12116	8.401262117658034	0.08655074062534435	-19.00843620300293	371.0
12134	8.283822167224805	-0.2938994283338589	-19.106687545776367	371.0
12155	8.24770390167502	-0.7605566679276065	-19.11676788330078	371.0
12174	8.545748804115986	-1.418146383503591	-19.396484375	371.0
12194	8.862216822922884	-1.934038650735055	-19.366098403930664	371.0
12214	8.862216822922884	-1.934038650735055	-19.366098403930664	371.0
12233	9.852500236834263	-2.2337644623927218	-18.914958953857422	371.0
12251	9.852500236834263	-2.2337644623927218	-18.914958953857422	371.0
12271	10.52980330255659	-2.2428895160355107	-18.875253677368164	371.0
12290	10.99811047810841	-2.6591416583438376	-18.767658233642578	371.0
12310	11.540542859240004	-3.3312124630999964	-18.811264038085938	371.0
12329	11.821900810211227	-4.0809360154698116	-18.9945068359375	371.0
12349	12.043948811202599	-4.747953590729583	-18.80628776550293	371.0
12368	12.650984577661871	-5.2527406111337065	-18.595436096191406	371.0
12387	13.211298757851063	-5.991576245268709	-18.732542037963867	371.0
12407	13.645633009641301	-6.486657776533432	-18.757041931152344	371.0
12427	14.249072523391325	-6.967714828723703	-18.53150177001953	371.0
12446	14.700898300727657	-7.378863603344918	-18.47720718383789	370.0
12466	14.982235338805891	-7.759630585839823	-18.6785945892334	370.0
12485	15.354270421751307	-8.357486502402324	-18.68628692626953	370.0
12505	15.81789240287891	-8.920509321554418	-18.905933380126953	370.0
12526	16.214217755835566	-9.409591171105319	-18.798995971679688	370.0
12547	16.762433732286343	-9.65657802939495	-18.48020362854004	370.0
12562	17.369118077968004	-10.255772323211879	-18.205371856689453	370.0
12582	17.60683859275629	-10.582370191675118	-18.171079635620117	370.0
12602	17.885223252878088	-11.081685522882209	-18.27448272705078	370.0
12621	18.073368484475328	-11.579277437416494	-18.40729331970215	370.0
12641	18.319166775028727	-12.194061159515158	-18.310819625854492	369.0
12660	18.574265529645167	-12.901892304068054	-17.87786293029785	369.0
12679	19.055320869804707	-13.548481761040877	-17.700576782226562	369.0
12698	19.38023352195075	-14.189986247941011	-17.50774574279785	369.0
12720	19.69228962429386	-14.268983892587062	-17.450096130371094	369.0
12738	20.127166388755814	-14.44801935201241	-17.321258544921875	369.0
12757	20.461884765369955	-14.649822965121786	-17.152931213378906	369.0
12776	20.695192571806274	-14.880766438057703	-16.771732330322266	369.0
12798	20.819535606955398	-15.093389794687795	-16.640939712524414	369.0
12816	20.96776752365594	-15.511370069673964	-16.480398178100586	369.0
12835	21.14513073966623	-15.682478037020003	-16.24822235107422	368.0
12854	21.265885344838033	-15.791102955876758	-16.253353118896484	368.0
12874	21.466844942021925	-15.96055721685359	-16.24486541748047	368.0
12898	21.77933344981629	-16.395433653289217	-16.11717414855957	368.0
12913	21.77933344981629	-16.395433653289217	-16.11717414855957	368.0
12933	22.00950191372835	-16.747809370164962	-16.06903076171875	368.0
12952	22.36960664904314	-17.149026668119866	-15.988631248474121	368.0
12971	22.625641849310398	-17.420914323330724	-15.834456443786621	368.0
12991	22.82912031782661	-17.543212910785027	-15.840621948242188	368.0
13010	22.99531972796138	-17.95039067684731	-15.898359298706055	368.0
13030	23.178094570047147	-18.30840138605616	-15.82330322265625	366.0
13049	23.51929012326136	-18.577391129217187	-16.075136184692383	366.0
13069	23.455629216351767	-18.558627646751233	-16.35125732421875	366.0
13088	23.708123393947886	-18.65750477407005	-16.456443786621094	366.0
13108	23.831875819854826	-18.696255435039873	-16.42648696899414	366.0
13126	24.022528215360836	-18.87600094924361	-16.44394302368164	366.0
13147	24.211811565982668	-19.066129672134622	-16.576759338378906	366.0
13167	24.25353387979899	-19.33126718200481	-16.437026977539062	366.0
13186	24.33878656100658	-19.264833236524467	-16.517057418823242	366.0
13206	24.394341808137902	-19.258810014870974	-16.351123809814453	366.0
13224	24.59883868725991	-19.253391228583546	-16.348766326904297	366.0
13244	24.688184441659423	-19.340191466971888	-16.4846134185791	365.0
13264	24.609834423783333	-19.6712002721816	-16.68701171875	365.0
13282	24.543499791334167	-19.656171329382225	-16.864961624145508	365.0
13302	24.52365793841404	-19.699531883447115	-16.930225372314453	365.0
13322	24.653494150095998	-19.739561069323013	-17.24188995361328	365.0
13341	24.812723593781357	-19.906269651286067	-17.378259658813477	365.0
13360	24.856327279836343	-20.181674679550355	-17.41867446899414	365.0
13380	24.97554883784608	-20.363129325339226	-17.362625122070312	365.0
13399	24.883780667930065	-20.40964999013817	-17.211339950561523	365.0
13418	25.18272612483534	-20.266442392128308	-17.45876693725586	365.0
13438	25.44642190656985	-20.29341997163084	-17.81983184814453	364.0
13457	25.601767673550135	-20.443806625806637	-17.807119369506836	364.0
13481	25.742880226478047	-20.639486677008204	-17.905563354492188	364.0
13496	25.971915852931936	-20.869663243494934	-17.754623413085938	364.0
13516	26.33727698673698	-20.717019797565374	-17.73025894165039	364.0
13537	26.671894844696965	-20.67392300572936	-17.828807830810547	364.0
13554	26.949238173826746	-20.597499102285447	-18.0039005279541	364.0
13575	27.015363821675333	-20.61862705516889	-17.970378875732422	364.0
13595	27.015363821675333	-20.61862705516889	-17.970378875732422	364.0
13613	27.24174069500395	-20.468284215980177	-17.86502456665039	364.0
13634	27.60008406706195	-20.33563412903876	-17.686805725097656	363.0
13655	27.60008406706195	-20.33563412903876	-17.686805725097656	363.0
13671	27.737983524345633	-20.32603208330202	-17.51342010498047	363.0
13691	27.956569273393985	-20.586767348827575	-17.15869140625	363.0
13711	28.048252900652443	-20.82786909536007	-16.876712799072266	363.0
13734	28.25815002667522	-21.023918190492573	-16.341703414916992	363.0
13749	28.566885645339788	-21.065785433508935	-15.882129669189453	363.0
13768	28.675297088950973	-21.14566999834426	-15.782846450805664	363.0
13789	28.64830963509787	-21.27930437857242	-15.765308380126953	363.0
13807	28.69803994501296	-21.454845032293587	-15.512223243713379	363.0
13827	28.37454893971931	-21.922576229224298	-15.163346290588379	363.0
13848	28.16700920289961	-22.326623534815877	-14.803644180297852	363.0
13866	28.294545345228244	-22.591732361038478	-14.18187427520752	363.0
13886	28.576642822551285	-22.73241673916359	-13.6790189743042	363.0
13905	28.482808252735694	-22.87825952968925	-13.332710266113281	363.0
13925	28.501855103741015	-22.922056533218868	-12.90086555480957	363.0
13943	28.491054716292375	-22.841398972704344	-12.865816116333008	363.0
13964	28.690614437410854	-22.94471998278918	-12.751171112060547	363.0
13983	28.777718108640734	-23.207780346882117	-12.355899810791016	363.0
14002	28.73087496312891	-23.268228476738948	-11.526363372802734	363.0
14022	28.680638769785734	-23.490386419319655	-10.980257987976074	363.0
14041	28.22548101052584	-23.938846060036738	-10.764888763427734	363.0
14060	28.04080458366117	-24.289282462780097	-10.339375495910645	363.0
14082	27.908018305570433	-24.450567036999693	-10.209880828857422	363.0
14104	27.793909110221566	-24.633132001315953	-9.694536209106445	363.0
14118	27.267087803270275	-24.711733600403193	-9.350259780883789	363.0
14138	27.243542454386233	-24.73872845843575	-8.83659553527832	363.0
14158	27.26074050147369	-24.927754288754812	-8.494234085083008	363.0
14176	26.719073919587753	-25.07670311247535	-8.640190124511719	363.0
14196	26.697060397638754	-24.990258977464613	-8.794012069702148	363.0
14216	26.536621202967922	-24.895496512623065	-8.617290496826172	363.0
14236	26.159105976064193	-25.04071782777669	-7.887885093688965	363.0
14255	25.796248359653696	-25.1113185093407	-7.3588409423828125	363.0
14274	25.670159172380572	-25.142546764990623	-7.169802665710449	363.0
14294	25.473495648825807	-24.99133925755313	-7.0942792892456055	363.0
14314	24.921140480370536	-25.054117031829257	-7.149713516235352	363.0
14333	24.926292556006107	-25.047270889969344	-7.136049747467041	363.0
14354	24.596909960802062	-25.00203049384629	-6.798788070678711	363.0
14372	24.596909960802062	-25.00203049384629	-6.798788070678711	363.0
14391	24.416939165809268	-25.120336759702003	-6.240786075592041	363.0
14411	24.528911067972338	-24.956104253057195	-5.964134693145752	363.0
14430	24.51867023769447	-24.85304930303767	-5.702139854431152	363.0
14452	24.450741917730248	-24.68984140783567	-5.459636688232422	363.0
14470	24.142801027810666	-24.620718572789634	-5.447797775268555	363.0
14489	23.99925110787433	-24.455997073973784	-5.384580612182617	363.0
14508	23.63751212851732	-24.12275859312503	-5.100736141204834	363.0
14527	23.48915121852872	-24.05826989326381	-5.117972373962402	363.0
14547	23.220800253216215	-24.063262310715565	-4.9267072677612305	363.0
14569	22.932232464784267	-24.048377323709087	-4.735753059387207	363.0
14586	22.728649242082373	-23.99599251649017	-4.779083728790283	363.0
14605	22.56719595299103	-23.93189246076381	-4.6833600997924805	363.0
14627	22.42350430352886	-23.944111091806622	-4.688437461853027	363.0
14647	22.260026414248372	-23.784991254837497	-4.781363010406494	363.0
14664	22.230083865947915	-23.646619480346978	-4.859148979187012	363.0
14685	22.070780777956198	-23.421395265610855	-4.886075019836426	363.0
14702	21.855394896340982	-23.109597476074146	-4.871184825897217	363.0
14722	21.645104115486042	-22.9359466217782	-4.635888576507568	363.0
14741	21.317898298584037	-22.899828010221285	-4.39150333404541	363.0
14761	21.22417199896012	-22.795471473642994	-4.338769435882568	363.0
14780	21.032653437849273	-22.600449513603987	-4.369866371154785	363.0
14802	20.979756361317516	-22.570251055245798	-4.228665828704834	363.0
14818	20.652837095921885	-22.515887057037236	-3.883857250213623	363.0
14839	20.431188734444692	-22.44050722554667	-3.663634777069092	363.0
14859	20.347837293208723	-22.369105077946937	-3.7560417652130127	363.0
14877	20.11181538391196	-22.286765197194327	-4.009146213531494	363.0
14897	20.20816780309411	-21.977523001887377	-4.036828994750977	363.0
14920	19.903877309875917	-21.617047131547142	-4.123307704925537	363.0
14935	19.78558523132894	-21.493351660088077	-4.089478969573975	363.0
14955	19.5140886384398	-21.220827722198628	-4.148519515991211	363.0
14974	19.50023565264382	-20.99088524443087	-4.411026477813721	363.0
14994	19.301159615528977	-20.926787750721004	-4.401183128356934	363.0
15015	19.18675337951901	-20.59603640606008	-4.268606662750244	363.0
15033	19.18675337951901	-20.59603640606008	-4.268606662750244	363.0
15054	19.276539451172184	-20.27080884798189	-4.219456195831299	363.0
15073	19.276539451172184	-20.27080884798189	-4.219456195831299	363.0
15091	19.333019801181415	-20.349637996609683	-4.2088236808776855	363.0
15110	19.25669948279636	-20.037216049586238	-4.162837028503418	363.0
15130	19.366034541559774	-20.004212867881975	-4.162075519561768	363.0
15150	19.361764805508024	-20.061424307729386	-4.094616889953613	363.0
15170	19.356328898549865	-19.923915922042784	-3.964315891265869	363.0
15189	19.19375195439595	-20.071561591189706	-3.936159133911133	363.0
15208	19.203980184965744	-20.169861595333145	-3.8601765632629395	363.0
15228	18.972638431978375	-20.158728368024818	-3.8323237895965576	363.0
15247	18.650897307705463	-20.139200415104874	-3.7323975563049316	363.0
15268	18.492036490531863	-20.211247514208164	-3.693556785583496	363.0
15288	18.20729917342431	-20.052716712575233	-3.9991586208343506	363.0
15306	17.995423059694215	-19.894197830129066	-4.127133369445801	363.0
15325	17.852952220166213	-19.80940191457899	-4.290063858032227	363.0
15345	17.847460041569366	-19.728777080174314	-4.2415337562561035	363.0
15364	17.468080945566722	-19.661449330709903	-4.26815938949585	363.0
15383	17.41127679792405	-19.459714788055262	-4.484965801239014	363.0
15405	17.480439124903075	-19.168616447677575	-4.628036022186279	363.0
15422	17.602370609258717	-19.11295900617403	-4.514710426330566	363.0
15442	17.77824120517968	-19.170133838801018	-4.007241725921631	363.0
15461	17.80297303531904	-19.154743231617932	-3.787355422973633	363.0
15481	17.93589710395608	-19.019480864694135	-3.7207412719726562	363.0
15500	18.197959495248867	-18.941001127248995	-3.778136968612671	363.0
15521	18.25451100690156	-18.71248295849614	-3.8802030086517334	363.0
15538	18.302541230138424	-18.72320148487584	-3.776620388031006	363.0
15558	18.222511311433195	-19.005150451873362	-3.6088314056396484	363.0
15577	18.229404959402526	-18.911432479169505	-3.743238925933838	363.0
15597	18.21359039471216	-18.77491350221808	-4.018172264099121	363.0
15618	18.355583006204874	-18.692711563882405	-4.011122226715088	363.0
15636	18.289852871187037	-18.673605042164755	-3.9640276432037354	363.0
15656	18.05784771690446	-18.831903520654844	-4.205878734588623	363.0
15676	18.04436193437613	-18.960610751875382	-4.022594928741455	363.0
15694	18.104817691616034	-19.126204666448565	-3.8450911045074463	363.0
15714	18.266558670514957	-18.999495073528454	-3.4893922805786133	363.0
15735	18.313922463093114	-18.941327594258848	-3.2696993350982666	363.0
15754	18.313922463093114	-18.941327594258848	-3.2696993350982666	363.0
15772	18.127097620088747	-18.89853618121468	-3.484302282333374	363.0
15792	18.204631080601036	-18.82020530622488	-3.3916866779327393	363.0
15811	18.16710088661712	-18.8820660099201	-3.2563586235046387	363.0
15830	18.26148754522145	-18.63057294148591	-3.1944692134857178	363.0
15850	18.273762898118076	-18.536677740885683	-3.3224833011627197	363.0
15869	18.121614055406113	-18.548338038616418	-3.36057710647583	363.0
15889	18.043918521670122	-18.495994689804412	-3.5381760597229004	363.0
15909	17.95225063672973	-18.645850707027925	-3.6194674968719482	363.0
15928	18.03654362379112	-18.695837405744136	-3.5198850631713867	363.0
15948	17.833650797518846	-18.882644021495743	-3.4928276538848877	363.0
15967	18.02376758769722	-18.84613116980223	-3.48516583442688	363.0
15986	18.023330192048007	-19.051693884590296	-3.494342565536499	363.0
16007	18.105499937923263	-18.895967233918288	-3.4933440685272217	363.0
16025	18.105220681405143	-18.763770809303807	-3.2220849990844727	363.0
16045	18.12931112711101	-18.72871480379881	-3.2750954627990723	363.0
16065	18.23951657482669	-18.702897142441433	-3.5114355087280273	363.0
16083	18.13628338751971	-18.692926615166364	-3.41268253326416	363.0
16103	18.147091847475192	-18.609749157699067	-3.299013614654541	363.0
16124	18.054656503824305	-18.709082432811396	-3.450700044631958	363.0
16141	18.005147791219457	-18.65435060495227	-3.5035617351531982	363.0
16162	17.951214646875986	-18.98251232149443	-3.5551867485046387	363.0
16182	18.061667482440445	-18.882220531638644	-3.6931395530700684	363.0
16201	18.120263221942228	-18.924984264033963	-3.6586077213287354	363.0
16220	18.03204599018204	-18.856196486199632	-3.5901756286621094	363.0
16241	18.199847980298475	-18.664507707017403	-3.715599775314331	363.0
16258	18.322481387987864	-18.588724932411957	-3.953406810760498	363.0
16278	18.245886168283185	-18.52861351838161	-3.971789598464966	363.0
16297	18.352263754521967	-18.289766974513046	-3.789090871810913	363.0
16316	18.325017341245232	-17.9669787114971	-3.650737762451172	363.0
16336	18.223702238225563	-18.189626905704795	-3.813249349594116	363.0
16355	18.052978082502793	-18.112941574884303	-3.721322536468506	363.0
16378	18.045807617006403	-17.9854887573922	-3.829315662384033	363.0
16397	17.92907985308265	-18.14803884658743	-3.8726186752319336	363.0
16414	17.889786625706833	-18.065681396947873	-4.002951622009277	363.0
16435	17.88742969028141	-18.014559117614347	-3.894082546234131	363.0
16453	17.920807591457383	-18.11685223808116	-3.592811346054077	363.0
16473	17.85026051714779	-18.274943016209825	-3.531248092651367	363.0
16492	17.85026051714779	-18.274943016209825	-3.531248092651367	363.0
16512	17.968619037513633	-18.136673561739943	-3.4379637241363525	363.0
16530	18.003060797059256	-18.242992939319677	-3.5939950942993164	363.0
16550	18.18123373527032	-18.365243789390423	-3.405789375305176	363.0
16570	18.334304383012036	-18.328333340272035	-3.391855001449585	363.0
16589	18.29713918635675	-18.523951853013727	-3.3517062664031982	363.0
16609	18.38566181066378	-18.644057157236745	-3.4503095149993896	363.0
16628	18.357692851942367	-18.64212959967408	-3.7130067348480225	363.0
16648	18.461830378010546	-18.70432456588732	-4.0204267501831055	363.0
16668	18.409049350064006	-18.536729698018426	-4.072073459625244	363.0
16687	18.618802957710493	-18.320158988973397	-4.1117167472839355	363.0
16706	18.508509748825272	-18.391614319248415	-4.132608413696289	363.0
16728	18.29478461062274	-18.374442405684505	-3.867189884185791	363.0
16744	18.3576270237873	-18.296567596465668	-3.6450717449188232	363.0
16764	18.319977416547765	-18.197086144017	-3.6677331924438477	363.0
16785	18.28279352933428	-18.016395817050057	-3.7169852256774902	363.0
16803	18.353804742109357	-17.964311325954853	-3.8147590160369873	363.0
16822	18.28542881323183	-18.076241380155373	-3.5828094482421875	363.0
16844	18.366064599936237	-18.23339212040118	-3.4263720512390137	363.0
16861	18.19663075981124	-18.183644308236417	-3.4849252700805664	363.0
16881	18.134604529173803	-18.16308520784259	-3.712374687194824	363.0
16900	18.022019990849056	-18.01961570863117	-3.7643628120422363	363.0
16920	18.227294202971493	-18.192094298747882	-3.771348237991333	363.0
16941	18.073818902343255	-18.458303641215924	-3.7763514518737793	363.0
16961	17.807715178125456	-18.451111188217908	-3.8186612129211426	363.0
16977	17.70759421532291	-18.598526614952583	-3.9622435569763184	363.0
16997	17.533177905510055	-18.640540310264214	-4.1530046463012695	363.0
17016	17.757603447948444	-18.691847628312093	-4.2875518798828125	363.0
17036	18.062307611138504	-18.790579651373438	-4.255586624145508	363.0
17056	18.157877651289635	-19.118934887243643	-4.22218132019043	363.0
17075	17.864244809802056	-19.10217418796514	-3.977247714996338	363.0
17094	17.996905964534637	-19.19776620910409	-3.876410484313965	363.0
17113	18.11877059297118	-19.08921729372362	-3.710522413253784	363.0
17134	18.232238006108844	-18.964830748652297	-3.8643603324890137	363.0
17154	18.182932082388884	-18.982538872637964	-3.7347800731658936	363.0
17172	18.182932082388884	-18.982538872637964	-3.7347800731658936	363.0
17193	18.11220029442451	-19.041937964292504	-3.5990967750549316	363.0
17211	18.11220029442451	-19.041937964292504	-3.5990967750549316	363.0
17230	17.987563704503366	-18.82592518813271	-3.5001349449157715	363.0
17250	17.913237377154466	-18.659841858698737	-3.570685863494873	363.0
17270	17.931094646435987	-18.489844827167854	-3.573833465576172	363.0
17289	17.92291773778637	-18.669446873571772	-3.673813819885254	363.0
17308	17.882773733756082	-18.836772659749183	-3.6006786823272705	363.0
17328	17.947385951785897	-18.715707613258488	-3.9010536670684814	363.0
17347	17.906189106154564	-18.64538780525711	-3.9937498569488525	363.0
17367	17.628353846369567	-18.729921270860935	-3.93184494972229	363.0
17386	17.696155013999643	-18.95654563966376	-3.6651580333709717	363.0
17408	17.847787839662473	-19.13372555031412	-3.7273800373077393	363.0
17426	17.847593908486807	-19.198266554943377	-3.7815005779266357	363.0
17445	17.827257439238082	-19.062686266790895	-3.7983829975128174	363.0
17466	18.10296967004793	-18.762056005869262	-3.9264440536499023	363.0
17484	17.993349801751506	-18.726104653291724	-3.8010823726654053	363.0
17503	18.018048565324765	-18.77137320616759	-3.528594493865967	363.0
17523	18.242351449486222	-18.761597625505715	-3.4929356575012207	363.0
17543	18.19276260634621	-18.70779255314267	-3.9533395767211914	363.0
17561	18.209031783703338	-18.623997757910832	-3.997046709060669	363.0
17581	18.034126765218435	-18.57925864289016	-4.150400638580322	363.0
17600	18.20114765191158	-18.655349368078245	-4.165166854858398	363.0
17619	18.075762842620318	-18.824555219945044	-3.9442594051361084	363.0
17640	18.05971223409968	-18.857185731679785	-3.862978935241699	363.0
17659	18.113031702036256	-18.787841749277508	-4.049903392791748	363.0
17679	17.926618582175504	-18.87914770942993	-4.049387454986572	363.0
17697	17.908209874707087	-18.823350118257423	-4.043968677520752	363.0
17717	18.09030350041744	-18.77063745715057	-4.160152435302734	363.0
17736	18.16520847768444	-18.791724564010167	-4.042079925537109	363.0
17757	18.16547334206674	-18.664947543686434	-4.1095290184021	363.0
17777	18.019390719090275	-18.611177997797913	-4.073723793029785	363.0
17797	17.976838116601982	-18.74517154772781	-4.188575267791748	363.0
17814	18.008801026667964	-18.845907800721196	-4.074933052062988	363.0
17834	18.008801026667964	-18.845907800721196	-4.074933052062988	363.0
17854	18.045787292155612	-18.603397846187317	-3.6601407527923584	363.0
17873	17.820525159404568	-18.76890125607798	-3.4755594730377197	363.0
17893	17.820525159404568	-18.76890125607798	-3.4755594730377197	363.0
17911	17.849104288262406	-18.818557223849634	-3.5683059692382812	363.0
17930	17.735830653891334	-18.74691220632382	-3.5511913299560547	363.0
17951	17.63973359271314	-18.874531108198095	-3.6924166679382324	363.0
17970	17.677279027455903	-18.937709538083215	-3.746519088745117	363.0
17990	17.350961497778503	-18.867751706914454	-3.933610439300537	363.0
----------------도착----------------
18009	17.285075287533928	-18.920890509968128	-4.112728118896484	363.0
18028	17.467406478646105	-18.995951888724573	-4.246857166290283	363.0
18047	17.59240880527543	-18.597566763530207	-4.473451614379883	363.0
18068	17.55310237191455	-18.571406574989286	-4.329083442687988	363.0
18086	17.36891913204714	-18.888709313877236	-4.03040885925293	363.0
18106	17.54455085164787	-18.78456973292849	-3.867734670639038	363.0
18127	17.721243412044473	-18.54713672240413	-3.693821907043457	363.0
18146	17.79683263972988	-18.580199163931375	-3.8147854804992676	363.0
18165	17.89744312291012	-18.628565213514232	-3.717341184616089	363.0
18185	17.72548553653907	-18.602629445132365	-3.974362850189209	363.0
18204	17.797821542287103	-18.901118901007006	-3.8043386936187744	363.0
18222	18.01951752108033	-18.891494168823105	-3.780244827270508	363.0
18243	18.132997121487662	-18.772710258991715	-3.8075003623962402	363.0
18262	17.947797601745314	-18.89352762475953	-3.745680332183838	363.0
18281	17.887571151469604	-19.031365552788827	-3.8413777351379395	363.0
18301	18.11871412117766	-18.860804543501203	-3.5142555236816406	363.0
18320	18.11432852483914	-18.831708281540294	-3.596391201019287	363.0
18339	18.09606122035703	-18.71002148893634	-3.426187753677368	363.0
18359	17.92020807924057	-18.642340536134736	-3.6115214824676514	363.0
18378	17.75216066997054	-18.57839353714659	-3.6357240676879883	363.0
18397	17.733733763919414	-18.5622207920026	-3.6188228130340576	363.0
18417	17.85067148703466	-18.487149013703675	-3.402911424636841	363.0
18437	17.92704568230736	-18.47237538620321	-3.2756049633026123	363.0
18456	17.897624324025067	-18.729597976249377	-3.568892240524292	363.0
18476	17.92310232070759	-18.805689202532808	-3.336104154586792	363.0
18496	17.80829209145104	-18.82238085768888	-3.4563562870025635	363.0
18514	17.881680281638385	-18.95630808083066	-3.4633703231811523	363.0
18538	17.70769149398488	-18.963935710406318	-3.531810760498047	363.0
18554	17.902126421497485	-18.998842641128835	-3.321503162384033	363.0
18573	17.964991289414005	-19.134862196052996	-3.3705251216888428	363.0
18593	17.964991289414005	-19.134862196052996	-3.3705251216888428	363.0
18613	17.886680089278986	-19.03298063818351	-3.43996000289917	363.0
18630	17.886680089278986	-19.03298063818351	-3.43996000289917	363.0
18653	17.85042758697922	-18.837912225988646	-3.650681972503662	363.0
18670	17.914323768325755	-18.918140204977643	-3.4953055381774902	363.0
18689	17.80551789988835	-18.73298712393038	-3.448805570602417	363.0
18710	18.013715496896403	-18.783526698424964	-3.383608341217041	363.0
18728	18.064437742638088	-18.78287855097488	-3.613154649734497	363.0
18747	17.880466356146215	-18.64314619319056	-3.623849391937256	363.0
18768	17.82413965734881	-18.825468501644718	-3.7541284561157227	363.0
18787	17.833644138056222	-18.712649438206387	-3.607103109359741	363.0
18806	17.94936701654752	-18.956631482266555	-3.608473539352417	363.0
18827	17.998173625767304	-19.044597254960216	-3.9736905097961426	363.0
18846	17.97652024343032	-19.03815414304793	-4.118099212646484	363.0
18865	17.903762703300167	-19.014180974653737	-4.1299638748168945	363.0
18885	17.704791029317548	-18.955892438108204	-3.9960896968841553	363.0
18903	17.937106269386952	-18.923420524296837	-3.842754602432251	363.0
18923	17.867241948419863	-18.729154571944697	-3.741769790649414	363.0
18943	17.99716729418778	-18.853355507348585	-3.7987732887268066	363.0
18962	17.88153274437021	-18.695584673470965	-3.9393320083618164	363.0
18981	17.94141350836521	-18.632953803359367	-3.7568182945251465	363.0
19002	17.919511962036644	-18.808345408447412	-3.7470290660858154	363.0
19020	17.92977975512463	-18.851588401689817	-3.959151029586792	363.0
19039	18.07989738451411	-19.027171944256853	-3.9399642944335938	362.0
19059	17.908636401673952	-19.208043671713913	-4.087982177734375	362.0
19079	17.874322108456266	-19.302185166384817	-4.075160980224609	362.0
19098	17.61066118746757	-19.307549164754995	-4.145666122436523	362.0
19126	17.496449225292093	-19.344613057246978	-4.055177688598633	362.0
19137	17.49512354834271	-19.367347532525102	-3.942370653152466	362.0
19156	17.321444613806886	-19.213879804892855	-4.067845821380615	362.0
19177	17.28549314317691	-19.32134097459769	-3.9860849380493164	362.0
19196	17.152524167021756	-19.138161097020348	-4.0539960861206055	362.0
19215	17.132683112657197	-19.174937950208022	-4.069546222686768	362.0
19237	17.172874831549894	-18.99633667371905	-4.007513999938965	361.0
19254	17.179652890204622	-18.939773745272547	-3.7710065841674805	361.0
19273	17.251926484423294	-19.04566981873873	-3.8251054286956787	361.0
19294	17.345234300985517	-19.021010268888734	-3.861863136291504	361.0
19313	17.345234300985517	-19.021010268888734	-3.861863136291504	361.0
19331	17.66884299023622	-18.87372920803573	-3.729485273361206	361.0
19354	17.692253075823558	-18.744825685253236	-3.588838577270508	361.0
19370	17.562241745802424	-19.043880072085468	-3.494727611541748	361.0
19389	17.5311106523873	-18.923589258693372	-3.2919533252716064	361.0
19409	17.54674999364273	-19.054425987209648	-3.421029567718506	361.0
19429	17.580226255866616	-19.062923849865236	-3.6015892028808594	361.0
19448	17.640802132871052	-18.943450496959077	-3.511746406555176	360.0
19469	17.43400994921685	-18.947579672451354	-3.5856356620788574	360.0
19487	17.285440884191793	-19.067248390009347	-3.640662431716919	360.0
19506	17.176844289092987	-19.14737858530114	-3.5935330390930176	360.0
19527	17.344009720100967	-18.906521307818146	-3.683525562286377	360.0
19547	17.319661606819384	-18.968100893978278	-3.790778398513794	360.0
19566	17.300031639711783	-18.986137228141956	-3.802255153656006	360.0
19585	17.473479229861468	-18.914763952427894	-3.762977123260498	360.0
19604	17.457638508941	-19.04364031241172	-3.7687206268310547	360.0
19627	17.57178282132478	-18.913760715216384	-3.754260540008545	360.0
19643	17.53311719186233	-18.97072349144529	-3.653785467147827	358.0
19663	17.564198785810735	-18.880374465045524	-3.666612386703491	358.0
19682	17.512764426331103	-18.888728110974156	-3.8945605754852295	358.0
19701	17.538297581161153	-18.92186029687006	-4.075026035308838	358.0
19721	17.624400146290686	-18.77975735210363	-3.76765775680542	358.0
19740	17.536377054226154	-18.92785710481297	-3.653287649154663	358.0
19759	17.38577591993285	-18.864476528799244	-3.689574718475342	358.0
19778	17.344544732240504	-18.910347922508365	-3.6566214561462402	358.0
19798	17.39065694876576	-19.03765141181443	-3.730670213699341	358.0
19820	17.350640479004227	-19.174371542236706	-4.000679969787598	358.0
19837	17.33784153962323	-19.20976623705514	-3.873819351196289	352.0
19857	17.45130850719967	-19.12238365108157	-3.83278226852417	352.0
19876	17.501700620291544	-19.32855972698684	-3.867849588394165	352.0
19896	17.420820999591218	-19.258249009490644	-3.958282232284546	352.0
19915	17.548693696783054	-19.196286427145324	-4.109336853027344	352.0
19935	17.588030164337134	-19.124438309561373	-4.285106182098389	352.0
19954	17.597301104775415	-19.103066660810235	-4.364541053771973	352.0
19974	17.76795750029639	-19.156581156300213	-4.112811088562012	352.0
19992	17.79230264685953	-19.21199115417384	-3.7428808212280273	352.0
20012	17.79230264685953	-19.21199115417384	-3.7428808212280273	352.0
20032	17.446809833207972	-19.324101777936644	-3.7559075355529785	345.0
20053	17.399481424669222	-19.109134115938307	-4.085479259490967	345.0
20072	17.428770501648025	-18.991951953207113	-4.117194175720215	345.0
20090	17.332682607198386	-19.010673207625025	-3.995924949645996	345.0
20110	17.353993686992823	-18.910019334581136	-3.949733018875122	345.0
20128	17.35169348783261	-18.81089685249862	-3.8247275352478027	345.0
20149	17.300566322639884	-18.754088241893843	-3.7450547218322754	345.0
20168	17.41569477082438	-18.759157068913304	-3.795703411102295	345.0
20188	17.479235996676515	-18.472476550766547	-3.8240504264831543	345.0
20207	17.292266312154965	-18.55339982306439	-3.8992748260498047	345.0
20227	17.361376512356532	-18.508252410498937	-4.199305057525635	345.0
20246	17.39877572253819	-18.487107122147012	-4.113585472106934	337.0
20266	17.376934889267666	-18.688878249995508	-3.597456932067871	337.0
