4	9.72204492399687	17.595787665296747	-5.978107452392578	264.0
23	9.658985082430071	17.463011350507827	-6.088793754577637	264.0
43	9.91258995332214	17.416683823546016	-5.919306755065918	264.0
63	9.912633632803887	17.609019527331846	-5.681550025939941	264.0
82	10.081810630514664	17.487657358436273	-5.734119415283203	264.0
102	10.257492440260272	17.325192615698164	-5.647448539733887	264.0
121	10.357684000069773	17.235711506025535	-5.677068710327148	264.0
141	10.277452519746289	17.1325739447832	-5.714386940002441	264.0
161	10.381531752193684	17.086316302782876	-5.761870861053467	264.0
180	10.181248973630968	17.08476236203526	-5.685607433319092	265.0
199	10.029407249456572	16.968570277894592	-5.964078426361084	265.0
219	10.072263225920691	16.92848056942662	-6.164864540100098	265.0
239	9.855426663343774	16.9239917623378	-6.062595367431641	265.0
257	9.733203519076262	16.797847051965032	-6.035189151763916	265.0
280	10.037405399043296	16.843060437144278	-5.852644920349121	265.0
299	9.99903188240626	16.81076367368225	-6.0311994552612305	265.0
316	9.832931997079534	16.633241806844705	-6.242510795593262	265.0
336	10.138309419647245	16.51152896052201	-6.135211944580078	265.0
355	10.355351222714305	16.37875812113159	-5.9279866218566895	265.0
375	10.170151929283195	16.122118882209165	-6.1480207443237305	267.0
393	10.183747086270685	16.1262528436905	-6.506375789642334	267.0
413	10.236191530896535	16.02551754660613	-6.572859764099121	267.0
432	9.847564179021305	15.759404403600499	-6.958640098571777	267.0
453	9.763283623810898	15.664895611549179	-6.965937614440918	267.0
470	9.84689051783935	15.450369362606043	-7.095817565917969	267.0
491	9.893856049149639	15.285773555395279	-6.99585485458374	267.0
510	9.725798797875635	15.046872083895005	-6.943899154663086	267.0
529	9.69207611596094	15.13091688095266	-6.7321882247924805	267.0
550	9.584207954466743	14.897658398445083	-6.428106784820557	267.0
568	9.552210826901264	15.037731010429917	-6.313981533050537	269.0
589	9.564806018808952	14.92036229971592	-6.150634288787842	269.0
608	9.379900880031816	14.958661584388237	-6.222044944763184	269.0
627	9.379900880031816	14.958661584388237	-6.222044944763184	269.0
646	9.297246729416742	14.939531195264527	-6.125465393066406	269.0
666	8.932444010856726	14.787470898660798	-6.451477527618408	269.0
685	8.91440588168345	14.81178920179696	-6.44704532623291	269.0
704	9.059456018895933	14.620415410673003	-6.257734298706055	269.0
724	9.181252828187816	14.631599634745088	-6.230147361755371	269.0
743	8.853704494101477	14.43037729581664	-6.632051944732666	269.0
762	8.726505242475659	14.399835897432743	-6.837752819061279	271.0
784	8.482630635685485	14.181842361590661	-6.764726161956787	271.0
801	8.292081114674602	14.043367841922906	-6.786479949951172	271.0
821	8.418902048386354	14.110792111120459	-7.068968772888184	271.0
840	8.402833611308406	13.910642677681519	-7.472987651824951	271.0
860	8.237201192220146	13.65192931069182	-7.582365036010742	271.0
880	8.010528947421655	13.400375216197771	-7.63468074798584	271.0
899	8.088614512484865	13.42781561731639	-7.223356246948242	271.0
919	7.890249906336205	13.493369035490668	-7.220437526702881	271.0
938	7.9864309846661286	13.38011387224146	-7.07620906829834	271.0
958	7.9998364630858925	13.445239892768697	-7.095063209533691	271.0
977	7.536139146438207	13.219973669812017	-7.191311359405518	273.0
999	7.287626505816373	13.041832833027353	-7.10793399810791	273.0
1016	6.767189543400922	13.090278360508849	-7.366560935974121	273.0
1035	6.599202596752882	13.092626650687508	-7.53388786315918	273.0
1055	6.321551522816878	12.917909175775671	-7.664328575134277	273.0
1074	5.945263797793077	12.840423427890164	-7.623758792877197	273.0
1094	5.657640079929713	12.928973906314068	-7.684251308441162	273.0
1113	5.569966861525668	12.945272354206253	-7.524294853210449	273.0
1133	5.306533983401224	12.859426723505118	-7.493607521057129	273.0
1151	5.185585086675227	12.764015589894402	-7.811709403991699	273.0
1172	5.235630797458421	12.786187347812236	-7.794705867767334	278.0
1191	5.0131566349527175	12.901789702665983	-7.668105602264404	278.0
1209	5.091864875306263	13.042486278348349	-7.83657169342041	278.0
1229	5.1461377170356215	13.08097723477468	-7.621981620788574	278.0
1249	4.884176630247591	13.215269830488067	-7.449817180633545	278.0
1270	4.614889329915584	13.146503521952473	-7.771267890930176	278.0
1289	4.5545283710239355	13.320170524894714	-8.020894050598145	278.0
1308	4.297598570712213	13.591906988812429	-7.9116010665893555	278.0
1327	4.297598570712213	13.591906988812429	-7.9116010665893555	278.0
1348	4.4305166956345445	13.745539735657655	-7.745662212371826	278.0
1369	4.346958990819678	13.68871284860271	-7.933951377868652	285.0
1384	4.060682874614815	13.562932315743979	-7.781817436218262	285.0
1404	4.07509174905904	13.604585905991021	-7.9972381591796875	285.0
1424	4.087259852193912	13.70002192311681	-8.341458320617676	285.0
1443	3.9682722479469255	13.73034941779812	-8.362841606140137	285.0
1463	3.753910251258196	13.541464830977954	-8.277511596679688	285.0
1486	3.652606580105101	13.39460179008137	-8.43113899230957	285.0
1501	3.3176327800643453	13.334860768142704	-8.665590286254883	285.0
1521	3.082603371414581	13.457215690857785	-8.606710433959961	285.0
1541	3.1021342123227393	13.56634062761169	-8.614189147949219	285.0
1562	2.943665561695044	13.503487914688764	-8.433720588684082	294.0
1580	2.8717885450774365	13.45915118730317	-8.278413772583008	294.0
1600	2.567343562319704	13.519179427645087	-8.274394989013672	294.0
1619	2.5433896533455176	13.582387712228385	-8.404168128967285	294.0
1639	2.339484043941238	13.772587228741473	-8.50206184387207	294.0
1658	2.2172770591502275	13.764216322778427	-8.369107246398926	294.0
1678	2.379963870081852	13.688329227779393	-8.392420768737793	294.0
1697	2.2122882309416876	13.667506414380133	-8.456549644470215	294.0
1717	2.1619990575327055	13.80472036847764	-8.781463623046875	294.0
1736	2.192066615013747	13.780557102639817	-8.912729263305664	294.0
1755	2.1964257428093386	13.69486745926988	-8.819452285766602	294.0
1775	2.0675226762061825	13.782551554430313	-8.647592544555664	304.0
1794	1.9642596946644222	13.740191565384094	-8.367615699768066	304.0
1813	2.0069014876403384	13.840390072986605	-8.259840965270996	304.0
1833	1.7616553123210132	13.942230175265687	-8.39049243927002	304.0
1852	1.7615531803033437	13.995087935587105	-8.469366073608398	304.0
1872	1.849824148728428	13.949947040507295	-8.294541358947754	304.0
1892	1.6131189494016354	14.009950915112215	-8.266886711120605	304.0
1910	1.6279526545441827	13.991109688980984	-8.363999366760254	304.0
1930	1.6124947504601315	14.113715547624636	-8.520514488220215	304.0
1949	1.6624669113916994	14.12490250740119	-8.558660507202148	304.0
1975	1.60114432094104	14.266760105927753	-8.636777877807617	313.0
1987	1.5957612253907305	14.20446703709509	-8.571913719177246	313.0
2008	1.4827343291344417	14.283840497533264	-8.56265640258789	313.0
2028	1.2682355140499255	14.298330498553948	-8.674066543579102	313.0
2048	1.2682355140499255	14.298330498553948	-8.674066543579102	313.0
2067	1.3864995675172787	14.299168430115447	-8.666801452636719	313.0
2089	1.2505221620501872	14.364670862916396	-8.405533790588379	313.0
2105	1.115518987578431	14.294105147639435	-8.352078437805176	313.0
2124	0.9625910980177168	14.198421141626424	-8.470439910888672	313.0
2145	0.7413201723841243	14.027575583110316	-8.599945068359375	313.0
2163	0.6625274602187438	13.981008227120771	-8.459989547729492	321.0
2184	0.7219450951703401	14.019200461879468	-8.473138809204102	321.0
2209	0.6297618479697518	14.230756452865212	-8.174159049987793	321.0
2222	0.21889887228962374	14.197770733249044	-8.317523956298828	321.0
2242	-0.12446793555426512	14.237829644528576	-8.639806747436523	321.0
2260	-0.22633413260617793	14.187788166322552	-8.676361083984375	321.0
2282	-0.3366827945415971	14.23044821012275	-8.746538162231445	321.0
2300	-0.4630705098596366	14.452984295534439	-8.688591003417969	321.0
2321	-0.773160251371975	14.645680581822472	-8.66091537475586	321.0
2339	-1.0621002170624405	14.675529156527553	-8.49699878692627	321.0
2359	-1.1017797495846537	14.706947299699644	-8.685462951660156	321.0
2377	-0.9675867880287007	14.511102862320513	-8.562171936035156	327.0
2397	-0.7375927975097469	14.504051875657238	-8.665255546569824	327.0
2417	-0.7736160509256121	14.70999491855396	-8.709222793579102	327.0
2439	-1.1416306646155994	14.802776395236226	-8.507271766662598	327.0
2455	-1.2523265286256944	14.594162611193157	-8.629708290100098	327.0
2475	-1.356679760870365	14.571710170077642	-8.81457805633545	327.0
2494	-1.419526433579769	14.475490972824616	-9.024162292480469	327.0
2513	-1.5728276621841915	14.453500207689043	-9.047486305236816	327.0
2533	-1.644151242880705	14.66786183185766	-8.91375732421875	327.0
2554	-1.8337269535337364	14.808017970776067	-8.562516212463379	327.0
2573	-1.8294928135132562	14.759858638053265	-8.768919944763184	330.0
2591	-1.7635995148661663	14.906723292002534	-8.909880638122559	330.0
2612	-1.83386706447191	14.990567462216449	-8.922098159790039	330.0
2630	-1.9196488897785602	15.058246340302151	-8.966462135314941	330.0
2650	-2.1128034749380906	15.170450130253093	-8.932658195495605	330.0
2669	-2.27809063117206	15.120688220731692	-9.047435760498047	330.0
2691	-2.566023937574804	15.127885084635208	-9.066038131713867	330.0
2709	-2.599091907274232	15.195532736948456	-9.336065292358398	330.0
2730	-2.9623926018010924	15.393414550599001	-9.25093936920166	330.0
2748	-2.9623926018010924	15.393414550599001	-9.25093936920166	330.0
2768	-3.105291289360821	15.427618145943352	-9.022928237915039	331.0
2788	-3.105291289360821	15.427618145943352	-9.022928237915039	331.0
2806	-3.1674246635966035	15.479855584639665	-8.962566375732422	331.0
2827	-3.0894978710391654	15.475957600046218	-8.886383056640625	331.0
2845	-3.1349094563904174	15.616025679212218	-8.66734504699707	331.0
2863	-3.110006321947199	15.676572623653467	-8.770630836486816	331.0
2883	-3.250937735850988	15.63383203034341	-8.598087310791016	331.0
2902	-3.156151153400239	15.675282984931249	-8.417129516601562	331.0
2921	-3.2961150818592007	15.638859703036932	-8.442166328430176	331.0
2941	-3.2828231212143777	15.856005779167086	-8.586204528808594	331.0
2963	-3.2356941544134696	15.964954911349603	-8.662949562072754	332.0
2980	-3.1778659441617534	15.90675754347483	-8.712297439575195	332.0
3001	-3.2119515560021346	15.91931356141568	-8.648122787475586	332.0
3020	-3.0966816439384246	15.921643356287097	-8.646932601928711	332.0
3039	-3.27307866788607	16.099977202136575	-8.781448364257812	332.0
3058	-3.348830468650223	16.05874712063701	-8.96147346496582	332.0
3078	-3.277992822886269	16.17121719553209	-8.865798950195312	332.0
3098	-3.2976223967665605	16.23396849539844	-8.701451301574707	332.0
3116	-3.441770238260602	16.14839623076345	-8.690914154052734	332.0
3136	-3.6324120556101303	16.329810605452614	-8.693693161010742	332.0
3155	-3.5329944369001085	16.43655500276673	-8.930109024047852	332.0
3175	-3.8685319726276446	16.6130264988842	-8.83034610748291	334.0
3194	-3.9117208325440216	16.648471429107243	-8.735538482666016	334.0
3214	-3.975716219203262	16.938646826911224	-8.67126750946045	334.0
3233	-4.041019488771051	16.758944761376767	-8.876018524169922	334.0
3253	-4.017413372004239	16.91294596149674	-8.820352554321289	334.0
3274	-4.012065695087091	16.978485055962604	-8.737777709960938	334.0
3296	-4.056479828463837	17.08847051498492	-8.7515869140625	334.0
3310	-4.200613296815767	17.116566020637773	-8.601778030395508	334.0
3330	-4.084804021836096	17.236192731449904	-8.6237211227417	334.0
3349	-4.0163968164110795	17.31651722588373	-8.730573654174805	334.0
3369	-3.9841121854928083	17.118804450429884	-8.693135261535645	336.0
3389	-4.026300622531829	17.270066224374826	-8.515580177307129	336.0
3411	-3.8796264846714394	17.408206144422966	-8.30835247039795	336.0
3429	-3.8505974821802997	17.68358756412253	-8.141777038574219	336.0
3448	-3.8505974821802997	17.68358756412253	-8.141777038574219	336.0
3467	-3.6852525735413004	17.4687714193589	-8.656949996948242	336.0
3487	-3.575140655268087	17.237450894314268	-9.274324417114258	336.0
3506	-3.628506579319848	16.952459691709187	-9.671745300292969	336.0
3530	-3.304374364512761	17.07464222063842	-9.596278190612793	336.0
3545	-3.141400047358691	17.32798193472332	-9.283222198486328	336.0
3563	-3.1572703797528314	17.6526489807333	-8.872718811035156	338.0
3584	-3.2684795488611993	17.779329695312704	-8.553459167480469	338.0
3602	-3.4867927337287883	17.980558269845464	-8.26253890991211	338.0
3623	-3.7539857104900642	18.166196712416333	-7.975053787231445	338.0
3644	-4.028823678827077	18.002419301208032	-7.94303035736084	338.0
3661	-4.152050233031811	17.941612894061077	-8.273707389831543	338.0
3681	-4.194592813013647	17.529685058335293	-8.852867126464844	338.0
3701	-4.181536553231118	17.091719498168832	-9.552267074584961	338.0
3719	-4.092527498948296	16.994799448983002	-9.847721099853516	338.0
3739	-4.0372685313996834	17.14648027835573	-9.712774276733398	338.0
3760	-3.6451744089860054	17.444352401326412	-9.200103759765625	338.0
3778	-3.6695925016254995	17.68275049455418	-8.688498497009277	340.0
3798	-3.7185825299016373	18.00975878493012	-8.387581825256348	340.0
3818	-3.622820455992193	17.900415270879122	-8.497671127319336	340.0
3836	-3.678764406649674	17.834610503712433	-8.824707984924316	340.0
3856	-3.7156557159926193	17.84462699096703	-9.032206535339355	340.0
3875	-3.621030199634171	17.600052950711472	-9.412271499633789	340.0
3894	-3.705155885536434	17.472696408111954	-9.689902305603027	340.0
3914	-3.9268221896787616	17.439272899912424	-9.605459213256836	340.0
3933	-3.935957663329462	17.521969060259316	-9.240155220031738	340.0
----------------출발----------------
3952	-3.738152397416906	17.735398275326272	-8.930031776428223	340.0
3972	-3.9979459636936454	17.922776502589116	-8.762020111083984	341.0
3991	-3.965559605408587	17.816471813722526	-8.70589542388916	341.0
4011	-4.03336721481955	17.735666418402147	-8.968703269958496	341.0
4030	-4.056497006264013	17.747573857739162	-9.316459655761719	341.0
4050	-3.9595829968116028	17.676812896856184	-9.682525634765625	341.0
4068	-3.714061430440761	17.72913520727748	-9.5987548828125	341.0
4088	-3.5021462744539367	17.895427404071366	-9.612427711486816	341.0
4108	-3.6467965553364188	17.87348474445644	-9.519498825073242	341.0
4128	-3.6467965553364188	17.87348474445644	-9.519498825073242	341.0
4148	-3.474507221840194	18.217491548761934	-8.96519660949707	341.0
4167	-3.673521927248787	18.28501493075967	-8.95112419128418	343.0
4188	-3.673521927248787	18.28501493075967	-8.95112419128418	343.0
4206	-3.7810175366908587	18.011959247451692	-9.278965950012207	343.0
4225	-3.677894935642909	17.972716458108344	-9.117135047912598	343.0
4244	-3.8564022370194464	17.96102703949699	-9.18276309967041	343.0
4264	-3.9155427720326537	17.98398558428361	-9.156505584716797	343.0
4283	-3.653248929611741	17.99211185328708	-9.261493682861328	343.0
4303	-3.391111360048505	18.089467640407694	-9.330617904663086	343.0
4322	-3.5315926036229404	18.16228959248733	-9.389921188354492	343.0
4342	-3.347506131954339	18.13112711688517	-9.371539115905762	343.0
4361	-3.578503268521693	18.0921260409212	-9.244684219360352	343.0
4381	-3.630677943167124	17.866219776818834	-9.360408782958984	345.0
4401	-3.6022695478809568	17.864911582711386	-9.254158020019531	345.0
4420	-3.7815148490103114	17.781238796499057	-8.97359561920166	345.0
4439	-4.066075606130869	17.652727588647874	-9.041946411132812	345.0
4459	-4.193277294533406	17.571531094597386	-9.039844512939453	345.0
4478	-4.270731833844179	17.477178067505285	-9.19569206237793	345.0
4498	-4.19677240618149	17.54506911115861	-8.977067947387695	345.0
4517	-4.197267178264932	17.51125023685519	-8.829890251159668	345.0
4536	-4.2290119087071325	17.58961879210625	-8.968860626220703	345.0
4555	-4.155133886300642	17.52883634277835	-9.098681449890137	345.0
4575	-4.030695295298751	17.71046647299554	-9.257293701171875	346.0
4594	-4.001493856703014	17.6132820476507	-9.159897804260254	346.0
4615	-3.8886786766673613	17.59962529558954	-9.475603103637695	346.0
4634	-3.75929495885407	17.542429988506584	-9.197105407714844	346.0
4653	-3.563455109767989	17.643774215481553	-9.529191970825195	346.0
4671	-3.5845008319392426	17.63725536982834	-9.939349174499512	346.0
4692	-3.7183486406538844	17.64664819558112	-9.908761024475098	346.0
4712	-3.9073066031092774	17.691306380213607	-9.89543628692627	346.0
4732	-3.950331651865975	17.695720612691524	-9.695762634277344	346.0
4750	-4.712150338813871	18.02572321124301	-9.292892456054688	346.0
4769	-5.165435787339842	17.7413933681557	-9.170889854431152	347.0
4789	-5.062692930307549	17.517205119628276	-9.648943901062012	347.0
4809	-5.2065832491643596	17.353526015185263	-9.8902587890625	347.0
4827	-5.167105268876314	17.221217964560612	-10.21280288696289	347.0
4849	-5.036942957557983	16.95936023516824	-10.606294631958008	347.0
4868	-5.075336269723639	16.911901148648553	-10.68474292755127	347.0
4887	-5.075336269723639	16.911901148648553	-10.68474292755127	347.0
4906	-5.182976332341211	16.781657324868473	-10.729363441467285	347.0
4925	-5.079168279846591	16.652207120855017	-10.930129051208496	347.0
4945	-5.0648702892285264	16.72850955920035	-11.018743515014648	347.0
4965	-5.2642073477260105	16.62285656304837	-11.172451972961426	347.0
4983	-5.559130078789076	16.460841708856943	-11.29685115814209	347.0
5003	-5.588875395174155	16.6046670430038	-11.083857536315918	347.0
5022	-5.863334244877126	16.780566254395215	-10.79852294921875	347.0
5042	-6.424128177118947	16.857310097957697	-10.106542587280273	347.0
5063	-6.8354509819125076	16.75481537213945	-10.189250946044922	347.0
5082	-6.5497484820661676	16.54382064088679	-10.532825469970703	347.0
5101	-5.997059632469842	16.52823961013948	-11.022215843200684	347.0
5121	-5.444483102534799	16.63763354506003	-11.3532133102417	347.0
5139	-5.417196287521239	16.581335861262282	-11.297966003417969	347.0
5160	-5.681878483970669	16.23286574161355	-11.304381370544434	347.0
5179	-5.758648148213434	16.23343176372809	-11.270515441894531	347.0
5198	-6.0559974697957655	16.406467173666503	-11.22335147857666	347.0
5219	-6.320087195516643	16.300600224147153	-11.299344062805176	347.0
5236	-6.359656175040013	16.124793783792768	-11.613134384155273	347.0
5256	-6.171987652142385	15.885172452607204	-11.999471664428711	347.0
5276	-6.186679820371878	15.999992083720501	-11.915958404541016	347.0
5296	-6.206517317520857	16.12333629433801	-12.045997619628906	347.0
5314	-6.056333474135405	15.968387690575105	-12.40771484375	347.0
5333	-6.132527549149402	15.539608759387662	-12.63355827331543	347.0
5354	-6.201947975591497	15.407370740524842	-12.822938919067383	347.0
5373	-6.319628137540146	15.44856973593564	-12.736181259155273	347.0
5391	-6.5897632443732705	15.269218281535489	-12.913275718688965	347.0
5411	-6.619862375001066	15.0555195292543	-12.985791206359863	347.0
5430	-6.467864504501927	14.945345042129691	-13.129929542541504	347.0
5452	-6.204709332250278	14.722414349825318	-13.04305648803711	347.0
5470	-6.2144159291201415	14.739908962570393	-12.844962120056152	347.0
5489	-6.375384582790568	14.726332174458395	-12.88576889038086	347.0
5508	-6.394871266281378	14.390216943958363	-12.792495727539062	347.0
5527	-6.699504030978928	13.94755682464666	-13.020313262939453	347.0
5551	-6.692319963772372	13.733376525336663	-13.045111656188965	347.0
5568	-7.179436229216671	13.550269797044272	-12.947159767150879	349.0
5588	-7.179436229216671	13.550269797044272	-12.947159767150879	349.0
5609	-7.1104784255281706	13.229915039528022	-12.915419578552246	349.0
5625	-7.272921988886524	13.224475917967608	-12.920090675354004	349.0
5645	-7.303035121373425	13.273921215045297	-12.723846435546875	349.0
5664	-7.435776765179452	13.142734097100895	-12.676630973815918	349.0
5685	-7.590698956903329	12.991393231641156	-12.787678718566895	349.0
5705	-7.695790045845778	12.748297161772635	-13.191193580627441	349.0
5722	-7.700602142058972	12.521167968867188	-13.184562683105469	349.0
5742	-7.700532301072394	12.308772377943477	-13.081947326660156	349.0
5762	-7.832112864652787	12.060809243141188	-13.00485897064209	352.0
5781	-7.933834472612713	11.824200712933553	-12.903824806213379	352.0
5804	-8.295635499314029	11.707769052396118	-12.92228889465332	352.0
5820	-8.213388671285601	11.736625894244108	-12.779662132263184	352.0
5840	-8.531674313583284	11.633595966776792	-12.59240436553955	352.0
5860	-8.455788452272866	11.587064154631696	-12.058100700378418	352.0
5878	-8.561996650656127	11.359979539561703	-11.840742111206055	352.0
5897	-8.686989284135135	11.310676472120475	-11.638415336608887	352.0
5921	-8.858718347013209	11.18351734153627	-11.736783981323242	352.0
5937	-8.750593750733309	11.293168341535596	-11.66264533996582	352.0
5957	-8.834656825458753	11.304897429839139	-11.576083183288574	352.0
5976	-8.946216722049785	11.310901838919616	-10.987585067749023	354.0
5996	-8.924384196626372	11.24733838540525	-10.89396858215332	354.0
6017	-9.237745773038448	10.929530594956583	-10.802565574645996	354.0
6035	-9.354985939905792	10.777776473273464	-10.64622688293457	354.0
6055	-9.454684508462607	10.682820342511569	-10.528214454650879	354.0
6073	-9.650633447402793	11.047418841328101	-10.07183837890625	354.0
6092	-9.706101038735738	11.19252812275792	-9.660640716552734	354.0
6111	-9.629327387189875	11.171435142490449	-9.654385566711426	354.0
6132	-9.930177139069068	10.894608006971973	-9.731261253356934	354.0
6151	-10.2207395211313	10.952080988792964	-9.259591102600098	354.0
6171	-10.221650162560891	11.35014528373077	-8.918746948242188	354.0
6189	-10.335114898486523	11.586471781070243	-9.090705871582031	354.0
6209	-10.287057611158895	11.472702163411789	-9.443931579589844	354.0
6228	-10.3008965691383	11.034903716003223	-9.839248657226562	354.0
6249	-10.298158594594753	10.923267648025714	-9.834708213806152	354.0
6274	-10.672635796635797	10.788189123872028	-9.764888763427734	354.0
6289	-10.983016498531006	10.772706507007998	-9.872920989990234	354.0
6307	-10.983016498531006	10.772706507007998	-9.872920989990234	354.0
6326	-10.526383988195809	10.775343003484311	-10.460104942321777	354.0
6346	-10.412151799926336	10.787145216636974	-10.722590446472168	354.0
6364	-10.06158844740198	10.694206389056733	-11.043214797973633	355.0
6384	-9.838318946362524	10.603174354959508	-11.337627410888672	355.0
6404	-9.9119098217905	10.614391263536728	-11.1357421875	355.0
6423	-10.192621539140482	10.535613701936592	-11.251800537109375	355.0
6443	-9.933859802866756	10.552198404644038	-11.26794147491455	355.0
6461	-10.134902907516938	10.458283686184684	-11.088043212890625	355.0
6482	-10.212269800430033	10.5724817684841	-10.981950759887695	355.0
6500	-10.02391909293887	10.646691339862958	-11.019685745239258	355.0
6521	-10.099431582144316	10.684613406273119	-10.943183898925781	355.0
6541	-10.109811462461774	10.699628145846745	-10.94040298461914	355.0
6560	-10.044235478270265	10.511906037907487	-11.086752891540527	355.0
6579	-10.166194452608892	10.397378109563457	-10.819130897521973	355.0
6599	-10.27276231914712	10.473442697112956	-10.877168655395508	355.0
6621	-10.177774086908364	10.363214610687587	-10.99601936340332	355.0
6641	-10.16393851065045	10.322611898409187	-11.007356643676758	355.0
6656	-10.340603444806373	10.082377764254534	-11.06651782989502	355.0
6677	-10.193613820161955	10.120069426816999	-11.282243728637695	355.0
6697	-10.499848881874104	10.08812088422307	-11.098408699035645	355.0
6715	-11.144708512539038	10.362590544336664	-10.737359046936035	355.0
6734	-11.423492126963978	10.652556459141167	-10.595823287963867	355.0
6754	-11.490796708004524	10.73175422591991	-10.413477897644043	355.0
6773	-11.624506495538226	11.01255984570769	-10.278276443481445	351.0
6792	-11.394573891360762	11.006966230287356	-10.709256172180176	351.0
6812	-10.666145449924185	11.348048737566243	-11.620805740356445	351.0
6830	-10.569072046695107	11.525579807957666	-11.60081958770752	351.0
6851	-10.977942659747507	11.893844162661635	-11.348894119262695	351.0
6870	-10.916740054127642	12.077383065384	-11.43398380279541	351.0
6890	-10.469645866162088	12.527835459767429	-11.710041046142578	351.0
6909	-10.324901434892363	13.089424831480743	-11.75267219543457	351.0
6929	-10.194924548164268	13.575208897414845	-11.825236320495605	351.0
6949	-10.012492565709938	13.905682992615132	-11.88017749786377	351.0
6970	-9.916969351776958	14.156693648247824	-11.760103225708008	351.0
6993	-11.637747878539894	14.576459136769081	-9.849559783935547	351.0
7007	-11.184211859961774	14.552980584698583	-10.053855895996094	351.0
7027	-11.184211859961774	14.552980584698583	-10.053855895996094	351.0
7046	-11.63137729619042	14.91032011485894	-9.155436515808105	351.0
7065	-11.406573899955129	14.986143539448308	-9.318552017211914	351.0
7084	-9.609966149350672	15.624541474212803	-10.151073455810547	351.0
7107	-7.695755296741612	16.151466419442375	-10.561014175415039	351.0
7125	-6.710993954115397	16.654749128264655	-10.571968078613281	351.0
7143	-6.61245769668903	16.562676468482053	-10.725042343139648	351.0
7162	-6.039051044934993	16.612909668984056	-11.22480297088623	347.0
7181	-4.823411588405239	17.00586822862982	-11.926715850830078	347.0
7201	-3.5325031526983826	16.82537376439362	-12.370049476623535	347.0
7222	-2.1084504452985056	16.827288092757552	-12.610427856445312	347.0
7241	-0.6455714514415017	17.221305388497683	-12.255248069763184	347.0
7261	0.7901500408494742	17.777891484146814	-11.595520973205566	347.0
7280	1.6640133767637255	17.93649674061541	-10.842904090881348	347.0
7299	2.41133664154456	17.69976925515887	-10.52286148071289	347.0
7318	3.2847861044652515	17.169869434259148	-10.687440872192383	347.0
7341	4.358089972475485	16.22565892874319	-10.290969848632812	347.0
7359	5.407195332491787	15.791328114560924	-9.847232818603516	347.0
7376	6.436535673569002	15.172365525847558	-8.970565795898438	340.0
7397	6.979725138641824	14.448062594467242	-8.349996566772461	340.0
7416	7.217678324206192	13.48462077175278	-8.578622817993164	340.0
7435	7.404563882762599	12.540470495408782	-9.0158052444458	340.0
7457	8.024212463528993	11.760568861985359	-8.733477592468262	340.0
7473	8.789978481670172	11.157556587780089	-7.986592769622803	340.0
7493	9.160205309829967	10.773450331442632	-7.643809795379639	340.0
7512	9.134533541989185	10.280523001916958	-8.484400749206543	340.0
7532	8.555410923000865	9.572242517670023	-9.796036720275879	340.0
7550	8.671505448080273	9.188728322088242	-10.034627914428711	340.0
7571	9.28804511656658	9.383906733703062	-9.430968284606934	329.0
7590	10.09186715809926	9.799854148271898	-8.48604965209961	329.0
7611	10.08239770032913	10.156800291867903	-8.67013168334961	329.0
7630	9.22424329006087	9.997929619815109	-10.061538696289062	329.0
7648	8.453625622298057	9.959736400968739	-11.183112144470215	329.0
7669	7.756450754281603	10.082756199892883	-11.346452713012695	329.0
7688	6.856216487734054	10.552539266839377	-11.6871337890625	329.0
7707	6.856216487734054	10.552539266839377	-11.6871337890625	329.0
7727	6.3584462246381	10.895113636472308	-11.970081329345703	329.0
7747	5.635955378691	11.020674206985172	-11.899950981140137	329.0
7765	4.929685093706299	11.171740598703773	-11.681553840637207	320.0
7786	3.990995401657329	11.42454408618652	-11.552497863769531	320.0
7805	3.163813212650435	11.557544705871889	-11.479612350463867	320.0
7828	2.4391210452094128	11.271506750898368	-11.352622032165527	320.0
7845	1.666517246323975	11.096194707900441	-11.379157066345215	320.0
7862	1.0330695538610115	10.663645775382621	-11.57509994506836	320.0
7882	0.5751454209190099	10.16922523880974	-11.649292945861816	320.0
7902	0.29932258529429084	9.521000746842253	-11.848974227905273	320.0
7925	-0.34349021043993155	8.914462444778854	-12.261356353759766	320.0
7944	-0.5214505680600751	8.727623388669636	-12.259551048278809	320.0
7961	-0.5779081823260929	8.732922122078959	-11.983677864074707	320.0
7980	-1.5169428116906305	8.369718505310892	-12.334437370300293	312.0
7998	-1.860273613651084	7.77246061310268	-12.638075828552246	312.0
8019	-2.0476828928549318	7.035772742772423	-12.480478286743164	312.0
8038	-2.0063192865737767	6.511096714158989	-12.821735382080078	312.0
8058	-2.269397444652546	6.1052077296679395	-13.374444007873535	312.0
8080	-2.778758835903833	5.91024464508016	-13.401626586914062	312.0
8097	-3.4384486110895893	5.557471837586502	-13.335235595703125	312.0
8115	-3.458309228397771	5.249907742372241	-13.58686351776123	312.0
8135	-2.8057039048221983	5.052305532105521	-13.689400672912598	312.0
8154	-3.0124549108968095	4.750926172370166	-13.82044506072998	312.0
8173	-3.428969498616174	4.962207545991137	-14.14733600616455	310.0
8194	-4.552553072171483	5.447871344118982	-13.702937126159668	310.0
8213	-4.188147448404877	4.529839614185328	-14.122353553771973	310.0
8231	-4.379945145832562	4.116986241927535	-14.380128860473633	310.0
8252	-3.701338652021016	3.817490785473538	-14.87673568725586	310.0
8271	-2.2111902762527254	0.2482807955067799	-15.91240119934082	310.0
8292	-2.4553049393329935	-1.3774440627151143	-16.111413955688477	310.0
8312	-2.7232075294218556	-1.1936822024579716	-16.467859268188477	310.0
8329	-2.8040569893985983	-1.0004832950469396	-16.681638717651367	310.0
8348	-2.941650478480025	-1.382879504523131	-17.14545249938965	310.0
8368	-1.9702253884927574	-2.3996986377232723	-17.32148551940918	310.0
8390	-0.5627426924793606	-3.921699235849864	-17.30653953552246	310.0
8407	-0.5627426924793606	-3.921699235849864	-17.30653953552246	310.0
8427	-0.8124602457902659	-4.885588236861232	-17.112686157226562	310.0
8446	-1.1961670480378153	-5.830434596377427	-16.87643051147461	310.0
8466	-0.76144571491331	-6.484156157146133	-16.81527328491211	310.0
8485	-0.3306650159043517	-6.626570292258017	-16.54612159729004	310.0
8504	-0.8003205906301127	-6.724566725363773	-16.213123321533203	310.0
8524	-1.1847220549447994	-6.925812081141619	-15.818663597106934	310.0
8544	-1.4987210808898423	-7.267676830855318	-15.726454734802246	310.0
8562	-1.5775881338565094	-7.724260435719695	-15.767182350158691	310.0
8582	-2.3180903813794775	-8.292073311778479	-15.766615867614746	310.0
8602	-3.1613122434408893	-8.390627664868479	-15.594032287597656	310.0
8622	-3.958109599844465	-8.54648624315937	-15.550274848937988	310.0
8640	-4.111300368220313	-8.664055594000876	-15.970492362976074	310.0
8660	-4.641892267299926	-8.979833697230916	-16.37230110168457	310.0
8680	-5.4051585945499125	-9.323268115267757	-16.33290672302246	310.0
8701	-5.926236254057942	-10.173930251276643	-16.311704635620117	310.0
8719	-6.518395149111796	-11.297899872001153	-15.906168937683105	310.0
8738	-6.820952748325904	-12.171271935932353	-15.582136154174805	310.0
8757	-6.96526862947621	-13.059221048499895	-15.649772644042969	310.0
8779	-6.891143505628517	-13.484709105519178	-15.939619064331055	313.0
8796	-7.391232505633506	-14.007991384407525	-15.966341972351074	313.0
8816	-8.007830614686638	-14.20311546533175	-15.931934356689453	313.0
8835	-8.751237646496515	-14.875368655986488	-15.749472618103027	313.0
8855	-9.278531508122676	-15.744540220549114	-15.108702659606934	313.0
8874	-9.684587507332495	-16.30103365703704	-15.009136199951172	313.0
8893	-9.982013701701478	-16.898684374998357	-15.1450777053833	313.0
8912	-10.34612472630848	-17.592650713763597	-14.965293884277344	313.0
8932	-10.853034398769777	-18.261836912129567	-14.72069263458252	313.0
8951	-11.58705600884336	-18.925242673685066	-14.77323055267334	313.0
8971	-11.929605809127896	-19.76309227128681	-14.742688179016113	318.0
8990	-11.766462944333274	-20.291008150841492	-14.668980598449707	318.0
9010	-11.909374262087853	-20.771082320212436	-14.758362770080566	318.0
9032	-11.901928908612792	-21.40136713989698	-14.972709655761719	318.0
9049	-12.252603152848843	-22.151539496417204	-14.733859062194824	318.0
9067	-12.271114652835724	-22.521405841320203	-14.720836639404297	318.0
9088	-11.456827483220255	-22.448461817792413	-15.840985298156738	318.0
9109	-11.078453640556596	-22.405288689892696	-16.003311157226562	318.0
9132	-10.833031059663316	-22.6180066691849	-16.033565521240234	318.0
9147	-10.833031059663316	-22.6180066691849	-16.033565521240234	318.0
9166	-11.479246185208474	-22.77238219805089	-16.360063552856445	323.0
9185	-11.142003706712032	-22.963354969245536	-16.7744140625	323.0
9205	-10.525018013197679	-22.916201268373964	-17.17797088623047	323.0
9224	-10.074026774286692	-22.937870396641237	-17.193391799926758	323.0
9244	-9.980377461690919	-23.415184432731817	-17.011842727661133	323.0
9262	-9.788570840140803	-23.81959074316875	-17.054275512695312	323.0
9282	-9.602919566597722	-23.99509758344644	-17.313095092773438	323.0
9302	-9.365617225211867	-24.104888992955743	-17.536815643310547	323.0
9322	-9.349548670726008	-24.178045391895765	-17.419038772583008	323.0
9341	-9.136108781369298	-24.190532287147693	-17.571243286132812	323.0
9363	-8.897392717429504	-24.326411454961498	-17.558149337768555	323.0
9380	-8.75164251575937	-24.3982285301211	-18.041915893554688	328.0
9399	-8.399262731348678	-24.344270299328407	-18.668031692504883	328.0
9419	-7.788045046804429	-24.379027807699877	-18.752338409423828	328.0
9439	-7.644996238441312	-24.56823792550501	-18.886348724365234	328.0
9458	-7.9032794560721396	-24.699411544668806	-18.483884811401367	328.0
9477	-8.198966764718312	-25.3254119598915	-17.74559783935547	328.0
9499	-8.266250531719807	-25.6814588866236	-17.72024154663086	328.0
9515	-8.258098853977309	-25.76315195232293	-18.14568328857422	328.0
9536	-8.359687066670384	-25.55330515738006	-18.5660400390625	328.0
9556	-8.704467275603164	-25.256509492057592	-18.8798828125	328.0
9574	-8.768932362531077	-25.156042233171828	-19.338153839111328	336.0
9594	-8.208620969461242	-25.469505655732938	-19.027347564697266	336.0
9615	-7.961747805274197	-26.239812026902797	-18.692646026611328	336.0
9632	-7.932635686468159	-26.54082679544875	-18.417085647583008	336.0
9652	-8.382455113867639	-26.6147164985663	-18.058740615844727	336.0
9671	-8.516255336704232	-26.436075183903824	-18.068634033203125	336.0
9691	-8.476049745110164	-26.220935383114302	-18.654178619384766	336.0
9710	-8.185116172603504	-25.739340472965214	-19.155380249023438	336.0
9730	-7.877210200535415	-25.344390773285138	-19.50569725036621	336.0
9752	-7.514475823605241	-25.121732287118178	-20.02277183532715	336.0
9770	-7.214871920472606	-24.79519404991433	-20.435773849487305	342.0
9787	-7.447660203103306	-24.57020460378912	-20.41889762878418	342.0
9809	-7.649234578054275	-24.425213243140657	-20.085464477539062	342.0
9829	-7.901487043132349	-24.686017458028136	-19.63943862915039	342.0
9849	-7.750286044431355	-24.725389725400063	-18.911767959594727	342.0
9867	-7.750286044431355	-24.725389725400063	-18.911767959594727	342.0
9886	-7.078400652835191	-24.897156073041184	-18.87642478942871	342.0
9904	-6.5342455626214875	-24.49309981984747	-19.427114486694336	342.0
9924	-6.582936353584818	-24.120920123810038	-19.839881896972656	342.0
9943	-6.928504110711812	-24.04903768783222	-19.69851303100586	342.0
9965	-8.024380243883433	-24.37743366856899	-18.7244930267334	343.0
9982	-9.140671810913023	-24.622978530337896	-18.068174362182617	343.0
10002	-9.18132840875159	-24.215425898564853	-18.388776779174805	343.0
10021	-8.46924680485303	-23.759417068673127	-19.506467819213867	343.0
10041	-8.039476751197748	-23.397586215724207	-19.969745635986328	343.0
10060	-8.284258211276692	-23.324697435143353	-20.00531005859375	343.0
10084	-9.05751669938151	-23.684760200810754	-18.937612533569336	343.0
10099	-9.758175376959283	-24.064364893540482	-18.08620834350586	343.0
10121	-9.893255243241876	-23.873683030548236	-18.05670166015625	343.0
10139	-10.063111815091446	-23.416329773344433	-18.153057098388672	343.0
10158	-10.306021975774046	-23.070365406780557	-18.50972557067871	343.0
10178	-10.597680857443821	-22.729398036964735	-18.668161392211914	343.0
10198	-10.702168620260046	-22.705335141310975	-18.81777000427246	343.0
10220	-10.615668116773808	-22.906523835942462	-18.849716186523438	343.0
10236	-10.552876068237858	-22.99557425670942	-18.98337173461914	343.0
10257	-10.734827236012242	-22.73745136355382	-18.929990768432617	343.0
10274	-10.820979054644615	-22.693488571819962	-19.27120590209961	343.0
10294	-10.806694063110895	-23.053670062952456	-19.312946319580078	343.0
10316	-10.655687365140928	-23.42481183527335	-18.975357055664062	343.0
10334	-10.192972339667326	-23.77512948138778	-18.951236724853516	343.0
10354	-10.230554407926753	-23.916377718023533	-18.82516098022461	343.0
10371	-10.757046932878213	-24.02183009291001	-18.5217227935791	343.0
10390	-10.85384953552005	-24.0533327467752	-18.511781692504883	343.0
10410	-10.639240194267657	-24.209781171575948	-18.97258186340332	343.0
10429	-10.656804665001983	-24.15586395196932	-19.111019134521484	343.0
10450	-11.512436876378517	-24.46494745762955	-18.660404205322266	343.0
10472	-11.63678675128202	-24.881658695107625	-18.347393035888672	343.0
10488	-10.393394942617471	-25.29451740508658	-18.684192657470703	343.0
10509	-10.051556143585854	-25.30837554275371	-19.146663665771484	343.0
10529	-10.758683562405006	-25.181471531471043	-18.8194580078125	343.0
10547	-10.758683562405006	-25.181471531471043	-18.8194580078125	343.0
10567	-11.510006715554725	-25.29886189782221	-18.182964324951172	343.0
10587	-11.857688481675325	-25.44113767503097	-17.67090606689453	343.0
10604	-11.01675155361473	-25.890949071993035	-17.546894073486328	343.0
10624	-9.734597216850293	-25.979715933609466	-17.539560317993164	343.0
10644	-9.30246627761726	-26.048889662904124	-17.442031860351562	343.0
10663	-9.638384915645174	-25.896286886024736	-17.23508644104004	343.0
10683	-9.424090501202967	-25.832065323469198	-17.058210372924805	343.0
10704	-8.655992759389026	-26.033637232703864	-17.256126403808594	343.0
10721	-7.971650036348468	-25.917442802322842	-17.127159118652344	343.0
10741	-7.759012440648431	-26.01240981945664	-16.457233428955078	343.0
10761	-8.350436374662511	-25.667790156606845	-16.056371688842773	341.0
10780	-8.78949442172604	-25.407689846718426	-16.017595291137695	341.0
10800	-8.646408698131582	-25.222619843616457	-16.133865356445312	341.0
10819	-8.070741970134886	-24.982780493390095	-16.13857078552246	341.0
10839	-7.525709398959961	-24.625438022729078	-16.243677139282227	341.0
10857	-7.076329462051407	-24.146663199559317	-16.00063705444336	341.0
10878	-7.613499217176191	-24.0907762515781	-15.664506912231445	341.0
10897	-8.071953409471623	-24.036721596341668	-15.272712707519531	341.0
10922	-7.771265165980197	-23.90008899448547	-15.083985328674316	341.0
10938	-7.0751678008030705	-23.63282023976007	-14.920435905456543	341.0
10954	-6.3707620876570195	-23.11747835623194	-14.584293365478516	341.0
10975	-6.378638617087984	-22.84977848430391	-14.772555351257324	340.0
10995	-6.67478159651606	-22.47221105247955	-14.72504711151123	340.0
11013	-6.679051792648667	-22.09471698202149	-14.836006164550781	340.0
11033	-6.812655023237589	-21.75299009335552	-14.50462532043457	340.0
11053	-6.704743733987179	-21.30134847408368	-14.253868103027344	340.0
11072	-6.566143757944933	-21.000445897642052	-14.230392456054688	340.0
11092	-6.5839364812857335	-20.533178829464433	-14.292387008666992	340.0
11110	-6.511576796963343	-20.326142702299855	-14.437970161437988	340.0
11130	-6.226680622664343	-20.035705013745215	-14.166102409362793	340.0
11149	-5.421720156250451	-19.699037153079612	-14.247522354125977	340.0
11169	-5.1852397109723185	-19.61156199733864	-14.214280128479004	339.0
11188	-5.428216047031172	-19.323817543215682	-13.912466049194336	339.0
11210	-5.930793848814792	-19.09950367988144	-13.405343055725098	339.0
11228	-5.952405422728101	-18.66863002066174	-13.35122299194336	339.0
11248	-5.845494422043397	-18.224336348805203	-13.415735244750977	339.0
11267	-5.845494422043397	-18.224336348805203	-13.415735244750977	339.0
11287	-5.796837739755768	-17.765921462957426	-13.442914962768555	339.0
11305	-5.809766640917615	-17.322369540179203	-13.538846969604492	339.0
11325	-5.873655621895468	-17.10368852228093	-13.650132179260254	339.0
11344	-5.491462963627914	-16.993144778321206	-13.603702545166016	339.0
11364	-5.509656578242851	-16.859614841097482	-13.511890411376953	338.0
11383	-5.855545022578298	-16.78859774319914	-13.220784187316895	338.0
11405	-5.943514798062019	-16.664544915586163	-12.967164039611816	338.0
11422	-5.78702620706012	-16.40029023214005	-13.035144805908203	338.0
11441	-5.794086719799655	-16.039856986943555	-12.999687194824219	338.0
11461	-5.858548960271716	-15.765652559540392	-13.05940055847168	338.0
11481	-5.905920170991843	-15.34871473467708	-12.874743461608887	338.0
11501	-5.691231523163615	-14.626509597353387	-12.726107597351074	338.0
11524	-5.559281332111593	-14.325699915532192	-12.464993476867676	338.0
11538	-5.522562825378672	-13.97646135943309	-12.327810287475586	338.0
11558	-5.3873214134526135	-13.361082352278425	-12.280279159545898	338.0
11577	-5.145957796331574	-12.813370963085248	-12.670140266418457	338.0
11598	-4.927393902182845	-12.20072811900345	-12.812761306762695	338.0
11618	-4.72765547793431	-11.572588146044358	-12.665400505065918	338.0
11640	-4.726885836769755	-11.03881128500784	-12.744476318359375	338.0
11655	-4.879923024496912	-10.65893888434348	-12.737581253051758	338.0
11676	-4.770600813902178	-10.052404149675278	-13.095355033874512	338.0
11695	-4.528550480242667	-9.394841256313896	-13.37275505065918	338.0
11713	-4.448572603867419	-8.748806134566438	-13.723548889160156	338.0
11733	-4.398526798484025	-8.260515806568604	-13.835169792175293	338.0
11756	-4.192375094464981	-7.958277328512041	-14.425848960876465	338.0
11772	-4.080644304858348	-7.472211709912988	-15.043399810791016	339.0
11791	-4.017345519550754	-7.085159560762648	-15.617633819580078	339.0
11811	-3.981670290121502	-6.835819769318438	-16.695816040039062	339.0
11830	-3.8802859843212962	-6.697501277060881	-17.256074905395508	339.0
11850	-4.266125581482105	-6.6601015317868075	-17.875642776489258	339.0
11870	-4.579913763843179	-6.869372002178771	-18.654098510742188	339.0
11889	-4.68464477471622	-7.027588721206314	-19.601272583007812	339.0
11908	-4.579299494943012	-7.149085050493321	-20.258638381958008	339.0
11928	-4.579299494943012	-7.149085050493321	-20.258638381958008	339.0
11948	-4.77532493730577	-7.6451437929544035	-21.265348434448242	339.0
11968	-4.77532493730577	-7.6451437929544035	-21.265348434448242	339.0
11989	-4.971569581357859	-8.196004560141954	-21.236478805541992	339.0
12005	-5.1868481614655915	-8.889115977097847	-21.382171630859375	339.0
12024	-5.174122229166204	-9.4947725948057	-21.525869369506836	339.0
12044	-5.059629016217121	-10.056673809135479	-21.5474796295166	339.0
12064	-4.893845891218264	-10.431850012500629	-21.135494232177734	339.0
12084	-4.897099240529847	-11.071647481260428	-20.721616744995117	339.0
12102	-4.853721792396356	-11.583610448484974	-20.676509857177734	339.0
12125	-4.9332876301361885	-12.088171324556281	-20.432531356811523	339.0
12143	-5.022230781700334	-12.235840813512946	-20.250268936157227	339.0
12161	-5.0265933914150285	-12.358613557976147	-20.22071075439453	339.0
12181	-5.1978096811405194	-12.42216051472856	-19.92746353149414	339.0
12201	-5.576444166228936	-12.69090718873856	-19.535274505615234	339.0
12221	-5.670856569392685	-12.967690404689884	-19.417966842651367	339.0
12239	-5.917842350864836	-12.932369364253004	-19.147045135498047	339.0
12259	-6.442824655227479	-13.036270681186444	-18.906686782836914	339.0
12278	-6.710098087530273	-13.052040667039005	-18.2077579498291	339.0
12297	-6.703416136501741	-12.92172705071022	-17.906633377075195	339.0
12317	-6.60178625230681	-12.935510181883078	-17.595659255981445	339.0
12336	-6.596085611882117	-13.000791798122659	-17.20136833190918	339.0
12359	-6.532647750563978	-13.204753482249563	-16.577238082885742	339.0
12375	-6.69849360880005	-13.465602788174625	-15.877893447875977	339.0
12395	-6.787707812201856	-13.823485294354601	-15.600998878479004	339.0
12414	-6.530112755773833	-13.8809905691325	-15.213532447814941	339.0
12433	-6.5851912619147255	-14.028019687607497	-15.115251541137695	339.0
12453	-6.741016323201108	-14.088182834878124	-15.063584327697754	339.0
12474	-6.864431512199645	-14.069120986860042	-14.939515113830566	339.0
12492	-6.939061965811936	-14.150599906329791	-14.687861442565918	339.0
12510	-6.874666870207164	-13.935301018682491	-14.637922286987305	339.0
12530	-6.894260705898908	-13.83627108258189	-14.568305015563965	339.0
12549	-7.014649013054522	-13.641423955358249	-14.242375373840332	339.0
12569	-7.080492307879124	-13.584926982993725	-14.071179389953613	339.0
12588	-7.120706316316725	-13.505087631509069	-13.802968978881836	339.0
12612	-6.940260017832353	-13.569595028730426	-13.437360763549805	339.0
12628	-7.008374018417759	-13.474135753106914	-13.09005355834961	339.0
12648	-7.027958468813881	-13.483733057056268	-13.05506706237793	339.0
12666	-7.027958468813881	-13.483733057056268	-13.05506706237793	339.0
12688	-7.195225016618892	-13.398295236708027	-13.190449714660645	339.0
12709	-7.202175209515425	-13.507082254285555	-13.077232360839844	339.0
12726	-7.04129263676069	-13.468452667646638	-13.236321449279785	339.0
12744	-7.0742897344520514	-13.33992738904354	-12.993221282958984	339.0
12764	-7.189212910983685	-13.210399619535757	-13.111254692077637	339.0
12783	-7.273130519267418	-13.020862985463772	-13.403879165649414	339.0
12803	-7.329870230227696	-13.118224496635689	-13.270187377929688	339.0
12822	-7.457210791002562	-13.204941121687776	-13.125528335571289	339.0
12843	-7.551897192899112	-13.3056581807865	-13.044951438903809	339.0
12861	-7.695920386365983	-13.243107817112232	-13.071483612060547	339.0
12881	-7.813243300529755	-13.208318697439152	-13.120996475219727	339.0
12900	-7.698758091737027	-13.282930269728947	-13.238673210144043	339.0
12920	-7.619128402891443	-13.389338998299477	-12.919713973999023	339.0
12943	-7.612317449873583	-13.54437798435279	-12.551190376281738	339.0
12960	-7.668453603566974	-13.511183862699403	-12.424315452575684	339.0
12980	-7.763276624698033	-13.433191235958638	-12.411392211914062	339.0
12997	-7.937896101872933	-13.589743497211431	-12.081125259399414	339.0
13017	-7.941761377356487	-13.642520615597448	-11.999401092529297	339.0
13038	-8.145398327590408	-13.604262565049233	-11.611640930175781	339.0
13056	-8.401776544734258	-13.517964261098163	-11.636962890625	339.0
13078	-8.220988620884462	-13.550300633442907	-11.833285331726074	339.0
13095	-7.991547026352853	-13.549447683226616	-12.027793884277344	339.0
13114	-8.209498146953665	-13.671207841916518	-11.957988739013672	339.0
13135	-8.422243596615392	-13.601863303404583	-11.904584884643555	339.0
13154	-8.418026080680539	-13.534647845853453	-11.940666198730469	339.0
13175	-8.520275639123588	-13.598557206264173	-12.04490852355957	339.0
13200	-8.312346868482038	-13.692615449508759	-12.180378913879395	339.0
13214	-8.347217352136328	-13.765126670875613	-11.925379753112793	339.0
13231	-8.511408530523182	-13.790515543444778	-11.998173713684082	339.0
13251	-8.482095836850561	-13.883224534897133	-12.038092613220215	339.0
13269	-8.390009341833954	-13.855049743861242	-12.05888557434082	339.0
13291	-8.439829113218751	-14.073460281342184	-11.76910400390625	339.0
13308	-8.422429214271858	-14.050946733367843	-11.581258773803711	339.0
13328	-8.207206262165675	-13.865160942039108	-11.417511940002441	339.0
13349	-8.100731383206462	-13.99013795129214	-11.28724193572998	339.0
13368	-8.132119375020853	-14.056723921375436	-11.313339233398438	339.0
13387	-8.132119375020853	-14.056723921375436	-11.313339233398438	339.0
13407	-8.31287376906418	-14.211500307281076	-11.1027193069458	339.0
13428	-8.189609842134347	-14.180884914899929	-11.293405532836914	339.0
13444	-8.170679101053812	-14.310026171535272	-11.288771629333496	339.0
13464	-8.223664671502263	-14.19142449569584	-11.43815803527832	339.0
13484	-8.204040673099422	-14.19156549506275	-11.541570663452148	339.0
13503	-8.267043351613376	-14.416331769361802	-11.41946792602539	339.0
13522	-8.723119076122833	-14.50745547332262	-11.453362464904785	339.0
13545	-8.842480392475045	-14.487474182507693	-11.399580001831055	339.0
13565	-8.71073949480865	-14.196603281671406	-11.558075904846191	338.0
13581	-8.84268602589797	-14.040622702986095	-11.623682975769043	338.0
13600	-8.847706534228593	-14.013787553287207	-11.9146728515625	338.0
13621	-8.93436606789449	-13.954345314370688	-11.823945045471191	338.0
13640	-9.095159295657961	-13.976140260544394	-11.892402648925781	338.0
13660	-9.260755904720465	-14.001495924016224	-11.767216682434082	338.0
13680	-9.204658205362438	-13.918945684097933	-11.467570304870605	338.0
13698	-9.365510539560548	-14.044253569418386	-11.302077293395996	338.0
13717	-9.391171748145593	-13.973540470234054	-11.265617370605469	338.0
13737	-9.269886300753159	-13.939167344454107	-11.208488464355469	338.0
13757	-9.512593269352964	-13.86944531173257	-10.884439468383789	338.0
13776	-9.401700226262546	-14.00498411809978	-10.972627639770508	337.0
13794	-9.222875192013568	-13.750649335938158	-11.090798377990723	337.0
13815	-9.10630149886916	-13.604738150246572	-11.305194854736328	337.0
13835	-8.99876054024152	-13.674627326365687	-11.388311386108398	337.0
13854	-9.079725882389834	-13.560576940627273	-11.432367324829102	337.0
13872	-9.129821917717829	-13.759155061413106	-11.342711448669434	337.0
13892	-9.056070365907239	-13.955102604883658	-11.213648796081543	337.0
13911	-8.913778686206696	-13.998507343540032	-11.198495864868164	337.0
13932	-8.833100361071349	-13.81291204061761	-10.996023178100586	337.0
13950	-8.951247500028622	-13.79585953532572	-10.95595932006836	337.0
13970	-9.133010281677159	-13.876355022995805	-10.933014869689941	336.0
13989	-9.25571523825812	-13.97716592956476	-10.954181671142578	336.0
14008	-8.919317869469733	-14.0800689474346	-10.98173999786377	336.0
14028	-9.00872443574569	-13.917213761898921	-11.008056640625	336.0
14048	-9.00872443574569	-13.917213761898921	-11.008056640625	336.0
14068	-9.023642492988538	-14.056839547740944	-11.111896514892578	336.0
14088	-9.305404739657389	-13.920036996228067	-11.387106895446777	336.0
14107	-9.305404739657389	-13.920036996228067	-11.387106895446777	336.0
14126	-9.321333863121525	-14.136021638658587	-11.307089805603027	336.0
14147	-9.140612746822862	-13.998998337179229	-11.253314971923828	336.0
14167	-8.983776392288005	-13.83703625305607	-11.108540534973145	336.0
14183	-9.162339154485542	-13.754980467472741	-10.868643760681152	336.0
14203	-9.257370629023496	-13.78352563433032	-10.984553337097168	336.0
14223	-9.42632814379503	-13.756426714094914	-10.773818969726562	336.0
14242	-9.46934595635253	-13.500412871854097	-10.835105895996094	336.0
14262	-9.380028530999141	-13.738521669972227	-10.641504287719727	336.0
14281	-9.419042207315021	-13.744201805539454	-10.578180313110352	336.0
14301	-9.541796395461315	-13.873283425157313	-10.479667663574219	336.0
14320	-9.57577584707332	-13.987432419632013	-10.709463119506836	336.0
14339	-9.557898479016147	-14.157021431969348	-11.028525352478027	336.0
14360	-9.326349186246508	-14.168621765863884	-11.028605461120605	336.0
14382	-9.32829807877312	-14.17909433982388	-11.226419448852539	335.0
14399	-9.195920571127369	-14.035401600981979	-11.310641288757324	335.0
14418	-9.300898653097422	-14.031161887989287	-11.355611801147461	335.0
14438	-9.133622305281387	-13.914612188151365	-11.544925689697266	335.0
14457	-9.029608183427959	-13.973369331977874	-11.401812553405762	335.0
14477	-9.179432370514649	-13.943496695043727	-11.178186416625977	335.0
14500	-9.073884317399992	-13.892708337548354	-10.850759506225586	335.0
14515	-9.281031717700742	-13.962476317915103	-10.748642921447754	335.0
14535	-9.154952865495387	-13.866114878156864	-10.436936378479004	335.0
14553	-9.290712504477932	-13.981796402114059	-10.293426513671875	335.0
14573	-9.120153707056994	-13.868487607073273	-10.383707046508789	335.0
14591	-9.242516049834608	-14.013522732289495	-10.113993644714355	335.0
14615	-9.286565255577457	-13.802464452617064	-10.28222942352295	335.0
14633	-9.329409886488987	-13.910545695554568	-10.436887741088867	335.0
14650	-9.482189386244682	-13.83603898455328	-10.580013275146484	335.0
14670	-9.286213864174092	-13.743322227237623	-10.374282836914062	335.0
14690	-9.396740770916796	-13.968857455730243	-10.572318077087402	335.0
14708	-9.575095268933913	-14.04856769333447	-10.70100212097168	335.0
14729	-9.626170107571626	-14.056378913672907	-10.675050735473633	335.0
14748	-9.753609289234813	-14.120461464751719	-10.689908027648926	335.0
14769	-9.806519456040899	-14.25416946261124	-10.757584571838379	335.0
14788	-9.756725978905896	-13.938384833069	-10.619722366333008	335.0
14807	-9.756725978905896	-13.938384833069	-10.619722366333008	335.0
14826	-9.847207272524031	-14.054779879462743	-10.75733470916748	335.0
14847	-10.115045954898257	-14.129211800879492	-11.00010871887207	335.0
14867	-9.991301171717202	-13.935940335939186	-11.167596817016602	335.0
14884	-10.011275554440708	-13.846764929149549	-11.27379322052002	335.0
14905	-10.306962999191464	-14.011681174440568	-11.22260856628418	335.0
14923	-10.219458161475252	-13.997683393941772	-11.144952774047852	335.0
14943	-10.396389806469653	-14.104476618320538	-11.053112030029297	335.0
14962	-10.3444997602528	-14.101519982679608	-11.253562927246094	336.0
14982	-10.107111644363824	-14.191532143632722	-11.208638191223145	336.0
15001	-9.969483226397415	-14.072031017072336	-11.156618118286133	336.0
15020	-10.058783291357633	-14.103103065514672	-11.00314712524414	336.0
15041	-10.00577362701815	-14.090636405581881	-10.933341026306152	336.0
15060	-9.606557388444083	-13.982709220477009	-10.958681106567383	336.0
15080	-9.393545666365352	-13.902573973313576	-11.077433586120605	336.0
15099	-9.16423413193251	-13.832162067039102	-11.111722946166992	336.0
15118	-9.33249160526855	-13.944116984636956	-11.073713302612305	336.0
15137	-9.517058204380497	-13.775482040948251	-10.950244903564453	336.0
15158	-9.481992620069821	-14.020324236515203	-10.925750732421875	336.0
15176	-9.51224074027349	-14.03711582199884	-10.806866645812988	336.0
15196	-9.295039508024036	-14.024603185729527	-10.909860610961914	336.0
15219	-9.419533017980761	-14.050911849960267	-10.770416259765625	336.0
15235	-9.622188746489718	-14.101555732977205	-10.816980361938477	336.0
15254	-9.672164314905098	-13.984142647278826	-10.684212684631348	336.0
15273	-9.658427922365261	-13.99068737244012	-10.687872886657715	336.0
15292	-9.511831093545673	-13.79233590751561	-10.880537986755371	336.0
15311	-9.552822294999093	-13.621876583481614	-11.045546531677246	336.0
15331	-9.489876603967426	-13.62395417026402	-11.155749320983887	336.0
15350	-9.692945372465108	-13.409529583250114	-11.084096908569336	336.0
15371	-9.576096023321275	-13.509053304927331	-11.121349334716797	337.0
15389	-9.48845130461328	-13.511408010234812	-10.932233810424805	337.0
15409	-9.485269235663035	-13.558858920848428	-11.124869346618652	337.0
15429	-9.289484643919575	-13.499607925288645	-11.18283462524414	337.0
15449	-9.32612742476375	-13.559828896651682	-11.079647064208984	337.0
15469	-9.290913446263056	-13.717456173169895	-10.750904083251953	337.0
15488	-9.153982393352553	-13.656767538274648	-10.478569030761719	337.0
15508	-9.153982393352553	-13.656767538274648	-10.478569030761719	337.0
15526	-9.150989435503897	-13.996514427739129	-10.584787368774414	337.0
15546	-9.26151100681254	-14.011066518958936	-10.573894500732422	337.0
15564	-9.233494525427165	-13.962049113913015	-10.82187557220459	338.0
15586	-9.132929256963045	-13.874948955338	-10.831950187683105	338.0
15605	-9.161912031508304	-13.945787159939583	-10.515390396118164	338.0
15623	-9.148626984218	-14.01108897279188	-10.388427734375	338.0
15643	-9.165866533628309	-14.01666608233916	-10.338022232055664	338.0
15663	-9.326788797528407	-14.134306012752	-10.408388137817383	338.0
15682	-9.242541326413056	-13.945098813911793	-10.442312240600586	338.0
15701	-9.134187381442118	-13.74094980598225	-10.648835182189941	338.0
15721	-9.145834625318146	-13.745302101227809	-10.749125480651855	338.0
15740	-9.404603986813829	-13.897846974905828	-10.67992877960205	338.0
15760	-9.352725830187827	-13.936477984588507	-10.883987426757812	338.0
15779	-9.265152056447016	-13.993039549734439	-10.84102725982666	338.0
15799	-9.344954490548862	-13.90906777295504	-10.823568344116211	338.0
15819	-9.352090358432127	-13.819517243494715	-10.863683700561523	338.0
15838	-9.215217435792965	-13.834682255684289	-10.607065200805664	338.0
15857	-9.345059683218947	-14.01640233161264	-10.53877067565918	338.0
15877	-9.23803292478001	-14.199313060870743	-10.29090404510498	338.0
15897	-9.222488963534765	-14.083244766318867	-10.472190856933594	338.0
15916	-9.225466356662269	-14.014567008353637	-10.626779556274414	338.0
15937	-9.168772642295984	-14.21434347259572	-10.872542381286621	338.0
15955	-9.232589278960065	-14.605749635338793	-10.672112464904785	338.0
15973	-9.277670338029713	-14.668588620967013	-10.400639533996582	339.0
15993	-9.161822027386192	-14.64644750549159	-10.544648170471191	339.0
16012	-9.091383647678885	-14.742588789359461	-10.729321479797363	339.0
16032	-9.127022081283295	-14.648413652190301	-10.857304573059082	339.0
16059	-8.773587446850444	-14.699931825212461	-10.833740234375	339.0
16071	-8.602938884208875	-14.953005068457625	-10.569649696350098	339.0
16090	-8.49795184385052	-14.93155236085543	-10.460041999816895	339.0
16109	-8.293840118642422	-15.06976015884316	-10.489806175231934	339.0
16129	-8.335313214360667	-15.30600388306022	-10.640564918518066	339.0
16148	-8.591791661324653	-15.535842210429488	-10.521648406982422	339.0
16168	-8.500954960977648	-15.561844268676424	-10.256143569946289	339.0
16189	-8.5289545580671	-15.761153491252216	-10.072393417358398	339.0
16208	-8.653742735875527	-16.161422628713392	-9.748568534851074	339.0
16227	-8.653742735875527	-16.161422628713392	-9.748568534851074	339.0
16246	-8.549107177537675	-16.116584959815388	-9.853355407714844	339.0
16266	-8.465954082174314	-16.211656496493465	-9.800986289978027	339.0
16285	-8.37005398237787	-16.142386493485073	-9.865117073059082	339.0
16305	-8.249083654941085	-16.290832507503026	-9.945728302001953	339.0
16324	-8.283881467371247	-16.266711751995143	-10.03375244140625	339.0
16343	-8.196430884500906	-16.14866673409497	-10.203781127929688	339.0
16362	-8.127523873267398	-16.359147539507756	-10.126869201660156	338.0
16382	-8.093158707969435	-16.25043075521458	-10.265093803405762	338.0
16402	-8.15054538142925	-16.179003018691137	-10.49317455291748	338.0
16421	-8.069249095038968	-16.276704105776247	-10.508246421813965	338.0
16441	-8.038842287503595	-16.49731989452857	-10.356590270996094	338.0
16460	-7.787451509728761	-16.635443005649662	-10.008769035339355	338.0
16480	-7.45823041863834	-16.917518144437004	-9.942615509033203	338.0
16500	-7.260269596133978	-17.0957052830537	-9.697810173034668	338.0
16518	-7.131590711339847	-17.04322196832515	-9.782923698425293	338.0
16539	-6.90469747640115	-17.12019610496463	-9.916014671325684	338.0
16557	-6.774442387207043	-17.458413895915754	-9.605711936950684	338.0
16577	-6.736739416189332	-17.618923641873998	-9.608893394470215	336.0
16596	-6.447275745427267	-17.756979712579678	-9.479926109313965	336.0
16616	-6.397163526296579	-17.93348496800218	-9.437313079833984	336.0
16637	-6.331364840949963	-18.00097725038074	-9.181724548339844	336.0
16656	-6.058664573204389	-18.371459541092253	-9.459184646606445	336.0
16675	-5.886651171330316	-18.810981446104016	-9.294236183166504	336.0
16693	-5.723973015214715	-19.169846871250865	-9.317904472351074	336.0
16712	-5.5481392397576235	-19.346720793139653	-9.622220993041992	336.0
16732	-5.370134504637579	-19.5895558829401	-9.65449333190918	336.0
16752	-4.932138829204666	-19.652408073733554	-9.946833610534668	336.0
16771	-4.818031417534146	-19.61320380419286	-10.136577606201172	335.0
16791	-4.360458401227968	-19.785789441492224	-10.146766662597656	335.0
16810	-4.131872577383437	-19.94115754588081	-9.765996932983398	335.0
16829	-3.6548805815066583	-19.74678259510142	-9.654483795166016	335.0
16849	-3.3390302721485825	-19.685298919928595	-9.408305168151855	335.0
16868	-2.839138360164221	-19.595112918249793	-9.155107498168945	335.0
16888	-2.260670696084467	-19.351165094858565	-9.074166297912598	335.0
16907	-2.260670696084467	-19.351165094858565	-9.074166297912598	335.0
16927	-2.083353678168571	-19.31594606979416	-8.818410873413086	335.0
16947	-1.4635689404136818	-19.222768520799175	-8.801020622253418	335.0
16966	-1.2261399107887385	-19.105223382885246	-8.76931381225586	332.0
16985	-0.9422259337081391	-18.744602079108127	-8.844109535217285	332.0
17005	-0.5857033158221179	-18.673239404192373	-8.795656204223633	332.0
17025	-0.1814238891501368	-18.531984274473892	-8.833566665649414	332.0
17043	0.024249933278717287	-18.33044003844663	-8.782808303833008	332.0
17063	0.24556323683505873	-18.209454571508356	-9.055642127990723	332.0
17083	0.5359561891454103	-18.090169566258314	-9.038347244262695	332.0
17105	0.6965121831842651	-17.88980605990732	-8.923727989196777	332.0
17121	0.9440053569693392	-17.739305097308847	-8.777164459228516	332.0
17148	1.063848638614337	-17.686058327828032	-8.45045280456543	332.0
17160	0.9880814547254676	-17.689620646381666	-8.236715316772461	332.0
17179	1.0764829608228301	-17.55769360767931	-8.161261558532715	326.0
17199	1.0266297390270454	-17.395006270441204	-8.37326431274414	326.0
17218	0.9423996702797132	-17.063650972359877	-8.282665252685547	326.0
----------------도착----------------
17238	1.0284436857201524	-16.996046165599783	-8.34377670288086	326.0
17258	0.8533996254433014	-17.00532161658345	-8.1903657913208	326.0
17276	1.0823463993555313	-16.92224727628916	-7.729071617126465	326.0
17297	1.367159997495555	-17.061599060820626	-7.451561450958252	326.0
17316	1.3575058288322273	-17.145295904376756	-7.400270462036133	326.0
17335	1.3154392529934327	-17.211119277456646	-7.22316312789917	326.0
17355	1.4581758077488791	-16.89675438973676	-7.400723934173584	326.0
17374	1.7715697025087163	-16.76632652036917	-7.571981430053711	317.0
17393	1.71614878026454	-16.686551679422053	-7.724678039550781	317.0
17413	1.772068503386699	-16.59957356040901	-7.758130073547363	317.0
17431	1.5571094372554635	-16.696501218246897	-7.84132719039917	317.0
17451	1.3614185551451214	-16.719878687047235	-7.647824764251709	317.0
17472	1.5721376450986158	-16.58211649484187	-7.264060020446777	317.0
17490	1.6123645588180318	-16.31748388547597	-7.122577667236328	317.0
17511	1.5734148674932786	-16.37180927141577	-6.977655410766602	317.0
17529	1.3041062920780877	-16.19450731504794	-7.112575531005859	317.0
17548	1.3887261554955581	-16.0414697013534	-6.954409599304199	317.0
17569	1.3891763520700888	-16.01262919716612	-6.967410087585449	303.0
17589	1.3446795176552941	-15.830076186910432	-7.074313163757324	303.0
17612	1.3446795176552941	-15.830076186910432	-7.074313163757324	303.0
17626	1.3146695052347808	-15.750387536999988	-7.009871482849121	303.0
17647	1.303988619323994	-15.680739152386737	-6.698568344116211	303.0
17666	1.303988619323994	-15.680739152386737	-6.698568344116211	303.0
17685	1.1436714693517793	-15.757738185904342	-6.708207130432129	303.0
17704	1.449903617657435	-16.08830417130047	-6.721210956573486	303.0
17724	1.3719832129967746	-15.920113273174913	-6.740991592407227	303.0
17743	1.4495612202669668	-15.877547529681758	-6.745697975158691	303.0
17762	1.488649122971448	-15.969495219318492	-6.670831680297852	289.0
17782	1.6028939658342551	-15.865819148147551	-6.818877696990967	289.0
17802	1.507576706789587	-16.026114630034055	-7.0090532302856445	289.0
17821	1.45206376655417	-16.18087719017045	-6.841384410858154	289.0
17840	1.7341897245674578	-16.052053998969487	-6.570080757141113	289.0
17861	1.5673001554403154	-15.967311768425526	-6.411746025085449	289.0
17880	1.6277424297676804	-16.048663726221083	-6.6338629722595215	289.0
17899	1.4547747013214565	-15.988671346053401	-6.600593090057373	289.0
17919	1.4283152282625868	-16.091724309190784	-6.674036979675293	289.0
17938	1.252582149860169	-16.231502385488092	-6.565854072570801	289.0
17958	1.2475475798529922	-16.101093448051614	-6.53873348236084	289.0
17977	1.3594593211135995	-16.131626868822888	-6.708261013031006	276.0
17998	1.248724140735022	-16.16967855102018	-7.048317909240723	276.0
18016	1.1706961354661314	-16.078596270052614	-6.9330973625183105	276.0
18037	1.3860901829354726	-16.051901810169788	-6.731997489929199	276.0
18055	1.5922153466399813	-16.114766083484565	-6.547494888305664	276.0
18073	1.60661138547992	-16.013892776260683	-6.511244773864746	276.0
18093	1.7202760532806949	-15.940595682451658	-6.353668212890625	276.0
18113	1.837074540806096	-15.985018727508846	-6.249263286590576	276.0
18132	1.8517224645574393	-15.800717567517182	-6.327430725097656	276.0
18151	1.8487838984999903	-15.63850724458097	-6.165472507476807	276.0
18172	1.8375873360700379	-15.722021153046688	-6.1582770347595215	268.0
18190	1.5752292442591143	-15.709597988749861	-5.9609222412109375	268.0
18211	1.635051868061978	-15.67788653104093	-6.321040153503418	268.0
18229	1.6373553810412511	-15.526531391301404	-6.270437717437744	268.0
18249	1.6743473985619257	-15.525758029264747	-6.265862941741943	268.0
18268	1.423482533392653	-15.604191631224104	-6.337451457977295	268.0
18296	1.3545396711586788	-15.6940777547999	-6.180449962615967	268.0
18307	1.3353598883086084	-15.871319967228395	-6.2972307205200195	268.0
18328	1.57141273195647	-15.701722957465611	-6.040006160736084	268.0
18346	1.57141273195647	-15.701722957465611	-6.040006160736084	268.0
18367	1.4760884057884032	-15.800224187453338	-5.97146463394165	265.0
18385	1.4760884057884032	-15.800224187453338	-5.97146463394165	265.0
18405	1.4826374052595517	-16.03332763722149	-5.983800411224365	265.0
18424	1.3727887388177622	-16.164767631212236	-6.003166198730469	265.0
18443	1.51681613400727	-16.145458348174728	-5.973539352416992	265.0
18463	1.6345472389591622	-16.25927893625692	-6.099700450897217	265.0
18482	1.5526615219310762	-16.175735333983603	-6.10304594039917	265.0
18501	1.2984606345309002	-16.2821309520981	-6.284664154052734	265.0
18522	1.1978995295922057	-16.214775902891066	-6.319311618804932	265.0
18540	1.0297697628094264	-16.194968088942815	-6.303692817687988	265.0
18561	1.0248712324722895	-16.149703977155347	-6.290771484375	265.0
18580	1.1534877469104274	-15.99004637135016	-6.2418999671936035	263.0
