16	8.781189877235798	-5.433936186813578	-4.976566791534424	270.0
34	8.743206712867288	-5.49429098232624	-5.329532623291016	270.0
54	8.393746917904005	-5.731032801048569	-5.270573616027832	270.0
73	8.323050810747251	-5.834037742362963	-5.15338134765625	270.0
92	8.491004977871937	-5.867364416437157	-4.990422248840332	270.0
111	8.646661034223499	-5.850916613403418	-5.00137996673584	270.0
131	8.8078695650933	-5.723691748224617	-4.743575096130371	270.0
154	8.695211878827505	-5.677377855516171	-4.542691230773926	270.0
170	8.560169238639759	-5.717665193101603	-4.4688544273376465	270.0
191	8.655417941632084	-5.696066068193195	-4.088634490966797	270.0
208	9.013770076039226	-5.436573546585622	-4.134029388427734	270.0
228	8.921581531525064	-5.217193931424336	-4.587213039398193	270.0
247	8.672660501523401	-5.188267559194137	-4.657288551330566	270.0
269	8.517961704295583	-5.102778546812586	-4.6327223777771	270.0
286	8.43913994119644	-5.013609587444046	-4.969724655151367	270.0
308	8.128628857845783	-5.054453303057343	-4.869771480560303	270.0
327	8.15890006784275	-5.061737828090519	-4.83706521987915	270.0
346	8.15890006784275	-5.061737828090519	-4.83706521987915	270.0
368	8.023583535404862	-5.1470544687519775	-5.050304412841797	270.0
384	7.960279405441036	-5.28765782926532	-5.160444736480713	270.0
403	7.864429581873482	-5.407146215958597	-4.862094879150391	270.0
423	7.791259494550855	-5.359137552925879	-4.9870500564575195	270.0
443	8.025907495596215	-5.3466016809939765	-4.965312957763672	270.0
462	7.8585297671194185	-5.319318102004849	-4.935424327850342	270.0
481	8.249730145296025	-5.228162963681144	-5.005426406860352	270.0
500	8.464000413767277	-5.085921047043173	-5.10557746887207	270.0
520	8.387155080682565	-5.0815253534650555	-5.075067520141602	270.0
540	8.4165674768678	-5.171530835257345	-4.882732391357422	270.0
560	8.323565069826408	-5.125022081990543	-4.966777324676514	270.0
578	8.389165226738031	-5.076284261277439	-4.825199127197266	270.0
598	8.230107232069328	-5.232552593458729	-4.716724872589111	270.0
618	8.3028318644705	-5.293389294775114	-4.554408073425293	270.0
638	8.194001059299639	-5.371653474481585	-4.734135627746582	270.0
657	8.165665210628006	-5.383505017944079	-4.744041442871094	270.0
676	8.469681716222324	-5.165627882153331	-4.703673362731934	270.0
696	8.352629243389739	-5.048010219565098	-4.889980316162109	270.0
715	8.494503412740425	-4.998092900144226	-4.796619415283203	270.0
735	8.665019509201704	-5.102378772511337	-4.7938714027404785	270.0
754	8.610415248313842	-4.9738196969808275	-4.855043411254883	270.0
774	8.632764553816505	-4.845213955645623	-5.085932731628418	270.0
793	8.605928098013614	-4.726496331920774	-5.114096164703369	271.0
813	8.42562282468703	-4.675493501567663	-5.125699043273926	271.0
832	8.331711400021177	-4.736048369321121	-4.9765520095825195	271.0
852	8.366348452079686	-4.665521981036128	-5.002232551574707	271.0
871	8.341135017913091	-4.713527012313946	-5.174494743347168	271.0
890	8.199905199493358	-4.750119533081634	-5.276417255401611	271.0
909	8.173159685127976	-4.703094537267	-5.476766586303711	271.0
928	8.065194274204678	-4.845933745313803	-5.257966995239258	271.0
948	8.167911528969832	-4.809563628479304	-5.207140922546387	271.0
967	8.511261230618363	-4.772759888289827	-5.24523401260376	271.0
987	8.540032522114844	-4.834588779667302	-5.293402194976807	273.0
1007	8.558872018613174	-4.838166643577351	-5.32060432434082	273.0
1026	8.558872018613174	-4.838166643577351	-5.32060432434082	273.0
1046	8.621311829875719	-4.812902690628413	-5.047657012939453	273.0
1066	8.621311829875719	-4.812902690628413	-5.047657012939453	273.0
1087	8.813929144773311	-4.836963913934192	-4.8179168701171875	273.0
1104	8.991390018866992	-4.762107794246726	-5.079598903656006	273.0
1123	8.915089113171717	-4.826510701887088	-5.163679122924805	273.0
1143	8.728098077069474	-4.846471708301907	-5.111912250518799	273.0
1162	8.480790400571783	-4.77101388193546	-5.241786479949951	273.0
1183	8.287495515165096	-4.815967254073881	-5.196135520935059	275.0
1200	8.128045984880178	-4.911118662544142	-5.265580177307129	275.0
1220	8.210256430346423	-4.82102566935113	-5.358481407165527	275.0
1240	8.03007877808083	-4.801552779000296	-5.460072994232178	275.0
1260	7.972865453026513	-4.845714552746826	-5.424980163574219	275.0
1279	7.74730906578551	-4.856417060471582	-5.381922721862793	275.0
1299	7.6605805311733866	-4.830278855975844	-5.336468696594238	275.0
1326	7.993969216673225	-4.624406795527653	-5.1612629890441895	275.0
1337	7.993969216673225	-4.624406795527653	-5.1612629890441895	275.0
1358	8.285671343124944	-4.428038310035879	-5.1208696365356445	275.0
1377	8.444592693310824	-4.357610772085982	-4.946624279022217	275.0
1395	8.506911001718604	-4.213726253473895	-4.985352993011475	278.0
1415	8.54785802126726	-4.162937030599878	-5.0708208084106445	278.0
1435	8.644646924775744	-4.281880162848717	-5.022042751312256	278.0
1454	8.732377747891855	-4.305424565262595	-5.098830223083496	278.0
1474	8.72037008100124	-4.353804670717816	-5.231668472290039	278.0
1494	8.618553439140623	-4.358623094075678	-5.472385883331299	278.0
1513	8.52512286288884	-4.4341921517503495	-5.410785675048828	278.0
1531	8.347868177873936	-4.627305645884488	-5.617974758148193	278.0
1553	8.357282372349236	-4.671861158655645	-5.447303771972656	278.0
1572	8.314189006745485	-4.474767025145282	-5.378371238708496	278.0
1590	8.581806897742812	-4.284384111382836	-5.505308151245117	280.0
1609	8.508155455485914	-4.3328805050356385	-5.480299949645996	280.0
1629	8.573631561790702	-4.466290356843801	-5.495437145233154	280.0
1648	8.708329962377276	-4.514970140873288	-5.372739315032959	280.0
1668	8.649288536931545	-4.64327489385655	-5.440808296203613	280.0
1687	8.705336921706	-4.629171355513401	-5.2073564529418945	280.0
1708	8.6804306224568	-4.698481370754698	-5.425827980041504	280.0
1729	8.746399504298303	-4.951054997776364	-5.2670063972473145	280.0
1746	8.746399504298303	-4.951054997776364	-5.2670063972473145	280.0
1766	8.584087602037894	-4.924780158824475	-5.274356842041016	280.0
1785	8.9121615940901	-4.902004721123437	-5.349944114685059	281.0
1807	8.685671249227722	-4.748219057377906	-5.319814682006836	281.0
1823	8.680146940767576	-4.672225755502032	-5.353844165802002	281.0
1843	8.623906869379354	-4.562515694911464	-5.502321243286133	281.0
1864	8.674264070105513	-4.490536144354976	-5.521291255950928	281.0
1883	8.719368321935612	-4.574000823078748	-5.328939914703369	281.0
1902	8.665521162047199	-4.452484287863868	-5.385563850402832	281.0
1925	8.704276380285737	-4.479016463112895	-5.397143840789795	281.0
1941	8.389196321837375	-4.5833908890689905	-5.290004730224609	281.0
1960	8.676952344668553	-4.700542536365399	-5.109055042266846	281.0
1979	8.781905616934507	-4.697880483119302	-4.993279457092285	283.0
1999	8.948281868748916	-4.799657568465376	-4.869506359100342	283.0
2018	8.784329130106595	-4.78514478884999	-4.799564361572266	283.0
2037	8.72900428150805	-4.747111538678736	-4.724867343902588	283.0
2057	8.937206234381362	-4.7555473891893305	-4.667057037353516	283.0
2077	8.941411359260433	-4.9130242242283995	-4.553445339202881	283.0
2097	9.13097689853443	-4.74870859166686	-4.482280731201172	283.0
2116	9.037524731324108	-4.781692994755739	-4.585273265838623	283.0
2135	8.980547868792934	-4.88389153513109	-4.720611572265625	283.0
2154	8.966352391323992	-4.9129492063379026	-4.654232501983643	283.0
2174	9.118244671926906	-4.7765858608219585	-4.877089977264404	283.0
2194	9.223926244633992	-4.786495120654518	-4.950518608093262	284.0
2212	9.255885962742967	-4.6207461668466845	-4.942070007324219	284.0
2232	9.218239124799839	-4.370076753637044	-4.9223198890686035	284.0
2252	8.890456614681533	-4.442044484635009	-5.076288223266602	284.0
2274	8.859912650530275	-4.455492835004443	-5.302486419677734	284.0
2291	8.751087786478855	-4.383712870177029	-5.185436248779297	284.0
2310	8.553391697946449	-4.192392370004271	-5.186692237854004	284.0
2329	8.471348143640327	-4.345526527862749	-5.076844692230225	284.0
2349	8.47662754119058	-4.473882255088833	-5.047832489013672	284.0
2368	8.39379951920678	-4.608348074827336	-5.152365684509277	284.0
2388	8.518727764733512	-4.762306169770898	-5.190586566925049	285.0
2406	8.764932912771844	-4.668281441668869	-5.115133762359619	285.0
2427	8.764932912771844	-4.668281441668869	-5.115133762359619	285.0
2449	8.846351741289395	-4.3824760958205315	-5.0005574226379395	285.0
2466	8.953266963370552	-4.2347598143744305	-5.096640586853027	285.0
2486	9.057170797926295	-4.183296647701589	-5.254148483276367	285.0
2504	9.166569909121346	-4.357752337150496	-5.142107963562012	285.0
2524	9.02256710983967	-4.314008398954403	-5.308175086975098	285.0
2544	9.04395640264074	-4.346599884325642	-5.195308685302734	285.0
2562	8.962579037168455	-4.264692178764971	-5.219522476196289	285.0
2583	8.935716698764958	-4.167755139029258	-5.180570125579834	287.0
2602	8.61487464145212	-4.291424052587423	-5.153909683227539	287.0
2622	8.626672869988269	-4.388536174514141	-5.089860439300537	287.0
2646	8.509056470025858	-4.396436546909951	-4.925273895263672	287.0
2661	8.519636083595897	-4.136471846278486	-5.1311235427856445	287.0
2680	8.401769607683159	-4.261423208281325	-5.037652015686035	287.0
2700	8.295994262932094	-4.330877158447962	-5.064497470855713	287.0
2720	8.352214574961868	-4.249923427204181	-4.9180827140808105	287.0
2738	8.284924769846597	-4.5059960692742145	-5.097165107727051	287.0
2762	8.62139470121282	-4.532235963659968	-4.948568820953369	287.0
2778	8.71447708106715	-4.5941190860518875	-4.898785591125488	287.0
2797	8.979360416334549	-4.688594645139443	-5.039683818817139	288.0
2816	9.019262118504553	-4.853578196792486	-4.754724502563477	288.0
2835	9.211799882772116	-4.596232988274853	-4.654322147369385	288.0
2855	9.130485402639843	-4.636997448557248	-4.486943244934082	288.0
2876	9.132219268654298	-4.8668490674868075	-4.475617408752441	288.0
2894	9.169892282620298	-5.086008314964241	-4.3171796798706055	288.0
2913	9.010243802790658	-5.1933259610673606	-4.522590160369873	288.0
2932	8.815131561463925	-5.068048332356518	-4.580500602722168	288.0
2951	8.726882563117037	-5.15786702444224	-4.73354959487915	288.0
2972	8.647412438487352	-5.020198185163029	-4.946061611175537	288.0
2990	8.555064644373234	-4.9657618756220945	-5.220387935638428	289.0
3009	8.785520296708917	-4.8189402911412325	-5.464435577392578	289.0
3029	8.876912792625678	-4.860631535340196	-5.516767501831055	289.0
3048	8.989603868362702	-4.614837069059491	-5.498599052429199	289.0
3068	9.112382679605616	-4.9082010887384815	-5.339544296264648	289.0
----------------출발----------------
3088	9.122696699528028	-5.078351938761386	-5.27114725112915	289.0
3107	8.86490582298258	-5.077551244565048	-5.1229658126831055	289.0
3126	8.907830235506761	-5.061970680123699	-5.251881122589111	289.0
3147	8.970266826507903	-4.9077301375228055	-5.209467887878418	289.0
3165	8.970266826507903	-4.9077301375228055	-5.209467887878418	289.0
3185	8.977119598610317	-4.904290265742691	-5.149505615234375	291.0
3205	8.987715059079848	-4.72316449030189	-5.178018569946289	291.0
3225	8.983387588267721	-4.855196915739985	-5.194795608520508	291.0
3242	8.808173338307778	-4.737134048683127	-5.120785236358643	291.0
3263	8.859327947383367	-4.969025375685797	-5.088627815246582	291.0
3282	8.930835489474036	-5.116583721894417	-5.2373857498168945	291.0
3302	8.873289356669693	-5.2096541397508	-5.210622310638428	291.0
3321	8.898956505451084	-5.3457173253812025	-5.404575347900391	291.0
3340	8.934287302016886	-5.115803210984757	-5.517919063568115	291.0
3361	8.831517269426868	-5.1880933711000905	-5.400640487670898	291.0
3380	8.759560111918658	-5.095120749830176	-5.399531841278076	292.0
3398	8.861017275952968	-5.07699564685109	-5.316572666168213	292.0
3420	8.834417385110795	-5.009835776554578	-5.11564826965332	292.0
3437	8.862507570133157	-4.994877887439447	-5.22736120223999	292.0
3458	8.884272221805505	-4.870457464349885	-5.1892170906066895	292.0
3477	8.674050512408483	-4.818648032690656	-5.212811470031738	292.0
3497	8.513004935058222	-4.774243173606479	-5.373764991760254	292.0
3516	8.514811799072286	-4.6157086074772655	-5.556325912475586	292.0
3536	8.353565903355245	-4.663692389937408	-5.592062950134277	292.0
3555	8.401643622970205	-4.725899982287167	-5.512732982635498	292.0
3573	8.464911105184402	-4.751239894103647	-5.484780311584473	292.0
3595	8.613321437695951	-4.592405079535294	-5.358953475952148	293.0
3614	8.323066494448584	-4.800184415131181	-5.478741645812988	293.0
3632	8.36261170773424	-4.917749990674587	-5.421600818634033	293.0
3652	8.352444313335488	-4.98960393181832	-5.403366565704346	293.0
3670	8.442509863575696	-4.95619589750097	-5.292416095733643	293.0
3691	8.610360403939225	-4.95559911642364	-5.363743782043457	293.0
3709	8.485082389970412	-5.022769481323511	-5.262686252593994	293.0
3730	8.374999331804569	-5.105771655457062	-5.203975200653076	293.0
3750	8.36854642912142	-5.249468735807467	-5.060629844665527	293.0
3768	8.466399837878527	-5.129715895422819	-5.0177106857299805	293.0
3788	8.425328544638651	-5.064062550568453	-5.109395503997803	294.0
3806	8.295028368760528	-5.208700562326225	-5.185809135437012	294.0
3828	8.2599120206342	-5.163864123845647	-5.267451763153076	294.0
3848	8.158339556086892	-5.216520417037643	-5.101371765136719	294.0
3866	8.279459313322029	-5.310847134313782	-5.174663543701172	294.0
3885	8.279459313322029	-5.310847134313782	-5.174663543701172	294.0
3905	8.236692667531688	-5.496703078516441	-5.352845668792725	294.0
3924	7.876027637607059	-5.500970515581861	-5.37236213684082	294.0
3945	7.775089256391344	-5.637223025001937	-5.4191412925720215	294.0
3963	7.784447795856518	-5.826824494427539	-5.204474925994873	294.0
3982	7.760098662179774	-5.705025321909519	-5.170141220092773	294.0
4002	7.6935520294061766	-5.956366812495829	-5.166064739227295	294.0
4021	7.576751166284162	-5.954222694158558	-5.289565086364746	294.0
4041	7.54131769373561	-5.832337354139602	-5.56711483001709	294.0
4060	7.5742593719887505	-5.843555759907797	-5.303806304931641	294.0
4079	7.820109399866704	-5.8422387021583075	-5.390932083129883	294.0
4101	7.896212366625021	-5.826368259007784	-5.436023235321045	294.0
4119	8.085575253645683	-5.636808249790427	-5.710902690887451	294.0
4138	8.251242630719293	-5.605331728966482	-5.8798828125	294.0
4158	8.323917147388924	-5.597784657241013	-5.991883754730225	294.0
4179	8.341829569971152	-5.763248785773618	-6.041717052459717	294.0
4199	8.352783095429508	-5.880718598124769	-5.794389724731445	294.0
4217	8.327766165325777	-5.7526407968036795	-6.042277812957764	294.0
4235	8.220462027294342	-5.878231739333745	-6.155572891235352	294.0
4254	8.275618599704705	-6.026894281433413	-6.070997714996338	294.0
4274	8.09761392924663	-6.282033463069447	-5.860445976257324	294.0
4294	7.9624243298031665	-6.4617675808427455	-5.671912670135498	294.0
4313	7.898757024607514	-6.548823954042232	-5.635838508605957	294.0
4332	8.019219239738275	-6.637393028259546	-5.624026775360107	294.0
4352	8.099196697061002	-6.6926335873589435	-5.761364936828613	294.0
4371	8.039758810561581	-6.937010672535868	-6.017345428466797	294.0
4391	8.071684522558105	-6.917112284964347	-6.019042491912842	294.0
4411	8.166486872428369	-6.953804905440821	-6.196796417236328	294.0
4431	8.0520386592968	-6.843507467884216	-6.309730529785156	294.0
4449	8.065073127806075	-7.064396031466787	-6.42742395401001	294.0
4469	7.9681808701202	-7.026592085796772	-6.433629989624023	294.0
4487	7.940649140806433	-6.984500714305043	-6.647408962249756	294.0
4507	8.07079868029942	-7.114718497556153	-6.645167350769043	294.0
4526	8.249914073924723	-6.966198414993756	-6.557088375091553	294.0
4547	8.255451702022368	-7.367464712204623	-6.610138416290283	294.0
4568	8.15497774733815	-7.524854734953922	-6.482371807098389	294.0
4586	8.237781690678702	-7.77079075389337	-6.4583001136779785	294.0
4605	8.237781690678702	-7.77079075389337	-6.4583001136779785	294.0
4626	8.30247446267086	-7.960988597423859	-6.684765338897705	294.0
4645	8.30247446267086	-7.960988597423859	-6.684765338897705	294.0
4664	8.352786136643644	-7.948067637912077	-6.6138153076171875	294.0
4685	8.270980756022155	-7.935123767916929	-6.833603858947754	294.0
4702	8.15437892418544	-8.262958613807026	-6.7376790046691895	294.0
4723	8.172550391791434	-8.174947127387426	-6.843913555145264	294.0
4741	8.324639440516872	-8.256868214626666	-7.027341365814209	294.0
4761	8.403221509954642	-8.538861880358187	-7.364799499511719	294.0
4780	8.5974603027341	-8.624275468438404	-7.547190189361572	294.0
4801	8.390324560202428	-8.814680326692617	-7.639278888702393	294.0
4819	8.426201109125568	-9.265968347882309	-7.684119701385498	294.0
4838	8.332477439158929	-9.336843901805462	-7.628245830535889	294.0
4858	8.462114924289443	-9.515275287411248	-7.787922382354736	294.0
4878	8.431246983202902	-9.807880447199953	-7.74021053314209	294.0
4897	8.237308442379614	-10.140762464034013	-7.715816497802734	294.0
4919	8.252435151989227	-10.21814820771464	-7.644247055053711	294.0
4937	8.215152398421367	-10.503631649181646	-7.608023643493652	294.0
4956	8.58754683627374	-10.604586226607498	-7.6652750968933105	294.0
4975	8.520486555161423	-10.579018246130035	-7.74507474899292	294.0
4995	8.43408975328987	-10.799211754139092	-7.888226509094238	294.0
5013	8.376690026600189	-10.751415934795805	-8.038650512695312	294.0
5036	8.37357663500649	-10.869612844495236	-7.99638557434082	294.0
5053	8.497020934858286	-11.097298198624234	-8.008501052856445	294.0
5072	8.75941312479005	-11.298239090691307	-7.968472957611084	294.0
5091	8.692401691691547	-11.573373959441051	-7.98777437210083	294.0
5111	8.416516667489221	-11.70121373598643	-8.15474796295166	294.0
5130	8.553277746818345	-11.81947344404976	-8.154522895812988	294.0
5149	8.59300311615811	-12.244338093899247	-7.921848297119141	294.0
5169	8.62246707851048	-12.648023963345349	-7.716994285583496	294.0
5188	8.742284225126935	-12.777346180963498	-7.839193344116211	294.0
5208	8.669110304451852	-12.804284408740402	-7.837440490722656	294.0
5227	8.367493499058483	-13.001614982052658	-7.826948165893555	294.0
5246	8.40203124367815	-13.09096547575586	-7.755478858947754	294.0
5270	8.59118595856224	-13.234365500895802	-7.492166042327881	294.0
5288	8.525171074493668	-13.501556606512146	-7.504791259765625	294.0
5307	8.525171074493668	-13.501556606512146	-7.504791259765625	294.0
5328	8.611248808738477	-13.773146959765764	-7.832437992095947	294.0
5345	8.611248808738477	-13.773146959765764	-7.832437992095947	294.0
5364	8.549926299063815	-14.14891182280154	-7.718524932861328	294.0
5383	8.459378863609684	-14.404575246412891	-7.676713466644287	294.0
5407	8.412372799387633	-14.693185288221123	-7.4624104499816895	294.0
5424	8.377691571133203	-14.661774079667929	-7.422780990600586	294.0
5441	8.333121869691533	-14.92017073568267	-7.508721351623535	294.0
5462	8.154016707383471	-14.952679674557036	-7.481020927429199	294.0
5481	7.865641951303005	-15.211524829287166	-7.500459671020508	294.0
5500	7.986294912487961	-15.119600416217242	-7.200711250305176	294.0
5519	7.997867561636288	-15.248725222188874	-6.892104148864746	294.0
5538	7.965807077776745	-15.446965078774081	-6.797983646392822	294.0
5558	7.952578311228481	-15.610467860867018	-6.9223103523254395	294.0
5578	7.863815113230032	-15.788999515308166	-7.0384202003479	294.0
5597	7.7952378326682545	-15.806156421760093	-7.192349433898926	294.0
5616	7.835634328170525	-15.989971765741954	-7.1295366287231445	294.0
5636	7.915189358351432	-16.023809063040865	-7.167174339294434	294.0
5656	7.860184517546485	-16.17320724799596	-7.232235908508301	294.0
5676	7.592577325232334	-16.340956310315484	-7.571207046508789	294.0
5694	7.444536455859742	-16.40181573854921	-7.762694358825684	294.0
5714	7.424233437851253	-16.457391884477293	-7.838303565979004	294.0
5735	7.288186882606393	-16.57889356100744	-7.853827476501465	294.0
5753	7.1225065250690625	-16.72621207846636	-7.720966339111328	294.0
5773	6.897325008478886	-16.990689674000688	-7.795868873596191	294.0
5791	6.756538264987409	-16.97964258769145	-7.721633434295654	294.0
5811	6.627881622886937	-17.13252121807862	-7.7911224365234375	294.0
5830	6.736814638126683	-17.128282418158896	-7.645131587982178	294.0
5853	6.8111007117686935	-17.36610761058656	-7.56149959564209	294.0
5871	6.67194211088476	-17.477120620167828	-7.432058334350586	294.0
5889	6.72799684429174	-17.779801201147983	-7.478880882263184	294.0
5908	6.788735491063316	-18.16746147615707	-7.496030807495117	294.0
5927	6.900140673252883	-18.177051378059467	-7.500852584838867	294.0
5947	6.699149726901114	-18.393191340249114	-7.4075493812561035	294.0
5967	6.5649817170289495	-18.647386850410754	-7.468382835388184	294.0
5991	6.4102439250239405	-18.5721592827283	-7.680478572845459	294.0
6010	6.4102439250239405	-18.5721592827283	-7.680478572845459	294.0
6025	6.512314639930339	-18.44323297532282	-7.601633548736572	294.0
6046	6.411941494143845	-18.553546785534298	-7.373396873474121	294.0
6065	6.160183874040125	-18.65804914151694	-7.148777961730957	294.0
6084	5.974373994907419	-18.514029515622468	-7.352099418640137	294.0
6104	5.690586139904723	-18.752443524293327	-7.3140974044799805	294.0
6124	5.984955685132056	-18.81511338569706	-7.557260990142822	294.0
6143	6.260806317578554	-18.76997208680725	-7.437537670135498	294.0
6161	6.002672954763715	-19.04409901507986	-7.556024551391602	294.0
6180	5.631618886472692	-19.384226814304352	-7.663321495056152	293.0
6200	5.542119568957618	-19.47695428493064	-7.619925498962402	293.0
6219	5.51927372665944	-19.498658088435842	-7.7054595947265625	293.0
6241	5.589175833879058	-19.648425630213936	-7.563108444213867	293.0
6258	5.432722352158987	-19.602666085865856	-7.778033256530762	293.0
6279	5.185950688804717	-19.696744923167675	-7.951674461364746	293.0
6298	4.9335188015129985	-19.730668495445983	-8.186867713928223	293.0
6319	4.898339701670058	-19.973325521579774	-8.17190933227539	293.0
6339	4.906675448144905	-19.869684646003265	-8.096105575561523	293.0
6356	4.703465024690329	-19.850042510704576	-8.432657241821289	293.0
6376	4.559619348479233	-19.908125762195553	-8.569477081298828	293.0
6394	4.477610478419456	-19.847528003092204	-8.827848434448242	293.0
6415	4.562954661531294	-19.90407765546489	-8.845174789428711	293.0
6434	4.549759789005232	-19.854115849543298	-8.790996551513672	293.0
6453	4.342761573265644	-20.10215074645151	-8.610275268554688	293.0
6473	4.490407270923844	-19.920629991361565	-8.687431335449219	293.0
6492	4.37736658387921	-19.89539538464169	-8.789799690246582	293.0
6511	4.291668381281884	-19.983257738480596	-8.760910034179688	293.0
6530	4.542197647666956	-19.94309881295179	-9.068700790405273	293.0
6549	4.353317494820285	-19.894320581734686	-9.209905624389648	293.0
6572	4.23406873037869	-19.86428856572102	-9.3027925491333	293.0
6589	4.1821508917387185	-20.054621281764557	-9.035745620727539	293.0
6609	4.118067984909209	-20.08574377701597	-9.15987491607666	293.0
6628	4.0072972920132965	-20.16128355344098	-8.755539894104004	293.0
6647	3.900532356488663	-20.239404456784587	-8.53671932220459	293.0
6668	3.845380124121296	-20.122258985621507	-8.772611618041992	293.0
6688	3.3863068060038293	-20.149797228516775	-8.907855987548828	293.0
6708	3.433822924106525	-19.92927468103215	-9.160688400268555	293.0
6727	3.3599085576211816	-20.026582225671305	-9.282938003540039	293.0
6746	3.3599085576211816	-20.026582225671305	-9.282938003540039	293.0
6764	3.309712404867918	-19.896916482044904	-9.619759559631348	293.0
6783	3.2299716962487843	-19.774256262632726	-9.311668395996094	292.0
6804	3.358381754601417	-19.806885875927843	-9.340167999267578	292.0
6826	3.4671008052796	-19.951054123331165	-9.472647666931152	292.0
6847	3.499962539063553	-19.96814383966258	-9.557428359985352	292.0
6863	3.626978530200938	-19.88779527219934	-9.697002410888672	292.0
6881	3.2957762330889344	-20.000542808482273	-9.559296607971191	292.0
6901	3.395031365926405	-19.82759149032366	-9.277633666992188	292.0
6920	3.2669858873356548	-20.13101912936796	-9.043084144592285	292.0
6941	3.177296513296506	-20.289962269976726	-9.250985145568848	292.0
6960	2.9088073135357386	-20.172715985021643	-9.346268653869629	292.0
6980	2.8525470211627564	-20.089221223312183	-9.403848648071289	292.0
6997	2.710845658401347	-20.08063123392263	-9.334446907043457	292.0
7017	2.733509877779064	-19.874894983338336	-9.149097442626953	292.0
7036	2.9677959397020044	-19.960637002231646	-9.140585899353027	292.0
7058	2.8946243825484315	-20.02097565202422	-8.923707008361816	292.0
7076	2.622064394964917	-19.917150776743554	-8.789396286010742	292.0
7095	2.5315663005713716	-19.837134638791323	-8.344398498535156	292.0
7114	2.503305503903523	-19.967138281223765	-8.40572452545166	292.0
7134	2.3983263309652756	-19.838234058721955	-8.807991981506348	292.0
7154	2.3532944828988502	-19.621540894561125	-9.181694030761719	292.0
7173	2.217517445946166	-19.505637044684608	-9.614958763122559	292.0
7195	2.0916250965944685	-19.367579181928317	-9.770258903503418	292.0
7214	1.9218000406893048	-19.508920797926017	-9.548257827758789	292.0
7232	1.91122478230194	-19.50133707854317	-9.311516761779785	292.0
7250	1.8912795043650033	-19.62977298259121	-9.371825218200684	292.0
7271	1.7847035094907409	-19.40357109960659	-9.417293548583984	292.0
7290	1.6581959571686902	-19.090720412474116	-9.673188209533691	292.0
7308	1.7661793671892618	-18.940484361813034	-10.080782890319824	292.0
7329	1.9555881835063795	-18.777770056244858	-10.215181350708008	292.0
7348	2.0436210918770255	-18.838998186775147	-10.052291870117188	292.0
7366	2.0767516452077137	-18.98887166914589	-9.774100303649902	292.0
7388	2.0994823541389125	-19.183042634934676	-9.263973236083984	293.0
7407	1.9854126123892897	-19.07696488269294	-9.36314868927002	293.0
7431	1.9854126123892897	-19.07696488269294	-9.36314868927002	293.0
7445	1.7832167655818303	-18.782544932210694	-9.601879119873047	293.0
7464	1.7832167655818303	-18.782544932210694	-9.601879119873047	293.0
7484	1.6643212658167783	-18.802127055133226	-9.547839164733887	293.0
7503	1.6623096296503832	-18.829441909560444	-9.579351425170898	293.0
7524	1.6220467634428601	-18.961788904674002	-9.4830322265625	293.0
7545	1.6593719517564656	-18.922923263091384	-9.414361000061035	293.0
7565	1.8303663895929023	-19.005812320320985	-9.361541748046875	293.0
7581	2.070097633182967	-18.95719174661612	-9.282543182373047	294.0
7600	2.134623532142969	-18.88328348055907	-9.447762489318848	294.0
7620	2.210163259113962	-19.020568543885528	-9.549210548400879	294.0
7639	2.3283213294564824	-19.066533026629738	-9.684855461120605	294.0
7660	2.067215107453464	-18.91493318852484	-9.51263427734375	294.0
7679	2.0650272834949632	-18.738389014001232	-9.57623291015625	294.0
7698	2.0308371701510546	-18.843352003056516	-9.4633150100708	294.0
7717	1.9971689621455424	-18.99786928981079	-9.42702865600586	294.0
7737	1.7947208818972038	-19.01617111532375	-9.440467834472656	294.0
7756	1.9523834720818458	-19.150299691236864	-9.414931297302246	294.0
7778	1.985675400363497	-19.07555981164397	-9.341772079467773	294.0
7796	1.8241928591222283	-18.98544508878733	-9.339530944824219	294.0
7815	2.093703670734794	-19.12058294191942	-9.344831466674805	294.0
7835	2.1623517020149787	-19.253334724891733	-9.275537490844727	294.0
7854	2.13407827935616	-19.25876403412966	-9.578078269958496	294.0
7873	1.85934927241251	-19.05580551042635	-9.757586479187012	294.0
7899	2.132097806923329	-18.95250421578	-9.979840278625488	294.0
7912	2.0983338540037884	-18.94847549650938	-9.979583740234375	294.0
7932	1.96046776524176	-18.97340473656777	-9.949360847473145	294.0
7951	1.994548779414252	-18.873646699816096	-9.717450141906738	294.0
7969	1.7792105889680112	-18.92969566304107	-9.65962028503418	294.0
7989	1.7407976932736018	-18.87341590181319	-9.545255661010742	294.0
8010	1.5707319899297776	-18.80864378657945	-9.62746810913086	294.0
8030	1.839232698132795	-18.472647903267724	-9.82817268371582	294.0
8047	1.5721936329712594	-18.519993312007415	-9.9404296875	294.0
8066	1.5726758305827242	-18.346851426136368	-10.022151947021484	294.0
8087	1.6656730654227232	-18.323367458066134	-10.34058952331543	294.0
8106	1.727142104001726	-18.3941543262626	-10.425567626953125	294.0
8126	1.848098395922747	-18.472791963012767	-10.219202995300293	294.0
8146	1.848098395922747	-18.472791963012767	-10.219202995300293	294.0
8166	2.17558119978351	-18.15572797661479	-10.672724723815918	294.0
8187	2.17558119978351	-18.15572797661479	-10.672724723815918	294.0
8204	2.0699351391504357	-18.19108957268479	-10.812156677246094	294.0
8223	2.139823581804195	-18.09525659425205	-10.873250961303711	294.0
8242	2.123085650377724	-18.058879968701362	-10.826735496520996	294.0
8261	2.154778889586981	-17.95098311782458	-10.815545082092285	294.0
8282	2.0323162571364977	-17.947183457945854	-10.981772422790527	294.0
8301	2.0815591653212695	-17.87001372324439	-11.115253448486328	294.0
8321	1.8703962405026195	-17.860725094915445	-10.920066833496094	294.0
8339	1.5121104746502516	-17.986242434907798	-10.831991195678711	294.0
8359	1.4561060039860867	-18.058777065808236	-10.733382225036621	294.0
8379	1.432755460609564	-18.12272189729701	-10.695760726928711	294.0
8400	1.4427553777906028	-18.04824927335033	-10.826822280883789	294.0
8418	1.3984532238295853	-17.893801044349612	-10.802392959594727	294.0
8438	1.6029812889931478	-17.736393383686263	-10.799149513244629	294.0
8457	1.4669410635605842	-17.825571351451373	-10.807729721069336	294.0
8477	1.548186150001517	-17.672062339516003	-10.959404945373535	294.0
8496	1.6282227423904894	-17.69024759825854	-11.056760787963867	294.0
8515	1.8274962880438228	-17.577033378036635	-11.357179641723633	294.0
8534	1.821762297518864	-17.37246025222985	-11.642175674438477	294.0
8554	1.7025413243691159	-17.448300811639204	-11.68459415435791	294.0
8573	1.632037938805932	-17.666527603417066	-11.988393783569336	294.0
8593	1.504011648980586	-17.695739367175314	-12.249917984008789	294.0
8612	1.5383728663930976	-17.67448260751638	-12.377711296081543	294.0
8632	1.658904029770568	-17.821913912409947	-12.418037414550781	294.0
8650	1.564430796230594	-17.93114746527532	-12.371315002441406	294.0
8670	1.4369983438054603	-18.14145649845486	-12.419427871704102	294.0
8689	1.3377911465649315	-18.27718128341123	-12.427057266235352	294.0
8709	1.2306283351335212	-18.222776273435112	-12.782478332519531	294.0
8728	1.3938250441151412	-18.233342949537167	-12.874053001403809	294.0
8750	1.5604221329917702	-18.24279776518843	-12.783388137817383	294.0
8767	1.6917613323231036	-18.346710466024934	-12.777793884277344	294.0
8787	1.6895358296286118	-18.366094276025215	-12.925164222717285	294.0
8807	1.8158904390111315	-18.367557792345508	-12.933725357055664	294.0
8827	1.7629322131217942	-18.384231446479507	-12.977960586547852	294.0
8845	1.7629322131217942	-18.384231446479507	-12.977960586547852	294.0
8865	1.7472955536984696	-18.25043648894356	-13.189099311828613	294.0
8884	1.8456238949660346	-18.062177917415273	-13.309319496154785	294.0
8904	1.7342798686406307	-17.88436742474257	-13.40489387512207	294.0
8923	1.8101256285935146	-17.874629466652294	-13.366793632507324	294.0
8942	1.6782648083933736	-17.768579910849468	-13.485127449035645	294.0
8962	1.5805865601821345	-17.72781922772853	-13.45529842376709	294.0
8982	1.5642488532207603	-17.604354425827786	-13.428914070129395	294.0
9009	1.6746194984806602	-17.61199398320382	-13.604968070983887	294.0
9021	1.8180389767149263	-17.588731976403267	-13.70595932006836	294.0
9041	1.8901239739799403	-17.504412341768944	-13.680805206298828	294.0
9059	2.0609446171085786	-17.610279389872304	-13.867671012878418	294.0
9079	1.88912988856618	-17.691098570944177	-14.015344619750977	294.0
9102	1.940517035455102	-17.78081219486847	-14.076231956481934	294.0
9119	1.958247904173795	-18.17777776852664	-14.145097732543945	294.0
9137	1.7714441981825542	-18.31820605138147	-14.376139640808105	294.0
9158	1.6103566972029493	-18.194777998748286	-14.212247848510742	294.0
9177	1.5586223498510519	-18.040835097620736	-14.599845886230469	294.0
9198	1.4823871880497357	-17.92422211037119	-15.0987548828125	295.0
9219	1.4340357083909037	-17.624758058412485	-15.106367111206055	295.0
9237	1.570000845107896	-17.651302877992993	-15.019612312316895	295.0
9255	1.5557297359112727	-17.719363901745268	-14.823402404785156	295.0
9274	1.5022380451872637	-17.59699811050761	-14.53709602355957	295.0
9293	1.6822920297872448	-17.917900180183036	-14.40715217590332	295.0
9314	1.5690539631261966	-17.892635812135612	-14.668486595153809	295.0
9339	1.6007881272854212	-17.715340171283827	-14.641454696655273	295.0
9351	1.7428344345773439	-17.499094377493034	-15.095884323120117	295.0
9370	1.9567825483107193	-17.415961154448503	-15.563234329223633	295.0
9390	2.1185017287477352	-17.342242457276082	-15.826309204101562	296.0
9409	2.0170404260374153	-17.528862974293634	-16.011991500854492	296.0
9430	2.068972774360365	-18.077074426880195	-16.057016372680664	296.0
9448	2.204709450899537	-18.22939383026891	-15.722402572631836	296.0
9471	2.358332027879047	-18.441968438172154	-15.738859176635742	296.0
9486	2.412117305663662	-18.558457766651866	-16.084867477416992	296.0
9507	2.4164019249002626	-18.35094529530038	-16.44514274597168	296.0
9528	2.537974430795662	-17.990886040553374	-16.77223014831543	296.0
9546	2.635685461220838	-17.80631937414141	-17.05487060546875	296.0
9566	2.635685461220838	-17.80631937414141	-17.05487060546875	296.0
9585	2.920985279680622	-18.11741223799846	-16.574987411499023	297.0
9605	2.987979331300715	-18.161900813997217	-16.327972412109375	297.0
9623	2.832012730649698	-18.251857504693188	-16.47601318359375	297.0
9643	2.829463791230899	-18.222229787826326	-16.45374298095703	297.0
9662	2.9651397909698343	-18.10320017619485	-16.609025955200195	297.0
9681	3.0410906989963737	-18.093597269430933	-16.567508697509766	297.0
9700	3.042962345083702	-18.002854727898114	-16.63732147216797	297.0
9721	3.4181310283969353	-17.969247322875393	-16.66230583190918	297.0
9740	3.675387880502886	-18.0180147658437	-16.70912742614746	297.0
9760	3.850886287845083	-17.98708488947101	-16.651845932006836	297.0
9780	4.051369614023639	-18.20814350245931	-16.484561920166016	298.0
9799	4.108735864295094	-18.335962616039765	-16.413860321044922	298.0
9821	4.003522464654883	-18.10145775208005	-16.522018432617188	298.0
9838	4.223593627718722	-17.823878617577943	-16.668724060058594	298.0
9857	4.806711155324452	-17.541140106242125	-16.94023895263672	298.0
9877	4.819052198007191	-17.59924385490936	-16.930112838745117	298.0
9897	4.9277092864641885	-17.499705705770676	-16.798175811767578	298.0
9917	4.99624214180069	-17.63761427223567	-16.41091537475586	298.0
9936	4.97103989125876	-17.618661212527023	-16.186798095703125	298.0
9956	5.198609509355777	-17.472598466920587	-16.15169906616211	298.0
9973	5.552938342251036	-17.289399596043836	-16.145357131958008	298.0
9993	5.759622572689335	-17.26842697240378	-16.101560592651367	299.0
10013	5.685582151911721	-17.420823703585455	-16.015262603759766	299.0
10031	6.124910232222076	-17.182183234108173	-16.132740020751953	299.0
10052	6.272320382364092	-17.069682540218277	-16.132429122924805	299.0
10071	6.520978538739185	-17.023600124257207	-16.168371200561523	299.0
10090	6.922196666579179	-17.078062880029325	-16.049806594848633	299.0
10110	7.093387806674151	-17.22255214880046	-15.720048904418945	299.0
10129	7.156709302997707	-17.280974591143522	-15.52617073059082	299.0
10148	7.123898730277721	-17.048273405626734	-15.761871337890625	299.0
10168	7.204213837800226	-16.768929190740675	-15.810245513916016	299.0
10188	7.212483395349723	-16.63760268341004	-15.614631652832031	299.0
10207	7.408875779201575	-16.703863730533	-15.402713775634766	299.0
10228	7.188312308842795	-16.78659191144545	-15.105292320251465	299.0
10246	7.191975144097082	-16.82013712654894	-14.662927627563477	299.0
10267	7.191975144097082	-16.82013712654894	-14.662927627563477	299.0
10291	7.2168442210495485	-16.722887240571396	-14.74683952331543	299.0
10304	7.087059835779732	-16.73629479196902	-14.50899887084961	299.0
10323	7.196432078162038	-16.767425206633657	-14.331103324890137	299.0
10343	7.433338308751062	-16.75903141566811	-14.146218299865723	299.0
10362	7.659370217680787	-16.842116326065984	-14.105216979980469	299.0
10382	7.905701345765404	-16.758788100095956	-13.979125022888184	299.0
10402	8.35700377993715	-16.603556878419372	-13.932592391967773	299.0
10421	8.455749701332666	-16.4888311560965	-14.058189392089844	299.0
10440	8.585954841227862	-16.32409528926293	-13.952886581420898	299.0
10461	8.923292456609062	-16.306520756524954	-14.0755615234375	299.0
10480	9.044240080784679	-16.133339222424027	-13.982236862182617	299.0
10499	8.956986273135142	-15.76372435299349	-13.999643325805664	299.0
10518	8.926939198445144	-15.610840296783213	-13.995609283447266	299.0
10538	9.029259196164507	-15.39280260589778	-14.04061508178711	299.0
10557	9.11851760692847	-15.251536637857814	-14.023052215576172	299.0
10576	9.351862469974643	-15.247430588535241	-13.885744094848633	299.0
10597	9.447607388310741	-15.329055563248598	-13.755271911621094	299.0
10616	9.352284530044363	-15.302549673818465	-13.695334434509277	299.0
10636	9.262398261224755	-15.276046925319735	-13.635808944702148	299.0
10658	9.416209877582842	-15.396771290817945	-13.558591842651367	299.0
10674	9.586727273233164	-15.390720187505405	-13.574958801269531	299.0
10693	9.622339788756241	-15.340855593452973	-13.496808052062988	299.0
10713	9.61343179353726	-15.331672554552965	-13.718804359436035	299.0
10732	9.597764531225657	-15.1616218714966	-13.506378173828125	299.0
10753	9.641515407465038	-15.03595765224754	-13.690155029296875	299.0
10772	9.873900339127564	-14.9133196391159	-13.62842082977295	299.0
10790	10.226126829673827	-14.672995129040817	-13.733200073242188	299.0
10810	10.591630813795048	-14.5422621824966	-13.635686874389648	299.0
10829	10.764685374977692	-14.391714688711833	-13.522817611694336	299.0
10848	11.0081880687986	-14.28381671939768	-13.528903007507324	299.0
10869	11.15992830065343	-14.117717000006405	-13.510952949523926	299.0
10886	11.09105905588883	-14.187011911978594	-13.789863586425781	299.0
10908	11.186053053216886	-14.077861097389322	-13.708243370056152	299.0
10925	11.372662432178178	-13.938809729277912	-13.780327796936035	299.0
10947	11.260090618311972	-14.014379748780144	-13.84007740020752	299.0
10966	11.260090618311972	-14.014379748780144	-13.84007740020752	299.0
10985	11.340769807553556	-14.00208257012996	-14.055229187011719	298.0
11004	11.59941029664281	-13.778909833332694	-13.954522132873535	298.0
11023	11.569508663566191	-13.718877099030843	-14.262739181518555	298.0
11044	11.573196586458714	-13.634229674658007	-14.111719131469727	298.0
11063	11.964546140680472	-13.421294024828667	-14.10255241394043	298.0
11083	12.238888813137052	-13.379610089408702	-13.966411590576172	298.0
11101	12.344742876621714	-13.409004204547818	-13.74743938446045	298.0
11121	12.566299423173556	-13.34057110270863	-13.63821792602539	298.0
11140	12.78726923915836	-13.182638810557588	-13.51795482635498	298.0
11159	12.662369842448179	-13.243466418125372	-13.596399307250977	298.0
11180	12.694140767836538	-13.337332843763113	-13.65605640411377	297.0
11199	12.80762534799492	-13.544462982939386	-13.973954200744629	297.0
11218	12.703198186559495	-13.537779976933896	-13.908670425415039	297.0
11238	12.722029723388651	-13.667292055560688	-13.903400421142578	297.0
11257	13.021257501078322	-13.851423510206573	-13.72370719909668	297.0
11278	13.300584992207757	-13.9493426233228	-13.627306938171387	297.0
11297	13.006410045248192	-14.286839063252913	-13.562259674072266	297.0
11316	13.10882237469659	-14.51026957330285	-13.689108848571777	297.0
11336	13.18431243262325	-14.519553388890092	-13.466309547424316	297.0
11355	13.275102556505287	-14.293591005612257	-13.07798957824707	297.0
11374	13.357928634239412	-14.270046122606468	-13.262064933776855	297.0
11393	13.439796548130321	-14.344050968936834	-13.118368148803711	296.0
11414	13.24386637931441	-14.325116719478197	-13.165075302124023	296.0
11432	12.992995271540936	-14.565274385178185	-13.037155151367188	296.0
11453	13.212457324530874	-14.668928474524382	-12.791016578674316	296.0
11472	13.250483045251585	-14.80048442566007	-12.429821014404297	296.0
11493	13.38806712362067	-15.032451826030158	-12.196176528930664	296.0
11510	13.28387467428142	-15.158939935359468	-12.134671211242676	296.0
11530	13.47573852332755	-15.093299201769753	-11.8164644241333	296.0
11549	13.714479256200448	-14.977723463400185	-11.762673377990723	296.0
11568	13.769895179202896	-14.901428127621669	-11.701711654663086	296.0
11588	13.864590415273321	-14.983865281820439	-11.617372512817383	294.0
11607	13.818521289244138	-15.112058633186615	-11.339784622192383	294.0
11630	13.676306737640749	-15.230257178260787	-11.2122163772583	294.0
11646	13.622733050747051	-15.177797473833667	-11.087804794311523	294.0
11666	13.570149555695394	-15.197530809404189	-11.087653160095215	294.0
11686	13.570149555695394	-15.197530809404189	-11.087653160095215	294.0
11706	13.454348858269222	-15.496823496027115	-11.154680252075195	294.0
11729	13.306464615476328	-15.589301825134	-11.018290519714355	294.0
11743	13.018755351205526	-15.760838618510254	-11.027606964111328	294.0
11763	12.827367762105583	-15.835920370781801	-10.656184196472168	294.0
11782	12.785735423890921	-16.073279723778896	-10.348357200622559	292.0
11801	12.659989380795635	-16.244339247663028	-10.156274795532227	292.0
11822	12.654626929811968	-16.295125147839585	-10.009315490722656	292.0
11846	12.441526167949032	-16.56730389417834	-9.844278335571289	292.0
11860	12.29490235760053	-16.439526537312407	-9.679719924926758	292.0
11881	12.328065521241404	-16.284519077859603	-9.530780792236328	292.0
11899	12.643869534259066	-16.20509693999331	-9.206698417663574	292.0
11919	12.448029602954664	-16.22188376502313	-9.035682678222656	292.0
11939	12.234772504180123	-16.072550290035995	-8.883935928344727	292.0
11960	12.1509006980463	-16.232080809044533	-8.57835578918457	292.0
11977	11.964668326524487	-16.31417832754384	-8.394783020019531	290.0
11997	11.994138116610179	-16.257300104455048	-8.484928131103516	290.0
12017	11.936047071925694	-16.21996489236868	-8.508910179138184	290.0
12036	11.667577612579956	-16.29004794396451	-8.698043823242188	290.0
12055	11.480923040553606	-16.32714999197144	-8.732514381408691	290.0
12077	11.477814668423791	-16.23332468654738	-8.661848068237305	290.0
12097	11.379804722666117	-16.329545395384155	-8.536666870117188	290.0
12113	11.285223690066852	-16.30032410907918	-8.394951820373535	290.0
12133	11.059005344228252	-16.31087288895201	-8.288007736206055	290.0
12152	10.998332470342408	-16.303564246555528	-7.9114227294921875	290.0
12172	10.714973496187627	-16.51627383614368	-7.780170440673828	290.0
12191	10.793144776738941	-16.69096265112949	-7.288675785064697	288.0
12210	10.511610256801157	-16.61108163670819	-7.226057052612305	288.0
12232	10.496594177879505	-16.56160182369408	-7.2525529861450195	288.0
12249	10.36613218011552	-16.6619874623875	-7.388442039489746	288.0
12269	10.263194667303505	-16.52875937028832	-7.395439624786377	288.0
12289	10.17856849682966	-16.333602744633712	-7.203415393829346	288.0
12307	10.08553047938524	-16.130895518072737	-7.413395881652832	288.0
12326	10.091022796930382	-15.942378990761846	-7.077012538909912	288.0
12346	9.961473507545533	-15.960145851822107	-7.062121391296387	288.0
12368	9.910184483759608	-16.02529198515007	-6.830214977264404	288.0
12385	9.910184483759608	-16.02529198515007	-6.830214977264404	287.0
12406	9.748889842822159	-16.10484300567642	-6.508157730102539	287.0
12424	9.694319724620795	-16.128733310154978	-6.287879943847656	287.0
12444	9.628448956065252	-16.210409509015545	-6.389500617980957	287.0
12463	9.607078214283918	-16.262091603954115	-6.619840145111084	287.0
12482	9.616288012382832	-16.33019028733763	-6.330125331878662	287.0
12502	9.591913274455514	-16.445874558077342	-6.323056221008301	287.0
12522	9.404722860483394	-16.40023142017976	-6.155654430389404	287.0
12540	9.21732093134419	-16.413054832533437	-5.872364044189453	287.0
12561	9.214299490947832	-16.46154099172613	-5.849582195281982	287.0
12582	8.900364549100718	-16.399920845909776	-6.081966400146484	286.0
12599	8.902463879050876	-16.263734309461633	-5.816965103149414	286.0
12619	8.823233475711504	-16.358748605708055	-5.722707748413086	286.0
12640	8.699560246909227	-16.353809987158524	-5.858663558959961	286.0
12658	8.752865524367715	-16.37355987076244	-6.0279340744018555	286.0
12678	8.828528522580683	-16.331106113235617	-6.128959655761719	286.0
12700	9.011879869108895	-16.378605031302016	-6.344831466674805	286.0
12717	9.056711401628972	-16.380082709078227	-6.246300220489502	286.0
12737	9.390499072159754	-16.43217673350399	-5.7998151779174805	286.0
12755	9.17925590841416	-16.534466360116532	-5.978787422180176	286.0
12774	9.050129398707472	-16.50196463884253	-5.9802775382995605	286.0
12794	8.91776980926939	-16.592151075184063	-5.869407653808594	286.0
12814	8.805392862118197	-16.638962510610384	-5.851418495178223	286.0
12834	8.474287018739666	-16.71104337211682	-5.936462879180908	286.0
12853	8.44313047428695	-16.7060754659737	-6.065542697906494	286.0
12872	8.201079465332068	-16.72152315642921	-6.037412643432617	286.0
12891	8.036286357666414	-16.750838833325997	-6.11224365234375	286.0
12912	7.921958547487354	-16.735954063774415	-5.783656120300293	286.0
12930	7.840171965164848	-16.979078619892988	-5.707502365112305	286.0
12950	7.905321424367142	-16.93872163963823	-5.825167179107666	286.0
12971	7.674818259028547	-16.732461383034824	-5.818519115447998	286.0
12988	7.672550891237714	-16.70136238715784	-5.715725898742676	286.0
13008	7.504653357561706	-16.803910527326014	-5.52433967590332	286.0
13027	7.556480956561783	-16.782133224098366	-5.930630683898926	286.0
13046	7.58744173932241	-16.670856597368438	-6.064218521118164	286.0
13067	7.850863664139865	-16.55031819847444	-6.008026123046875	286.0
13086	7.850863664139865	-16.55031819847444	-6.008026123046875	286.0
13106	7.97947505878844	-16.415932936728407	-5.947430610656738	286.0
13125	7.897938151513855	-16.367204354114325	-5.940406799316406	286.0
13144	7.936859805016828	-16.47800533788865	-5.851952075958252	286.0
13165	7.922249116551045	-16.375354829185607	-6.216238975524902	286.0
13185	7.980595165245894	-16.07554188274541	-6.252885818481445	287.0
13203	7.933273505132554	-15.945416223974249	-6.1007537841796875	287.0
13222	7.826947762616972	-15.8403281615315	-6.12185525894165	287.0
13241	7.7236037309392565	-15.913995077681662	-6.252640724182129	287.0
13260	7.851578263009374	-15.82888248127767	-6.156948566436768	287.0
13283	7.965611736305391	-15.910939318798269	-6.184761047363281	287.0
13302	8.007504283285394	-15.770054476237275	-6.2196831703186035	287.0
13320	8.115985988441032	-15.828637481551896	-5.758823394775391	287.0
13339	8.044202782329128	-16.044022438924063	-5.809748649597168	287.0
13358	8.061028881828367	-16.189158847483696	-5.966254234313965	287.0
13377	8.222507782953436	-16.485732017546763	-5.943868637084961	287.0
13397	8.083035324945941	-16.626368114501563	-6.103140354156494	287.0
13416	7.876675977579948	-16.727965890155893	-6.26075553894043	287.0
13437	7.620840581971607	-16.78840139229342	-6.1897993087768555	287.0
13456	7.764346787829297	-16.865561893582154	-6.066470623016357	287.0
13475	7.823326036835768	-17.00027754459182	-6.228813648223877	287.0
13495	7.898880415034491	-16.901201613653672	-6.171270370483398	287.0
13516	7.933746203559276	-16.8353730195027	-6.095223903656006	287.0
13533	7.724755264675796	-16.732479453353626	-6.073035717010498	287.0
13554	7.745375775765765	-16.71821288097202	-6.009371757507324	287.0
13573	7.728620910814818	-16.64560824517046	-6.004621505737305	287.0
13591	7.825621682219313	-16.77017393369656	-5.79430627822876	288.0
13610	7.5906637392729435	-16.85760942060473	-6.023711681365967	288.0
13633	7.567095722932896	-16.75961766773576	-6.181936264038086	288.0
13649	7.681484543988839	-16.825701332450734	-6.226268291473389	288.0
13668	7.562600164166859	-16.802422222933444	-6.1044602394104	288.0
13688	7.812812656092572	-16.83137259615634	-6.202906131744385	288.0
13708	7.814079628974497	-16.719853402157828	-6.062441349029541	288.0
13726	7.9069790275211895	-16.73239592766839	-5.995155334472656	288.0
13747	7.716719892345612	-16.626736255435	-6.192147254943848	288.0
13769	7.697371420843337	-16.648669758075748	-6.112447738647461	288.0
13787	7.6650387340895545	-16.652416424718833	-5.9339823722839355	289.0
13806	7.377332489114157	-16.706465967347597	-5.979736328125	289.0
13825	7.377332489114157	-16.706465967347597	-5.979736328125	289.0
13844	7.443969267989608	-16.72860028509981	-6.170206546783447	289.0
13864	7.372040596389542	-16.658395890226117	-6.042610168457031	289.0
13885	7.596626830586685	-16.7758557436866	-6.022653579711914	289.0
13902	7.596249189997373	-16.809444586939122	-5.989387512207031	289.0
13923	7.703760176266399	-16.737970000124584	-6.084563732147217	289.0
13941	7.7159047314978	-16.626172115412743	-6.069553375244141	289.0
13961	7.6560332278243655	-16.63989887655404	-6.0638427734375	289.0
13980	7.6809440078930935	-16.62338501133012	-6.001718521118164	289.0
14001	7.657914276668137	-16.650498030266068	-5.788784027099609	289.0
14019	7.721130258823681	-16.635556909246205	-5.654755592346191	289.0
14040	7.654271094230034	-16.407867142231837	-5.724749565124512	289.0
14058	7.657924598880067	-16.274311904596903	-5.764051914215088	289.0
14077	7.649511966634655	-16.319692548540225	-5.6977410316467285	289.0
14100	7.72918840973781	-16.41164453046379	-5.661739349365234	289.0
14116	7.783466963130872	-16.3525398483977	-5.631954193115234	289.0
14136	7.830436169229952	-16.3477258477166	-5.680116176605225	289.0
14162	7.913435262114627	-16.344969183040185	-5.577141761779785	289.0
14175	7.710327012982483	-16.57408126540681	-5.655287742614746	289.0
14194	7.598614561643066	-16.590475923418634	-5.742645263671875	289.0
14214	7.627765987909724	-16.65908739136137	-5.63790225982666	289.0
14234	7.60126533777432	-16.57404453761902	-5.6690874099731445	289.0
14253	7.570005963932321	-16.555792845204202	-5.894819259643555	289.0
14272	7.514899299806738	-16.530549033941735	-6.1628642082214355	289.0
14291	7.523076508922275	-16.38807066720685	-6.411645889282227	289.0
14310	7.617071903282437	-16.564526501686487	-6.471879959106445	289.0
14330	7.84970588553268	-16.36390750068544	-6.335701942443848	289.0
14349	7.768245616818687	-16.537166498480904	-6.120734214782715	289.0
14370	7.783948408235854	-16.575897999516968	-6.110574722290039	289.0
14389	7.8528700152965545	-16.57395663697511	-6.021218299865723	289.0
14408	7.799132576806148	-16.52013577113404	-6.058288097381592	289.0
14427	7.894501108254328	-16.454351458919447	-6.093671798706055	289.0
14446	7.902239605243123	-16.55638522118727	-5.947005271911621	289.0
14467	7.73691053270305	-16.27461131428789	-5.592315196990967	289.0
14487	7.600400047104233	-16.348997573544608	-5.505954742431641	289.0
14506	7.656023105991416	-16.357792577786984	-5.433224678039551	289.0
14525	7.631099022537576	-16.435568927410145	-5.367605209350586	289.0
14550	7.631099022537576	-16.435568927410145	-5.367605209350586	289.0
14563	7.469750336992507	-16.6001524834213	-5.4700422286987305	289.0
14583	7.560969842796528	-16.518047570864937	-5.5761332511901855	288.0
14602	7.406705095833277	-16.483439892157232	-5.990693092346191	288.0
----------------도착----------------
14622	7.303410622880389	-16.478725993464845	-6.105236053466797	288.0
14641	7.218595315309477	-16.671165928823616	-6.298639297485352	288.0
14661	7.124131953808144	-16.709668119482636	-6.06606388092041	288.0
14680	7.1100141918300555	-16.636922799611906	-6.222121238708496	288.0
14700	7.0697309188262105	-16.566023553004424	-6.576516151428223	288.0
14718	7.250658009948366	-16.491719235387002	-6.516940116882324	288.0
14746	7.371831960133212	-16.699494826415602	-6.671889305114746	288.0
14758	7.560469584680931	-16.784244554495398	-6.37631368637085	288.0
14777	7.7244115328524865	-16.74190009397312	-6.384757041931152	287.0
14797	7.8818537479983	-16.704940272586494	-6.191062927246094	287.0
14816	8.039781376835151	-16.882509878662358	-6.291441917419434	287.0
14837	8.179488090087798	-16.89686943407856	-6.227382659912109	287.0
14857	8.155664311584971	-16.999255074773718	-6.1457672119140625	287.0
14875	8.149922619779595	-17.149009262779273	-6.143028259277344	287.0
14895	7.943598110558371	-17.010880689015288	-5.854400634765625	287.0
14915	7.8004856835211	-17.043693737000027	-6.0752058029174805	287.0
14932	7.705550859584951	-17.0768758731712	-5.925347328186035	287.0
14953	7.713281268915103	-16.999531923938765	-5.9294328689575195	287.0
14972	7.675121685203681	-16.804687266588555	-5.951077461242676	287.0
14991	7.74891414583352	-16.614495779361814	-5.954855918884277	286.0
15011	7.6852711294583695	-16.57790347990017	-5.968091011047363	286.0
15031	7.691745189409747	-16.33013509451782	-6.062575340270996	286.0
15049	7.934142403854313	-16.40115633932683	-5.928586006164551	286.0
15071	7.95858829093343	-16.2489534284541	-5.818611145019531	286.0
15089	8.027534429411174	-16.12638661699311	-6.060464382171631	286.0
15108	7.964270167068777	-16.2437626314309	-6.1122846603393555	286.0
15127	7.967020615908682	-16.244965662139332	-5.9523115158081055	286.0
15147	7.86829009114114	-16.515140496011718	-5.840518474578857	286.0
15166	7.871067735640781	-16.468334086380242	-5.897307395935059	286.0
15186	7.811348660122209	-16.68671963796422	-5.629134178161621	286.0
15206	7.811348660122209	-16.68671963796422	-5.629134178161621	286.0
15225	7.613040982825185	-16.461719000640073	-5.733172416687012	286.0
15245	7.586427680467158	-16.31660792728464	-5.770856857299805	286.0
15265	7.554671524942955	-16.459824146711785	-5.830149173736572	286.0
15283	7.775303556100351	-16.540701967498233	-5.858884811401367	286.0
15303	7.8184974027561305	-16.51932172323117	-5.934150695800781	286.0
15323	7.775342034643023	-16.359677336722072	-6.170807838439941	286.0
15342	7.949968091652441	-16.36531141020377	-6.078894138336182	286.0
15362	8.000910839303163	-16.228392523219284	-6.283050060272217	286.0
15381	8.105892346740022	-16.324868931846787	-6.297801494598389	286.0
15400	8.240368169415088	-16.44724602010851	-6.103833198547363	286.0
15419	8.252469132966036	-16.363948857821356	-5.8852362632751465	286.0
15439	8.112753043495589	-16.296330124906504	-5.683469772338867	286.0
15459	8.035622295360202	-16.46656932888853	-5.704338550567627	286.0
15479	8.075834571982018	-16.444706161245843	-5.554065704345703	286.0
15498	7.961007025591832	-16.284958869465722	-5.607271194458008	286.0
15517	7.820706551156411	-16.300859811143205	-5.599435329437256	286.0
15539	8.02397369282321	-16.21708371187903	-5.490984916687012	286.0
15556	7.983956114524703	-16.305055427643737	-5.707081317901611	286.0
15576	7.9725920384431435	-16.28749018458568	-5.703485488891602	286.0
15595	7.844005775782334	-16.231930428743976	-5.84224796295166	286.0
15614	7.9102469444183985	-16.17920623085443	-5.729207992553711	286.0
15634	8.032891348630738	-16.39968264885406	-5.67664909362793	286.0
15655	7.8723356821492825	-16.593544347197398	-5.558986663818359	286.0
15674	7.815075656760199	-16.683031996287486	-5.626333236694336	286.0
15693	7.526154541813418	-16.907523634256318	-5.872403144836426	286.0
15711	7.605462492499156	-16.896454888395105	-5.7278923988342285	286.0
15731	7.587203410730559	-16.99889068403377	-5.634413719177246	286.0
15750	7.694732367924281	-16.959275780094035	-5.564836502075195	286.0
15769	7.542312159713635	-17.06976017038216	-5.671267986297607	286.0
15790	7.41698543540339	-16.9891672478874	-5.845654010772705	286.0
15818	7.532383275975446	-17.0420931963007	-5.791903018951416	286.0
15828	7.470071517700155	-17.285155159422793	-5.713464736938477	286.0
15847	7.4118900063679725	-17.2694350222738	-5.655135631561279	286.0
15867	7.238230984778893	-17.45722408377669	-5.775252342224121	286.0
15886	7.350701167904275	-17.381995295729933	-5.762357711791992	286.0
15906	7.402683799591919	-17.501854910833334	-5.898463249206543	286.0
15927	7.498560818658594	-17.119873418086804	-5.937689781188965	286.0
15946	7.573361969117243	-17.10900966934101	-5.831677436828613	286.0
15965	7.573361969117243	-17.10900966934101	-5.831677436828613	286.0
15984	7.565421144252825	-17.021636807737526	-5.956079483032227	286.0
16004	7.6503483018430805	-16.77182886349235	-5.80329704284668	286.0
16022	7.752428179515027	-16.706320697998162	-5.689959526062012	286.0
16042	7.8296165903371415	-16.431591013994765	-5.763433456420898	286.0
16061	7.636290748578733	-16.484463170439266	-5.966742515563965	286.0
16081	7.525486202240153	-16.4535443617728	-5.81105899810791	286.0
16101	7.5832669083298985	-16.730503569909786	-5.612512588500977	286.0
16120	7.501997615206063	-16.72550309529985	-5.681339740753174	286.0
16139	7.479703746758066	-16.841362235121643	-5.599811553955078	286.0
16159	7.459321429532719	-16.70056937692461	-5.759477138519287	286.0
16179	7.462883414873215	-16.706296239720174	-5.709626197814941	286.0
16198	7.444772811377173	-16.71469590626402	-5.514953136444092	286.0
16218	7.399919962207308	-16.755364431824518	-5.289958953857422	286.0
16236	7.373895373834037	-16.898955562368425	-5.413262367248535	286.0
16259	7.28265369417352	-17.026129965657383	-5.408282279968262	286.0
16277	7.24090174754724	-16.92911471098577	-5.296229362487793	286.0
16295	7.146000859277548	-17.022943824859585	-5.244763374328613	286.0
16315	7.295211766238968	-16.978462286883122	-5.12847900390625	286.0
16334	7.307637349831853	-16.991322375630286	-5.371565818786621	286.0
16354	7.337275621310286	-17.117159726758594	-5.28262996673584	286.0
16374	7.551764704555276	-17.18095960463492	-5.381684303283691	286.0
16393	7.612995060439025	-17.116763390073228	-5.364236354827881	285.0
16415	7.545393707512453	-17.139714744218463	-5.489347457885742	285.0
16431	7.839025782210281	-17.419994175253297	-5.340155601501465	285.0
16451	7.951695987080596	-17.23770759610755	-5.354471206665039	285.0
16470	7.932821998107541	-17.34293390782858	-5.469656944274902	285.0
16490	7.9296438835977305	-17.356759380561883	-5.379765510559082	285.0
16512	7.85131352061288	-17.26832262985634	-5.66677188873291	285.0
16528	7.909143165542848	-17.260405614005155	-5.733969688415527	285.0
16548	7.753010100173841	-17.339928728323553	-5.669821739196777	285.0
16567	7.944084226225899	-17.274118467809895	-5.370751857757568	285.0
16587	7.7662322620716635	-17.285868924265802	-5.426191329956055	284.0
16607	7.660040773538963	-17.50887799202668	-5.502048969268799	284.0
16626	7.6476449079703865	-17.52471230531947	-5.746356964111328	284.0
16647	7.641057924457193	-17.36201932449728	-5.8590850830078125	284.0
16664	7.641057924457193	-17.36201932449728	-5.8590850830078125	284.0
16684	7.615016933902749	-17.5968201811851	-5.692480087280273	284.0
16703	7.451279956623192	-17.501228369236376	-5.292508602142334	284.0
16723	7.721135632403905	-17.42467169146747	-5.372585296630859	284.0
16745	7.602709041753851	-17.57826583420194	-5.513661861419678	284.0
16763	7.340676722370387	-17.405267932202037	-5.795725345611572	284.0
16781	7.469702153361838	-17.21758998940814	-5.733016490936279	283.0
16801	7.537293566991546	-17.25158213365507	-5.375618934631348	283.0
16822	7.487728375299978	-17.346841708739962	-5.342768669128418	283.0
16841	7.526666448292702	-17.363683621760952	-5.237004280090332	283.0
16861	7.705794888781096	-17.42707496164214	-5.324404716491699	283.0
16881	7.546167449871102	-17.309237665658618	-5.142355918884277	283.0
16898	7.605464727884554	-17.091436973770982	-5.1900434494018555	283.0
16918	7.839446227274595	-17.23877109665474	-5.027161598205566	283.0
16937	7.843270365605924	-17.154848891931216	-5.033822536468506	283.0
16956	7.857963687375231	-17.108971098655207	-5.331454277038574	283.0
16976	8.007487981076876	-17.06864695261891	-5.337920188903809	283.0
16996	8.247184894588722	-16.884466303865313	-5.381807327270508	282.0
17015	8.107316230461668	-16.963601630609833	-5.2649641036987305	282.0
17034	8.346352040506833	-17.060051032448275	-5.0905537605285645	282.0
17053	8.294166991426811	-17.12104961464313	-5.084490776062012	282.0
17073	8.254547194225738	-17.07333125653479	-5.1857500076293945	282.0
17095	8.340419240736546	-17.111901318288165	-5.386829376220703	282.0
17112	8.24464264645324	-17.06285253218787	-5.350001335144043	282.0
17131	8.18887222875172	-17.21614439603903	-5.232105255126953	282.0
17151	8.039194059514644	-17.273764708639312	-5.156487464904785	282.0
17170	8.219910124319817	-17.130082698476865	-5.33570671081543	282.0
17190	8.082318174693825	-17.052399341456976	-5.606600284576416	280.0
17209	8.240125332275968	-17.17707151964975	-5.582898139953613	280.0
17229	8.363795427717202	-17.226483158373703	-5.60753059387207	280.0
17248	8.310378751701219	-17.10638370053309	-5.549389839172363	280.0
17268	8.298914664187445	-17.279741156414676	-5.684290885925293	280.0
17286	8.277532847322455	-17.184528390772282	-5.785928726196289	280.0
17306	8.343954214083043	-17.153795835849753	-5.716066837310791	280.0
17326	8.272193646768736	-17.384290462119065	-5.659161567687988	280.0
17349	8.272193646768736	-17.384290462119065	-5.659161567687988	280.0
17369	8.056461720610862	-17.367816610185244	-5.49808931350708	280.0
17384	8.056461720610862	-17.367816610185244	-5.49808931350708	278.0
17404	7.923471302349118	-17.280116888978768	-5.653208255767822	278.0
17423	7.922897256722341	-17.424899937050004	-5.618690490722656	278.0
17442	7.981111320739978	-17.249896866725226	-5.514355659484863	278.0
17462	8.118314016917825	-17.42865236623774	-5.342851161956787	278.0
17483	7.993290138732941	-17.435920147898845	-5.1700897216796875	278.0
17501	7.945549918332278	-17.45735034150665	-5.081143379211426	278.0
17521	8.246669746137112	-17.494559281820308	-5.028212547302246	278.0
17540	8.007328014837858	-17.588031779320673	-5.101199150085449	278.0
17560	8.201587285604553	-17.44611358829169	-5.038759708404541	278.0
17578	8.209257006366586	-17.342790268270573	-5.0046067237854	276.0
17600	8.158623969408588	-17.27412775962953	-4.908615589141846	276.0
17617	8.007643978359171	-17.15096124631107	-4.974289894104004	276.0
17637	8.031100740508908	-17.270344288270167	-4.883387565612793	276.0
17657	8.040253290270021	-17.10869587127327	-4.872222900390625	276.0
17676	7.984923879934569	-17.05206672477521	-5.240532875061035	276.0
17696	8.070954199606732	-16.818643755340833	-5.156057834625244	276.0
17716	7.875664236989875	-16.840080665709177	-5.309170722961426	276.0
17735	8.058554164098428	-16.829303910253547	-5.426104545593262	276.0
17755	8.15525108189561	-16.825486773867773	-5.364753723144531	276.0
17774	8.12382568800083	-16.73126039654569	-5.14262580871582	276.0
17793	8.094160787359987	-16.65821759082496	-5.096844673156738	274.0
17812	7.9766201969287165	-16.698784039189977	-5.123505592346191	274.0
17832	7.902388329613938	-16.65872679558055	-5.072115421295166	274.0
17851	8.093339538309232	-16.69654509278574	-5.095339298248291	274.0
17871	8.122049031006318	-16.855764289432393	-4.924263000488281	274.0
17889	7.702197080574689	-16.882556351212575	-4.866600036621094	274.0
17909	7.811494582526361	-16.954939756390324	-4.925440311431885	274.0
17929	7.811644227288397	-17.050013976810448	-4.972691535949707	274.0
17951	7.884671920202903	-16.963259096687715	-5.007880687713623	274.0
17967	8.05189871481977	-17.065335587554305	-4.84813117980957	274.0
17987	8.120447195423319	-17.000378363196525	-4.787996292114258	274.0
18008	7.95960338041227	-17.15364155404386	-4.885846138000488	274.0
18027	7.956960220816794	-17.035633981514025	-5.025455474853516	274.0
18047	8.042721319533383	-16.94876824073619	-5.226912498474121	274.0
18065	8.042721319533383	-16.94876824073619	-5.226912498474121	274.0
18087	7.94472585655806	-17.10181418427061	-5.088540077209473	274.0
18104	7.94472585655806	-17.10181418427061	-5.088540077209473	274.0
18124	8.033244210702271	-17.207656712851502	-5.1363630294799805	274.0
18143	7.866452285519352	-17.078456780400902	-5.056217193603516	274.0
18163	7.775999165487336	-17.095797517011892	-4.987576484680176	274.0
18182	7.787490285840395	-16.99967318933215	-5.095829486846924	274.0
18202	7.851400037648693	-16.862504580613287	-5.03677225112915	274.0
18220	7.7429106490616055	-16.940898496454814	-5.0850324630737305	274.0
18241	7.729355655836159	-16.907972992027613	-5.192468166351318	274.0
18260	7.760875346824455	-16.956630236543145	-5.152166366577148	274.0
18279	7.604187555366059	-16.881000443519078	-5.162168502807617	274.0
18299	7.743234536114829	-16.894294151754767	-5.320695877075195	274.0
18318	7.500555212759454	-16.943640955463803	-5.251559257507324	274.0
18337	7.558525355221129	-16.764117870084064	-5.085087776184082	274.0
18358	7.446015384477078	-16.866364296109893	-5.110363483428955	274.0
18376	7.560319812519785	-16.874231458364047	-5.018935203552246	274.0
18396	7.498395258347388	-16.803515436407324	-5.014376640319824	274.0
18418	7.372448654567178	-16.721251185319662	-5.109871864318848	274.0
18435	7.368902119785188	-16.65409741335844	-4.996567726135254	274.0
18455	7.247036244390749	-16.600831343185874	-5.254840850830078	274.0
18474	7.417016397192063	-16.669584450880155	-5.560694694519043	274.0
18494	7.389399328865278	-16.864510986954823	-5.756948947906494	274.0
18512	7.319372654851513	-16.876079950495736	-5.848751544952393	274.0
18536	7.228719403845916	-16.931798447301226	-5.794829368591309	274.0
18552	7.113360900625723	-16.989519224210973	-5.653470039367676	274.0
18572	7.130736624538761	-16.953089098301586	-5.399564266204834	274.0
18590	7.039399029056494	-17.10711646660168	-5.457427501678467	274.0
18609	6.889151182590432	-17.179655180620674	-5.3859453201293945	274.0
18629	6.742455149401814	-17.05874736358574	-5.239974021911621	274.0
18648	6.483520805353964	-16.9391844830801	-4.966711044311523	274.0
18668	6.426468413578563	-16.833798745819998	-4.749948024749756	274.0
18688	6.572237026382995	-16.680854213224283	-4.592489719390869	274.0
18706	6.595102199794564	-16.529855957140438	-4.372250556945801	274.0
18726	6.389992417221156	-16.350448363622085	-4.462462425231934	274.0
18747	6.542781287932095	-16.144345815121714	-4.461686134338379	274.0
18765	6.542781287932095	-16.144345815121714	-4.461686134338379	274.0
18787	6.6724797444440815	-16.094542244302172	-4.435202598571777	274.0
18804	6.6458192213362075	-16.067082670541925	-4.613043785095215	274.0
18824	6.664758625330899	-16.05687771524861	-4.6709184646606445	274.0
18843	6.557934426468515	-16.21617036633237	-4.768460750579834	274.0
18862	6.2911615794859665	-16.34003453809923	-4.711452484130859	274.0
18882	6.361973472845732	-16.50549703090919	-4.872616291046143	274.0
18901	6.595856998292241	-16.667763857050044	-4.589921951293945	274.0
18925	6.4659099693732465	-16.80192510567795	-4.539069652557373	274.0
18940	6.301448111639879	-16.933781061915504	-4.371413707733154	274.0
18959	6.3226631117253556	-16.917755284125974	-4.445599555969238	274.0
18979	6.294080220621791	-16.92104455276986	-4.792481422424316	273.0
18999	6.376975922465818	-16.920028487944368	-4.832333564758301	273.0
19019	6.514389823396288	-16.98179185927717	-4.902904033660889	273.0
19038	6.513063676923976	-17.06054355792733	-4.853086471557617	273.0
19057	6.379710549063328	-17.23783459253786	-4.663576602935791	273.0
