3	4.014120477082653	-1.6214750738470918	-5.079432010650635	331.0
22	4.313245401748257	-1.8194687973198393	-4.99954891204834	331.0
42	4.295551934519702	-1.9213145298083798	-4.954538345336914	331.0
60	4.3390047602693995	-1.8171846260400455	-4.932495594024658	331.0
81	4.324033062359318	-1.7695305044400333	-4.849586486816406	331.0
101	4.5753924043230825	-1.74195929870861	-4.83272123336792	331.0
120	4.530805895400874	-1.7246838634393789	-4.844535827636719	331.0
139	4.494904773951414	-1.5817774395695752	-5.016545295715332	331.0
159	4.44164989892027	-1.524747514984677	-5.038316249847412	331.0
178	4.384306497835238	-1.4333388711876138	-5.253109455108643	331.0
199	4.240399790529839	-1.3943362321774733	-5.386343002319336	331.0
217	4.389752284715387	-1.5965562930330655	-5.340897560119629	331.0
237	4.294834161055742	-1.6248176021911382	-5.276754379272461	331.0
256	4.099976990108925	-1.5922437092934165	-5.282280921936035	331.0
275	4.010842488727009	-1.6459570453520127	-5.20077657699585	331.0
295	4.024361032638506	-1.6752635637614761	-5.158496379852295	331.0
314	4.139832421686507	-1.392142258822603	-5.0910515785217285	331.0
335	4.022234533378171	-1.4145748571619887	-4.907370567321777	331.0
353	4.191360476766442	-1.4205686249392815	-4.737894535064697	331.0
373	4.099939076200963	-1.3324470516092355	-4.877316474914551	331.0
392	4.29062534383016	-1.2023305305563499	-4.83620548248291	331.0
411	4.46837178944154	-1.179653247859174	-4.942984104156494	331.0
432	4.5045711564090976	-0.9006852795767397	-4.968446731567383	331.0
451	4.48751028334966	-0.9242379906002741	-4.944831848144531	331.0
470	4.42819428219111	-0.9394604978217208	-4.902832508087158	331.0
489	4.477657078397304	-1.017901343589309	-4.840419292449951	331.0
508	4.368546762851027	-1.0154900682813388	-5.107777118682861	331.0
529	4.338560554451502	-0.9982382988809204	-5.019725799560547	331.0
547	4.514191031490822	-1.2089954969686711	-5.204654216766357	331.0
567	4.285777305854262	-1.2062954661490208	-5.21356201171875	331.0
586	4.218338286388452	-1.414535674743447	-5.33078670501709	331.0
606	4.258564831313134	-1.5325655113726449	-5.292352676391602	331.0
627	4.294836491926385	-1.5184458666759586	-5.451450824737549	331.0
646	4.294836491926385	-1.5184458666759586	-5.451450824737549	331.0
665	4.360171966240378	-1.440779091309878	-5.384136199951172	331.0
684	4.413201708925942	-1.5963078224373186	-5.137479782104492	331.0
704	4.427687618486529	-1.7566559913680482	-5.10399055480957	331.0
723	4.184279733575686	-1.6614690323176442	-5.230809211730957	331.0
742	4.170210767834372	-1.6724202696623784	-5.290536880493164	331.0
764	4.285027867427336	-1.560069202719287	-5.228124141693115	331.0
781	3.9793999490258605	-1.6526326804858285	-5.238795757293701	331.0
800	3.9463919917049193	-1.9042767692856555	-5.119638919830322	331.0
821	4.009569712392896	-1.7912692490472368	-5.153013229370117	331.0
839	3.9908574991969443	-1.4830451979877517	-5.054771423339844	331.0
859	3.891729959047581	-1.160784230632485	-5.128207206726074	331.0
878	3.9501386324084615	-0.9662157452854863	-4.944384574890137	331.0
898	4.0378319159863505	-0.8573003730047581	-4.763215065002441	331.0
917	4.084611286095489	-0.9756915591074526	-4.629288196563721	332.0
938	4.331591792541917	-0.7692688607268183	-4.847239971160889	332.0
957	4.280505681125148	-0.5591298191096931	-5.056203365325928	332.0
976	4.216681215570281	-0.7363753762701216	-5.257369518280029	332.0
997	4.1058187985528996	-0.7915127054707459	-5.313932418823242	332.0
1014	4.100020321753929	-1.0321564699588497	-5.287902355194092	332.0
1034	4.054367037034791	-1.0321301257507292	-5.287472724914551	332.0
1054	4.230924325747982	-1.037053761116673	-5.408302307128906	332.0
1073	4.363345136557173	-1.0289717988721436	-5.458492279052734	332.0
1092	4.3225222504858065	-1.08757564467021	-5.25319242477417	332.0
1113	4.271435794722114	-1.1714678049044813	-5.295908451080322	333.0
1132	4.272826494378155	-1.1623225761709088	-5.141741752624512	333.0
1152	4.313149345205369	-1.0847556256658346	-5.035589694976807	333.0
1171	4.442757686966291	-0.9963230491886491	-5.0261383056640625	333.0
1190	4.4209777547936575	-1.1073288183585557	-5.019134521484375	333.0
1209	4.327178805034972	-1.3429316691651845	-4.929874897003174	333.0
1228	4.192717796700006	-1.2979117731560887	-5.015587329864502	333.0
1249	4.31286183352673	-1.1728930355039673	-4.999296188354492	333.0
1268	4.471352329966508	-1.2986450323286416	-4.907486438751221	333.0
1286	4.532205319715488	-1.2307860291374886	-5.029955863952637	333.0
1306	4.496777172614581	-1.4427189267367524	-5.207335948944092	334.0
1326	4.576078499184973	-1.424731390091245	-5.143659591674805	334.0
1347	4.632313547137922	-1.424166205883647	-5.144843101501465	334.0
1365	4.632313547137922	-1.424166205883647	-5.144843101501465	334.0
1385	4.679497643039048	-1.31116909346225	-5.02654504776001	334.0
1403	4.664100628825607	-1.2709555673061332	-5.044053554534912	334.0
1423	4.620728550574996	-1.37528800634628	-5.162548065185547	334.0
1442	4.266302639288362	-1.2149848915320487	-5.315199375152588	334.0
1462	4.275516453505246	-1.2974002370515667	-5.366876125335693	334.0
1482	4.3101444819770816	-1.367665145978037	-5.3027119636535645	334.0
1503	4.076184648173669	-1.5210055059435732	-5.2545270919799805	334.0
1521	4.199051311465126	-1.5198433258741921	-5.0278754234313965	335.0
1541	4.035098768899256	-1.5640607792877868	-5.134706497192383	335.0
1560	4.073203328352415	-1.5231258394801397	-5.12297248840332	335.0
1581	4.031049530129699	-1.5935936912072066	-5.000242710113525	335.0
1600	4.314913783519851	-1.5779576870824552	-5.034933567047119	335.0
1617	4.322382542216675	-1.586381288121502	-4.824726104736328	335.0
1637	4.2865742692709095	-1.6954222873730294	-4.80307149887085	335.0
1657	4.532347946436447	-1.543240146368944	-4.7694573402404785	335.0
1677	4.313681036780545	-1.5838545697995783	-5.017735004425049	335.0
1696	4.4111013781360935	-1.446661118045929	-5.028720855712891	335.0
1716	4.521757934345966	-1.423035228357912	-5.1372456550598145	336.0
1736	4.497559439373736	-1.395942699856238	-5.2659010887146	336.0
1755	4.33116895740785	-1.385395790702238	-5.089911937713623	336.0
1773	4.202149101450328	-1.486733045364416	-5.262352466583252	336.0
1794	4.331652086588331	-1.2923579209914198	-5.220766544342041	336.0
1812	4.203954798869587	-1.2289621299437818	-5.297974109649658	336.0
1831	4.353431392596596	-1.1692304385928096	-5.257608890533447	336.0
1851	4.434939833824447	-1.077231272820545	-5.317988872528076	336.0
1872	4.087488557522908	-1.104317028858915	-5.205697536468506	336.0
1891	3.9861580456524885	-0.9881080582407497	-5.096384525299072	336.0
1909	3.992348692877918	-1.0786619579547432	-5.061051368713379	337.0
1929	4.002674706097191	-1.0817162748965619	-5.0522356033325195	337.0
1949	3.975257911774578	-1.24571285809026	-5.176262855529785	337.0
1971	4.012948468707535	-1.2097394787698086	-5.309959411621094	337.0
1987	4.162534489636769	-1.3421474748651925	-5.23952054977417	337.0
2006	4.020644117612871	-1.2741928065043555	-5.1417670249938965	337.0
2028	4.358742427575109	-1.4175331603512769	-5.136193752288818	337.0
2048	4.376024820632143	-1.7154188441558373	-5.349859237670898	337.0
2070	4.706632699026457	-1.5040958621119898	-5.341406345367432	337.0
2087	4.706632699026457	-1.5040958621119898	-5.341406345367432	337.0
2105	4.7391293786218025	-1.2906042837414229	-5.104608058929443	337.0
2124	4.720104511803101	-0.9839116975720181	-4.88839054107666	338.0
2143	4.698893733560752	-0.9572072401724248	-4.872063636779785	338.0
2162	4.385973189966212	-0.7689822513673048	-5.0065693855285645	338.0
2183	4.407282009342706	-1.0529430020471846	-5.071364879608154	338.0
2203	4.44545980824819	-0.9442626646462919	-5.004549503326416	338.0
2221	4.5349204074079	-0.6960752897230406	-4.87104606628418	338.0
2241	4.2267014958895075	-0.8400509463713095	-4.920497894287109	338.0
2260	4.254279444964746	-0.8490984332435775	-5.3154168128967285	338.0
2282	4.31010460143175	-0.8410554040629816	-5.488073348999023	338.0
2298	4.425715344055085	-0.8391694936636123	-5.379516124725342	338.0
2326	4.558092415937103	-0.8889550455153921	-5.291369915008545	338.0
2336	4.725779012108617	-0.769633193458337	-5.446518898010254	338.0
2356	4.653882184709202	-0.7319106643166823	-5.45813512802124	338.0
2375	4.784506250698013	-0.717956046014439	-5.368895530700684	338.0
2396	4.764870719095978	-0.7233118244577301	-5.39138650894165	338.0
2415	4.708403301777997	-0.7100418054443643	-5.355030536651611	338.0
2435	4.6548519440003835	-0.8739816170038155	-5.536804676055908	338.0
2454	4.534763130295243	-1.0342398840144296	-5.355122089385986	338.0
2473	4.617453586820973	-1.1406927934106637	-5.471140384674072	338.0
2493	4.599398469569743	-1.2805962783021747	-5.304083824157715	338.0
2513	4.4218018565968595	-1.4472254211354425	-5.4417948722839355	339.0
2532	4.196937411294661	-1.5072696452484966	-5.442991733551025	339.0
2551	4.106301302194805	-1.4927002777243719	-5.268481731414795	339.0
2571	4.093669858451299	-1.4402291357145243	-5.1243205070495605	339.0
2591	4.083454946933838	-1.3500051578108305	-4.974053859710693	339.0
2609	4.004957661267298	-1.2303087986650059	-5.072333335876465	339.0
2628	3.890937146182138	-1.1029125426380708	-5.002766132354736	339.0
2656	4.0450794535845755	-0.9964958861333227	-4.880685329437256	339.0
2669	4.03077971925401	-0.9242161181945533	-4.754341125488281	339.0
2687	4.111622209339181	-1.0243253777781967	-4.831207275390625	339.0
2706	4.325096641672232	-0.9833927656133257	-4.842430591583252	339.0
2725	4.2461559150723245	-1.0590724338539665	-4.89478063583374	339.0
2747	4.147290539024565	-1.0941850057300269	-4.902471542358398	339.0
2765	4.147290539024565	-1.0941850057300269	-4.902471542358398	339.0
2787	4.41330464062346	-1.3636926647804692	-4.91558837890625	339.0
2804	4.41330464062346	-1.3636926647804692	-4.91558837890625	339.0
2824	4.1571587616733074	-1.514275134260516	-4.814407825469971	339.0
2843	4.280459765817807	-1.4470674531839256	-4.528730869293213	339.0
2862	4.2287532375529056	-1.3652739177554636	-4.553536415100098	339.0
2881	4.120548958094992	-1.5200382523309521	-4.767232418060303	339.0
2901	4.12599424086503	-1.4689674266322625	-4.621932029724121	339.0
2921	4.008370361734302	-1.4842851372320263	-4.6999945640563965	339.0
2940	3.878419003234498	-1.2430796554097612	-4.6517815589904785	339.0
2959	3.9053354938794542	-1.0708575186116662	-4.884211540222168	339.0
2979	3.8563267641936623	-0.8428351556912607	-4.9636149406433105	339.0
2999	3.907062674636683	-0.8623533528989197	-5.178697109222412	339.0
3018	4.107347400148438	-0.7862096469090541	-4.939233779907227	339.0
3039	4.120182315793639	-0.6681095925427484	-4.860567569732666	339.0
3057	4.154250187808687	-0.8321745991467002	-5.092354774475098	339.0
3076	4.310002382964954	-0.7971191990489005	-4.957165241241455	339.0
3097	4.3928651962934495	-0.925717009345235	-4.851594924926758	339.0
3117	4.353270422239398	-1.075229726609346	-4.845652103424072	339.0
3134	4.455656321825938	-1.1949713906991855	-5.142693519592285	339.0
3155	4.32016905654152	-1.21422838285194	-5.183009624481201	339.0
3174	4.241009407602851	-1.157360516304316	-5.348724365234375	339.0
3193	4.201128584157006	-0.9779617432596617	-5.4073710441589355	339.0
3212	4.143070396476237	-0.665384641077438	-5.356093883514404	339.0
3232	4.175958384129037	-0.6889459832571363	-5.3431806564331055	339.0
3251	4.18567409588927	-0.6301696735946671	-5.494938373565674	339.0
3271	4.035154439261361	-0.6151027060447337	-5.513336181640625	339.0
3291	3.9344545935957007	-0.6964313668673818	-5.310143947601318	339.0
3310	3.9854593463913304	-0.8225944455837324	-5.201441764831543	339.0
3329	3.818707773075538	-0.9319845032667915	-5.2058916091918945	339.0
3348	3.794636542303426	-1.1956325656470808	-5.236954689025879	339.0
3367	3.826603423898137	-1.352441182686707	-5.262051582336426	339.0
3387	3.880027063912489	-1.2794105364814279	-5.316772937774658	339.0
3408	3.7773707912969416	-1.33958589791809	-5.091121673583984	339.0
3425	3.8443801107783675	-1.3837572240957672	-4.916961669921875	339.0
3446	3.7769619716843863	-1.3491241786326666	-5.056818962097168	339.0
3467	3.8306642617090696	-1.1897771978771043	-5.135417938232422	339.0
3486	3.885465827261656	-1.1708883135153794	-5.267688751220703	339.0
3508	3.885465827261656	-1.1708883135153794	-5.267688751220703	339.0
3524	3.993724715395093	-1.2008952616538533	-4.975942611694336	339.0
3543	4.069545052963528	-1.3211347244832816	-4.914178371429443	339.0
3563	4.0556224974632755	-1.4710832607304996	-4.962227821350098	339.0
3582	4.057551444939382	-1.3605197343804116	-5.1349592208862305	339.0
3601	4.179477658637702	-1.4188804460665898	-5.248649597167969	339.0
3624	4.279751714325517	-1.3404927466065273	-5.0129570960998535	339.0
3641	4.181987311712719	-1.465076630404429	-4.917150497436523	339.0
3659	4.170536463295983	-1.402605406004271	-4.825371742248535	339.0
3680	4.042729635927156	-1.2654275268867579	-5.136902332305908	339.0
3698	4.0367069411134535	-1.2159600751886588	-5.079973220825195	339.0
3718	4.126642167048942	-1.1757591829168543	-5.044631004333496	339.0
3737	4.114699744751102	-1.111558060376324	-5.139892101287842	339.0
3757	3.985789856523296	-1.2172139228746537	-5.071877956390381	339.0
3778	3.917858888453012	-1.1706799354015545	-5.321915149688721	339.0
3796	3.906936994318212	-1.1502706839175074	-5.296249866485596	339.0
3816	3.9131199510010446	-1.0998903843766925	-5.380738735198975	339.0
3836	4.163684428186092	-1.1657513752051851	-5.050103664398193	339.0
3854	3.8844880610700567	-1.2584829089131393	-5.093153953552246	339.0
3874	3.7493060082361094	-1.2213798307109567	-5.090946674346924	339.0
3894	3.5204246736448717	-1.3290371780272057	-5.00872278213501	339.0
3913	3.431841610918475	-1.2004644556869883	-5.0254998207092285	339.0
3932	3.408157370689334	-1.2434398818761854	-4.831222057342529	339.0
3952	3.5508666905082484	-1.3529282001951461	-4.836369037628174	339.0
3971	3.4944130948572494	-1.5667513535535786	-4.694823265075684	339.0
3991	3.34998777210124	-1.6685122458006107	-4.924640655517578	339.0
4010	3.530953148050705	-1.6206918944275774	-4.814268112182617	339.0
4029	3.562896960528068	-1.3839898010107432	-4.656559467315674	339.0
4049	3.728515673769513	-1.2598767996947933	-4.529321193695068	339.0
4067	3.8263331399932277	-1.3006344884292351	-4.493948936462402	339.0
4087	4.037656909138948	-1.3280748166364669	-4.64882755279541	339.0
4107	3.976101930577466	-1.2509093967473524	-4.645354747772217	339.0
4127	3.855890063710627	-1.0887247411428056	-4.74514102935791	339.0
4146	3.873403975002209	-0.8986960277723323	-4.840178966522217	339.0
4165	3.873403975002209	-0.8986960277723323	-4.840178966522217	339.0
4187	3.8398580354720924	-1.0395046814932603	-4.963810443878174	339.0
4204	3.8398580354720924	-1.0395046814932603	-4.963810443878174	339.0
4225	3.805443886292807	-1.0355637038862513	-5.124759674072266	339.0
4243	3.8566105974737113	-0.8978472056773724	-5.115841388702393	339.0
4263	3.820180311681934	-0.9683752815776263	-5.0876264572143555	339.0
4283	3.8975417527043628	-0.9491763913638366	-5.06631326675415	339.0
4302	4.016280658290528	-1.0150137550649079	-4.958096027374268	339.0
4322	3.9420785240708565	-1.1319779146037885	-4.986674785614014	339.0
4341	4.016873123218816	-1.1532701600177262	-5.042980670928955	339.0
4362	3.9233722527801245	-1.3633361745069812	-5.009793758392334	339.0
4380	3.8973605643369265	-1.5832483254190715	-5.138678550720215	339.0
4399	3.786912509021552	-1.4503519285829547	-5.147424221038818	339.0
4418	3.6923371492932993	-1.2664354650487462	-5.149550437927246	339.0
4438	3.675834784798718	-1.2901447521305895	-5.184707164764404	339.0
4459	3.7710056026720697	-1.2836803758311108	-5.154356002807617	339.0
4476	3.833353099530779	-1.2147572908472637	-4.961446285247803	339.0
4496	3.765074459553284	-1.1770386524592116	-4.87626314163208	339.0
4516	3.8083522217440735	-0.8595600054867888	-5.207164764404297	339.0
4535	3.798103060748306	-0.8074907092978839	-4.999487400054932	339.0
4555	4.079082562755237	-0.9552426789049507	-4.870851993560791	339.0
4574	4.133626193749512	-1.165616418854551	-4.840651035308838	339.0
4594	3.9978139405396815	-1.158367341051794	-4.953404903411865	339.0
4613	3.913234651493863	-1.1994780489664516	-4.910690784454346	339.0
4633	3.7734825350068695	-1.2834563093092826	-5.031849384307861	339.0
4651	3.849995056195527	-1.270788968381936	-5.2774786949157715	339.0
4672	3.639185728236859	-1.33923090167874	-5.187976360321045	339.0
4691	3.6803846087310745	-1.4207847469941142	-5.265862464904785	339.0
4710	3.432827733953523	-1.4854853999984055	-5.400503635406494	339.0
4730	3.33203105610853	-1.5367224067196708	-5.237548351287842	339.0
4749	3.5481958695846023	-1.737685562544201	-5.348891735076904	339.0
4768	3.4805331482754904	-1.5970861374953065	-5.34104585647583	339.0
4788	3.632870786047094	-1.407314997273615	-5.2514472007751465	339.0
4809	3.4791980469333046	-1.5027123735221848	-5.023157596588135	339.0
4830	3.879890960304532	-1.3991582432971996	-4.863216400146484	339.0
----------------출발----------------
4848	3.898579089926279	-1.2222743342464417	-4.682999610900879	339.0
4867	3.9318914595052212	-1.0876362291351263	-4.836472511291504	339.0
4885	3.9055222967568035	-0.9735582801732828	-5.014929294586182	339.0
4906	3.9055222967568035	-0.9735582801732828	-5.014929294586182	339.0
4925	3.6955884842676	-0.7364118698659103	-4.92578649520874	339.0
4944	3.8103619661097827	-0.9281634449162802	-5.030715465545654	339.0
4962	3.6925251830054115	-1.218050496861272	-5.250321388244629	339.0
4982	3.697245412703768	-0.9344733986707343	-5.454337120056152	339.0
5002	3.6415366075581073	-0.9232631286732056	-5.562995433807373	339.0
5021	3.7314245387591813	-0.8277090276915	-5.635227203369141	339.0
5041	3.720685380734199	-0.9429658257999821	-5.694684028625488	339.0
5061	3.596300514254868	-1.1499713641264255	-5.601423740386963	339.0
5080	3.532308540653245	-1.4729932725707162	-5.5366082191467285	339.0
5100	3.4973417833132507	-1.6259201972854453	-5.417901992797852	339.0
5119	3.600075392237247	-1.4422699920914532	-5.272039413452148	339.0
5138	3.6309935403558287	-1.5133343648720685	-5.0995259284973145	339.0
5159	3.4065198214465635	-1.3749432895969378	-5.149006366729736	339.0
5176	3.5231838617573676	-1.3936691352014698	-5.176684856414795	339.0
5197	3.4494384759415233	-1.2701658342427038	-5.182841777801514	339.0
5216	3.5122529610412356	-1.331370217174958	-5.1354899406433105	339.0
5236	3.4772099731685038	-1.2188696756991357	-5.086334228515625	339.0
5254	3.5806219256464176	-1.0737728310077685	-5.231390953063965	339.0
5274	3.566137929850007	-1.2159171098301271	-5.023385047912598	339.0
5293	3.735178201761751	-1.2609490005884085	-5.267880439758301	339.0
5313	3.732851391223595	-1.300780699199661	-5.307976722717285	339.0
5333	3.579072337842574	-1.136736449391371	-5.275313377380371	339.0
5352	3.635741970592144	-1.239191713101592	-5.105321407318115	339.0
5373	3.881175429397548	-1.2096007662704944	-5.3025665283203125	339.0
5391	4.001502093653444	-1.1619718699588286	-5.3542399406433105	339.0
5410	4.109317463443838	-1.1758433302510896	-5.379994869232178	339.0
5430	4.221633843779944	-1.050035069649409	-5.3808112144470215	339.0
5449	4.155600128470876	-1.1005016171252562	-5.1493706703186035	339.0
5469	4.241146399010509	-1.118642083779994	-5.291276454925537	339.0
5488	4.331289768662007	-1.329395082487436	-5.3948893547058105	339.0
5508	4.366795756906215	-1.2077700158849078	-5.2913665771484375	339.0
5527	4.379781189190326	-1.134796540389705	-5.287917137145996	339.0
5546	4.353392489416799	-1.4021232859166453	-5.3407883644104	339.0
5566	4.279196877602033	-1.5422086917043931	-5.334948539733887	339.0
5585	4.363582437198465	-1.6342976636907696	-5.629094123840332	339.0
5604	4.363582437198465	-1.6342976636907696	-5.629094123840332	339.0
5625	4.329929244143707	-1.7421370534440284	-5.641835689544678	339.0
5644	4.2088921005231565	-1.8556114685833356	-5.5481648445129395	339.0
5665	4.096618392644146	-1.75286542894176	-5.809841156005859	339.0
5683	4.216997065472509	-1.7716551810114896	-6.096346855163574	339.0
5702	3.9647571094664578	-1.8092081168251086	-5.933472633361816	339.0
5721	3.92799496686174	-1.7391209685733593	-5.9230570793151855	339.0
5740	3.758269187862215	-1.775141235527334	-5.912205219268799	339.0
5761	3.446705235397903	-1.802576566962511	-5.855803489685059	339.0
5782	3.5560230122639003	-1.69725927603526	-5.906642913818359	339.0
5799	3.6040180690166292	-1.7199694352846633	-5.804903030395508	339.0
5818	3.643363199259733	-1.7226661726036068	-5.676497936248779	339.0
5838	3.409018681063311	-1.8587500455475805	-5.528648376464844	339.0
5858	3.3736908015467226	-2.0502465022443794	-5.965167045593262	339.0
5878	3.6062123992735446	-1.975057406875625	-5.985536575317383	339.0
5897	3.466184230168348	-1.8793370631028063	-5.847154140472412	339.0
5916	3.449369473982628	-1.912098362913716	-5.735868453979492	339.0
5935	3.342611015318154	-2.054873733110858	-5.7301788330078125	339.0
5956	3.2664420838968677	-2.075541098522946	-5.961536407470703	339.0
5974	3.2714555653544517	-2.2357588721459742	-5.97911262512207	339.0
5995	3.1716064654752945	-2.332944293483404	-6.14033842086792	339.0
6013	3.1975134771917024	-2.1733040913735557	-5.98592472076416	339.0
6032	2.7427466775281863	-2.318678356255509	-6.004472732543945	339.0
6053	2.8900985512061057	-2.473468701667109	-6.3946533203125	339.0
6072	2.800859363509262	-2.716209271873692	-6.672607421875	339.0
6092	2.7771558783467283	-2.7739703696267326	-6.804576396942139	339.0
6111	2.6652224012033106	-2.835700747644602	-6.840976238250732	339.0
6130	2.479238179751288	-3.0191976772548026	-6.980985164642334	339.0
6150	2.3418903968637195	-3.0417424518363934	-6.995344161987305	339.0
6169	2.329420752758454	-3.2886585152477026	-7.00156307220459	339.0
6188	2.4258214071424176	-3.4137299260132985	-7.042707443237305	339.0
6207	2.307830143281224	-3.4464683394139115	-6.76946496963501	339.0
6227	2.1396839609460785	-3.4582761786033047	-6.7377448081970215	339.0
6248	1.9369487092926407	-3.538040809407211	-6.896007061004639	339.0
6268	1.9157197825774313	-3.5718900644417153	-6.7964911460876465	339.0
6285	1.7249529151645555	-3.5744783519685637	-6.792944431304932	339.0
6307	1.5726269761915928	-3.6954966729213954	-7.0478196144104	339.0
6325	1.5726269761915928	-3.6954966729213954	-7.0478196144104	339.0
6347	1.06343655707489	-3.6040465435845923	-7.49431037902832	339.0
6370	1.06343655707489	-3.6040465435845923	-7.49431037902832	339.0
6385	0.8797160823125048	-3.7338092053769207	-7.69692325592041	339.0
6402	0.9042569578235493	-3.7122494114160673	-8.00625991821289	339.0
6422	0.552936621177116	-3.8446043088688344	-8.178755760192871	339.0
6441	0.292614321632092	-3.9007072362136945	-8.27110481262207	339.0
6461	0.025606589291924806	-3.930379719258931	-8.222585678100586	339.0
6480	0.31558859842659853	-3.981854681834151	-8.227524757385254	339.0
6501	0.2536381501521789	-4.018669213725707	-8.186540603637695	339.0
6519	0.2951256234410646	-3.974914606763621	-8.249300956726074	339.0
6538	0.18580536003160553	-4.077745339410664	-8.34342098236084	339.0
6559	-0.2859240797517147	-4.218540663111234	-8.206193923950195	339.0
6578	-0.5392564858446917	-4.324654276946353	-8.110567092895508	339.0
6597	-0.8137634570570523	-4.4976725598590654	-8.174440383911133	339.0
6618	-0.9081148893680132	-4.581155825423232	-8.125739097595215	339.0
6638	-1.4279646608994	-4.658792474679274	-7.970076560974121	339.0
6655	-1.7248030094948725	-4.892861825723102	-8.121946334838867	339.0
6675	-1.9097261922143787	-5.20600861276835	-7.892916202545166	339.0
6694	-2.1075716206590402	-5.225950169887994	-8.02096939086914	339.0
6715	-1.99991775013212	-5.241141240742405	-7.925718784332275	339.0
6738	-2.016901648001895	-5.287627607264631	-7.743961334228516	339.0
6753	-2.384420467222219	-5.580343073540173	-7.783156394958496	339.0
6773	-2.711412923306975	-5.775339447682729	-7.726437091827393	339.0
6792	-2.853598643800435	-6.068071789901936	-7.5806355476379395	339.0
6811	-3.0559421244495995	-6.1440063271829315	-7.297291278839111	339.0
6830	-3.1129268428774433	-6.285449263268965	-7.7064409255981445	339.0
6852	-3.2408602562140483	-6.6082742671970225	-7.54520320892334	339.0
6870	-3.4774611644285494	-6.850833386853221	-7.673745155334473	339.0
6889	-3.4706501358608537	-6.994631058703673	-7.717474460601807	339.0
6908	-3.3664995197990666	-6.945584261879852	-7.735386848449707	341.0
6927	-3.190189824021888	-7.327682882265537	-7.727751731872559	341.0
6946	-3.303070431375611	-7.404429453969936	-8.050588607788086	341.0
6966	-3.309271211407047	-7.846416919786801	-8.047528266906738	341.0
6989	-3.309271211407047	-7.846416919786801	-8.047528266906738	341.0
7006	-3.6168090076663204	-8.025792833765049	-7.5092692375183105	341.0
7027	-3.654407117197781	-8.243833939441934	-7.2581787109375	341.0
7045	-3.654407117197781	-8.243833939441934	-7.2581787109375	341.0
7066	-3.5886777469542266	-8.452818893537785	-7.307151794433594	341.0
7083	-3.5113659758736677	-8.75368194647398	-7.053609848022461	341.0
7102	-3.542625575946443	-8.721428454086725	-7.0450568199157715	341.0
7122	-3.5556507964423827	-8.994531838968035	-6.890939712524414	345.0
7143	-3.597212370470776	-9.010122814280026	-6.733038902282715	345.0
7163	-3.534912159168169	-9.32129584897093	-6.766359329223633	345.0
7181	-3.301754976309258	-9.672999540711228	-6.78095006942749	345.0
7199	-3.261220067959704	-9.902926932346205	-6.701884746551514	345.0
7220	-3.4128387247753946	-10.284979520252861	-6.375932216644287	345.0
7242	-3.3856171956143566	-10.511344251279171	-6.432394981384277	345.0
7258	-3.2573577360978985	-10.807142539037093	-6.440984725952148	345.0
7278	-3.01095484256962	-10.934662272332503	-6.358224868774414	345.0
7298	-2.989367588130706	-11.175693463827189	-6.301510810852051	345.0
7321	-3.007404585407677	-11.42472549138287	-6.3183112144470215	350.0
7341	-3.264549297996024	-11.730602322023927	-6.209433078765869	350.0
7356	-3.180377262818383	-11.940027776951549	-6.319056034088135	350.0
7375	-3.3003341075135832	-12.020336877151166	-6.289003849029541	350.0
7395	-3.58122520907582	-12.075878771279182	-6.430790901184082	350.0
7415	-3.704276539828693	-12.354130838591635	-6.460958957672119	350.0
7435	-4.005808540619647	-12.533287151296307	-6.599839687347412	350.0
7453	-3.9988263978233882	-12.549150029565615	-6.958705425262451	350.0
7472	-3.880200166766327	-12.59077386325515	-6.858946323394775	350.0
7492	-3.6872246602525447	-12.48908475101977	-7.127923011779785	350.0
7511	-3.9489869221001803	-12.58384919559722	-7.344841003417969	356.0
7531	-4.001787856727337	-12.774045284422536	-7.640493869781494	356.0
7550	-3.840403583678964	-13.086636890193722	-7.343527793884277	356.0
7570	-4.235376062678021	-13.210946105189043	-7.276641845703125	356.0
7589	-4.2146419883134465	-13.230469796221279	-7.255761623382568	356.0
7609	-4.312247598009268	-13.378392455505828	-7.348460674285889	356.0
7627	-4.612696447903832	-13.18836307088831	-7.831944465637207	356.0
7648	-4.918908606805337	-13.151650440820244	-7.995636940002441	356.0
7666	-4.8393183156622985	-13.066871594794938	-7.919154167175293	356.0
7686	-4.995140922917866	-13.036540104039858	-7.929451942443848	356.0
7707	-4.995140922917866	-13.036540104039858	-7.929451942443848	356.0
7727	-5.286361266969167	-12.866117692024636	-8.152599334716797	359.0
7746	-5.286361266969167	-12.866117692024636	-8.152599334716797	359.0
7765	-5.50773887806217	-12.893414188383462	-8.36644172668457	359.0
7785	-5.437933683423337	-12.905765784869548	-8.243953704833984	359.0
7803	-5.4429181186630675	-13.047137145260999	-8.251575469970703	359.0
7824	-5.4999495486374	-13.007114150369956	-8.202171325683594	359.0
7842	-5.577482541259788	-13.064329626464374	-8.374634742736816	359.0
7862	-5.525797627784091	-13.090546971663349	-8.336326599121094	359.0
7881	-5.62798050451306	-13.193130674332266	-8.199228286743164	359.0
7900	-5.6913759427477135	-13.152981176957027	-8.41267204284668	359.0
7924	-5.755705925345235	-13.194008571614098	-8.399492263793945	359.0
7944	-5.974331293845715	-12.911710950320039	-8.603544235229492	359.0
7958	-6.001350810051526	-12.854890792325135	-8.669995307922363	359.0
7978	-6.160556571874614	-12.873573234508793	-8.818596839904785	359.0
7998	-6.312686569411804	-12.99291960973294	-8.647921562194824	359.0
8016	-6.792946348509538	-13.087740058431493	-8.737918853759766	359.0
8036	-7.193511772981899	-12.783446417902303	-8.973917961120605	359.0
8056	-7.355934106895959	-12.85068502346132	-8.729491233825684	359.0
8076	-7.632846946711933	-12.99748130136685	-8.689929008483887	359.0
8098	-7.962453365786863	-13.073897177611435	-8.86410140991211	359.0
8115	-8.284435132061853	-13.074303814285402	-8.908452987670898	360.0
8134	-8.07523528119647	-13.058708902853697	-8.98697566986084	360.0
8153	-8.052688509770213	-12.993440258678227	-9.326286315917969	360.0
8173	-7.93863887000411	-13.166812602606957	-9.40853214263916	360.0
8193	-7.664729894626507	-13.251024901673665	-9.273850440979004	360.0
8212	-7.627038627208307	-13.026773675550851	-9.602152824401855	360.0
8232	-7.611204865590134	-12.803006467222463	-9.798726081848145	360.0
8250	-7.6714914372195935	-12.762803799144411	-9.699140548706055	360.0
8270	-7.644046228102962	-12.657751329179554	-9.601592063903809	360.0
8293	-7.772485007981752	-12.711783985079848	-9.488807678222656	360.0
8310	-7.791128086078019	-12.773213241672407	-9.172971725463867	360.0
8328	-7.708228693451607	-12.518917793414118	-9.014591217041016	360.0
8348	-8.017751101931463	-12.684494963803974	-9.051587104797363	360.0
8366	-8.246360296230856	-12.830295599269936	-9.017292976379395	360.0
8387	-8.457788166289417	-12.786113301397814	-8.962891578674316	360.0
8406	-8.412695061501395	-12.713490862454435	-8.910852432250977	360.0
8426	-8.48168131084086	-12.822559945178373	-8.930253028869629	360.0
8445	-8.48168131084086	-12.822559945178373	-8.930253028869629	360.0
8465	-8.496895857705148	-12.953783544096927	-9.030921936035156	360.0
8484	-8.572551732239862	-13.059268846855938	-8.95422649383545	360.0
8503	-8.673829346970077	-13.155190930179252	-8.72569465637207	360.0
8523	-8.630093421121744	-13.088265448064222	-8.489794731140137	360.0
8545	-8.437717478397197	-12.97853898898323	-8.413702011108398	360.0
8561	-8.271971929565016	-12.85437418291839	-8.445306777954102	360.0
8581	-8.3476296459146	-12.949487395405624	-8.41701889038086	360.0
8601	-8.135124710038935	-12.822163260113372	-8.25823974609375	360.0
8620	-8.131311138693762	-12.618789268719038	-7.8243842124938965	360.0
8639	-8.192767049504573	-12.704724506465519	-7.789086818695068	360.0
8658	-7.985255543012685	-12.766147088744006	-7.832159996032715	360.0
8679	-7.904643583381987	-12.817652835998112	-7.829343318939209	360.0
8699	-7.881757357315856	-12.881130425638819	-7.837364196777344	360.0
8718	-7.591844020207071	-13.051927243855717	-7.651454925537109	358.0
8737	-7.269578227692171	-13.053970885817247	-7.399660110473633	358.0
8756	-7.128223721775201	-13.281968092062513	-7.162597179412842	358.0
8779	-6.931768417499739	-13.37429385401019	-7.226137638092041	358.0
8795	-6.579574162438453	-13.236330065761784	-7.038618564605713	358.0
8815	-6.415534700339665	-13.294477772794492	-6.972133636474609	358.0
8834	-6.168928346423274	-13.192084758412285	-6.978554725646973	358.0
8854	-5.872977575312687	-13.091755806182219	-6.799918174743652	358.0
8874	-5.799752924774973	-12.939517291276537	-6.509829998016357	358.0
8895	-5.567442623736969	-12.86961386454832	-6.446340560913086	358.0
8911	-5.385216150527973	-12.847772171108662	-6.244389533996582	357.0
8931	-5.047151388287071	-12.856899821281457	-6.162481307983398	357.0
8951	-4.617825885365293	-12.814566899292878	-6.082291126251221	357.0
8970	-4.161965516333972	-12.572085042564174	-6.267675399780273	357.0
8991	-4.000284518670654	-12.506316863516519	-6.460665225982666	357.0
9012	-3.692785278670755	-12.469593737220862	-6.714920997619629	357.0
9030	-3.3015540880703473	-12.41263654566012	-6.96681022644043	357.0
9048	-3.2616185459841542	-12.463633686652207	-6.6299824714660645	357.0
9067	-3.1925900408943777	-12.688118826115474	-6.449868202209473	357.0
9086	-3.1058157497940386	-12.941928842287334	-6.382419586181641	357.0
9107	-2.7188233062247615	-12.935797044986293	-6.511955738067627	356.0
9128	-2.274122045773567	-13.030070719200054	-6.673182487487793	356.0
9146	-1.8218072601447841	-13.033789441732118	-6.936159133911133	356.0
9165	-1.7626742956278139	-13.088374845564331	-7.2161478996276855	356.0
9185	-1.7626742956278139	-13.088374845564331	-7.2161478996276855	356.0
9203	-1.9676155341274162	-13.035485565376794	-7.289572715759277	356.0
9224	-1.7427157089927758	-13.345184178995662	-7.487427234649658	356.0
9246	-1.397572828497409	-13.33750935739117	-7.31284761428833	356.0
9262	-1.2095800879669882	-13.41241908385596	-7.136310577392578	356.0
9281	-1.2026648244659723	-13.579519756846288	-7.178183555603027	356.0
9301	-1.166857196702857	-13.439239200326087	-7.262354850769043	356.0
9320	-1.03404739174246	-13.542507525079442	-7.284921646118164	354.0
9340	-0.9492830535350433	-13.520338975069333	-7.067198753356934	354.0
9363	-0.8117269951663829	-13.76772731057079	-7.004612922668457	354.0
9378	-0.7903144618339945	-13.910970061302578	-7.2111616134643555	354.0
9399	-0.7493065888670404	-14.308177993461893	-7.1981706619262695	354.0
9417	-0.44952519595284207	-14.449478535489947	-7.0761590003967285	354.0
9437	-0.440704357964022	-14.673509587480051	-6.848420143127441	354.0
9456	-0.17852846336901998	-14.798639161778741	-6.618666648864746	354.0
9478	-0.17523421348495383	-14.937185816595552	-6.614676475524902	354.0
9495	0.1313159224475944	-15.075025514915037	-6.500973701477051	354.0
9514	0.2907315108718328	-15.373905372777573	-6.338871955871582	353.0
9534	0.5748634180373052	-15.408563820752704	-6.14708948135376	353.0
9554	0.8662795588343701	-15.323904506326414	-6.336065769195557	353.0
9574	0.9561050799507262	-15.439083481769677	-6.39177131652832	353.0
9594	1.3595285321359065	-15.385533975252791	-6.370805263519287	353.0
9612	1.365300748059171	-15.756744253187058	-6.4772138595581055	353.0
9632	1.5047409996530885	-15.906821456778369	-6.26540470123291	353.0
9651	1.6480897054415369	-15.871339731305236	-6.123363018035889	353.0
9669	1.7235039018271823	-15.967567919372508	-6.213921070098877	353.0
9690	1.9288294608864325	-16.067277477663083	-6.217518329620361	353.0
9709	2.2878059376274837	-16.11704404574681	-6.228525161743164	352.0
9728	2.460144492639565	-16.129492326210165	-6.368004322052002	352.0
9748	2.511155435875003	-16.295687678674714	-6.6119160652160645	352.0
9767	2.967267546452709	-16.314764002918963	-6.309079170227051	352.0
9786	3.40298462200334	-16.450814269360638	-6.036697864532471	352.0
9806	3.709046706056633	-16.626680172179306	-5.694210052490234	352.0
9827	4.06619389904926	-16.61174347834196	-5.526253700256348	352.0
9850	4.3220919840434195	-16.655895526549838	-5.725261688232422	352.0
9867	4.554796914069602	-16.705910202535957	-5.825613498687744	352.0
9884	4.554796914069602	-16.705910202535957	-5.825613498687744	352.0
9904	5.052814428544601	-16.80735601706143	-5.677802085876465	352.0
9923	5.315295212268149	-16.752279705161385	-6.1894965171813965	350.0
9943	5.661950806927841	-16.900054544073612	-6.13889741897583	350.0
9963	5.846777496547491	-16.960597486751123	-6.299719333648682	350.0
9981	6.018012494471907	-17.328437204670355	-6.43192720413208	350.0
10001	6.317766301547962	-17.376139823609073	-6.334715843200684	350.0
10020	6.7295578050651885	-17.330643289793937	-6.269496440887451	350.0
10040	7.087149075375658	-17.366273994102794	-6.222583770751953	350.0
10059	7.12680905982573	-17.471538884515105	-6.770489692687988	350.0
10081	7.565515230532276	-17.36176228408537	-6.759432315826416	350.0
10098	7.632706669324894	-17.43469979521223	-6.655500411987305	350.0
10118	7.813071894654165	-17.50786936440506	-6.6935858726501465	349.0
10138	8.12394848021711	-17.51070192282252	-6.968849182128906	349.0
10157	8.297461693445623	-17.627672862737345	-6.980827331542969	349.0
10176	8.275848687053017	-17.730445872677294	-7.007379531860352	349.0
10198	8.26776081082023	-17.75132387156697	-7.228758335113525	349.0
10214	8.279236397924198	-17.493752903661797	-7.143409252166748	349.0
10235	8.35414929681012	-17.639621124726684	-7.039605140686035	349.0
10254	8.69533824914784	-17.662092013641473	-6.908140182495117	349.0
10274	9.046481117882326	-17.554245477167935	-6.768548965454102	349.0
10293	9.462239003810229	-17.247258673547847	-6.855010986328125	349.0
10311	9.74384798009968	-17.162313286598668	-6.802153587341309	347.0
10332	10.122467978170171	-17.065734307794155	-6.7607951164245605	347.0
10351	10.372912270954362	-16.9697475811241	-6.743050575256348	347.0
10370	10.85707362336893	-17.0438700894553	-6.778050422668457	347.0
10389	11.311053169702571	-17.101878037885484	-6.523720741271973	347.0
10409	11.504548242289209	-17.082363272214202	-6.8155517578125	347.0
10429	11.68801674129	-17.044634579472635	-7.278470039367676	347.0
10448	11.533515400065761	-17.26834780058405	-7.43453311920166	347.0
10470	12.000023409568763	-17.325216802060517	-7.439548492431641	347.0
10488	12.504508631163835	-17.43321365743431	-6.952434539794922	347.0
10506	12.85495447281674	-17.5427414547612	-6.706172466278076	345.0
10526	13.105259854735122	-17.55208020061313	-6.8963117599487305	345.0
10547	13.427159988462863	-17.418365206445376	-7.482030868530273	345.0
10566	13.742609167891846	-17.415466215064498	-7.296273231506348	345.0
10586	13.742609167891846	-17.415466215064498	-7.296273231506348	345.0
10605	13.9834715035199	-17.341314841283978	-7.720287322998047	345.0
10623	14.417095435042985	-17.320649261028375	-7.787224769592285	345.0
10643	14.634073242496383	-17.474706154071832	-7.718786239624023	345.0
10663	14.761279694451684	-17.907403739197918	-7.850791931152344	345.0
10685	14.992971120340473	-18.11772845539367	-7.814477443695068	345.0
10701	15.367825584404557	-18.33476185720527	-8.009984016418457	345.0
10720	15.777153182596212	-18.255708030244296	-8.177762985229492	344.0
10741	16.22939226093923	-18.176284109404737	-8.569673538208008	344.0
10759	16.580829180150978	-18.152839341977046	-8.965934753417969	344.0
10778	16.99045263779075	-18.139911141604895	-9.27784538269043	344.0
10797	17.154669297488866	-18.236363061195103	-9.3505220413208	344.0
10818	17.577832468687326	-18.193828600948308	-8.97939395904541	344.0
10839	18.120291932804463	-18.294441690521793	-9.15778923034668	344.0
10856	18.34704652503197	-18.141704836023653	-9.653287887573242	344.0
10877	18.416529823043426	-18.30059870648722	-9.844795227050781	344.0
10895	18.32821774457474	-18.457311897252893	-10.194786071777344	344.0
10915	18.455689076331367	-18.339681942565356	-10.7919282913208	343.0
10934	18.799150881364675	-18.123243340620025	-11.095476150512695	343.0
10954	19.10205501013502	-18.259613874848284	-11.053850173950195	343.0
10973	18.986074239961088	-18.209403748888946	-11.671746253967285	343.0
10993	19.344641489746845	-18.39130489533472	-11.518056869506836	343.0
11012	19.761574499665066	-18.462509487705677	-11.090490341186523	343.0
11032	19.967847253826587	-18.37673600354194	-11.57575511932373	343.0
11052	20.321631673057354	-18.35057886515959	-11.970574378967285	343.0
11070	20.36597151265436	-18.251705672914937	-12.25090217590332	343.0
11090	20.30930475096311	-18.335131117119754	-12.55922794342041	343.0
11110	20.49913371312861	-18.32989666449776	-12.779178619384766	343.0
11130	20.684545435762345	-18.553612239877342	-12.991083145141602	343.0
11149	20.74032882054977	-18.60292401805429	-13.045879364013672	343.0
11169	20.81608814060717	-18.59765268725319	-13.4210786819458	343.0
11189	20.80380829206692	-18.429707075300385	-13.8506498336792	343.0
11206	20.800092849772543	-18.179769266624692	-14.311903953552246	343.0
11225	20.72486766393275	-18.36853054415474	-14.602004051208496	343.0
11246	20.428835324519632	-18.640824772954772	-15.12230110168457	343.0
11267	20.299466205311052	-18.92724609862304	-15.262397766113281	343.0
11285	20.401092991030275	-18.942402680992647	-14.925944328308105	343.0
11305	20.401092991030275	-18.942402680992647	-14.925944328308105	343.0
11324	20.25131933486746	-18.942721770149507	-15.153556823730469	342.0
11343	19.90642430870757	-19.001385361950156	-15.546704292297363	342.0
11362	19.733055689235513	-18.844474281563002	-16.177845001220703	342.0
11382	19.286792005234894	-18.710163005291992	-16.610980987548828	342.0
11401	19.26270567739539	-18.556010972416246	-16.776790618896484	342.0
11421	18.737101166649442	-18.415543621820493	-17.47696304321289	342.0
11440	18.395153356823734	-18.266502378170518	-17.610095977783203	342.0
11461	18.42140895247343	-18.783188923537168	-17.086685180664062	342.0
11478	18.072041482712503	-18.663506497337703	-17.305070877075195	342.0
11498	18.034758602447905	-18.631957237795145	-17.31706428527832	342.0
11517	17.917201227390514	-18.601683574830222	-17.279335021972656	341.0
11537	17.625147193252417	-18.19434906221479	-17.84987449645996	341.0
11557	17.193764134631902	-18.022748762954333	-18.15097999572754	341.0
11576	16.927788270542695	-18.003464716531884	-18.150991439819336	341.0
11596	16.79621609215052	-18.145418754674285	-18.176523208618164	341.0
11615	16.265491202316035	-18.18936649881172	-18.256610870361328	341.0
11635	15.783640347479768	-18.259923750349664	-18.1567325592041	341.0
11656	15.447830406753292	-18.216338489938234	-18.092824935913086	341.0
11673	14.722829135903794	-18.109659035620613	-18.392980575561523	341.0
11693	14.22791248027264	-18.182462939623687	-18.199176788330078	341.0
11712	13.763419143196185	-18.295244064090774	-17.89168930053711	340.0
11732	13.242283540608394	-18.304638687260002	-17.665145874023438	340.0
11752	12.490129831658956	-18.33120326687458	-17.849712371826172	340.0
11771	11.981714134594482	-18.097362968154208	-18.017868041992188	340.0
11791	11.799918370288868	-17.85276036142132	-18.128263473510742	340.0
11810	11.257280416492701	-17.733147779236468	-18.108909606933594	340.0
11829	10.873211796649112	-17.780747903329498	-17.845779418945312	340.0
11849	10.513352629431571	-18.082034508509174	-17.580577850341797	340.0
11869	9.93463412336695	-18.16946975275601	-17.440935134887695	340.0
11892	9.765574506835515	-17.943729286117076	-17.331144332885742	340.0
11906	9.713281330736892	-17.719722210416517	-16.959941864013672	339.0
11926	9.53931454678353	-17.407491454050074	-16.733869552612305	339.0
11946	9.142504017596467	-17.111723451908745	-16.856273651123047	339.0
11967	9.262194162350928	-16.885710275035496	-16.390810012817383	339.0
11988	9.071173272090025	-16.779880835423086	-16.05364990234375	339.0
12008	8.850667600554372	-16.517036617851094	-15.866583824157715	339.0
12024	8.850667600554372	-16.517036617851094	-15.866583824157715	339.0
12043	8.773508718001104	-16.526751028738822	-15.688390731811523	339.0
12062	8.50102356879215	-16.382125148593126	-15.584514617919922	339.0
12082	8.265458320725363	-16.349626744531253	-15.43545913696289	339.0
12101	7.954727920412191	-16.40408744302345	-15.35275936126709	339.0
12121	7.872587385130841	-16.27633474248831	-15.193685531616211	339.0
12141	7.882501529798195	-16.28271064216884	-14.96121597290039	339.0
12159	7.943951157366955	-16.31429998117612	-14.701512336730957	339.0
12179	7.778175179034813	-16.446010932000842	-14.407273292541504	339.0
12199	7.604993517641834	-16.381898789446613	-14.410510063171387	339.0
12220	7.209570785350975	-16.638463255463364	-14.308759689331055	339.0
12240	7.197503606613288	-16.467353480899387	-13.996368408203125	339.0
12259	6.979140169574236	-16.327811996036083	-14.25472640991211	339.0
12276	6.6025380567650656	-16.251223354453096	-14.239604949951172	339.0
12297	6.639523312579847	-16.487946872839583	-13.902889251708984	339.0
12315	6.652896421491779	-16.442705981894452	-13.685197830200195	339.0
12335	6.752659870856945	-16.426822970947903	-13.498159408569336	339.0
12356	6.757278680136419	-16.457044776005933	-13.050339698791504	339.0
12373	7.034047715057905	-16.311929268568814	-12.865850448608398	339.0
12394	7.206794726722744	-16.35283540799708	-12.752839088439941	339.0
12413	7.334335535197019	-16.215726174586983	-12.622586250305176	339.0
12433	7.3533894933571755	-15.993207888490975	-12.574803352355957	339.0
12452	7.265697539160311	-15.727695950524337	-12.577043533325195	339.0
12474	6.943859886747597	-15.717691842225541	-12.659482955932617	339.0
12491	7.1215948099757735	-15.945820609998584	-12.085208892822266	339.0
12511	6.91541420638625	-15.84000824703693	-12.199775695800781	339.0
12529	7.0013338184459	-15.861891794304844	-12.129005432128906	339.0
12548	7.086008431074151	-15.953521584351565	-11.868968963623047	339.0
12569	7.014525471492887	-15.923851597836169	-11.943930625915527	339.0
12591	7.145611776025805	-15.8801123014717	-12.064255714416504	339.0
12609	7.065516230756073	-15.6997016519368	-12.284622192382812	339.0
12626	7.407778375814491	-15.70515336167167	-12.450554847717285	339.0
12646	7.439974113468683	-15.806901263372199	-12.66887378692627	339.0
12667	7.605593616740964	-16.2116517921075	-12.240201950073242	339.0
12686	7.680544568965007	-16.36906343317046	-11.850398063659668	339.0
12706	7.680544568965007	-16.36906343317046	-11.850398063659668	339.0
12726	7.548848813926111	-16.35681321599988	-12.077784538269043	339.0
12744	7.548848813926111	-16.35681321599988	-12.077784538269043	339.0
12763	7.455600170322557	-16.201990802766954	-12.66907024383545	339.0
12783	7.566071014408864	-16.15786314762312	-12.854227066040039	339.0
12802	7.515380752784619	-16.18970696268329	-12.695500373840332	339.0
12822	7.478037581771681	-16.26971929417341	-12.42950439453125	339.0
12843	7.578036158083272	-16.4529972326445	-12.504606246948242	339.0
12860	7.536106433046916	-16.722788235080984	-12.34174919128418	339.0
12879	7.500615508024859	-16.875313727358453	-12.205699920654297	339.0
12899	7.7721398728276085	-16.864921357716778	-11.92540454864502	339.0
12919	7.62009479657669	-16.786355429625086	-12.01780891418457	339.0
12937	7.557189431815635	-16.819104049715147	-12.306828498840332	339.0
12957	7.713962074144958	-17.133006153965596	-11.917525291442871	339.0
12977	7.783483688041294	-17.41174926657215	-11.744054794311523	339.0
12996	7.593042159003821	-17.548945826590533	-11.287515640258789	339.0
13016	7.4839908108994795	-17.582443466399575	-11.599847793579102	339.0
13035	7.791278926547428	-17.470452070736464	-12.146472930908203	339.0
13054	7.828250897974959	-17.389249871876096	-12.469144821166992	339.0
13075	7.842455254891988	-17.343446003880693	-12.661429405212402	339.0
13095	7.890913797238487	-17.306154387753036	-12.847349166870117	339.0
13113	7.8964835216483715	-17.487204944862867	-12.855688095092773	339.0
13133	7.982787730188731	-17.942108770065914	-12.46231746673584	339.0
13152	8.114409683818533	-18.25044002474306	-12.21226692199707	339.0
13172	8.416503571860042	-18.33951249048813	-12.096855163574219	339.0
13194	8.20765554627964	-18.580609395770338	-11.694620132446289	339.0
13210	8.323939781453635	-18.795785905440628	-11.498604774475098	339.0
13230	8.358720094041056	-18.885608415065683	-11.456047058105469	339.0
13249	8.202611957546727	-18.774094309438926	-11.707721710205078	339.0
13268	8.22390650083065	-18.72129331930225	-11.765731811523438	339.0
13288	8.345675350708213	-18.926782261141007	-11.510177612304688	339.0
13307	8.504095654158794	-19.23055911547181	-11.357258796691895	339.0
13329	8.186935499419915	-19.64837605072827	-11.233989715576172	339.0
13346	8.49344746397969	-19.693961735255	-11.290242195129395	339.0
13366	8.473004622082746	-19.77394562190716	-11.289047241210938	339.0
13386	8.473004622082746	-19.77394562190716	-11.289047241210938	339.0
13406	8.27998503646131	-20.055129464604544	-11.536909103393555	339.0
13425	8.27998503646131	-20.055129464604544	-11.536909103393555	339.0
13445	8.291938736004726	-20.098162992442507	-11.572178840637207	339.0
13463	8.176222523249079	-20.369766891729288	-11.419591903686523	339.0
13482	8.185686127276275	-20.365267013762047	-11.153514862060547	339.0
13502	8.318064742894268	-20.477304316777015	-10.958427429199219	339.0
13521	8.19073658353373	-20.519471810703727	-10.954732894897461	339.0
13541	7.829637846181664	-20.48603537573994	-11.079421997070312	339.0
13564	7.6850552065427715	-20.385307067294075	-11.223618507385254	339.0
13580	7.590441670243095	-20.511053797979987	-11.009215354919434	339.0
13599	7.494045513433665	-20.925204116669647	-10.519064903259277	339.0
13619	7.365501614079337	-20.884508341150482	-10.299477577209473	339.0
13638	6.955384121601802	-20.92088156820783	-10.599165916442871	339.0
13658	6.752285620554063	-20.776972971496434	-10.767074584960938	339.0
13678	6.490948188831629	-20.762109480494992	-10.972707748413086	339.0
13696	6.232702273165895	-20.777676040938445	-11.25580883026123	339.0
13716	6.133718550540542	-21.039654137528103	-10.788618087768555	339.0
13735	6.102087141414853	-20.8796223950093	-10.610363006591797	339.0
13755	6.106610792367743	-20.88951694692495	-10.431861877441406	339.0
13777	6.112367088626855	-20.841350813497343	-10.63345718383789	339.0
13797	5.791385628794032	-20.639224732324273	-10.564762115478516	339.0
13814	5.677256606520838	-20.38908132789171	-10.657670974731445	339.0
13833	5.676940744856731	-20.323164833862645	-10.268233299255371	339.0
13852	5.550029898665901	-20.332466622760833	-9.862995147705078	339.0
13872	5.58348978127998	-20.354295051624046	-9.930486679077148	339.0
13892	5.715165979597465	-20.716514545055517	-9.500242233276367	339.0
13910	5.662293631912352	-20.676094571593275	-9.466303825378418	338.0
13931	5.356670938757699	-20.668224650564248	-9.425637245178223	338.0
13949	5.493071722954982	-20.96719202176622	-9.254310607910156	338.0
13968	5.318713919287981	-21.062394890945075	-9.108394622802734	338.0
13988	5.153644471708492	-21.28944100825186	-8.666329383850098	338.0
14007	5.3138492290449175	-21.460984054140184	-8.14334487915039	338.0
14028	5.133472350852815	-21.283305356366714	-8.16394329071045	338.0
14048	5.153667334566405	-21.22339442860592	-8.05514144897461	338.0
14065	5.017863169533826	-21.26006543566913	-8.113971710205078	338.0
14087	5.075749723607917	-21.09376837542755	-8.112828254699707	338.0
14108	5.183743243982059	-20.871702566710816	-7.99189567565918	338.0
14126	5.15906710570136	-20.91831689648026	-7.721652030944824	338.0
14150	5.15906710570136	-20.91831689648026	-7.721652030944824	338.0
14163	4.8514892844208415	-20.6719660521443	-8.592628479003906	338.0
14183	4.8294666417725844	-20.377518597572497	-8.71208667755127	338.0
14202	4.9373943653404	-20.544341276043408	-8.028986930847168	338.0
14222	4.896476352111535	-20.594562409775286	-7.642803192138672	338.0
14241	4.91555351187282	-20.54795307186422	-7.290205955505371	338.0
14261	4.833515230910848	-20.516905126224636	-7.159646034240723	338.0
14280	4.767739616801869	-20.49146596646601	-7.128664016723633	338.0
14300	4.880226967507464	-20.399837153384347	-7.072554588317871	338.0
14318	4.964824742879195	-20.43514649722096	-7.019834518432617	337.0
14338	5.0593604486384445	-20.553234711065823	-7.233109951019287	337.0
14359	4.958064538604268	-20.617698449263667	-7.160127639770508	337.0
14377	4.861192477774403	-20.510298446957982	-7.144082069396973	337.0
14397	4.589711936888823	-20.547525535740974	-7.0590715408325195	337.0
14417	4.665101070471139	-20.59203577693138	-7.083921432495117	337.0
14436	4.704498016093411	-20.63845885553168	-7.03800106048584	337.0
14454	4.673090936296889	-20.842408056464897	-7.131928443908691	337.0
14475	4.787952967029878	-20.759495011154137	-7.199567794799805	337.0
14494	4.668246512253047	-20.822725483358653	-6.578031063079834	337.0
14518	4.895244475320894	-20.874790857275237	-6.380795001983643	336.0
14534	4.916352248025073	-21.068438235345752	-6.50148868560791	336.0
14552	4.952807139602675	-21.031405431444963	-6.807753562927246	336.0
14572	4.810294120062506	-21.05755616205619	-7.050127029418945	336.0
14591	4.400822366717201	-21.016978574445016	-7.272025108337402	336.0
14612	4.418359504714086	-20.899079006325906	-7.239560127258301	336.0
14631	4.336422672548993	-21.017108067068047	-6.941754341125488	336.0
14650	4.470365284700725	-21.078582879889705	-7.061854362487793	336.0
14668	4.346602404863323	-21.182694103689975	-7.08840274810791	336.0
14688	4.41334582385495	-21.162618129580657	-6.928253173828125	336.0
14708	4.3976433469667935	-20.98583382729439	-7.040877819061279	336.0
14726	4.326976482169563	-20.927976028703846	-6.959439277648926	336.0
----------------도착----------------
14748	4.528128715125676	-20.889700314468335	-6.874632835388184	336.0
14766	4.490179703147843	-21.019961611678887	-6.789012908935547	336.0
14787	4.490179703147843	-21.019961611678887	-6.789012908935547	336.0
14805	4.364892757528661	-20.89514327385708	-6.683408737182617	336.0
14826	4.342183164976922	-20.86179958825244	-6.523904800415039	336.0
14844	4.342183164976922	-20.86179958825244	-6.523904800415039	336.0
14866	4.351359157765438	-20.879963912648616	-6.581750869750977	336.0
14883	4.276781179186594	-20.791921191406207	-6.598860740661621	336.0
14902	4.467454423856459	-20.631553510795715	-6.863193988800049	336.0
14922	4.678748923683009	-20.733994623364016	-6.961294174194336	336.0
14941	4.567408829768706	-20.710065508896932	-7.108646392822266	336.0
14961	4.597101871033858	-20.710772609384748	-6.9350786209106445	336.0
14980	4.714293985212202	-20.62408891722777	-6.759457588195801	336.0
14999	4.50526529175505	-20.562765180592113	-6.870701789855957	336.0
15020	4.444340305468861	-20.42278433043726	-6.913325309753418	336.0
15038	4.550481290984912	-20.466038811432178	-7.1326446533203125	336.0
15058	4.424410194642751	-20.588724188896	-6.967174530029297	336.0
15078	4.241049150976543	-20.570315866612496	-6.9471845626831055	336.0
15096	4.26369085245478	-20.57118046879621	-6.679354667663574	336.0
15117	4.238284175104907	-20.74068133681007	-6.747733116149902	336.0
15136	4.451838237420222	-20.76369513592636	-6.652426719665527	336.0
15155	4.483417524014686	-20.704527563974704	-6.584226608276367	336.0
15175	4.5254544016419285	-20.573921937386796	-6.72606086730957	336.0
15194	4.65236260274998	-20.48791035505305	-6.5798115730285645	336.0
15213	4.671374621658877	-20.45617868444831	-6.6525678634643555	336.0
15233	4.619351501917371	-20.344693693888015	-6.6201324462890625	336.0
15253	4.584971598079489	-20.291545722743702	-6.465334892272949	336.0
15273	4.605843524345703	-20.215610592638267	-6.257168769836426	336.0
15292	4.414572349812238	-20.22136223590306	-6.10202693939209	336.0
15311	4.613714468343689	-20.22040376482409	-5.947183609008789	336.0
15330	4.658952127020336	-20.279846754326844	-5.849494934082031	336.0
15351	4.500893729756659	-20.46213789240503	-5.913120269775391	336.0
15370	4.420488002018564	-20.455530968549887	-5.987454414367676	336.0
15388	4.5108218485348655	-20.51460137549646	-5.7102460861206055	336.0
15408	4.42858281885853	-20.671280250197608	-5.679471492767334	336.0
15427	4.5037205013826505	-20.952085018793365	-5.767528533935547	336.0
15448	4.466600443906844	-20.934062470667655	-6.075082778930664	336.0
15466	4.33697255991525	-21.085629772634586	-6.289418697357178	336.0
15486	4.254262971734239	-21.248996259493566	-6.377042770385742	336.0
15506	4.255152343307508	-21.042593077574363	-6.467473030090332	336.0
15524	4.255152343307508	-21.042593077574363	-6.467473030090332	336.0
15547	4.223442130235906	-21.153954416488325	-6.529973983764648	336.0
15565	4.223442130235906	-21.153954416488325	-6.529973983764648	336.0
15584	4.354541350136993	-21.03905608260828	-6.751418113708496	336.0
15602	4.202104749321124	-20.786928048648306	-6.912135124206543	336.0
15623	4.196769323456172	-20.963717510981716	-6.687128067016602	336.0
15641	4.17311802242199	-20.827802200449124	-6.577402114868164	336.0
15661	4.113822333826048	-20.77432948504215	-6.617110252380371	336.0
15680	4.034424804215055	-20.819513738607682	-6.543118476867676	336.0
15702	3.8530913240342444	-20.893203924955955	-6.550073623657227	336.0
15719	3.915100105679	-20.674034729030513	-6.840720176696777	335.0
15739	4.015884733526205	-20.628378777565676	-6.915375232696533	335.0
15758	3.8979255937453408	-20.735090234950857	-6.6666083335876465	335.0
15778	3.796126396668431	-20.551055435003693	-6.587008476257324	335.0
15797	3.9288692752811887	-20.513184411814972	-6.716224193572998	335.0
15816	3.8351484488610885	-20.34240454089319	-6.617868900299072	335.0
15837	4.04891162010009	-20.48527864149824	-6.583270072937012	335.0
15856	4.228151613298994	-20.382531957173068	-6.474661827087402	335.0
15875	4.315440291478281	-20.583764649705532	-6.337316989898682	335.0
15894	4.34279520300513	-20.60782697720528	-6.217665672302246	335.0
15914	4.540798194205414	-20.526536239812582	-6.2713775634765625	335.0
15935	4.610345375604406	-20.5172525489275	-6.387779712677002	335.0
15952	4.478702008276578	-20.49904042767624	-6.309907913208008	335.0
15973	4.762558158198508	-20.52525652760389	-6.229449272155762	335.0
15992	4.678020221163427	-20.544190527434786	-6.3781843185424805	335.0
16011	4.524462625468759	-20.559930649464132	-6.308367729187012	335.0
16031	4.497513546223759	-20.4158412933425	-6.212188720703125	335.0
16050	4.2866532697534385	-20.53179530239245	-5.949036598205566	335.0
16078	4.226278361389429	-20.561024438396405	-6.0929179191589355	335.0
16089	4.372721481629425	-20.564809975348332	-6.211555004119873	335.0
16108	4.373642038915293	-20.559027086963933	-6.230022430419922	335.0
16127	4.451500474979306	-20.617891676555246	-6.232839584350586	335.0
16147	4.319586210022725	-20.74316251804526	-6.137385845184326	335.0
16168	4.318300316173654	-20.849318339359414	-6.265094757080078	335.0
16188	4.261226926531687	-20.92106593702903	-6.412196159362793	335.0
16206	4.49852667557454	-20.963809121765564	-6.376291275024414	335.0
16226	4.49852667557454	-20.963809121765564	-6.376291275024414	335.0
16245	4.47862043334665	-20.967824430566925	-6.501501083374023	335.0
16265	4.235976497763529	-20.93751455626803	-6.5967912673950195	335.0
16285	4.284498797647435	-20.88963960744376	-6.795900344848633	335.0
16305	4.195138113346221	-20.978684052458252	-6.804200172424316	335.0
16322	4.270482591747453	-20.768488058427298	-6.8718767166137695	335.0
16342	4.183677493861012	-20.817851560356697	-6.824010848999023	335.0
16362	4.363541431428078	-20.77181960697978	-6.6959075927734375	335.0
16380	4.189374986492206	-20.70593915764806	-6.912910461425781	335.0
16399	4.124816533277848	-20.828811852136045	-6.772210597991943	335.0
16419	4.390021359008342	-20.692911296469823	-6.75616455078125	335.0
16439	4.346254493267233	-20.79411853645438	-6.708864212036133	335.0
16458	4.268885999077977	-20.621197666126616	-6.831175804138184	335.0
16478	4.272006553175587	-20.71857854468921	-7.058917999267578	335.0
16497	4.334915297193748	-20.566445303416433	-7.078578472137451	335.0
16518	4.397421602180848	-20.665682952590316	-6.950058937072754	335.0
16536	4.311379280457829	-20.608572727277163	-6.986086845397949	335.0
16557	4.565048732208724	-20.40700726413041	-7.013091087341309	335.0
16575	4.404835505553078	-20.505635500780333	-6.976118087768555	335.0
16595	4.483383679075143	-20.519120509515353	-6.712657928466797	335.0
16614	4.51610886666086	-20.618994356561082	-6.658874988555908	335.0
16634	4.590900895938332	-20.52133599357835	-6.4953813552856445	335.0
16654	4.628970426137216	-20.50619718852672	-6.407881736755371	335.0
16673	4.548932592152391	-20.415159998776875	-6.4643025398254395	335.0
16692	4.769465301986638	-20.439079838921717	-6.402087688446045	335.0
16711	4.525048969508001	-20.345440898900936	-6.326796054840088	335.0
16731	4.648137086596934	-20.276602662375662	-6.329279899597168	335.0
16751	4.556661868352455	-20.223402820439695	-6.475252628326416	335.0
16771	4.479662537800271	-20.25084079967395	-6.296727180480957	335.0
16794	4.528198489154569	-20.185298854045076	-6.092875957489014	335.0
16809	4.602599412034979	-20.2456217508132	-5.925352573394775	335.0
16829	4.704335836715829	-20.287573957396358	-5.875539302825928	335.0
16848	4.591111189047002	-20.337222004540255	-5.899051666259766	335.0
16868	4.529268912223911	-20.42591526108125	-6.0407233238220215	335.0
16886	4.295256977587449	-20.64352581357892	-5.985258102416992	335.0
16908	4.27928292899273	-20.570432655565735	-6.130049228668213	335.0
16926	4.212422792158945	-20.669147979871703	-6.173489570617676	335.0
16947	4.0521337479596315	-20.750771086891916	-6.152795314788818	335.0
16965	4.0521337479596315	-20.750771086891916	-6.152795314788818	335.0
16986	4.079527030478858	-20.835757332541366	-6.098508834838867	335.0
17003	3.8993217134823155	-20.82668741341519	-6.207118988037109	335.0
17022	4.01281437741004	-20.533830491107587	-6.293962478637695	335.0
17043	4.2588302448024296	-20.419366686774044	-6.223702430725098	335.0
17061	4.233358743963861	-20.242690898602667	-6.293600559234619	335.0
17081	4.259640160852896	-20.38708819664858	-6.034208297729492	335.0
17101	4.32330697191046	-20.394549609910126	-5.988743782043457	335.0
17120	4.34398419841204	-20.391706883874647	-6.010658264160156	336.0
17140	4.394874568616306	-20.330141547227022	-6.200963020324707	336.0
17158	4.334970567280906	-20.287504336116108	-6.188034534454346	336.0
17178	4.107852471438053	-20.382909691296803	-6.10496711730957	336.0
17198	4.0445547108256195	-20.496829774956833	-6.2581024169921875	336.0
17217	4.194454200494346	-20.589998897944234	-6.353981018066406	336.0
17237	4.216849691529334	-20.573601664017673	-6.4379119873046875	336.0
17255	4.330105141346126	-20.547833290579433	-6.302639007568359	336.0
17276	4.455676751797812	-20.24943137928474	-6.40401554107666	336.0
17296	4.506131714832454	-20.020114766755828	-6.469962120056152	336.0
17315	4.619511247064836	-19.905094391614174	-6.530404090881348	337.0
17334	4.875228514568666	-20.10563224767554	-6.385324001312256	337.0
17354	4.76030477581675	-20.325329020119216	-6.26167106628418	337.0
17374	4.722762454918008	-20.324631709216536	-6.259235858917236	337.0
17394	4.597847426812631	-20.09755680626469	-6.531146049499512	337.0
17412	4.65729273027138	-20.163942452063743	-6.5828471183776855	337.0
17431	4.6080336524273	-20.425003769018463	-6.596797943115234	337.0
17450	4.458923543643767	-20.500206653922717	-6.45158576965332	337.0
17470	4.487752484966526	-20.59909666972481	-6.207826614379883	337.0
17492	4.63418302403123	-20.522642181224573	-6.039798736572266	337.0
17511	4.778780314540305	-20.307385521641034	-5.95435905456543	337.0
17528	4.7622516973387485	-20.321931060780788	-6.007343292236328	337.0
17547	4.918436310332209	-20.608525443108878	-5.733430862426758	337.0
17567	4.6970871604576105	-20.560806584437437	-5.9316558837890625	337.0
17587	4.774853089972963	-20.5617709022672	-5.847272872924805	337.0
17608	4.943130078884537	-20.66045152667353	-5.83613395690918	337.0
17626	4.893426184503207	-20.806348619605284	-5.821367263793945	337.0
17646	4.6971334912308755	-20.580868345160546	-6.077220916748047	337.0
17667	4.552431714208464	-20.608113925677333	-6.174142837524414	337.0
17684	4.552431714208464	-20.608113925677333	-6.174142837524414	337.0
17705	4.694862821255992	-20.60637990461877	-6.205155372619629	337.0
17722	4.739401836395818	-20.383835150585373	-6.229815483093262	337.0
17742	4.891775470775732	-20.4880663339462	-6.200087070465088	337.0
17762	4.799683951995413	-20.556253622298787	-6.242107391357422	337.0
17781	4.750914544925542	-20.61569982913423	-6.4913330078125	337.0
17801	4.9087062728437445	-20.607269860565257	-6.725439548492432	337.0
17831	4.889652144502733	-20.91425820698256	-6.84335470199585	337.0
17839	4.933625448915668	-20.787455819535214	-6.857419013977051	337.0
17860	4.902760711690005	-20.724589516956968	-6.615020751953125	337.0
17878	4.877226477887713	-20.959471540516482	-6.744072914123535	337.0
17898	4.94955929344351	-20.73626638455818	-6.732141494750977	337.0
17918	4.7867675178121	-20.670150595308616	-6.613903045654297	336.0
17937	4.6285763165884735	-20.48916071841538	-6.480705261230469	336.0
17957	4.51982925575332	-20.475230573342476	-6.340121269226074	336.0
17975	4.5267149763317525	-20.41068278105248	-6.0935773849487305	336.0
17996	4.616430058129792	-20.507987997917954	-6.061769008636475	336.0
18014	4.440384902436849	-20.569821073303835	-6.30844259262085	336.0
18035	4.47054296128953	-20.408985298410023	-5.920891761779785	336.0
18054	4.313661414397552	-20.70984250454943	-5.858360767364502	336.0
18075	4.596014118814405	-20.673272529944388	-6.076137542724609	336.0
18094	4.591335038020609	-20.76328680256226	-6.19758415222168	336.0
18113	4.646206935873315	-20.746364132804647	-6.431780815124512	335.0
18131	4.596573292981697	-20.70297956630457	-6.7288079261779785	335.0
18151	4.451641618407493	-20.816342541571064	-6.845426559448242	335.0
18171	4.6277885501707825	-20.834781514985796	-6.6004438400268555	335.0
18190	4.556936677815438	-20.90705853841118	-6.7132062911987305	335.0
18210	4.498962248387112	-20.831518172117963	-6.574942588806152	335.0
18233	4.393161548227478	-20.999864387009442	-6.346562385559082	335.0
18248	4.598573556712594	-21.044751273329624	-6.337526321411133	335.0
18267	4.493289535348989	-20.837021176709584	-6.1968278884887695	335.0
18287	4.535137060801583	-20.940402768535044	-6.050987243652344	335.0
18307	4.539526190486196	-20.876385125139937	-5.779418468475342	335.0
18326	4.602934580665541	-20.751802106160202	-5.733419418334961	335.0
18347	4.593645828019295	-20.677658655913415	-6.218114852905273	335.0
18366	4.417560306863724	-20.631908639429046	-6.211928844451904	335.0
18386	4.417560306863724	-20.631908639429046	-6.211928844451904	335.0
18405	4.361310496539522	-20.565871144751057	-6.170590400695801	335.0
18424	4.381318274315922	-20.253103182834224	-6.278951644897461	335.0
18443	4.416246781402639	-20.29281502155016	-6.280460357666016	335.0
18463	4.395816328647299	-20.278573757414033	-6.299979209899902	335.0
18481	4.3546863844705355	-20.25181337443083	-6.408173561096191	335.0
18501	4.137094189269452	-20.26921878458468	-6.357183456420898	335.0
18520	4.053676334904531	-20.202972630522822	-6.084815979003906	335.0
18541	4.154287924993599	-20.270320218747905	-6.209317207336426	335.0
18559	4.081253225325971	-20.313951677095694	-6.317005157470703	335.0
18578	3.998720984586682	-20.45875541252749	-6.337042808532715	335.0
18598	4.150819627306423	-20.509843159891474	-6.3610944747924805	335.0
18617	4.146159375225319	-20.534865041107864	-6.382305145263672	335.0
18637	4.213183706003185	-20.4385794698676	-6.312744140625	335.0
18656	4.2771664101968705	-20.616792448994385	-6.1952314376831055	335.0
18676	4.310260450965653	-20.742122138986186	-6.1780829429626465	335.0
18697	4.410687851874493	-20.677900001824536	-6.183805465698242	335.0
18715	4.5723868295705845	-20.636736536352117	-6.08848762512207	335.0
18734	4.526768873116007	-20.71378326184323	-5.841402053833008	335.0
18754	4.3718435461829905	-20.727704466288642	-5.986111640930176	335.0
18774	4.3855047154702245	-20.565073200066678	-6.2678937911987305	335.0
18793	4.354364305794493	-20.703671951415814	-6.343031883239746	335.0
18812	4.348354480644191	-20.661032594037085	-6.387815952301025	335.0
18832	4.400413913723415	-20.783228385376276	-6.322327613830566	335.0
18851	4.623810153899434	-20.67022142904348	-6.29586935043335	335.0
18871	4.634101125129248	-20.800860507360124	-6.372400283813477	335.0
18890	4.72962561115192	-20.72853550215077	-6.36600399017334	335.0
18909	4.499433929316244	-20.762693326745996	-6.366244316101074	335.0
18929	4.639167011163758	-20.672119336286215	-6.144864082336426	335.0
18951	4.448750176044838	-20.704325501188418	-6.183897018432617	335.0
18968	4.544194659763573	-20.667308641734948	-6.413732528686523	335.0
18987	4.640432707767564	-20.616434472894234	-6.463061809539795	335.0
19007	4.466504265441258	-20.616909340404717	-6.531503677368164	335.0
19027	4.20540648231528	-20.549115777329934	-6.560442924499512	335.0
19045	4.252180003101198	-20.604635660676447	-6.702298164367676	335.0
19067	4.660362741788538	-20.518472158516342	-6.488624572753906	335.0
19085	4.627454066327593	-20.634438776827825	-6.53735876083374	335.0
19104	4.627454066327593	-20.634438776827825	-6.53735876083374	335.0
19124	4.876107457221698	-20.474080499108837	-6.492231369018555	335.0
19144	4.699963581584728	-20.606241376548706	-6.061485290527344	335.0
19163	4.687037644676915	-20.761774762333353	-6.194083213806152	335.0
19182	4.858531346289425	-20.741405058316868	-6.202518463134766	335.0
19201	4.949213335939889	-20.54661037342611	-6.087153434753418	335.0
19222	4.753211114095306	-20.628718025096433	-6.171008110046387	335.0
19240	4.591119018928059	-20.78946565024365	-6.292362213134766	335.0
19260	4.365597708690923	-20.992301665616743	-6.269538402557373	335.0
19278	4.433811583643346	-21.0147288729849	-6.324026107788086	335.0
19298	4.559668482430679	-20.955124000911795	-6.379190921783447	335.0
19318	4.4788045309356805	-20.732170735430937	-6.199707984924316	335.0
19338	4.1955929205929685	-20.854884771076993	-6.25980281829834	335.0
19357	4.317823774121632	-20.969691038058848	-6.219851493835449	335.0
19376	4.301964366335375	-20.886815314590578	-6.077364444732666	335.0
19396	4.223596762027781	-20.94543671802409	-6.254433631896973	335.0
19420	4.3493348674956085	-20.847933537169055	-6.130922317504883	335.0
19435	4.322818529348079	-20.985495339498655	-6.1167802810668945	335.0
19454	4.257918400017788	-20.92300200586613	-6.157500743865967	335.0
19475	4.172838694238161	-20.90127438972609	-6.175998210906982	335.0
19493	4.43226948575707	-20.837076364160048	-5.993710041046143	335.0
19512	4.300484123502441	-20.79925660245338	-5.953266143798828	334.0
19531	4.566361053140753	-20.920380621246874	-6.159810543060303	334.0
19551	4.596281994132596	-20.680347942734407	-5.9551005363464355	334.0
19571	4.777215741533737	-20.63925790766023	-6.124201774597168	334.0
19590	4.796686843813428	-20.435876570748153	-6.115724563598633	334.0
19610	4.891067686593739	-20.46071140905261	-6.205500602722168	334.0
19629	4.724219448544198	-20.40693252015058	-5.998193740844727	334.0
19649	4.537081242200752	-20.530967250940552	-5.913116931915283	334.0
19668	4.59318094760442	-20.514966902594598	-5.978553771972656	334.0
19687	4.3144124880825885	-20.562590829422234	-5.83877420425415	334.0
19707	4.428059311104461	-20.715497699089674	-6.033258438110352	333.0
19726	4.4113778228655915	-20.72220351366957	-6.130430221557617	333.0
19746	4.634720017080155	-20.802724612623372	-6.3035078048706055	333.0
19767	4.576865800017806	-20.688998534830315	-6.574695587158203	333.0
19786	4.784497438148771	-20.66050204672933	-7.01241397857666	333.0
19805	4.784497438148771	-20.66050204672933	-7.01241397857666	333.0
19825	4.718035919358664	-20.793199703117256	-6.973394393920898	333.0
19843	4.718035919358664	-20.793199703117256	-6.973394393920898	333.0
19863	4.713279865576548	-20.772802320452932	-6.753577709197998	333.0
19881	4.782003563938272	-20.543143296220954	-6.746464252471924	333.0
19902	4.648215593031448	-20.28275880240949	-7.015317916870117	333.0
19921	4.422392358153447	-20.25236926821384	-7.040463447570801	332.0
19939	4.535885499643262	-20.54072721832038	-6.5395426750183105	332.0
19960	4.7473940154986	-20.771341209682596	-5.782242774963379	332.0
19980	4.882503371721907	-20.630648465221757	-5.644899368286133	332.0
20000	4.927659686998105	-20.548067230765447	-5.687764644622803	332.0
20019	4.9677151102044474	-20.588419869632528	-6.057313442230225	332.0
20038	4.874214895857869	-20.52043431395336	-6.415341377258301	332.0
20057	4.853122566692278	-20.515091744260197	-6.779878616333008	332.0
20077	4.914365976398802	-20.442658955465394	-6.9426164627075195	332.0
20096	4.994630790190574	-20.142932653516436	-6.943202018737793	332.0
20117	4.9259020248218635	-20.07830386865802	-6.9881591796875	331.0
20134	4.8850225006147	-20.130154567645683	-7.07320499420166	331.0
20154	4.7312200849203885	-20.45911139799894	-6.9266438484191895	331.0
20173	4.615636451186751	-20.295078934465206	-6.869843482971191	331.0
20194	4.860619773615983	-20.277707289619165	-6.897411346435547	331.0
20213	4.991110774400679	-20.135874750403733	-6.734559059143066	331.0
20234	4.97758356747955	-20.01607787927246	-6.743002891540527	331.0
20253	4.861040287629466	-20.18270827522709	-6.765188217163086	331.0
20272	4.834257180643251	-20.118614471535725	-6.6016693115234375	331.0
20290	4.784273530769269	-20.302257047555674	-6.132997035980225	331.0
20310	4.9044431883339135	-20.042574166689892	-5.861438751220703	331.0
20329	5.20745349560659	-19.970555573013016	-5.696744918823242	331.0
20349	4.8465487037323385	-19.998746610999873	-5.768685817718506	331.0
20369	4.8465624342784634	-19.88027658931149	-5.949363708496094	331.0
20388	4.784725466162411	-20.078394001875942	-6.058126449584961	331.0
20407	4.716994297282965	-19.96101650502952	-6.027283668518066	331.0
20427	4.561051232821555	-20.181815274073404	-5.935235023498535	331.0
20446	4.582646226241563	-20.182071120430752	-6.036633491516113	331.0
20466	4.582646226241563	-20.182071120430752	-6.036633491516113	331.0
20486	4.204012545495323	-20.216298230576662	-6.097452163696289	331.0
20506	4.320839774199673	-20.12020041505817	-6.082902431488037	331.0
20523	4.320839774199673	-20.12020041505817	-6.082902431488037	331.0
20544	4.421272545187343	-20.29682398098837	-6.105350017547607	331.0
20563	4.337811620590536	-20.31284967623009	-5.9123992919921875	331.0
20582	4.333991933826631	-20.465025691988064	-5.809443473815918	331.0
20602	4.369369238819907	-20.38376116889262	-5.713443279266357	331.0
20621	4.248730084747737	-20.247276738205812	-5.822978973388672	331.0
20641	4.2610961043755875	-20.6089393438239	-5.748134613037109	331.0
20660	4.198898668956886	-20.763116608616155	-5.744829177856445	331.0
20679	4.112366409355064	-20.92556832291924	-5.787330150604248	331.0
20699	4.1814546364300185	-20.8613769848877	-5.933253288269043	331.0
20718	4.231249598507855	-20.728668481267473	-6.340337753295898	331.0
20739	4.348586666042698	-20.802714568520674	-6.467293739318848	331.0
20757	4.3864389656524105	-20.922537341177446	-6.590986251831055	331.0
20776	4.537699842586221	-21.074996889275955	-6.210845470428467	331.0
20797	4.4189862953021395	-20.946695266285644	-5.929194450378418	331.0
20815	4.3992055395538046	-20.952050729890086	-5.616225242614746	331.0
20837	4.5872959078419875	-20.909590936107463	-5.700812816619873	331.0
20854	4.483769003184331	-20.969096926360095	-5.781824111938477	331.0
20873	4.294507060571439	-20.98201733758216	-5.686600685119629	331.0
20893	4.364730953486094	-20.786449535191906	-5.685997009277344	331.0
20913	4.472935769912811	-20.64985759303966	-5.587447166442871	329.0
20934	4.538015131958314	-20.51786757159749	-5.564750671386719	329.0
20951	4.755704074434763	-20.46134256741187	-5.675534725189209	329.0
20971	4.774379444612385	-20.397728436475436	-5.993621349334717	329.0
20990	4.660849219602759	-20.431381230213976	-6.13758659362793	329.0
21010	4.5348754494180445	-20.45052265728206	-6.13257360458374	329.0
21030	4.769327762129852	-20.51174976963241	-6.4059062004089355	329.0
21049	4.674280465881698	-20.498526083175975	-6.197719573974609	329.0
21068	4.609630982781364	-20.513776143481994	-6.1770195960998535	329.0
21088	4.621230412719691	-20.56616543733877	-6.655911445617676	329.0
