2	-8.655522242438744	-9.485600934901585	-5.434403419494629	385.0
20	-8.497913989122804	-9.432519372113251	-5.520200729370117	385.0
40	-8.537267159359738	-9.488241621273607	-5.440016269683838	385.0
58	-8.578454187708868	-9.737651732875392	-5.284046649932861	385.0
78	-8.494940244669916	-9.822086089694169	-5.06934928894043	385.0
98	-8.440065033787949	-9.778883306242836	-4.917775630950928	385.0
118	-8.127927558961943	-9.776009037541396	-4.733785152435303	385.0
137	-8.162651760905234	-9.646722497724095	-4.721315860748291	385.0
155	-8.158410416762578	-9.420067626841105	-4.765095233917236	385.0
175	-7.999109029856606	-9.492422281822888	-4.813800811767578	385.0
195	-7.785313158566124	-9.57748891923379	-4.627077102661133	385.0
214	-7.857881265094277	-9.474747226643878	-4.59106969833374	385.0
234	-8.011085062820694	-9.300538838246144	-4.433937072753906	384.0
253	-8.01764101231866	-9.556737785704563	-4.457856178283691	384.0
275	-8.16702924753016	-9.572492372121538	-4.360317230224609	384.0
292	-8.202401070195151	-9.633656389873781	-4.404583930969238	384.0
311	-8.257243652726572	-9.757005310792009	-4.294085502624512	384.0
333	-8.275081902720919	-9.689425438361049	-4.016507625579834	384.0
350	-8.43935586162631	-9.974222678826802	-4.052781581878662	384.0
370	-8.233885842134306	-10.004155870972246	-4.056966304779053	384.0
392	-8.031450510543733	-9.950647366012015	-3.9619622230529785	384.0
411	-8.106358048066603	-9.906712696731974	-3.8373777866363525	384.0
431	-8.106358048066603	-9.906712696731974	-3.8373777866363525	384.0
449	-7.999506626988361	-9.930776199841548	-4.09128475189209	383.0
468	-7.999506626988361	-9.930776199841548	-4.09128475189209	383.0
488	-7.970704673675433	-9.982058355134654	-4.011569976806641	383.0
506	-7.965602224727702	-9.947311460102625	-4.15251350402832	383.0
528	-8.083823286489546	-9.774804756747306	-3.9437501430511475	383.0
546	-8.226437697465226	-9.787896165761886	-3.975853681564331	383.0
565	-8.455281667703517	-9.896652126996278	-4.179154396057129	383.0
585	-8.269994884048039	-9.785007900298831	-4.242691993713379	383.0
604	-8.213099475430232	-9.88689861256465	-4.15482234954834	383.0
623	-8.371305668579291	-9.78380205951912	-4.055368423461914	383.0
644	-8.496432458518308	-9.428282799273255	-4.156268119812012	381.0
662	-8.408626677722394	-9.436283375827488	-4.133700370788574	381.0
683	-8.32262584298661	-9.288525542623477	-4.386422634124756	381.0
700	-8.316059535802832	-9.201283424771274	-4.229663848876953	381.0
720	-8.278224230353565	-9.09333493761733	-4.343552112579346	381.0
740	-8.399412899900367	-9.221926207702618	-4.4440436363220215	381.0
760	-8.463121604712049	-9.128109332672318	-4.367360591888428	381.0
779	-8.15745629085361	-9.043541573394936	-4.445542812347412	381.0
798	-8.018632759973064	-9.442216659296536	-4.35685920715332	381.0
818	-8.098162064796545	-9.56433730163747	-4.3264479637146	381.0
837	-8.027123926623842	-9.752246822503281	-4.257096290588379	379.0
856	-7.8978084517837015	-9.755138574836007	-4.286402702331543	379.0
875	-7.771364419933838	-9.834573916857503	-4.2651214599609375	379.0
896	-7.6558044442254	-9.747367742920321	-4.182650566101074	379.0
915	-7.598185265399353	-9.613854479940775	-4.1732635498046875	379.0
934	-7.8297097827533415	-9.782092960575676	-4.256960868835449	379.0
953	-7.9587363175739	-9.484537746719226	-4.318141937255859	379.0
973	-8.006369363116894	-9.694142380453831	-4.1689534187316895	379.0
993	-7.965633017380229	-9.622109838917154	-3.9897162914276123	379.0
1013	-8.163664641592321	-9.69119384084051	-4.092344760894775	379.0
1032	-8.200273904456514	-9.619597555575321	-3.925762176513672	379.0
1051	-8.109751219845304	-9.681399261905451	-3.9256138801574707	379.0
1070	-7.994517109608257	-9.808425776779346	-3.7299141883850098	379.0
1089	-8.070979608941578	-9.802533604583815	-3.7600746154785156	379.0
1120	-7.990181152963762	-9.993482899705153	-3.8727872371673584	379.0
1129	-8.0094220923634	-9.700953991654233	-4.044443130493164	379.0
1150	-7.9780232986049935	-9.597917079702684	-4.11711311340332	379.0
1169	-7.9780232986049935	-9.597917079702684	-4.11711311340332	379.0
1188	-7.877047417586096	-9.447622298803878	-4.0268449783325195	379.0
1207	-7.8309094654776645	-9.588335707910373	-4.143342018127441	379.0
1226	-8.030661798256718	-9.488325012921601	-4.016963958740234	379.0
1246	-8.091536552591899	-9.473321865423662	-4.235361099243164	381.0
1265	-7.985775119906694	-9.42363693683318	-4.031673431396484	381.0
1285	-8.02446492458599	-9.394378064810917	-4.073799133300781	381.0
1305	-8.003462853210504	-9.350497283275903	-3.9868807792663574	381.0
1323	-8.1344065067776	-9.48374272065076	-3.96588134765625	381.0
1343	-8.12103341729512	-9.644396915892637	-4.060460090637207	381.0
1363	-8.193512314692859	-9.723736725632355	-3.8911051750183105	381.0
1381	-8.054933893989235	-9.704690374429271	-4.1935200691223145	381.0
1402	-8.246551986617423	-9.750566419652385	-4.20051908493042	381.0
1420	-8.250187467524643	-9.627030030909042	-4.381723403930664	381.0
1441	-8.188707670196527	-9.476452806743001	-4.257608890533447	380.0
1460	-8.184454308573155	-9.661860732113208	-4.454170227050781	380.0
1480	-8.083096237484318	-9.712099646302617	-4.581191062927246	380.0
1498	-8.25018205929502	-9.53147890811826	-4.390596389770508	380.0
1519	-8.245528163296635	-9.450807557721307	-4.325784683227539	380.0
1538	-8.42734647966162	-9.519493019221139	-4.198805809020996	380.0
1557	-8.297411131141335	-9.44298752982487	-4.243275165557861	380.0
1577	-8.19870935371715	-9.42529144480871	-4.111188888549805	380.0
1597	-8.163522689746172	-9.565524881914936	-4.041695594787598	380.0
1616	-8.140230460690876	-9.500273260652621	-3.960325241088867	380.0
1635	-8.244545432111218	-9.469246320466933	-3.914811611175537	381.0
1654	-8.153743343662804	-9.547312523120372	-4.230438232421875	381.0
1675	-8.134039928679787	-9.494802053333627	-4.490611553192139	381.0
1695	-8.046647725395866	-9.513301952644005	-4.394781589508057	381.0
1712	-7.992709800536637	-9.357637965519897	-4.443331718444824	381.0
1732	-8.059469900383128	-9.465278519086025	-4.466591835021973	381.0
1751	-8.106268760302653	-9.510161677724186	-4.385595321655273	381.0
1770	-8.154247077546808	-9.436336620654465	-4.33931827545166	381.0
1790	-8.05378402454088	-9.11843812471285	-4.31709098815918	381.0
1810	-8.01544985751615	-9.182805927769044	-3.9909772872924805	381.0
1831	-8.076072058637202	-9.28922691237409	-3.7535901069641113	381.0
1851	-8.104886094108382	-9.15337707044993	-3.92927622795105	384.0
1870	-8.211180046951643	-9.27469583540307	-4.037683486938477	384.0
1889	-8.269209294397006	-9.387919317343906	-4.141117572784424	384.0
1908	-8.269209294397006	-9.387919317343906	-4.141117572784424	384.0
1927	-8.290843578126372	-9.314794985096283	-4.319547176361084	384.0
1945	-8.310283411812229	-9.576635072550975	-4.293416976928711	384.0
1965	-8.31768750855417	-9.884638774067916	-4.373083114624023	384.0
1985	-8.352518863691207	-9.857430144641995	-4.671799659729004	384.0
2004	-8.435031380811726	-9.772238646870514	-4.737692832946777	384.0
2024	-8.406936524476478	-9.906925752316772	-4.595099925994873	384.0
2042	-8.471591564567756	-9.872039860942474	-4.412981986999512	385.0
2063	-8.491270377307654	-9.738088476439263	-4.266899108886719	385.0
2083	-8.415465952619774	-9.702447820454456	-4.123354434967041	385.0
2101	-8.44426901433492	-9.326856626512225	-4.226412773132324	385.0
2122	-8.395653950424096	-9.281113847674465	-3.9885008335113525	385.0
2140	-8.48440539665191	-9.25749661632381	-3.85538911819458	385.0
2161	-8.451758591566302	-9.257294596065355	-3.8209211826324463	385.0
2180	-8.563669213984806	-9.226810873230182	-3.866711139678955	385.0
2199	-8.600235791699749	-9.396747712335744	-3.8108272552490234	385.0
2218	-8.66851954802543	-9.196415500216743	-3.793488025665283	385.0
2238	-8.678497718395022	-9.204947994066835	-3.817279577255249	388.0
2257	-8.71520439156947	-9.52589042757084	-3.6404285430908203	388.0
2277	-8.821118260255636	-9.609135387001256	-3.6880617141723633	388.0
2300	-8.582665894556984	-9.561733899750255	-3.6741790771484375	388.0
2319	-8.566805941240982	-9.440340582294578	-3.879472255706787	388.0
2335	-8.641088699745875	-9.45289039995995	-3.6420602798461914	388.0
2356	-8.666691714636025	-9.237781435943452	-3.734034538269043	388.0
2374	-8.609679206827252	-9.600417610229387	-3.8490641117095947	388.0
2393	-8.621407023805752	-9.586687961332201	-3.8612656593322754	388.0
2413	-8.60231208749838	-9.412622688800761	-3.80653715133667	388.0
2433	-8.485391284028747	-9.300575713436679	-4.008698463439941	390.0
2454	-8.742561789972529	-9.330603992526838	-4.164167881011963	390.0
2471	-8.766963410026483	-9.386971790647852	-4.166810512542725	390.0
2491	-8.55791867542386	-9.406831936607706	-4.3761091232299805	390.0
2509	-8.487206876538202	-9.505909576647205	-4.222103595733643	390.0
2531	-8.505191338938134	-9.29638735731594	-4.1692891120910645	390.0
2553	-8.560010853374962	-9.278668451934136	-4.145876407623291	390.0
2569	-8.560010853374962	-9.278668451934136	-4.145876407623291	390.0
2589	-8.572826348134443	-9.27593464525876	-4.245741367340088	390.0
2608	-8.650722979683872	-9.662310949300418	-3.9147541522979736	390.0
2627	-8.650722979683872	-9.662310949300418	-3.9147541522979736	390.0
2647	-8.681875840375065	-9.827007590436324	-3.826190948486328	391.0
2670	-8.867991664052681	-9.737225381660865	-3.934748649597168	391.0
2684	-8.917605924205967	-9.746647334200379	-4.170230388641357	391.0
2704	-8.805011337626413	-9.75688582996146	-4.220091819763184	391.0
2724	-8.687049281620729	-9.721263760170352	-4.2473249435424805	391.0
2744	-8.625936007256517	-9.82613868736559	-4.087517738342285	391.0
2764	-8.314742158796438	-9.657171954766774	-4.03080940246582	391.0
2782	-8.44467398330658	-9.515897317863276	-4.105803966522217	391.0
2801	-8.283444530923667	-9.424002545951762	-3.8784804344177246	391.0
2821	-8.170357104050108	-9.398307773799486	-3.724330425262451	391.0
2841	-8.157440572427529	-9.40483889741009	-3.5598270893096924	393.0
2860	-8.178416629350972	-9.359346288711153	-3.5646796226501465	393.0
2880	-8.152962621072271	-9.369803664963195	-3.7044224739074707	393.0
2899	-8.111107794223622	-9.267114789411727	-3.788918972015381	393.0
2920	-8.173439949214389	-9.297022933284527	-3.7247467041015625	393.0
2938	-8.011471700006753	-9.324809606713512	-3.7270450592041016	393.0
2957	-7.954711486400457	-9.203440175589513	-4.0233964920043945	393.0
2977	-7.791364731096499	-9.356557350188044	-4.120677947998047	393.0
2997	-7.656880345965793	-9.405734150833277	-4.335086822509766	393.0
3015	-7.662292201344269	-9.514003015107047	-4.595480918884277	393.0
3035	-7.7892670013153085	-9.421848319920157	-4.532546043395996	396.0
3055	-7.76745495897078	-9.629618717572106	-4.294655799865723	396.0
3074	-7.755486732864666	-9.48653172271204	-4.157552719116211	396.0
3093	-7.7077077727120065	-9.525085810972998	-4.088893413543701	396.0
3113	-7.6413090456208	-9.63221273042597	-3.9458799362182617	396.0
3132	-7.613915152305541	-9.601997386983358	-3.955479145050049	396.0
3152	-7.570511105699355	-9.516899419507507	-4.041231155395508	396.0
3172	-7.783260216839382	-9.45240018212629	-3.9867892265319824	396.0
3191	-7.8671546330401725	-9.571425780911708	-3.8732059001922607	396.0
3209	-8.007594622832999	-9.233828762552703	-4.26146125793457	396.0
3230	-7.885119321150746	-9.141456966723755	-4.343930721282959	396.0
3250	-7.885119321150746	-9.141456966723755	-4.343930721282959	396.0
3269	-8.106740237122779	-9.20741151795641	-4.371102333068848	396.0
3289	-8.154935879275198	-9.069153356492569	-4.292879104614258	396.0
3308	-8.154935879275198	-9.069153356492569	-4.292879104614258	396.0
3327	-8.058308790863498	-9.227353580681436	-4.1620659828186035	396.0
3346	-8.019900583124954	-9.237130406799087	-4.159785747528076	396.0
3365	-7.804497066383279	-9.045530350457485	-4.411487579345703	396.0
3389	-7.691328714601966	-9.345062797207314	-4.102465629577637	396.0
3406	-7.672555755641425	-9.61705447050363	-4.127630233764648	396.0
3424	-7.7290741388629165	-9.715451387921998	-4.081814765930176	396.0
3443	-7.855069797932252	-9.60210996635717	-4.1588454246521	397.0
3463	-8.06131186529966	-9.7357682763792	-4.2181396484375	397.0
3481	-8.207077747976104	-9.554964292137011	-4.205689907073975	397.0
3502	-8.08917410970064	-9.546921501394298	-4.227503776550293	397.0
3522	-8.229214675523716	-9.711172613807673	-4.142759323120117	397.0
3541	-8.21447538911054	-9.615355049574752	-4.034106731414795	397.0
3561	-8.354426936271283	-9.594225851530007	-4.11306095123291	397.0
3579	-8.231853197737312	-9.641862731032123	-3.8783767223358154	397.0
3600	-8.122601392411912	-9.619461254706529	-3.8577260971069336	397.0
3620	-7.827130031507731	-9.586073443742613	-3.6048879623413086	397.0
3639	-7.689541580248597	-9.62180565616041	-3.8088130950927734	397.0
3657	-7.845647742990294	-9.479863724324659	-3.983506679534912	397.0
3678	-7.764512373744884	-9.517257237266605	-3.9784717559814453	397.0
3697	-7.841629730651577	-9.607091373705487	-4.115035533905029	397.0
3716	-7.8584948355230395	-9.529949815930335	-3.852904796600342	397.0
3735	-7.89548199721781	-9.38998173871579	-3.920300245285034	397.0
3755	-8.053601873172665	-9.308130502332087	-3.9234843254089355	397.0
3774	-8.193858647809037	-9.258810290373052	-4.154655456542969	397.0
3794	-8.162776171228108	-9.29956072304429	-3.9937660694122314	397.0
3813	-7.995558339246507	-9.367839885028932	-3.9921388626098633	397.0
3833	-7.99058968229367	-9.316619342224243	-4.123956680297852	395.0
3852	-8.143592449730384	-9.230699948069939	-3.993337631225586	395.0
3871	-7.995729803437845	-9.37943254970136	-4.1179375648498535	395.0
3891	-8.130482578127959	-9.582141284412883	-4.263477325439453	395.0
3909	-8.064304907268077	-9.553458010660727	-4.2266130447387695	395.0
3930	-7.998779884237932	-9.552391658536122	-4.346711158752441	395.0
3951	-7.99974639282799	-9.53360538282082	-4.357855319976807	395.0
3970	-7.951017315725399	-9.550010864141575	-4.186039924621582	395.0
3989	-7.951017315725399	-9.550010864141575	-4.186039924621582	395.0
4011	-7.933664645699303	-9.567825504842611	-3.953017234802246	395.0
4027	-7.650609367413857	-9.471067921246599	-4.113118648529053	395.0
4047	-7.806445713417868	-9.434719148262328	-4.115945339202881	395.0
4067	-7.728925490808994	-9.263202054420693	-4.0401129722595215	395.0
4085	-7.646230751394222	-9.365148996399949	-4.101715564727783	395.0
4107	-7.6428506656517134	-9.474177645035699	-3.9822704792022705	395.0
4125	-7.794560552706995	-9.495512282143752	-3.9523673057556152	395.0
4144	-7.930949537389926	-9.484455924108223	-4.137501239776611	395.0
4163	-7.801261777760258	-9.47606421889126	-4.327104568481445	395.0
4183	-8.04509585064859	-9.740062426197941	-4.322653770446777	395.0
4202	-7.8723676612021976	-9.655252373327711	-4.266345024108887	395.0
4223	-7.867286770244617	-9.717796020164068	-4.460005760192871	395.0
4241	-7.9063569563341565	-9.531881572523451	-4.337106704711914	392.0
4260	-7.884876757705623	-9.474326385466195	-4.225279808044434	392.0
4281	-7.842309716241471	-9.373543174159783	-4.482906818389893	392.0
4299	-7.7621409638300864	-9.314116863284864	-4.356196403503418	392.0
4319	-8.054516717785551	-9.31143600248433	-4.189676284790039	392.0
4341	-7.924410363494809	-9.283493768871983	-4.213913917541504	392.0
4357	-8.07242516832246	-9.221562276014113	-4.197149276733398	392.0
4378	-7.937938058636721	-9.181161286586532	-4.088587760925293	392.0
4396	-7.9834014912476565	-9.366181120241645	-4.094217300415039	392.0
4417	-8.169480207560412	-9.320425430268202	-4.3090667724609375	392.0
4435	-8.072469613630533	-9.372980794190614	-4.078553199768066	389.0
4456	-8.05965462002019	-9.38485143921883	-4.10028600692749	389.0
4477	-8.001344395762116	-9.452256115058512	-4.267762184143066	389.0
4494	-7.990954931496037	-9.351635806440775	-4.181105613708496	389.0
4514	-7.994567346751714	-9.464218274111344	-4.054242134094238	389.0
4533	-8.00232898126532	-9.451721552361123	-4.120952129364014	389.0
4552	-7.929089609019883	-9.495197739135667	-4.003150463104248	389.0
4571	-7.72013697167115	-9.573828228724073	-3.801584243774414	389.0
4591	-7.72794560895068	-9.398932860998165	-3.5902462005615234	389.0
4612	-7.705480883729435	-9.604999601198678	-3.4804694652557373	389.0
4631	-7.392012142908835	-9.557639388245347	-3.3258743286132812	386.0
4650	-7.392652245004162	-9.475342566305303	-3.1041386127471924	386.0
4671	-7.4002976790847645	-9.439563500444741	-3.30827260017395	386.0
4690	-7.5207594475170625	-9.613019633217222	-3.317934036254883	386.0
4710	-7.5207594475170625	-9.613019633217222	-3.317934036254883	386.0
4727	-7.662011612819451	-9.772022301598101	-3.3866472244262695	386.0
4747	-7.614879791112979	-9.66324285528843	-3.1601743698120117	386.0
4767	-7.792161043576511	-9.94326316581783	-3.1752748489379883	386.0
4787	-7.93471026780666	-9.828918716940215	-3.3685758113861084	386.0
4806	-8.072028952400506	-9.647632086898026	-3.487698554992676	386.0
4826	-8.074894796144983	-9.732858290571421	-3.8635494709014893	386.0
4843	-8.09208919098885	-9.576659513700692	-3.8917694091796875	385.0
4864	-8.070842268087706	-9.531353312393255	-3.823151111602783	385.0
4884	-8.009415526236781	-9.292566861224898	-3.7703802585601807	385.0
4902	-8.017675607845572	-9.386178620630039	-3.8970093727111816	385.0
4923	-7.877313386684683	-9.26287384943281	-4.102170944213867	385.0
4942	-7.721155538998121	-9.23237354023594	-3.952730894088745	385.0
4962	-7.666548043770969	-9.247779440545335	-3.952876567840576	385.0
4981	-7.871365088495353	-9.351499387625456	-3.851361036300659	385.0
5000	-7.975196780328	-9.531237950946512	-3.557095766067505	385.0
5019	-7.935953736036506	-9.390801002217888	-3.4993896484375	385.0
5039	-7.995678561107208	-9.280163643956069	-3.588728189468384	382.0
5063	-8.181416888330473	-9.310334233104134	-3.586911201477051	382.0
5077	-8.111281984909871	-9.32899232440373	-3.7020926475524902	382.0
5098	-8.116397370559936	-9.431769058146394	-3.887937545776367	382.0
5117	-8.287500622014942	-9.427043343106353	-3.991136312484741	382.0
5136	-8.168435252903445	-9.430286292195499	-4.083452224731445	382.0
5156	-8.19563694203049	-9.463573753412586	-4.351244926452637	382.0
5175	-8.123620039948328	-9.592868016482202	-4.570440292358398	382.0
5204	-7.9469980963537115	-9.724694124747286	-4.424822807312012	382.0
5214	-7.989592451291197	-9.716020712740955	-4.585186004638672	382.0
5233	-8.21881732825588	-9.720111903419067	-4.590726375579834	380.0
5253	-8.21566485872632	-9.633781109608389	-4.4947614669799805	380.0
5272	-8.051579464399557	-9.688613449156035	-4.2562432289123535	380.0
5297	-8.004355825428803	-9.402210227423872	-4.265242576599121	380.0
5311	-7.850211981578284	-9.318005049970667	-4.249319076538086	380.0
5330	-7.951180857145166	-9.413044797542392	-3.8827643394470215	380.0
5349	-7.9168066817443	-9.350736081851771	-3.910646438598633	380.0
5370	-7.938400361279601	-9.338756933585598	-3.843815326690674	380.0
5390	-7.8193928876455	-9.324406714308806	-3.714275598526001	380.0
5416	-7.877299483309775	-9.260604887783023	-3.7261054515838623	380.0
5428	-7.877299483309775	-9.260604887783023	-3.7261054515838623	380.0
5447	-8.024931356484606	-9.334000087339147	-3.9777865409851074	379.0
5467	-7.848083088309581	-9.420448579051119	-3.807685375213623	379.0
5486	-7.826724646151586	-9.614101137426177	-3.561485767364502	379.0
5505	-7.772540816750129	-9.314027198476007	-3.8868908882141113	379.0
5524	-7.857369928267214	-9.386819620789169	-3.9659323692321777	379.0
5544	-7.632615579318249	-9.337482608252932	-3.7953672409057617	379.0
5564	-7.57257735565988	-9.287051998065673	-3.809062957763672	379.0
5584	-7.634461081128094	-9.247140511041561	-3.857093572616577	379.0
5602	-7.683141714858386	-9.29766541331087	-3.5738840103149414	379.0
5623	-7.8853652024811565	-9.249629348876812	-3.624044418334961	379.0
5643	-7.876607185435982	-9.119200501833571	-3.904932975769043	379.0
5660	-7.927829594948182	-9.20985641584322	-3.6740620136260986	379.0
5681	-7.96247556157034	-9.31045069217061	-3.718515157699585	379.0
5699	-8.202068027291823	-9.448143230980293	-3.8675003051757812	379.0
5720	-8.36254461116914	-9.53229507354665	-4.09263277053833	379.0
5738	-8.1961829095262	-9.706609984954095	-4.064034938812256	379.0
5758	-8.043165247137031	-9.706631747043962	-4.145909309387207	379.0
5778	-8.045996587529139	-9.812549210152085	-4.141062259674072	379.0
5798	-8.147853175900485	-9.636135931899117	-4.346615314483643	379.0
5817	-8.099571251406257	-9.727071352918898	-4.6274189949035645	379.0
5836	-8.114734225847233	-9.474374440979435	-4.463972091674805	381.0
5855	-8.005288191469319	-9.431820553191	-4.588973522186279	381.0
5876	-7.9118445091883265	-9.407707956381575	-4.484899520874023	381.0
5896	-8.027259096989503	-9.446602267284238	-4.217604637145996	381.0
5913	-8.252566863778995	-9.637018666463344	-3.9798593521118164	381.0
5933	-8.260948484535167	-9.58317009730695	-3.727156400680542	381.0
5952	-8.173328777618721	-9.576636597259347	-3.7863929271698	381.0
5972	-8.046883585907603	-9.35334424250917	-3.786862850189209	381.0
5992	-8.093634319077537	-9.538310755137182	-3.933056116104126	381.0
6012	-8.023221887769433	-9.404195534357704	-3.9841737747192383	381.0
----------------출발----------------
6030	-8.230604577540282	-9.56349155835266	-3.836073637008667	379.0
6050	-8.256121536661887	-9.521690074971959	-3.760340452194214	379.0
6070	-8.256121536661887	-9.521690074971959	-3.760340452194214	379.0
6090	-7.981532420191912	-9.786082677685034	-3.6999802589416504	379.0
6110	-7.981532420191912	-9.786082677685034	-3.6999802589416504	379.0
6128	-7.923423400959118	-9.990172904474171	-3.6324377059936523	379.0
6149	-8.01980527233358	-9.839188815198666	-4.1537275314331055	379.0
6167	-8.01980527233358	-9.839188815198666	-4.1537275314331055	379.0
6186	-8.167378045845961	-9.795749075674564	-4.147475242614746	379.0
6205	-7.895344535211734	-9.672495309840794	-4.437665939331055	379.0
6225	-7.887837661696944	-9.662227824292483	-4.473240375518799	379.0
6245	-8.097421798883522	-9.4600936552749	-4.405447959899902	379.0
6263	-8.077527128078142	-9.493956401876597	-4.392045974731445	379.0
6284	-8.21469365524523	-9.44543290051333	-4.364242076873779	379.0
6303	-8.213340365325811	-9.819927065774403	-4.46943473815918	379.0
6322	-8.374778594973973	-9.997239303421072	-4.602200508117676	379.0
6342	-8.416745926767154	-10.063910465071054	-4.803228378295898	379.0
6361	-8.443387894374741	-10.106526177445849	-4.853368759155273	379.0
6380	-8.34273506020099	-9.975919818476806	-4.982456207275391	379.0
6401	-8.350304053652428	-10.162357772185064	-4.980201721191406	379.0
6418	-8.46184979120305	-10.367883430496757	-4.873583793640137	379.0
6439	-8.293385866913956	-10.429158760580963	-4.940927505493164	379.0
6458	-8.203838109677548	-10.085411550029203	-4.801403999328613	379.0
6478	-7.931107976726804	-9.732309985215156	-4.746481418609619	379.0
6497	-7.747546645586469	-9.719979890034482	-4.711224555969238	379.0
6517	-7.743006135878553	-9.67578807582707	-4.545140743255615	379.0
6537	-7.8421955917111115	-9.75559337711993	-4.353724002838135	379.0
6555	-7.691578393581466	-9.658230081863474	-4.498156547546387	379.0
6575	-7.734478472790925	-9.544949630903053	-4.6340227127075195	379.0
6595	-7.685565831417607	-9.499997006228064	-4.386486053466797	379.0
6614	-7.774551324937086	-9.552578457412164	-4.2194108963012695	379.0
6633	-7.85243495345545	-9.670890760869579	-4.111537933349609	380.0
6652	-7.898438491095138	-9.603426806948269	-4.219511032104492	380.0
6672	-8.049890661500582	-9.628272357103874	-4.280204772949219	380.0
6691	-7.960069444069493	-9.55138716127165	-4.726022720336914	380.0
6711	-8.05976934754196	-9.506992325731408	-4.548377990722656	380.0
6730	-8.055667064276523	-9.528135296166626	-4.3988800048828125	380.0
6751	-8.086674423984755	-9.55610850899738	-4.4141082763671875	380.0
6769	-8.096810103672826	-9.706142784756858	-4.477410316467285	380.0
6790	-8.205581551375744	-9.82094973203161	-4.714251518249512	380.0
6809	-8.223275177394985	-9.843061410465193	-4.87690544128418	380.0
6830	-8.223275177394985	-9.843061410465193	-4.87690544128418	380.0
6850	-8.15073610808088	-9.835187237137895	-5.061636924743652	381.0
6868	-8.589441367355123	-10.08726130114877	-4.796000957489014	381.0
6886	-8.381204853512555	-10.17337715996817	-4.790101051330566	381.0
6905	-8.307476741488276	-10.167142256183125	-4.7941999435424805	381.0
6924	-8.36946652498919	-10.070176530299227	-4.98879337310791	381.0
6945	-8.260361880967666	-9.932841480940136	-5.1274542808532715	381.0
6964	-8.04033475946669	-10.14746486960643	-4.801934719085693	381.0
6983	-7.865075703872292	-10.222513930335385	-4.552448272705078	381.0
7002	-7.748812933123406	-10.234693812668091	-4.599843502044678	381.0
7023	-7.313492647220559	-10.129556393652736	-4.736562252044678	381.0
7042	-7.423420664014271	-10.200457094247747	-4.809814453125	383.0
7061	-7.655040235966188	-10.245396988581348	-4.9997334480285645	383.0
7081	-7.751059164303593	-10.371041744661925	-5.233826637268066	383.0
7099	-7.727856866959333	-10.637324128115894	-5.291887283325195	383.0
7120	-7.824049867299224	-10.51318927567596	-5.422994136810303	383.0
7139	-7.882372484569657	-10.567815846770767	-5.673562526702881	383.0
7159	-7.904735011945195	-10.686976051063288	-5.611207962036133	383.0
7177	-8.000589003087674	-10.7587997703174	-5.781579494476318	383.0
7198	-7.8854438354800545	-10.641283453262359	-5.830938339233398	383.0
7217	-7.698364269278845	-10.582241604364043	-5.708436012268066	383.0
7236	-7.53504209303627	-10.933875869457438	-5.6390461921691895	383.0
7256	-7.678450996334	-11.190979996720515	-5.70579195022583	383.0
7275	-7.436452271323496	-11.363844504209286	-5.863896369934082	383.0
7295	-7.3529439782027195	-11.597497327901385	-5.705508232116699	383.0
7314	-7.285788546660946	-11.751650512362781	-6.02545690536499	383.0
7334	-7.105309869152593	-11.963550366994355	-5.9416985511779785	383.0
7353	-7.209828708322473	-12.313646596975484	-6.250553131103516	383.0
7373	-7.1679692375475375	-12.513391884776368	-6.538262844085693	383.0
7392	-7.114629533644111	-12.440903194860116	-6.4163408279418945	383.0
7411	-6.923531623362542	-12.15337991868776	-6.429833889007568	383.0
7431	-7.001017845756641	-12.297567874528012	-6.285807132720947	383.0
7451	-6.969820810329953	-12.237907821353927	-6.385834217071533	383.0
7470	-7.16242950021218	-12.238282455039338	-6.260298728942871	383.0
7490	-7.16242950021218	-12.238282455039338	-6.260298728942871	383.0
7510	-6.998642265430904	-12.422430303141963	-6.216771602630615	383.0
7529	-6.859408880803907	-12.554089649302364	-6.223179340362549	383.0
7549	-6.859408880803907	-12.554089649302364	-6.223179340362549	383.0
7571	-6.786874315354002	-12.900406526917177	-6.355597496032715	383.0
7587	-6.7561908327916615	-13.351854294726513	-6.001358985900879	383.0
7605	-6.8603920210343325	-13.58298216943376	-6.055050849914551	383.0
7626	-6.782639339778208	-13.982889653796065	-6.051558494567871	383.0
7645	-6.465505030255625	-14.152415481480885	-6.284334182739258	387.0
7664	-6.525925686177171	-14.423665373800343	-6.252568244934082	387.0
7688	-6.450491975645601	-14.544451621164074	-6.033252716064453	387.0
7704	-6.595304798574496	-14.83632020770668	-5.8189191818237305	387.0
7723	-6.641009084855189	-15.015009420140807	-5.524891376495361	387.0
7742	-6.498575854382598	-15.117268361091455	-5.734862327575684	387.0
7761	-6.344272136110749	-15.321418723718677	-5.668712139129639	387.0
7781	-6.369171597345767	-15.444781661241649	-5.7482709884643555	387.0
7800	-6.387124117453091	-15.582718300972356	-5.406700134277344	387.0
7821	-6.23298369707311	-15.861359839175055	-5.337230682373047	387.0
7839	-6.3757513332266385	-16.084644358312186	-5.260708808898926	390.0
7859	-6.09614212776002	-16.214535437338125	-5.235816478729248	390.0
7878	-6.052873378023618	-16.251477419374	-5.406759262084961	390.0
7897	-6.230150725281622	-16.48848842150705	-5.407505512237549	390.0
7917	-6.396358468198018	-16.79848806101569	-5.06397819519043	390.0
7937	-6.432029941365381	-17.149688504275968	-4.839637756347656	390.0
7956	-6.46530387900887	-17.505262532142293	-4.513564109802246	390.0
7975	-6.64769467955837	-17.593816508081108	-4.312410354614258	390.0
7995	-6.651386681935273	-17.931855169469543	-4.1369500160217285	390.0
8015	-6.948384536794778	-18.074609480368704	-4.02419900894165	390.0
8038	-7.089041193320281	-18.33856374618195	-3.715155601501465	392.0
8054	-7.22544944361462	-18.515392578461814	-3.380568504333496	392.0
8074	-7.1212044458664145	-18.541296491965017	-3.1741185188293457	392.0
8093	-7.268210659739078	-18.36827924587074	-2.939055919647217	392.0
8112	-7.331360947644014	-18.490958306637403	-3.1312320232391357	392.0
8131	-7.419092600970683	-18.82367081337358	-2.9551892280578613	392.0
8151	-7.438461908388842	-18.817052122073584	-2.807426929473877	392.0
8170	-7.446975292562397	-18.96200704492168	-2.670513868331909	392.0
8191	-7.446975292562397	-18.96200704492168	-2.670513868331909	392.0
8209	-7.689278436669982	-19.111234602051102	-2.530932664871216	392.0
8230	-7.699846158379921	-19.508909498924965	-2.439324140548706	392.0
8248	-7.699846158379921	-19.508909498924965	-2.439324140548706	395.0
8269	-7.77340453325151	-19.80439915234824	-2.2633633613586426	395.0
8287	-7.8479290691240875	-19.87504161753612	-1.894216775894165	395.0
8307	-7.718349240057477	-19.92503874930377	-1.6249014139175415	395.0
8326	-7.873399680778051	-20.024995736848943	-1.4559051990509033	395.0
8346	-7.831986371534146	-20.253148724448764	-1.0953946113586426	395.0
8365	-7.975799989324769	-20.308890182405733	-0.8745008707046509	395.0
8384	-8.05382382307009	-20.303261234906813	-0.5706162452697754	395.0
8403	-8.268205829713219	-20.193575634323814	-0.4392359256744385	395.0
8424	-8.524048808367182	-20.16378648467387	-0.2481217384338379	395.0
8442	-8.568720246620082	-20.055730463007606	0.03742420673370361	397.0
8462	-8.78378693315396	-19.991818405611316	0.3622579574584961	397.0
8481	-8.85206109427821	-19.914278341083186	0.5674875974655151	397.0
8500	-9.267416624699555	-19.823616890589552	0.511868953704834	397.0
8520	-9.240862192467121	-19.923783403279714	0.5669872760772705	397.0
8539	-9.413192446395279	-19.759785660049175	0.5182452201843262	397.0
8560	-9.567000790261213	-19.805048628110477	1.04400634765625	397.0
8581	-9.321623319563052	-19.75699148884079	1.4251214265823364	397.0
8599	-9.522918690740173	-19.800032197457682	1.6765598058700562	397.0
8617	-9.890008650566015	-19.72804935783177	1.8303505182266235	397.0
8636	-10.07476483798827	-19.758418614131333	2.2142715454101562	398.0
8656	-10.140054977504352	-19.81544804381639	2.2603366374969482	398.0
8676	-10.20938477738296	-19.47621712580615	2.2601194381713867	398.0
8696	-10.340493914803904	-19.529948485749546	2.5376219749450684	398.0
8715	-10.696917597499061	-19.66731805571901	2.7031660079956055	398.0
8734	-11.000586991592773	-19.54205058388871	2.717696189880371	398.0
8754	-11.325115474006935	-19.34468660527785	2.8709237575531006	398.0
8778	-11.158504050060992	-19.04059565768238	3.1005539894104004	398.0
8793	-11.340882441304688	-18.837443980057145	3.067215919494629	398.0
8812	-11.595173015988648	-18.543878903344094	3.0888888835906982	398.0
8832	-11.831389153883544	-18.55240438609926	3.114335060119629	398.0
8851	-12.031726421122446	-18.483623790011027	2.9458935260772705	398.0
8870	-12.226923693463176	-18.08462493629376	2.5751423835754395	398.0
8893	-12.455247447225966	-17.999591933017587	2.6901016235351562	398.0
8911	-12.778018943030487	-17.89671193923006	2.800720691680908	398.0
8929	-13.196616313663062	-18.14683690296443	2.9322454929351807	398.0
8950	-13.347774228365934	-18.13486407074443	2.7238755226135254	398.0
8969	-13.347774228365934	-18.13486407074443	2.7238755226135254	398.0
8988	-13.585957037431204	-18.17267658910268	2.709733724594116	398.0
9011	-13.85050500094783	-18.10878432398078	2.842324733734131	398.0
9026	-14.20386984116574	-17.979185110709782	3.0624582767486572	398.0
9046	-14.337037736033578	-18.000852270801563	3.3620707988739014	398.0
9065	-14.938459255183256	-18.059857112904584	3.5076754093170166	398.0
9085	-15.070517317426424	-18.146671316822278	3.642388343811035	398.0
9105	-15.225226249320862	-17.961949872112037	3.669717788696289	398.0
9126	-15.72806543567549	-18.006892597704752	3.740381956100464	398.0
9145	-15.97888725110128	-17.80755175322758	3.938084602355957	398.0
9162	-16.176901023325225	-17.719268667440083	3.8438892364501953	398.0
9181	-16.36744176529312	-17.669668099088913	4.034238815307617	398.0
9201	-16.469926887780357	-17.82047015880572	4.117220878601074	398.0
9220	-16.487737729807602	-17.65751950018946	4.225033760070801	398.0
9242	-16.653598605610686	-17.333611654375925	4.0076398849487305	396.0
9260	-17.05449499399128	-17.21639283682573	3.7408320903778076	396.0
9280	-17.17422853227145	-17.227383821307793	3.953022003173828	396.0
9298	-17.333515356115655	-17.227922200673593	4.1215009689331055	396.0
9318	-17.76514962692406	-17.24794424414903	4.546229362487793	396.0
9337	-18.095751126576403	-17.17301411985392	4.638492584228516	396.0
9357	-18.561842618691873	-16.905422262959377	4.703649520874023	396.0
9376	-18.78597148370131	-16.96526587342291	4.277501106262207	396.0
9397	-19.312860368704847	-17.34321584739859	4.295601844787598	396.0
9415	-19.457648224647667	-17.422723898226725	4.430569171905518	396.0
9435	-19.766586813279265	-17.191738338013074	4.42521333694458	396.0
9453	-20.186103106942547	-17.0628833549326	4.2707743644714355	396.0
9482	-20.48914843700675	-16.963782341195405	4.107758522033691	396.0
9493	-20.856302335940498	-16.896872145399765	4.104678630828857	396.0
9513	-20.958658433067985	-17.015140018995414	3.8675413131713867	396.0
9532	-21.374957791479094	-16.773586738683587	3.9044458866119385	396.0
9552	-21.45616814243703	-16.68035791420818	3.6428120136260986	396.0
9571	-22.03012947083862	-16.817576516571194	3.596278190612793	396.0
9589	-22.311318038119342	-16.78736988339698	3.664212703704834	396.0
9613	-22.452011818765996	-16.897179529484927	3.8106489181518555	396.0
9630	-22.69359242165879	-16.992185997974577	3.839754819869995	394.0
9649	-22.69359242165879	-16.992185997974577	3.839754819869995	394.0
9671	-22.84853478199671	-16.816741167633943	3.521967887878418	394.0
9688	-23.323043897187702	-16.875683509775875	3.1642088890075684	394.0
9713	-23.62638411644496	-17.066969912727508	2.8770949840545654	394.0
9731	-23.82227487985227	-17.04286560283536	3.0204291343688965	394.0
9745	-23.790327556226256	-16.965426295322537	2.9450981616973877	394.0
9765	-23.87947016621443	-16.96937271260052	2.680647850036621	394.0
9784	-24.030345380899753	-16.95266254433334	2.2841713428497314	394.0
9804	-23.960804641204973	-16.93560528911249	2.1114206314086914	394.0
9826	-23.88624151931268	-17.204417722027554	2.232863426208496	394.0
9847	-23.700647248093418	-17.086203021409478	2.530733108520508	394.0
9863	-23.636388930480063	-17.04185792526624	2.6742544174194336	394.0
9881	-23.647184041919417	-17.170204678288798	2.3646326065063477	394.0
9901	-23.860865671380928	-17.024054401612883	1.925873041152954	394.0
9922	-24.153187696969063	-17.132637463825965	1.354833722114563	394.0
9940	-24.179806166997885	-17.098600101099485	0.7650488615036011	394.0
9960	-24.55888719303149	-16.89855117327783	0.5153274536132812	394.0
9979	-24.90735043114675	-16.831045003304823	0.5736393928527832	394.0
9999	-25.187373110397928	-16.822256968499584	0.6488867998123169	394.0
10018	-25.097979684868516	-16.669592769176756	0.6904834508895874	394.0
10037	-25.127040976133237	-16.55337500958662	0.8545552492141724	394.0
10057	-24.946295185816354	-16.435512963746067	0.744024395942688	394.0
10077	-24.790911779661254	-16.359156897573776	0.5307093858718872	394.0
10096	-24.864585978155137	-16.47761115588475	0.19069111347198486	394.0
10115	-24.620774556664134	-16.61158124519088	0.012207746505737305	394.0
10135	-24.524233995979376	-16.579581351170127	-0.11602771282196045	394.0
10154	-24.328945137314232	-16.397500908316296	0.10424888134002686	394.0
10173	-24.287073251911945	-16.506330292380284	0.37560927867889404	394.0
10197	-24.1134839954695	-16.40520350415839	0.22178524732589722	394.0
10212	-24.129872543394363	-16.50276065853727	0.08216720819473267	394.0
10232	-24.028723553850778	-16.265930417898215	-0.22569185495376587	394.0
10251	-24.110988279569728	-16.009578414634838	-0.38412052392959595	394.0
10271	-23.974509713905526	-15.66938107724094	-0.5868475437164307	394.0
10290	-23.822183922846907	-15.371853305857567	-0.4281785786151886	394.0
10310	-23.83176340045248	-15.204030844224848	-0.36949077248573303	394.0
10332	-23.976445842183303	-14.959038151397081	-0.4410516619682312	394.0
10349	-23.976445842183303	-14.959038151397081	-0.4410516619682312	394.0
10369	-23.91506228754563	-14.603592492743395	-0.7401613593101501	394.0
10389	-23.91506228754563	-14.603592492743395	-0.7401613593101501	394.0
10407	-23.80103846559555	-14.512698240415675	-1.0561578273773193	394.0
10427	-23.353163151994455	-14.335907236257452	-1.079310655593872	394.0
10448	-23.443216074074396	-14.079483933491202	-1.312824010848999	394.0
10465	-23.251858067260585	-13.893018267423265	-1.3914551734924316	394.0
10485	-23.00301423319144	-13.891494309459928	-1.5310838222503662	394.0
10504	-22.574248933284647	-13.901873254800247	-1.5560487508773804	394.0
10524	-22.355575046267003	-13.790870277395719	-1.5838792324066162	394.0
10543	-22.23623847685681	-13.735510503459173	-1.7218116521835327	394.0
10567	-21.980825736358895	-13.548295162689673	-1.8681503534317017	394.0
10581	-21.842130065340132	-13.270716446098048	-2.4571828842163086	394.0
10601	-21.54493128286474	-13.011171000354231	-2.5197951793670654	394.0
10621	-21.308921260137	-13.024814336614394	-2.6354970932006836	394.0
10641	-20.995736928531393	-12.670147730771163	-2.5775086879730225	394.0
10659	-20.864008537399503	-12.280470948322815	-2.4477429389953613	394.0
10679	-20.616348904589398	-12.059084738778223	-2.526498556137085	394.0
10700	-19.942932867302286	-11.846092462920108	-2.715754747390747	394.0
10719	-19.800815227094294	-11.834402643110723	-2.784039258956909	394.0
10737	-19.572886835212575	-11.63829738379112	-2.831223964691162	394.0
10758	-19.240706712524347	-11.660685284709702	-3.242323398590088	394.0
10776	-18.707572219376722	-11.37424506862138	-3.3472814559936523	394.0
10795	-18.443915047391545	-11.352361090337443	-3.493983268737793	394.0
10816	-18.155374035508093	-11.284977639616644	-3.8392276763916016	394.0
10835	-17.891487074741622	-11.27310648164657	-3.9499359130859375	397.0
10854	-17.736539317462064	-11.107605929576135	-3.9124863147735596	397.0
10874	-17.17196400508104	-10.89791004802948	-4.036386966705322	397.0
10893	-16.881035916122137	-11.048855898722342	-3.9846606254577637	397.0
10915	-16.46561532006561	-11.092376041845839	-3.9422059059143066	397.0
10932	-16.296843456845025	-11.063783640786218	-4.049026966094971	397.0
10951	-16.010350141937334	-10.933714764212088	-3.9554741382598877	397.0
10972	-15.518395702351778	-10.881825424189584	-3.86749529838562	397.0
10990	-15.04926195001962	-10.531162417962781	-3.9543514251708984	397.0
11009	-14.714088483754285	-10.462905432227746	-3.8764114379882812	397.0
11030	-14.515582268535352	-10.262053411608534	-3.8260560035705566	397.0
11050	-14.205453256903324	-9.997261218051436	-3.860997200012207	397.0
11071	-13.985930577689258	-9.705885716116633	-3.5971322059631348	397.0
11089	-13.985930577689258	-9.705885716116633	-3.5971322059631348	397.0
11108	-13.719235319829512	-9.689093698382365	-3.4239039421081543	397.0
11127	-13.381241266054246	-9.571859146836063	-3.5225629806518555	397.0
11146	-13.147267582430015	-9.56682938097274	-3.394958257675171	397.0
11166	-12.699799193182825	-9.505895561605508	-3.2028098106384277	397.0
11185	-12.23486732149279	-9.371415713576251	-3.0911738872528076	397.0
11204	-11.589188475022144	-9.301825441428692	-2.7742490768432617	397.0
11224	-11.292670659505156	-9.050268513264507	-2.7086422443389893	397.0
11243	-10.891299185126343	-8.886256263290088	-2.821101427078247	397.0
11263	-10.406357330328124	-8.444218121271778	-2.936039447784424	397.0
11282	-9.954400773424432	-8.320531710697782	-2.843101978302002	397.0
11303	-9.554910987372468	-7.958689276108787	-2.687699794769287	397.0
11321	-9.472030020625308	-7.905803541735152	-2.5758306980133057	397.0
11340	-9.353147733335057	-7.641762027786878	-2.498781204223633	397.0
11361	-9.135806345258443	-7.462066097763497	-2.6344733238220215	397.0
11382	-8.750918533449083	-7.488320442204021	-2.4383931159973145	397.0
11404	-8.41439509268494	-7.430836262389406	-2.5257532596588135	397.0
11418	-8.227846099080486	-7.242717132770566	-2.4129655361175537	397.0
11437	-7.960521021933243	-6.994323801758615	-2.4651846885681152	397.0
11458	-7.7564655851476925	-6.904594893934843	-2.4661049842834473	397.0
11477	-7.399575761465735	-6.6708579635110805	-2.4763715267181396	397.0
11499	-7.055426530225909	-6.69391158438102	-2.4161417484283447	397.0
11520	-7.097391549609882	-6.575996187195724	-2.3051505088806152	397.0
11536	-6.9769942131011	-6.247277516961415	-2.334320306777954	397.0
11554	-6.931190512136027	-5.935663377379585	-2.0047736167907715	397.0
11575	-6.917624233942278	-5.825034166058718	-1.7790220975875854	397.0
11594	-6.879913642629588	-5.8032327965883646	-1.4965424537658691	397.0
11612	-6.765703897371973	-5.761297840827316	-1.6075831651687622	397.0
11632	-6.454079263684426	-5.708326949682572	-1.6809331178665161	394.0
11653	-6.449534079363818	-5.378251226561366	-1.639407753944397	394.0
11671	-6.056387235126938	-5.322003877446911	-1.5956265926361084	394.0
11691	-5.7442660848151545	-5.272316936967507	-1.6117479801177979	394.0
11710	-5.30898165763293	-5.273577363066653	-1.6795423030853271	394.0
11730	-4.931040175088242	-5.225142412240784	-1.7067182064056396	394.0
11751	-4.545884352613005	-5.169409909813737	-1.5380580425262451	394.0
11769	-4.545884352613005	-5.169409909813737	-1.5380580425262451	394.0
11789	-4.166338809203684	-5.017894835459273	-1.59342360496521	394.0
11808	-3.9709197087109174	-4.683332332662751	-1.5422165393829346	394.0
11827	-3.685760041933199	-4.734097955766791	-1.462010145187378	394.0
11846	-3.599358100225335	-4.788555436774361	-1.690133810043335	390.0
11866	-3.3929882824589033	-4.781728062944214	-1.5335739850997925	390.0
11889	-3.2898425264277233	-4.708664539050514	-1.4406704902648926	390.0
11905	-3.040105979846197	-4.765850900911066	-1.4637181758880615	390.0
11924	-2.997307209760053	-4.680709218473442	-1.580336332321167	390.0
11944	-3.1281898238821433	-4.483276983166704	-1.4064769744873047	390.0
11962	-3.0825259242909726	-4.550549077742086	-1.4061074256896973	390.0
11983	-2.940537275653516	-4.3806434389169455	-1.4720585346221924	390.0
12002	-2.758232469276029	-3.95819718153216	-1.260172724723816	390.0
12021	-2.6411884121685265	-3.6479388934939014	-1.1857330799102783	390.0
12041	-2.402251448187536	-3.6182165493860134	-1.1854445934295654	386.0
12061	-2.268475594293332	-3.404527957345863	-1.1416168212890625	386.0
12079	-1.9488196012281012	-3.1663371710798853	-1.170272707939148	386.0
12099	-1.5496849805505613	-3.0320901847339754	-1.1479536294937134	386.0
12119	-1.3800312270550752	-2.9784706564013015	-1.153835415840149	386.0
12137	-1.2647781004074872	-2.7839654897232036	-1.1808156967163086	386.0
12158	-1.0786370584907778	-2.7623795880518167	-1.2050278186798096	386.0
12176	-0.8382573640687498	-2.6686812217631393	-1.2395645380020142	386.0
12196	-0.7194947363500616	-2.495568543245859	-1.171492576599121	386.0
12216	-0.6460846556267065	-2.5496416134597064	-1.192927360534668	386.0
12235	-0.6413440834871962	-2.598226043625559	-1.1182302236557007	381.0
12255	-0.6000512354185114	-2.5893030121167557	-1.0545568466186523	381.0
12274	-0.49796024314264603	-2.500099652006585	-0.9226612448692322	381.0
12294	-0.29926016983717096	-2.6367294682256373	-0.9432405233383179	381.0
12313	-0.0800620649009866	-2.6971511652107485	-0.9786901473999023	381.0
12333	0.042807198400728885	-2.9137169114010444	-0.9777330160140991	381.0
12352	0.1583641621465684	-2.8504268506800976	-0.9335061311721802	381.0
12374	0.49423740452896947	-2.6926527247899807	-0.7213001847267151	381.0
12391	0.6824160792751423	-2.448632951651176	-0.835088312625885	381.0
12411	0.9390537367891191	-2.4534144658955177	-0.6579379439353943	381.0
12430	1.0657883382195006	-2.566765545512446	-0.6901866793632507	381.0
12449	1.2747303621201695	-2.610926665845163	-0.6126280426979065	377.0
12470	1.2747303621201695	-2.610926665845163	-0.6126280426979065	377.0
12489	1.2705141918922578	-2.5931648239041936	-0.39464497566223145	377.0
12509	1.2063355116022523	-2.5531123709413706	-0.2858726978302002	377.0
12528	1.0149440818980935	-2.7603151951401697	-0.2598859965801239	377.0
12546	0.8943477637944612	-2.89503602753591	-0.32416054606437683	377.0
12566	0.9522859565794329	-3.2001136400978267	-0.12625521421432495	377.0
12586	0.6870054695016531	-3.346428172945429	-0.10893100500106812	377.0
12605	0.8022565472937362	-3.268445579331472	-0.14134764671325684	377.0
12624	0.7396884840058845	-3.2762751174345155	-0.28218019008636475	377.0
12644	0.7209418636954691	-3.2480767587022354	-0.31857678294181824	375.0
12664	0.720985452009301	-3.242279421033115	-0.34345391392707825	375.0
12682	0.965537329698819	-3.376441410460951	-0.27464139461517334	375.0
12706	1.067377306032958	-3.5658644066875658	-0.4095596969127655	375.0
12721	0.9874566933318051	-3.6228100842387594	-0.5044537782669067	375.0
12741	0.9336152013015891	-3.6701613922572105	-0.44480374455451965	375.0
12761	0.8851544452304897	-3.8044435155725163	-0.2214544713497162	375.0
12780	0.915839996901819	-3.873891310845314	0.05470651388168335	375.0
12799	0.8580722313483943	-4.0076261556625115	0.08767133951187134	375.0
12820	0.9135815021495945	-4.147119138704775	0.1396602988243103	375.0
12838	0.8595040398571107	-4.16979181393759	0.18736135959625244	372.0
12858	0.6857529637127598	-4.064024616001526	0.37905383110046387	372.0
12877	0.7424605785582927	-4.122639776664925	0.3413216471672058	372.0
12897	0.8395659785474372	-4.132091418543541	0.029557526111602783	372.0
12916	0.8360011789163996	-4.071772274991312	-0.07966876029968262	372.0
12936	0.6586757802655077	-4.048591090933069	-0.26208794116973877	372.0
12955	0.706124528630099	-4.137580319141385	-0.4099603295326233	372.0
12974	0.6660347835706244	-4.241927139490663	-0.4559873342514038	372.0
12994	0.5501699528963994	-4.156728039238863	-0.6051387190818787	372.0
13013	0.39588069970392775	-4.373208512623118	-0.6463572978973389	372.0
13033	0.2905687791130535	-4.330447837151095	-0.5458832383155823	369.0
13052	0.28981829027421063	-4.3258195356640545	-0.5817971229553223	369.0
13073	0.19247494626624329	-4.456047229595926	-0.590944766998291	369.0
13091	0.19179446311614531	-4.502051393201473	-0.5427296161651611	369.0
13111	0.02850832291124296	-4.377326463017424	-0.4481711983680725	369.0
13130	0.04956923224349037	-4.156357435570937	-0.5118991732597351	369.0
13149	0.1383451016681718	-4.240849217779067	-0.5910835862159729	369.0
13170	0.3829544942815589	-4.196041994090618	-0.556333601474762	369.0
13192	0.3920851499641405	-4.251161718700035	-0.6980071663856506	369.0
13211	0.3920851499641405	-4.251161718700035	-0.6980071663856506	369.0
13228	0.4565198928959309	-4.3488865236538805	-0.920803964138031	369.0
13247	0.581277524460264	-4.228823676786883	-1.089738130569458	369.0
13266	0.5600560554334844	-4.212718807083422	-1.0823893547058105	369.0
13285	0.8913732506009602	-4.47655594070559	-1.057267665863037	369.0
13305	0.8635274708677955	-4.688258047630411	-1.1633665561676025	369.0
13326	0.7924078170745147	-4.780163307146016	-1.048242211341858	369.0
13344	0.8213972964833935	-4.844543554757284	-1.2511875629425049	369.0
13364	0.8511412890131781	-4.840384692423716	-1.5141088962554932	369.0
13382	0.9269221939466398	-4.889666210951894	-1.5588175058364868	369.0
13402	0.5808480368365744	-4.930133003291714	-1.8245084285736084	369.0
13421	0.48272197546777756	-4.9868438341577725	-1.9359592199325562	369.0
13442	0.19603153008477672	-4.933944625531973	-2.1027679443359375	368.0
13463	-0.014963438953552722	-4.85467388358547	-2.19966459274292	368.0
13480	-0.04874535948851979	-4.992149762937696	-2.408499240875244	368.0
13500	-0.2943863674655569	-4.936996352845021	-2.3764610290527344	368.0
13519	-0.394068182411425	-5.033432184155739	-2.3734896183013916	368.0
13540	-0.37943803112485924	-4.988168088944205	-2.436743974685669	368.0
13558	-0.24758313882659838	-5.014669011573636	-2.410135507583618	368.0
13577	-0.22026432731445764	-5.040210222148053	-2.6877028942108154	368.0
13597	-0.15491394094813787	-5.147097553159643	-2.9987103939056396	368.0
13617	0.0275736912405683	-5.207347767080989	-3.1629514694213867	368.0
13636	-0.1353877270922466	-5.123798860633689	-3.448000907897949	369.0
13657	-0.04259132188715356	-5.0947127180938105	-3.810319423675537	369.0
13675	-0.22920389466600807	-5.121100139172862	-4.008912563323975	369.0
13694	-0.28830460820056	-5.112995896554257	-4.298579692840576	369.0
13714	-0.2425378855836985	-5.214396804703816	-4.609886169433594	369.0
13733	-0.08564267618854211	-5.19036182968922	-4.717375755310059	369.0
13752	0.0016915243300623453	-5.07459952586103	-5.000878810882568	369.0
13774	0.12136828261698426	-5.100773237953253	-5.32175350189209	369.0
13792	0.34255907115828055	-5.104016588589604	-5.395428657531738	369.0
13811	0.6297463767507187	-5.128053973413536	-5.487115859985352	369.0
13830	1.0594380416530726	-5.099529019826926	-5.612926483154297	371.0
13849	1.2843053529237192	-5.063892972992559	-5.7029948234558105	371.0
13870	1.3896066466082126	-4.9841761002339355	-5.867001533508301	371.0
13890	1.5230655915760198	-4.924736666918519	-6.3505859375	371.0
13911	1.5230655915760198	-4.924736666918519	-6.3505859375	371.0
13927	1.5943420414883993	-4.762642715847283	-6.557778358459473	371.0
13947	1.830014976400586	-4.622423574205515	-6.621443271636963	371.0
13967	1.958549723565564	-4.657382167884539	-6.766633987426758	371.0
13986	2.053587671611131	-4.758984690388348	-6.5709733963012695	371.0
14005	2.219088462771953	-4.57452175357656	-6.721800327301025	371.0
14027	2.1185758539963526	-4.662316131211364	-6.913639068603516	371.0
14045	2.5159845709386435	-4.501035509283042	-7.02065896987915	373.0
14063	2.9130797077290187	-4.270323313100247	-6.746499538421631	373.0
14083	3.215885681638659	-4.259216057518132	-6.529123783111572	373.0
14103	3.3628966293633193	-4.144234907034123	-6.511557102203369	373.0
14122	3.720662169354667	-4.0326131144305855	-6.430407524108887	373.0
14141	3.9845161394430244	-3.9034525041849832	-6.577935695648193	373.0
14162	4.310033868542148	-4.009596179780448	-6.341707706451416	373.0
14180	4.737491532856918	-3.844954522009905	-6.1390275955200195	373.0
14200	4.962169291628513	-3.8456053400442287	-5.926581382751465	373.0
14219	5.11003674900238	-3.8248371511378343	-6.155572891235352	373.0
14239	5.142583766615681	-3.797202210876806	-6.086940288543701	373.0
14257	5.239083770219823	-3.731020367860712	-5.951274871826172	373.0
14280	5.392600462123715	-3.666267927131645	-5.895689487457275	373.0
14297	5.318072627420852	-3.889177831713749	-5.808007717132568	373.0
14317	5.297631259137704	-3.773886070637894	-5.526823997497559	373.0
14336	5.228507104274175	-3.914402992768083	-5.273700714111328	373.0
14355	5.059562200697066	-4.080125180640991	-5.144405364990234	373.0
14377	5.021264009827167	-4.1240201689075615	-4.746779441833496	373.0
14394	4.977495805691179	-4.11199842050098	-4.837361812591553	373.0
14414	5.017758627185487	-4.114829228816502	-4.803998947143555	373.0
14433	4.824208238948172	-4.2170841705226545	-4.490195274353027	374.0
14453	4.9244645409593435	-4.268030725051079	-4.2540435791015625	374.0
14473	4.659940189746644	-4.5625419716068505	-4.103405952453613	374.0
14499	4.623796590318725	-4.621766707425733	-4.050078868865967	374.0
14511	4.761349909025364	-4.649494757438644	-3.948490858078003	374.0
14531	4.465988583742918	-4.805208394562748	-3.8586807250976562	374.0
14549	4.336334910685827	-5.108207592590661	-3.6663479804992676	374.0
14569	4.154335212590117	-5.411576564314911	-3.3321313858032227	374.0
14590	4.290911264095338	-5.637826221789844	-3.414118766784668	374.0
14610	4.163161533453488	-5.819697849476946	-3.309797763824463	374.0
14629	4.163161533453488	-5.819697849476946	-3.309797763824463	374.0
14649	3.784162530672145	-6.3606999287268415	-2.8285131454467773	374.0
14667	3.784162530672145	-6.3606999287268415	-2.8285131454467773	374.0
14686	3.6024333648290594	-6.656932381595537	-2.657034397125244	374.0
14706	3.7662250395799823	-6.857549216341586	-2.4237115383148193	374.0
14726	3.8035941464195018	-6.845515567239333	-2.1901192665100098	374.0
14746	3.811005158419077	-6.90498429515738	-2.1197659969329834	374.0
14763	3.6981808957787883	-7.13752843591837	-1.724247694015503	374.0
14783	3.5979651211900094	-7.359502270980265	-1.4002504348754883	374.0
14802	3.6403748956199418	-7.598700005187842	-1.2065160274505615	374.0
14823	3.599440706366684	-7.479015259276582	-0.9761807918548584	374.0
14843	3.5385834812913286	-7.619043612812277	-0.6751581430435181	373.0
14863	3.226040478507954	-7.862340710979931	-0.5423359870910645	373.0
14882	3.065796944491279	-8.030476128582315	-0.4290649890899658	373.0
14900	2.710406370678898	-8.320889276901585	-0.3032221794128418	373.0
14920	2.2746834318499274	-8.43439956468762	-0.2756791114807129	373.0
14939	2.0686099425439037	-8.54230879430806	0.17098891735076904	373.0
14958	1.935362274164262	-8.663693049177123	0.5145083665847778	373.0
14981	1.5755005230292862	-8.74114014112965	0.40586113929748535	373.0
14998	1.2987134365193336	-8.664360590257397	0.37298309803009033	373.0
15016	0.9601756097552571	-8.645881338969627	0.23997652530670166	373.0
15036	0.7417740545341681	-8.88245004442051	0.4189244508743286	373.0
15056	0.48924188937888696	-9.001967320436885	0.6461151838302612	373.0
15076	0.3866582124058946	-9.011489810863202	0.8864426612854004	373.0
15097	0.016101493982964427	-9.049646419871161	0.9692838191986084	373.0
15115	-0.22291407591954468	-9.124732632201944	1.0158157348632812	373.0
15134	-0.4231675279791203	-9.233970711089043	1.2449554204940796	373.0
15153	-0.6832033442453047	-9.385567178325234	1.4017984867095947	373.0
15173	-0.6610306275224046	-9.465313324795773	1.6050912141799927	373.0
15191	-0.9011849169733367	-9.347925403834227	1.81369948387146	373.0
15214	-0.9972258360563896	-9.287144222715813	1.8422759771347046	373.0
15231	-1.2673999624062113	-9.359298818616383	2.071406364440918	373.0
15249	-1.415403340080156	-9.229642942480819	1.8888120651245117	373.0
15274	-1.696704893871746	-9.19936235414393	1.811391830444336	373.0
15289	-1.860980786130357	-9.24378462794509	1.6948941946029663	373.0
15309	-2.1059705015074295	-9.16958786386647	1.5325614213943481	373.0
15328	-2.1059705015074295	-9.16958786386647	1.5325614213943481	373.0
15348	-2.4775983589775166	-8.998606289364075	1.2583168745040894	373.0
15367	-2.6763123184581783	-8.807026867083804	1.3301341533660889	373.0
15386	-2.6763123184581783	-8.807026867083804	1.3301341533660889	373.0
15406	-2.8269117273988456	-8.565008165765153	1.2087829113006592	373.0
15425	-3.001349367417376	-8.652780792191336	1.2130600214004517	373.0
15445	-3.0122024421088844	-8.69698242731279	1.3734492063522339	373.0
15463	-3.2520006052271455	-8.79437774737731	1.368640661239624	373.0
15484	-3.3209661299869846	-8.919854399688857	1.3813252449035645	373.0
15516	-3.57947809368274	-9.069658102286935	1.357245683670044	373.0
15521	-3.587642460533248	-9.11224316670205	1.5073598623275757	373.0
15542	-3.611841153468767	-9.363074285460332	1.448820948600769	373.0
15561	-3.6958597244124953	-9.507640781850561	1.3426240682601929	373.0
15580	-3.8938535549488753	-9.529183260875815	1.2687174081802368	373.0
15601	-4.04821463378114	-9.493096082219699	0.88443922996521	373.0
15619	-3.9495672746840826	-9.433940967519469	0.9440220594406128	373.0
15640	-4.121884418675633	-9.247843436435605	0.8571491241455078	373.0
15658	-3.958430475005439	-9.149028653285207	0.8274461030960083	373.0
15678	-4.150832323986	-9.268078584073642	0.8016304969787598	373.0
15699	-4.167766976803251	-9.057030062394887	0.6919862031936646	373.0
15717	-4.240256675625371	-8.936093311562413	0.9093226194381714	373.0
15737	-4.064909130613419	-8.882155835999297	0.8950982093811035	373.0
15756	-4.075909522134529	-8.82071421866408	0.9784508943557739	373.0
15776	-4.057428796999493	-8.68648256749851	0.9882955551147461	373.0
15795	-4.153611879484476	-8.743209616175859	1.0381089448928833	373.0
15814	-4.190374459422851	-8.717389915931577	1.1383882761001587	373.0
15835	-4.286308141471102	-8.483499438492421	1.0848513841629028	374.0
15852	-4.557023390846244	-8.515064714110556	1.2780001163482666	374.0
15872	-4.5584736209444685	-8.73318729745539	0.9376330375671387	374.0
15892	-4.746416082793475	-8.647388958106943	0.9141645431518555	374.0
15910	-4.826562294198157	-8.560056199697941	0.8882654905319214	374.0
15930	-5.081775674267011	-8.594661437061303	0.8007409572601318	374.0
15951	-4.8151149441184495	-8.439620117659027	0.9023118019104004	374.0
15970	-5.121924275243319	-8.594133671887997	0.8291126489639282	374.0
15989	-5.082338734412983	-8.487651177349116	0.8425308465957642	374.0
16009	-4.845555886162612	-8.625282693905232	0.7135564088821411	374.0
16030	-4.958852069749049	-8.38778696407035	1.0434025526046753	374.0
16047	-4.958852069749049	-8.38778696407035	1.0434025526046753	375.0
16068	-4.838323204485788	-8.205594540715403	1.071516990661621	375.0
16086	-4.85137120135724	-8.247289948323631	1.2343597412109375	375.0
16106	-4.733664469582339	-8.23618414656543	1.4190452098846436	375.0
16126	-5.126969191450395	-8.182662786225638	1.3820347785949707	375.0
16145	-4.924222475042607	-7.935401785075574	1.2267497777938843	375.0
16164	-4.846181114509645	-8.003352171397934	1.3190233707427979	375.0
16185	-5.012787492857964	-7.75527601553497	1.3761264085769653	375.0
16203	-4.8035254950849975	-7.921744987471403	1.215332269668579	375.0
16222	-4.868399132593178	-7.982985320253797	1.3792445659637451	375.0
16242	-5.005902661320062	-8.058269719614081	1.266690969467163	378.0
16261	-4.906750897598604	-8.04947366510161	1.0110408067703247	378.0
16281	-4.985054692708002	-8.159522640998597	0.8845399618148804	378.0
----------------도착----------------
16301	-5.213187504185253	-8.161238038074805	0.8406518697738647	378.0
16320	-5.21093390139698	-8.185989610745034	0.6615868806838989	378.0
16339	-5.2896314793525	-8.319631361198365	0.8121324777603149	378.0
16359	-5.4725532708395965	-8.290827022071188	0.7715718746185303	378.0
16378	-5.551092937580922	-8.452521504506652	0.7965691089630127	378.0
16398	-5.489264657489647	-8.323027229955423	0.7791008353233337	378.0
16418	-5.629755444555051	-8.268796768952319	0.7761572599411011	378.0
16437	-5.473490891880654	-8.367118543779846	0.8062928318977356	379.0
16457	-5.401066390203301	-8.32243499795483	0.8997474908828735	379.0
16475	-5.554761640367891	-8.429373850270025	0.8900856971740723	379.0
16495	-5.523040845131936	-8.455465420088688	0.8103537559509277	379.0
16514	-5.506676492764863	-8.23418752035514	0.7493006587028503	379.0
16534	-5.6175304415204055	-8.186259409605183	0.8919354677200317	379.0
16553	-5.41036275185247	-8.111757792229998	1.0057340860366821	379.0
16573	-5.475487308682799	-8.155674019157798	1.0398294925689697	379.0
16592	-5.535867468789939	-8.038274053767566	1.0475138425827026	379.0
16611	-5.532869149819611	-8.158677031151537	1.012403964996338	379.0
16631	-5.549099098461843	-8.082799313080805	1.2102500200271606	380.0
16652	-5.41331730788662	-8.082921297196393	1.167565107345581	380.0
16670	-5.309786610683545	-8.320699901873164	1.210767388343811	380.0
16689	-5.139253219061349	-8.314975699909828	1.0441582202911377	380.0
16709	-5.548785333634794	-8.384064831021794	1.087360143661499	380.0
16729	-5.469279081554276	-8.44435934777547	1.0025099515914917	380.0
16748	-5.469279081554276	-8.44435934777547	1.0025099515914917	380.0
16771	-5.395417301505462	-8.32331140245451	0.9211813807487488	380.0
16787	-5.418612907931861	-8.173517489862514	0.9303832054138184	380.0
16805	-5.18793625645237	-8.091446365425082	0.9475013017654419	380.0
16826	-5.3450702232140985	-8.10073709848296	1.0484776496887207	380.0
16845	-5.397294283828584	-8.116278231845154	1.2119908332824707	382.0
16865	-5.34516917195393	-8.209177827350231	1.2596065998077393	382.0
16884	-5.094840022165457	-8.198132520081671	1.149773359298706	382.0
16903	-5.131801728028142	-8.008273588096264	1.1941759586334229	382.0
16922	-5.00440113041386	-8.04024532032348	1.3682410717010498	382.0
16942	-5.095991440025849	-8.168645728977776	1.461140751838684	382.0
16962	-5.050093825587113	-8.118700648623765	1.2909114360809326	382.0
16980	-4.839229669817991	-8.08726125073176	1.0992323160171509	382.0
17001	-4.85379034354731	-8.014106435519013	0.831356942653656	382.0
17020	-4.963544174506868	-7.93096315045768	0.8299012780189514	382.0
17039	-5.038712772897933	-7.995768943578429	0.6823891401290894	383.0
17059	-4.979919747442429	-8.094125109910477	0.5892207622528076	383.0
17079	-5.318566849667318	-8.344828635341194	0.51025390625	383.0
17097	-5.110870823192738	-8.521498116073916	0.31893467903137207	383.0
17118	-5.269899541140215	-8.732749022641066	0.25888925790786743	383.0
17137	-5.3444851247709035	-8.545194881661761	0.2744859457015991	383.0
17157	-5.22925645700027	-8.564701296645913	0.1945338249206543	383.0
17176	-5.226835074574645	-8.474998731635123	0.051073670387268066	383.0
17195	-5.072589488650681	-8.538461101465384	0.27304619550704956	383.0
17215	-5.2345498067890075	-8.595214336684574	0.3213719129562378	383.0
17234	-4.878190155804791	-8.498929645779906	0.436163067817688	384.0
17254	-4.9952375062552905	-8.327963065119004	0.47691088914871216	384.0
17272	-4.962720531904017	-8.20980421924774	0.5234239101409912	384.0
17292	-5.0768698931537095	-8.345727918928414	0.5305591821670532	384.0
17312	-5.291134468301604	-8.378741356301825	0.6597939729690552	384.0
17331	-5.190472695375808	-8.66404862922441	0.610885500907898	384.0
17351	-5.430442682843127	-8.645297151960207	0.5870017409324646	384.0
17370	-5.398013988030796	-8.561226175389695	0.6547979712486267	384.0
17391	-5.453647282520456	-8.492012857634483	0.5811743140220642	384.0
17408	-5.416116471568371	-8.492787518639464	0.5916586518287659	384.0
17429	-5.416116471568371	-8.492787518639464	0.5916586518287659	384.0
17449	-5.291115152023951	-8.77903392848612	0.6296855211257935	389.0
17468	-5.291115152023951	-8.77903392848612	0.6296855211257935	389.0
17487	-5.137228321899649	-8.651353338812028	0.649495005607605	389.0
17507	-5.036255344800852	-8.531633837388608	0.6314926743507385	389.0
17525	-4.9772274237424305	-8.302119713640352	0.6281440258026123	389.0
17545	-4.780490261165806	-8.273143412776967	0.6107288599014282	389.0
17565	-4.895857678424044	-8.356528648705176	0.5376758575439453	389.0
17584	-5.004841272686862	-8.224393659812769	0.6255671381950378	389.0
17604	-5.095922703409339	-8.03453746258546	0.8560723066329956	389.0
17624	-5.100415630567963	-7.858861341694697	0.7145332098007202	389.0
17642	-5.21874270724322	-7.902516060862446	0.6607670783996582	393.0
17662	-5.332603528958616	-7.953335801324158	0.6321266293525696	393.0
17681	-5.315161743999515	-7.928674793227716	0.5437344312667847	393.0
17701	-5.648087103323115	-8.0995089183154	0.6547466516494751	393.0
17723	-5.6141573889479695	-8.007137697103975	0.7591309547424316	393.0
17739	-5.482148111486504	-8.131675700898233	0.6296612024307251	393.0
17759	-5.473426971457459	-8.142988519023351	0.5674356818199158	393.0
17779	-5.590095108861131	-8.240392052895798	0.6093487739562988	393.0
17799	-5.535427753770541	-8.250272529902368	0.6265813708305359	393.0
17818	-5.579008093228469	-8.189566320154695	0.49952149391174316	393.0
17841	-5.39407283041764	-8.328892429285352	0.7987265586853027	396.0
17856	-5.275817943677212	-8.206243460971717	0.7058713436126709	396.0
17877	-5.376499061017292	-8.223307976366446	0.6250156760215759	396.0
17895	-5.282739449265696	-8.255522901391545	0.689899206161499	396.0
17915	-5.128084697112397	-8.32534256343838	0.5978585481643677	396.0
17935	-5.091115898532903	-8.35695068229944	0.5480923652648926	396.0
17954	-5.117814921369088	-8.45742934851225	0.6149070262908936	396.0
17974	-5.166423428098948	-8.41444663452188	0.939443826675415	396.0
17993	-5.375321350853616	-8.466380595556231	0.7894625663757324	396.0
18013	-5.0705549046308285	-8.496038723686242	0.9111170768737793	396.0
18031	-5.060557578673242	-8.525853832717914	1.0320663452148438	396.0
18051	-5.183891708447088	-8.45665513267144	1.0645562410354614	396.0
18070	-5.372860247950566	-8.592916513036647	0.9267416000366211	396.0
18091	-5.2040302525774775	-8.49017927855876	0.8139519691467285	396.0
18113	-5.15537757004772	-8.651544087690333	0.8273681402206421	396.0
18129	-4.950933585354578	-8.783075501300571	0.848617672920227	396.0
18150	-4.712944833042789	-8.825979492433445	0.8461140394210815	396.0
18168	-4.712944833042789	-8.825979492433445	0.8461140394210815	396.0
18189	-4.937738111454474	-8.9740004344829	0.9178168773651123	396.0
18209	-4.955328898815788	-8.963501231019585	0.8086119890213013	396.0
18227	-4.922200401634788	-9.041418895856822	0.7353518009185791	396.0
18246	-4.763793832574299	-8.92077008539712	0.7246652841567993	396.0
18266	-4.947889097167812	-8.91815001942292	0.7068434953689575	396.0
18284	-5.051525113137026	-8.552297244847214	0.7060472965240479	396.0
18304	-5.2453894519929545	-8.522826421633642	0.7170019149780273	396.0
18323	-5.263642811486696	-8.427437000491137	0.7338355779647827	396.0
18343	-5.060259141245338	-8.354755793845861	0.599350094795227	396.0
18363	-4.958790006528816	-8.493719499718473	0.7148984670639038	396.0
18381	-5.113398716591952	-8.443238490845621	0.8562099933624268	396.0
18401	-5.100741372907151	-8.521840323572878	0.8296644687652588	396.0
18421	-4.931504693641015	-8.538124395901825	0.9019722938537598	396.0
18443	-4.764731411429907	-8.8109840890203	0.9524837732315063	393.0
18460	-4.617660576740477	-8.6777929973735	0.9678057432174683	393.0
18479	-4.8343413545274	-8.865554713021796	1.0550334453582764	393.0
18498	-5.201921414219613	-9.019766379174031	1.1512885093688965	393.0
18518	-5.183860000020127	-8.887546930608718	0.9819285869598389	393.0
18538	-5.024149496531946	-8.927234807370018	0.8000961542129517	393.0
18564	-5.298523733541968	-8.73146796554085	0.8146703243255615	393.0
18576	-5.385732262557622	-8.722526483716779	0.9420666694641113	393.0
18596	-5.356293922316197	-8.742184602108761	0.8718830347061157	393.0
18615	-5.414346726468853	-8.67248674852138	0.8177758455276489	393.0
18634	-5.3033219963430245	-8.447044246530778	0.666358232498169	391.0
18655	-5.149240083007197	-8.365614212235867	0.6907838582992554	391.0
18679	-5.2678267029679935	-8.275104135290697	0.8486651182174683	391.0
18693	-5.327542883909286	-8.324104555921199	0.7988865375518799	391.0
18713	-5.276827476009241	-8.523355511479265	0.8650881052017212	391.0
18732	-5.326926476389421	-8.4034172188845	1.0239510536193848	391.0
18751	-5.409086119412126	-8.336370380420632	1.2870471477508545	391.0
18772	-5.294988370767936	-8.55696898622606	1.4497650861740112	391.0
18790	-5.239727749076646	-8.681475256753023	1.5028533935546875	391.0
18810	-5.293565863651789	-8.510446790387071	1.4475090503692627	391.0
18830	-5.22344252529266	-8.57785230133484	1.4499778747558594	390.0
18849	-5.170825619268275	-8.642476019369877	1.410430908203125	390.0
18869	-5.170825619268275	-8.642476019369877	1.410430908203125	390.0
18889	-4.729744665486677	-8.557748992018082	0.9939854145050049	390.0
18909	-4.729744665486677	-8.557748992018082	0.9939854145050049	390.0
18927	-4.644729876157859	-8.402560877747481	0.8211520910263062	390.0
18946	-4.877266351904062	-8.439643723347684	0.5115198493003845	390.0
18965	-4.759482428191005	-8.218950962827735	0.5297465920448303	390.0
18985	-4.529407872021291	-8.168215955020475	0.6179320812225342	390.0
19004	-4.378813234438161	-8.118330092922918	0.6023557782173157	390.0
19024	-4.431672322565427	-8.1432232754563	0.6626099944114685	390.0
19049	-4.519727391170585	-8.32627957981836	0.5213958621025085	385.0
19063	-4.844429281050111	-8.307564377606187	0.7744655609130859	385.0
19082	-5.1134743070382465	-8.348997969910833	0.7603343725204468	385.0
19102	-5.122281356048382	-8.314629070295284	0.9457184076309204	385.0
19121	-5.278281143013545	-8.371613172440957	0.8479810953140259	385.0
19140	-5.366280548041571	-8.50591058426783	0.7047144770622253	385.0
19164	-5.455724833518418	-8.675118414566448	0.5745574235916138	385.0
19179	-5.3755704433152545	-8.56321034788312	0.5901839733123779	385.0
19200	-5.546787334639644	-8.266843340515667	0.7055974006652832	385.0
19218	-5.439344778144998	-8.2750803949004	0.5794365406036377	385.0
19237	-5.3824126851357	-8.250920613811484	0.49509668350219727	383.0
19257	-5.45586171549255	-8.228645055859465	0.47175532579421997	383.0
19279	-5.481183725002184	-8.26282981826276	0.7121860980987549	383.0
19296	-5.297421634972257	-8.11355837119808	0.8228713274002075	383.0
19316	-5.308620882236188	-8.040465556153805	0.844721257686615	383.0
19334	-5.367563990164476	-8.011317200538148	0.7566849589347839	383.0
19355	-5.4365442207996235	-8.32763348524786	0.7273619771003723	383.0
19374	-5.414911581545107	-8.410183952235345	0.7982121109962463	383.0
19393	-5.464680421881552	-8.39363146787341	0.8398658633232117	383.0
19414	-5.2552062571662495	-8.389439491675692	0.8538596034049988	383.0
19432	-5.200428477948221	-8.405200849895648	0.7728441953659058	383.0
19451	-5.387040081983501	-8.53758268070548	0.7915571928024292	383.0
19471	-5.4169149518838555	-8.596314414677284	0.9340667128562927	383.0
19491	-5.363611059331457	-8.606898642030448	0.8543829321861267	383.0
19510	-5.334502998967259	-8.516038209865847	0.9881685376167297	383.0
19531	-5.31031055439882	-8.382854786256352	0.967738151550293	383.0
19552	-5.25064865167519	-8.43316275727539	1.0359752178192139	383.0
19569	-5.446689786549109	-8.327511970809256	1.0371246337890625	383.0
19599	-5.446689786549109	-8.327511970809256	1.0371246337890625	383.0
19607	-5.562002241794807	-8.299375640278372	0.8032737374305725	383.0
19627	-5.562002241794807	-8.299375640278372	0.8032737374305725	383.0
19647	-5.396328731311197	-8.224954212040192	0.6160238981246948	385.0
19665	-5.36139430090437	-8.224506651299741	0.866856038570404	385.0
19684	-5.169544317207945	-8.170457513503123	0.8022511005401611	385.0
19705	-5.1635670373326406	-8.243617028663461	0.9065641164779663	385.0
19724	-5.107518221604364	-8.163462018055462	0.8538910150527954	385.0
19743	-4.953973537050316	-8.179085766813248	0.9151172637939453	385.0
19767	-4.8480247864213855	-8.126565385220141	1.0642874240875244	385.0
19782	-4.82290762104217	-8.024411418720693	1.028668761253357	385.0
19802	-4.950586993197959	-8.108090280659068	1.0297932624816895	385.0
19821	-5.0120318524260234	-8.040390178144316	0.833473265171051	385.0
19840	-5.111393587397207	-7.945040359303674	0.7986427545547485	386.0
19860	-5.179074292680136	-7.924586560172692	0.5528941750526428	386.0
19880	-5.201920450584764	-8.017858193679938	0.7106032371520996	386.0
19899	-5.258732653170866	-7.920492247031131	0.6119107007980347	386.0
19918	-5.379031746851908	-8.078348923295765	0.5104915499687195	386.0
19937	-5.621283611071613	-8.18077867129799	0.6308576464653015	386.0
19957	-5.573305360286563	-7.992922132089995	0.7368008494377136	386.0
19977	-5.5610728822668625	-8.01042844492039	0.8689301609992981	386.0
19997	-5.589479336607784	-8.035677987098314	0.8195050358772278	386.0
20016	-5.495143378194045	-8.087983403356219	1.0363202095031738	386.0
20035	-5.529815540722572	-7.9742529165863765	0.8281056880950928	387.0
20055	-5.354317475885543	-8.001227531658603	0.8862550854682922	387.0
20074	-5.425524014392379	-7.9650637086822025	0.9657874703407288	387.0
20094	-5.3961043875144	-7.895438804604364	0.7793715000152588	387.0
20113	-5.448999067757596	-7.935678091368781	0.8034303188323975	387.0
20133	-5.460657854228345	-8.001637155340205	0.5346856117248535	387.0
20151	-5.4676187374773075	-8.162425429030904	0.4218287467956543	387.0
20171	-5.501850199474718	-8.05196636802502	0.4228213429450989	387.0
20191	-5.511688396774606	-8.051506849436043	0.5367000699043274	387.0
20210	-5.6217012638662025	-8.229143029593365	0.5941607356071472	387.0
20229	-5.426744083327321	-8.170934525245636	0.7014187574386597	387.0
20250	-5.426744083327321	-8.170934525245636	0.7014187574386597	387.0
20269	-5.218305779518004	-8.200720053476509	0.9986371994018555	387.0
20288	-5.2939393427814245	-8.274790601189277	1.2115131616592407	387.0
20308	-5.2939393427814245	-8.274790601189277	1.2115131616592407	387.0
20327	-5.199307615288957	-8.1911676714592	1.261009693145752	387.0
20347	-5.111142996381257	-8.360204699029094	1.2166626453399658	387.0
20365	-5.027759042684121	-8.523927592151646	1.0115175247192383	387.0
20385	-5.024258703808845	-8.470695823687116	1.011576771736145	387.0
20404	-5.192819524576715	-8.38155997055589	0.94770348072052	387.0
20424	-5.144984755391308	-8.428831675113763	0.8058106899261475	387.0
20443	-5.142516189143969	-8.493166557733984	0.9281867146492004	389.0
20464	-4.971989400895319	-8.42391956812799	0.942876398563385	389.0
20482	-5.10723289390185	-8.466201232545691	0.8069077730178833	389.0
20502	-5.11396076383939	-8.38822476939865	0.6316048502922058	389.0
20521	-5.070729165390145	-8.275260176951381	0.7824548482894897	389.0
20541	-4.98211431268119	-8.228229733041426	0.7408410310745239	389.0
20560	-4.785509386064475	-8.398611676141023	0.6168927550315857	389.0
20580	-4.643651461061032	-8.512274864030845	0.4720139503479004	389.0
20599	-4.7867455782473565	-8.477502456391816	0.22641682624816895	389.0
20619	-5.025805849985403	-8.68577293500316	-0.014480412006378174	389.0
20638	-5.091666735036069	-8.689633863747225	0.16808974742889404	389.0
20657	-5.087118452375081	-8.799974689500791	0.2981072664260864	389.0
20677	-5.025788777193551	-8.858808816380739	0.4667665958404541	389.0
20697	-5.068531545038658	-8.762557515059298	0.45847445726394653	389.0
20716	-5.1457729745792795	-8.699680641584537	0.5449919700622559	389.0
20735	-5.3930574516477074	-8.741741674567562	0.5989223718643188	389.0
20756	-5.429108036663581	-8.773284636751427	0.7149736285209656	389.0
20774	-5.311039630991467	-8.637759804162663	0.748558759689331	389.0
20794	-5.251785134371939	-8.626389855065888	0.7036860585212708	389.0
20813	-5.3014793719823965	-8.5115145354023	0.7004866600036621	389.0
20832	-5.388161240467788	-8.523636942792091	0.7615505456924438	389.0
20854	-5.457423099947682	-8.55684819228005	0.7924810647964478	389.0
20871	-5.660497136905203	-8.449209844344134	0.6760570406913757	389.0
20891	-5.748450036633394	-8.326199206662663	0.6461154818534851	389.0
20909	-5.614125329571385	-8.247761960329738	0.6112289428710938	389.0
20929	-5.563356836455416	-8.093448601224539	0.832969069480896	389.0
20950	-5.439594397377199	-7.888885431191989	0.881173849105835	389.0
20968	-5.615838877958132	-7.980788790398788	0.5943292379379272	389.0
