2	1.045250262367462	-3.2119241956817515	-5.912428855895996	416.0
20	1.0512593013735827	-3.030019387842216	-6.007980823516846	416.0
40	0.9547383204860957	-3.281410170766192	-6.047135829925537	416.0
58	0.9585837014135157	-3.3705834627986215	-5.924882888793945	416.0
79	0.9105209475458199	-3.508960193324434	-5.711483478546143	416.0
99	1.058397350911643	-3.6230018591575304	-5.694046974182129	416.0
118	1.0820072036772035	-3.6279001280627736	-5.576456069946289	416.0
138	1.0059340123790284	-3.5266443366088316	-5.452792644500732	416.0
157	1.1991328567271655	-3.535655133901871	-5.584193706512451	416.0
177	1.291159781424424	-3.696893255400725	-5.473329544067383	416.0
197	1.3318313876388863	-3.7297442985420037	-5.546405792236328	416.0
219	1.3666951459082608	-3.6308170869566294	-5.762023448944092	416.0
235	1.4394294763410047	-3.611252921906291	-5.931512355804443	414.0
256	1.4049655313476699	-3.316889739615548	-5.812995433807373	414.0
275	1.4049655313476699	-3.316889739615548	-5.812995433807373	414.0
293	1.3439938287652007	-3.313910623643146	-5.7848029136657715	414.0
314	1.2597777430725945	-3.216083465837054	-5.860421180725098	414.0
335	0.9777724557185603	-3.0297124012840033	-5.712660789489746	414.0
352	0.881658771482888	-2.8883820317322235	-5.772456645965576	414.0
371	0.9465719042317738	-2.893657981856083	-5.751946449279785	414.0
391	0.8228378668219055	-2.9275591212671754	-5.742815017700195	414.0
411	0.7233061951183748	-3.0399584757470377	-5.8766632080078125	414.0
430	0.9237011733972791	-3.46465036144895	-5.893794059753418	414.0
451	1.034507845639203	-3.381001879000413	-6.010582447052002	412.0
469	1.0624653502064574	-3.4204337051739677	-5.980982780456543	412.0
488	1.3114594723053814	-3.6096638811835944	-6.094517230987549	412.0
508	1.3857243862513524	-3.652996729070843	-5.996678829193115	412.0
527	1.1381248299998206	-3.577855874777659	-6.032800197601318	412.0
547	1.1433016295478955	-3.7110102560748	-6.04376745223999	412.0
566	0.9705757087207266	-3.621654346309235	-5.9770073890686035	412.0
585	0.8773376389203357	-3.3218912215861387	-5.962419033050537	412.0
606	0.8683152397281577	-3.324926345754374	-5.909542560577393	412.0
624	0.9551560141111798	-3.263782848827178	-6.131970405578613	412.0
644	0.9009780285120947	-3.2355593591951104	-6.034003734588623	408.0
663	0.901446340578963	-3.275102969997727	-6.071678638458252	408.0
684	1.1282175317547332	-3.2969693850274004	-6.1640825271606445	408.0
703	1.488710782424693	-3.124542461797432	-6.109230041503906	408.0
722	1.4366828067534663	-2.9268019785470436	-6.199985504150391	408.0
740	1.5339240389344755	-3.094107410791122	-6.405477523803711	408.0
760	1.4421133526859309	-3.2043786610996334	-6.43295955657959	408.0
779	1.4079602733333831	-3.306219285436611	-6.283864498138428	408.0
799	1.3907307739613168	-3.2128933012685	-6.380131721496582	408.0
818	1.3951100916087782	-3.273064003826239	-6.369162082672119	408.0
837	1.3754358092122057	-3.3398513116566617	-6.161769390106201	407.0
856	1.1837192962608172	-3.4152177250807956	-6.107166767120361	407.0
876	1.421805316810483	-3.599650566376751	-5.947446346282959	407.0
896	1.3248630461114939	-3.4796978138161037	-5.8261799812316895	407.0
917	1.449578280099666	-3.5088498140761963	-5.743996620178223	407.0
939	1.443098870338576	-3.2912777513142237	-5.8137664794921875	407.0
956	1.5230194087344244	-3.2449169670186877	-5.546627044677734	407.0
975	1.5230194087344244	-3.2449169670186877	-5.546627044677734	407.0
993	1.624226083309185	-3.030806436690258	-5.650834083557129	407.0
1013	1.622916686750527	-2.9661373471969363	-5.75593900680542	407.0
1035	1.452839217128233	-3.1253601252693155	-5.876919746398926	406.0
1054	1.4195085207554223	-3.073941692978823	-5.9553303718566895	406.0
1072	1.5716430100502816	-3.177164582553892	-5.739312648773193	406.0
1091	1.5643070513587412	-3.173564026623047	-5.667360782623291	406.0
1110	1.6085686106965942	-3.2237945019708354	-5.539796352386475	406.0
1130	1.4931767510890657	-3.2519452337355466	-5.821676731109619	406.0
1151	1.162244418119581	-3.500655451308794	-5.729104995727539	406.0
1170	1.0242785765758922	-3.44286401740098	-5.722334861755371	406.0
1188	1.065310082630327	-3.25197366113961	-5.725475788116455	406.0
1208	0.7664276555139414	-3.36672916364052	-5.619895935058594	406.0
1227	0.3560090663528319	-3.1872147135056474	-5.78611946105957	406.0
1247	0.48440923880024817	-3.1886139589551785	-5.789420127868652	405.0
1266	0.31763882782291697	-3.243105434079384	-5.908390045166016	405.0
1285	0.24748794733655607	-3.362172470017277	-5.8954243659973145	405.0
1305	0.34458478132118814	-3.214141822126222	-6.123939037322998	405.0
1325	0.30962044448247383	-3.256526102929929	-6.153117656707764	405.0
1344	0.4461100023434784	-3.300105441119911	-6.103548049926758	405.0
1364	0.8073596385571801	-3.1740366908558038	-6.096678256988525	405.0
1382	1.0356225027292774	-3.2405982788478487	-6.0522847175598145	405.0
1402	0.6427518821967496	-3.179056317090459	-6.194194793701172	405.0
1421	0.7675232939482063	-3.186250190865608	-6.0249104499816895	405.0
1442	0.8603877662029115	-3.189808668598502	-6.026090145111084	405.0
1460	0.923501818392158	-3.2041850600767874	-5.91347074508667	405.0
1481	1.0626466752411428	-3.1967473597921616	-5.873064041137695	405.0
1498	1.0848172187861256	-3.048885715547732	-5.840571403503418	405.0
1521	0.9513422490948541	-2.9493347780990744	-5.813800811767578	405.0
1540	0.99798392005538	-3.027154504008533	-6.092177391052246	405.0
1560	1.237385186063739	-2.9938175166848433	-6.077176094055176	405.0
1578	1.1798130524555235	-2.889003141732977	-6.178259372711182	405.0
1597	1.073375108235024	-2.7094668515888802	-6.322564601898193	405.0
1617	1.0829204301742266	-2.707730658798557	-6.169501781463623	405.0
1637	0.9924756665427685	-2.743267900546194	-6.117395401000977	405.0
1659	0.8202721111773003	-2.644142581256714	-6.258856296539307	405.0
1676	0.8202721111773003	-2.644142581256714	-6.258856296539307	405.0
1695	0.8582116795779396	-2.88993870756413	-6.328060626983643	405.0
1714	0.8582116795779396	-2.88993870756413	-6.328060626983643	405.0
1733	0.9862558092165221	-2.990811408613003	-6.337910175323486	405.0
1753	1.064573504662549	-3.095169663042607	-6.290265083312988	405.0
1775	1.148579187813056	-3.190999852667152	-6.058136940002441	405.0
1792	1.095980287098824	-3.27191081795295	-6.329602241516113	405.0
1810	1.2304250213155281	-3.1871199936158683	-6.435773849487305	405.0
1831	1.3113748233953544	-3.472490611196312	-6.342672348022461	405.0
1849	1.3886297749949768	-3.470329045075946	-6.2928786277771	404.0
1869	1.48645344105373	-3.3387336394782094	-6.316764831542969	404.0
1890	1.4201668120349187	-3.3518867579013976	-6.183134078979492	404.0
1908	1.4474823142149937	-3.1667080017253584	-6.261324405670166	404.0
1928	1.4425104411868672	-3.2931749772843815	-6.295511245727539	404.0
1948	1.5698425700806642	-3.128253406588402	-6.275832653045654	404.0
1967	1.6670374366404912	-3.1992429802973064	-6.286423206329346	404.0
1986	1.7013063869359886	-3.176369572092595	-6.404941082000732	404.0
2007	1.6286060510628124	-3.0723432015043386	-6.264155387878418	404.0
2025	1.508643433200136	-2.9953165363570213	-6.193147659301758	404.0
2046	1.4234885313006962	-2.994573494632037	-6.1655802726745605	404.0
2066	1.3426823271655213	-3.0991660739393283	-5.876163005828857	404.0
2083	1.3554520174420608	-3.062751844418517	-5.955505847930908	404.0
2102	1.302741826846216	-3.1518049963511605	-5.708450794219971	404.0
2122	1.0843083966130118	-3.2152787109595504	-5.593374252319336	404.0
2141	1.0469707408753839	-3.264777623512321	-5.528954982757568	404.0
2161	0.8294934455397761	-3.555027693546254	-5.647086143493652	404.0
2180	0.9600852587842553	-3.65993484363781	-5.7047295570373535	404.0
2200	0.9496656366957325	-3.80725883042835	-5.657806396484375	404.0
2219	0.9405515838001505	-3.861118866382639	-5.801665306091309	404.0
2240	0.7546275472847016	-3.86360628106127	-5.703634262084961	406.0
2260	0.7016640188103204	-4.053484539563083	-5.750270366668701	406.0
2277	0.612972702077544	-4.146432365886199	-5.979104042053223	406.0
2296	0.587480380713584	-4.111288813046184	-5.890202045440674	406.0
2316	0.839648083036836	-4.020876581588625	-5.783433437347412	406.0
2338	0.8060808708701762	-4.099095498445535	-5.874401569366455	406.0
2357	0.6889259408040757	-3.8261203644264348	-6.085800647735596	406.0
2377	0.6667597261384532	-3.8742169239509234	-6.248635292053223	406.0
2394	0.6667597261384532	-3.8742169239509234	-6.248635292053223	406.0
2414	0.8789553730121369	-3.88521409999527	-6.297290802001953	406.0
2432	1.015318457993146	-3.886847258123019	-6.350027084350586	408.0
2453	1.0507431488894488	-3.7562578642582136	-6.1640167236328125	408.0
2472	1.0242165242504235	-3.7946306829471106	-6.11325740814209	408.0
2494	0.9708717409806791	-3.844936307505474	-6.138983726501465	408.0
2511	1.116063179105711	-3.769359133699226	-5.8311567306518555	408.0
2531	1.2747879254353367	-3.9231147738289844	-5.764647006988525	408.0
2550	1.2751871542807742	-3.897322977388447	-5.699075698852539	408.0
2569	1.2190801058699337	-3.8009621474420414	-5.587000846862793	408.0
2589	1.0137374769073642	-3.7361936066872072	-5.547936916351318	408.0
2610	1.0708594734978802	-3.8650062643878154	-5.667746543884277	408.0
2628	0.9992450566713201	-3.9099759507344025	-5.801246643066406	408.0
2648	0.9832400213882089	-3.83050728687855	-5.763396739959717	411.0
2667	0.7275160510113688	-3.834044652224044	-5.804251670837402	411.0
2686	0.49504648415617203	-3.845143760029067	-5.737911701202393	411.0
2706	0.6295489918770858	-3.716795028203894	-5.856904029846191	411.0
2726	0.5406011238213827	-3.8850145901122306	-5.90903377532959	411.0
2745	0.7610234674355041	-3.7888049297298543	-5.95502233505249	411.0
2764	0.8635557293436185	-3.812154753429256	-5.871470928192139	411.0
2782	0.993835742065313	-3.6091254196347897	-5.74519681930542	411.0
2803	0.8810645870019552	-3.6752265555698025	-5.826250076293945	411.0
2822	0.9125208807970984	-3.6006938579232517	-5.839481353759766	411.0
2841	0.8426210386984678	-3.710794946621324	-5.72334098815918	415.0
2864	0.7585486924674343	-4.079370659935716	-5.464400291442871	415.0
2880	0.845846486836775	-3.931085037475653	-5.717289924621582	415.0
2899	0.696402666202112	-4.142799653214715	-5.798206329345703	415.0
2920	0.6482636375027149	-4.176283914591371	-5.803320407867432	415.0
2940	0.41209367711809575	-4.418185034070373	-5.811241626739502	415.0
2959	0.5573417317758288	-4.411672677819994	-5.615755558013916	415.0
2980	0.5901700930861494	-4.588334350547624	-5.6288652420043945	415.0
2999	0.7995039595016207	-4.351417282352804	-5.890745639801025	415.0
3017	0.7747738437699403	-4.114871205790788	-5.9603166580200195	415.0
3037	0.6881864468963048	-4.257516539518869	-5.810207366943359	418.0
3057	0.7160031416899778	-4.011774662307021	-5.614250183105469	418.0
3081	0.7721095049983662	-3.9079916031290254	-5.697772979736328	418.0
3096	1.0665901808118317	-3.7193880620580706	-5.835996627807617	418.0
3114	1.0665901808118317	-3.7193880620580706	-5.835996627807617	418.0
3134	1.1021302647273936	-3.782642038475096	-5.821308612823486	418.0
3152	0.9008151419017921	-3.654491532712086	-5.683520793914795	418.0
3172	0.8263708240757223	-3.808753026977292	-5.592070579528809	418.0
3192	0.7343397040359165	-3.768641783164453	-5.536568641662598	418.0
3211	0.642311362587845	-3.5671452792530096	-5.254360198974609	418.0
3231	0.6895701236339673	-3.6269402699232165	-5.377774715423584	427.0
3251	0.6272309182012319	-3.638297635964359	-5.369786739349365	427.0
3271	0.588473757433471	-3.870279150310079	-5.134997367858887	427.0
3289	0.43331631124886794	-3.7398466786475137	-5.356342315673828	427.0
3309	0.5725796993883356	-3.7377560541315757	-5.6150922775268555	427.0
3328	0.6274729016741027	-3.6409248369952936	-5.574088096618652	427.0
3351	0.6436342661517288	-3.795165809725806	-5.570780277252197	427.0
3366	0.7410840045016769	-3.858280911578763	-5.708612442016602	427.0
3385	0.6192083945544797	-4.0128131994380345	-5.614748477935791	427.0
3406	0.6035935788358288	-4.071435374595828	-5.363992691040039	427.0
3428	0.8180940890016257	-3.9343824433552457	-5.580167770385742	427.0
3447	0.9395349512116238	-4.008476351144864	-5.678679943084717	433.0
3463	0.9932550638929988	-4.150881258901562	-5.686215400695801	433.0
3484	0.9734918104312393	-4.2217624783658	-5.730910778045654	433.0
3502	1.0715950463401618	-4.119988716652806	-5.965836524963379	433.0
3522	1.0090206185864097	-4.107716920274509	-6.073574542999268	433.0
3543	1.2455275788927032	-3.93618765646993	-5.959247589111328	433.0
3563	1.0144906283782946	-4.0851024172614645	-6.294368743896484	433.0
3580	0.7450125303386137	-4.328276730013018	-6.164031028747559	433.0
3600	0.6897925823538398	-4.45517880687478	-6.0784220695495605	433.0
3619	0.602250457531995	-4.476012129914827	-5.956771373748779	433.0
3638	0.30354278398883244	-4.422545337673648	-5.806742191314697	438.0
3659	0.4164178943091968	-4.342724077785149	-5.737214088439941	438.0
3677	0.43369659026358454	-4.371144899819889	-5.749358177185059	438.0
3699	0.19294076651599593	-4.437455420849751	-5.827303886413574	438.0
3717	0.43995894243116856	-4.339721399902641	-5.485440254211426	438.0
3736	0.5259664313989861	-4.2869286635499995	-5.61494779586792	438.0
3757	0.5259664313989861	-4.2869286635499995	-5.61494779586792	438.0
3778	0.8381891398520235	-4.006208742133796	-5.48674201965332	438.0
3802	1.2624090999500839	-3.844664844916383	-5.607751369476318	438.0
3814	1.2624090999500839	-3.844664844916383	-5.607751369476318	438.0
3833	1.1783011437986697	-3.9818103439636547	-5.463193893432617	445.0
3853	1.2833415184767476	-3.9704862471561744	-5.4206414222717285	445.0
3873	1.445058176805761	-3.9544964134321745	-5.3358073234558105	445.0
3892	1.5402760476146804	-3.768295374440335	-5.592325210571289	445.0
3916	1.5208992800339463	-3.5797834021871062	-5.590466022491455	445.0
3938	1.379984025554671	-3.585094758331202	-5.530131816864014	445.0
3952	1.2586571629463088	-3.5617610947996874	-5.8649678230285645	445.0
3970	1.0644644232696359	-3.800081131524072	-5.788361549377441	445.0
3989	1.0430761199154714	-3.746231599393829	-5.763866424560547	445.0
4009	1.0101208533657597	-3.771426892195799	-5.694887638092041	445.0
4032	0.9456562032397399	-3.6266725557456168	-5.963120460510254	445.0
4048	0.9972076485611557	-3.7388823740741124	-5.838608264923096	447.0
4067	0.767881405529704	-3.6338216312269886	-5.698700904846191	447.0
4087	0.8271399521185181	-3.698496126185654	-5.630064964294434	447.0
4107	0.9380415021740865	-3.6761960354410776	-5.393489360809326	447.0
4126	0.9616314531150907	-3.470799354076958	-5.319028377532959	447.0
4145	0.946921862496008	-3.6014767261489933	-5.162765979766846	447.0
4165	0.995295253839251	-3.7122701689697974	-5.263713836669922	447.0
4184	1.0472440223244488	-3.6598347086392127	-5.104370594024658	447.0
4203	0.8266754981315794	-3.5452345313017544	-5.072981834411621	447.0
4223	0.9471015192662463	-3.5336221586208123	-5.098394870758057	447.0
4242	0.8551088086612422	-3.484579188315135	-5.1352081298828125	450.0
4261	0.9883673320981989	-3.5161525501905158	-5.161652565002441	450.0
4282	1.0493668637652676	-3.7012461425353345	-5.403842926025391	450.0
4300	1.0513661410619883	-3.565462954816455	-5.4786834716796875	450.0
4320	1.0167693193635359	-3.3426167636062183	-5.317704200744629	450.0
4339	1.0231697258814003	-3.5878398454434595	-5.18842887878418	450.0
4359	1.1620668528109497	-3.639601563368637	-5.009984016418457	450.0
4378	1.2956508194726066	-3.847985595911998	-4.911152362823486	450.0
4398	1.316366992102337	-3.950700062115183	-4.947439670562744	450.0
4419	1.0794959536980901	-3.9184047697725144	-4.885339260101318	450.0
4436	1.2147905915590136	-3.7391943290789045	-4.8584794998168945	451.0
4457	1.232014296013387	-3.804433845426193	-5.061765670776367	451.0
4477	1.3432849789458596	-3.6678378576218518	-5.274019718170166	451.0
4496	1.3073347123245351	-3.423671585013685	-5.144689559936523	451.0
4516	1.3073347123245351	-3.423671585013685	-5.144689559936523	451.0
4537	1.4466346902263167	-3.2009066425995187	-5.3922038078308105	451.0
4553	1.3491933860944827	-3.1045732466885787	-5.3664445877075195	451.0
4573	1.5803032501005683	-3.0565258870074836	-5.355401992797852	451.0
4593	1.6341449129027394	-2.9805726409135636	-5.453530311584473	451.0
4612	1.3992923106100335	-3.0087824669965677	-5.399036884307861	451.0
4633	1.5043204104523906	-3.018112426281211	-5.379388809204102	451.0
4651	1.5990435479099891	-3.1296813227979396	-5.327174186706543	451.0
4669	1.5419404281087579	-3.3229389696449436	-5.442798614501953	451.0
4690	1.336131997757712	-3.3452761389309904	-5.488600730895996	451.0
4711	1.5190674348956725	-3.330733758711661	-5.739234447479248	451.0
4729	1.3913325755997807	-3.216986313186896	-5.691036224365234	451.0
4749	1.4388248936578198	-3.295808124893171	-5.473074436187744	451.0
4767	1.6380632713169558	-3.2417031600663666	-5.486847400665283	451.0
4787	1.6544647828785513	-3.1925065124472045	-5.2602081298828125	451.0
4806	1.50957648121186	-3.1977710332031912	-5.306299209594727	451.0
4826	1.6551380601392927	-2.9544250948704134	-5.536192893981934	451.0
4845	1.765678451867386	-3.1735573693042385	-5.494658470153809	452.0
4864	1.561175913910645	-3.102788685356544	-5.26016902923584	452.0
4884	1.7011292001333482	-3.0750177076774454	-5.148926258087158	452.0
4908	1.8728435302510422	-3.1765606745640365	-5.175476551055908	452.0
4923	1.8601003196691988	-3.0848573585601122	-5.309912204742432	452.0
4942	1.963891907205452	-2.987283202743043	-5.454862594604492	452.0
4962	1.967007508277718	-2.960389963770665	-5.398504257202148	452.0
4981	2.0831488732968646	-3.0231443328237293	-5.14420223236084	452.0
5000	2.2352660633109127	-2.808720984945629	-4.9983930587768555	452.0
5020	2.4388733497715838	-2.8329031939265166	-5.058169364929199	452.0
5039	2.448433476215662	-2.9147427534817925	-5.3151021003723145	453.0
5058	2.5000705824150415	-2.7253785187846904	-5.421006679534912	453.0
----------------출발----------------
5078	2.5029649662290923	-2.836838424937931	-5.222268581390381	453.0
5098	2.7094175778143703	-2.7874552957893797	-5.182027339935303	453.0
5118	2.884453121667132	-2.710126760699879	-5.128842830657959	453.0
5136	2.9109568832969166	-2.629266267149166	-5.260080814361572	453.0
5156	2.872445899286051	-2.7014432579768766	-5.32135009765625	453.0
5176	2.871692308689226	-2.708499289043609	-5.318169116973877	453.0
5195	2.8826617369158645	-2.7520163110244527	-4.974151134490967	453.0
5215	2.8826617369158645	-2.7520163110244527	-4.974151134490967	453.0
5234	2.915150131173055	-2.7154181919211817	-4.944141864776611	453.0
5253	2.9506555260652974	-2.726218448051661	-4.887551784515381	453.0
5273	2.812930764815073	-2.7658300623180057	-4.955772399902344	453.0
5292	2.858894451571982	-2.7691740994787075	-4.908649921417236	453.0
5312	2.9298460445744667	-2.789599448014524	-4.814050197601318	453.0
5331	3.0662871550598894	-2.675095370647867	-4.7401533126831055	453.0
5352	3.0845124172366316	-2.6862835453651317	-4.886398792266846	453.0
5370	2.907428723890396	-2.6087763635802412	-5.139554500579834	453.0
5388	3.0328800859059624	-2.665645702609013	-4.99869966506958	453.0
5408	3.0074172649022386	-2.5398131267376702	-5.174991607666016	453.0
5428	2.970354891326212	-2.4476747398306493	-5.147449493408203	453.0
5447	2.8727205156714146	-2.5685515958148333	-5.216480255126953	453.0
5469	2.754221531554047	-2.497641326572136	-5.236676216125488	453.0
5487	2.7282294960639093	-2.5657529217725106	-5.320241451263428	453.0
5505	2.620617675275842	-2.560565034284887	-5.102268218994141	453.0
5526	2.90340535114931	-2.5950667062597317	-5.03228759765625	453.0
5544	2.7699516256538335	-2.561498031515769	-4.972196578979492	453.0
5565	2.852895544543606	-2.6117135394780293	-4.656985759735107	453.0
5583	2.9460504776573893	-2.739020428407671	-4.521580696105957	453.0
5605	2.9787266465345876	-2.6958329450354506	-4.526125431060791	453.0
5623	2.903083060627482	-2.846718290752356	-4.432839393615723	453.0
5642	2.9061059476751185	-2.8849936832255354	-4.433553695678711	455.0
5661	2.8890897796622905	-2.802971572967745	-4.5854034423828125	455.0
5681	2.7394909391395688	-2.7011282530000034	-4.513014793395996	455.0
5703	2.729602800361175	-2.6858127338520132	-4.632205009460449	455.0
5721	2.8493475519088065	-2.641047838647148	-4.864756107330322	455.0
5739	2.8139318740377934	-2.645652707512713	-4.958780288696289	455.0
5759	2.825882256538033	-2.6709681466086304	-4.862830638885498	455.0
5778	2.999312185252907	-2.785496806589701	-4.94291877746582	455.0
5798	3.079027408458838	-2.76229302755154	-4.826173305511475	455.0
5820	3.344223159335384	-2.6720162415467894	-4.600550651550293	455.0
5838	3.411534396788877	-2.8118209207234135	-4.713364601135254	453.0
5856	3.2394932186702308	-2.8317333278940438	-4.845731735229492	453.0
5875	3.2394932186702308	-2.8317333278940438	-4.845731735229492	453.0
5896	2.945483728014571	-2.749071910268543	-4.714958190917969	453.0
5916	3.042305799015801	-2.5527551760158893	-4.925361633300781	453.0
5935	3.042305799015801	-2.5527551760158893	-4.925361633300781	453.0
5955	3.119684109050398	-2.3325130882035063	-4.886349678039551	453.0
5972	2.91550860769575	-2.4604421285181006	-4.980695724487305	453.0
5992	2.8857748521789826	-2.61482090769516	-5.038556098937988	453.0
6011	2.8099196296650657	-2.359933711270951	-5.1457648277282715	453.0
6032	2.9134897957979145	-2.327495194745318	-5.04190731048584	454.0
6051	2.9539458986587235	-2.541277084027669	-5.094768524169922	454.0
6070	2.835968385091382	-2.6383065358004547	-5.1299238204956055	454.0
6091	2.775354389883995	-2.664954690390516	-4.80904483795166	454.0
6109	2.718180935116128	-2.8152155609321423	-4.855972766876221	454.0
6128	2.89075935768285	-2.747754376482762	-4.864801406860352	454.0
6148	2.828484419711289	-2.7552494767091367	-4.8808817863464355	454.0
6168	2.6666690509579802	-3.1270401330254	-4.701083660125732	454.0
6187	2.8549174578370686	-3.1547066527727927	-4.715012073516846	454.0
6207	2.9903066989880935	-3.0847356188686694	-4.670655250549316	454.0
6225	3.0863141948847077	-3.007922975892047	-4.565473556518555	454.0
6245	2.9654178715452635	-2.9888970517028692	-4.687347888946533	454.0
6264	3.0652992165923645	-3.1663631809405333	-4.62450647354126	454.0
6284	2.8422592670757494	-3.2011106668298592	-4.75481653213501	454.0
6305	3.0099701971527324	-3.2416485266177713	-4.75867223739624	454.0
6324	3.206963124823085	-3.1424685941682324	-4.767288684844971	454.0
6343	2.922571536968058	-3.2038261769859675	-4.880247116088867	454.0
6362	2.867586976712584	-3.295650131887924	-5.119044780731201	454.0
6382	2.8039590691265466	-3.446877728482466	-5.148768901824951	454.0
6402	3.104412719217624	-3.433375297780035	-5.197996139526367	454.0
6420	2.9272164150519497	-3.1852817041926436	-5.157590389251709	454.0
6440	3.1845687677900454	-3.2525494775984565	-4.983781814575195	454.0
6460	3.1908377786124853	-3.4457988279245555	-4.965489387512207	454.0
6479	3.324998347611334	-3.4797474323282027	-4.84688663482666	454.0
6498	3.4814432145286105	-3.4544436742935702	-4.770569324493408	454.0
6518	3.539626625659616	-3.5171638062694632	-4.582756996154785	454.0
6538	3.512848690756205	-3.3931907222298543	-4.587013244628906	454.0
6556	3.380377957165098	-3.35330913108897	-4.545891284942627	454.0
6577	3.4857988643426214	-3.4610769215511406	-4.437416076660156	454.0
6597	3.3147676561696295	-3.3411326225711027	-4.446325778961182	454.0
6615	3.3147676561696295	-3.3411326225711027	-4.446325778961182	454.0
6636	3.2035566487698417	-3.336561736870648	-4.297962188720703	451.0
6655	2.960078907612124	-3.309098677255929	-4.346391677856445	451.0
6676	2.9111666007172854	-3.4677766170219955	-4.122649192810059	451.0
6694	2.9944308779156126	-3.337450155430577	-4.1720290184021	451.0
6713	3.0413780787904914	-3.327744717733623	-4.355286598205566	451.0
6731	2.931469530465017	-3.3563502617508245	-4.46006965637207	451.0
6752	2.886748413767244	-3.1662209584141694	-4.701239585876465	451.0
6771	3.1291307857180755	-3.0290329797380955	-4.819875240325928	451.0
6796	3.1135108609140056	-3.103847759724735	-4.910642623901367	451.0
6809	3.318327336896748	-3.13302013311526	-4.812122344970703	451.0
6829	3.4362127464148573	-3.067894330670032	-5.013240337371826	451.0
6848	3.1788390600244325	-3.1551489428700528	-5.063004016876221	447.0
6869	3.064015332852541	-3.1462068688543963	-5.0155029296875	447.0
6887	3.214102552526723	-3.2824134673589684	-5.060377597808838	447.0
6912	3.229677880627722	-3.4664915142240154	-4.920961380004883	447.0
6926	2.9903894327937453	-3.6259012387379483	-4.638509750366211	447.0
6946	2.8843121832847065	-3.4882874917484323	-4.6406049728393555	447.0
6967	2.854845815761541	-3.5245208344473875	-4.819406032562256	447.0
6985	2.534887928142554	-3.8360179758984354	-4.766759872436523	447.0
7005	2.538035069511848	-3.791075183451706	-4.8515095710754395	447.0
7022	2.6766970413834352	-3.875101922016341	-4.715915203094482	447.0
7046	2.49055139851403	-3.735077173474986	-4.705019950866699	444.0
7062	2.3516474685447815	-3.7792534557960042	-4.956850051879883	444.0
7082	2.4261451806174876	-3.728565627243066	-5.0830159187316895	444.0
7102	2.334391111466925	-3.7846341596720543	-5.002395153045654	444.0
7120	2.341295598475614	-3.966763822698347	-5.0900559425354	444.0
7139	2.3283816734505898	-3.6435665779267934	-5.008342266082764	444.0
7160	2.275996435031821	-3.6224550608608332	-5.033074855804443	444.0
7179	2.1771622141990337	-3.4196006155797383	-5.197682857513428	444.0
7198	2.39541544842121	-3.3676112943941177	-5.202347755432129	444.0
7217	2.683735583699095	-3.3343895040770066	-5.297600269317627	444.0
7237	2.739973832086445	-3.3612623536402593	-5.395267486572266	439.0
7257	2.786308388123203	-3.304785181817882	-5.664152145385742	439.0
7281	2.661632225291579	-3.2301072472935277	-5.4128875732421875	439.0
7296	2.730569712185389	-3.467857055256019	-5.539773464202881	439.0
7316	2.877612832095153	-3.6742264372782003	-5.409377098083496	439.0
7337	2.95400928205697	-3.8716121359801394	-5.470613956451416	439.0
7355	2.95400928205697	-3.8716121359801394	-5.470613956451416	439.0
7378	2.7363881357884217	-3.89993664716538	-5.570603370666504	439.0
7394	2.5574659081478113	-3.6827539129657523	-5.476709365844727	439.0
7414	2.66235929550026	-3.62208093918171	-5.708921909332275	439.0
7431	2.7325557940037877	-3.607369033973581	-5.5830583572387695	439.0
7452	2.589776965410841	-3.754202967888893	-5.705633640289307	439.0
7471	2.4918324433699124	-3.6949606932336123	-5.887881278991699	439.0
7490	2.3259924166256747	-3.49904850591689	-5.886734962463379	439.0
7511	2.16719090272982	-3.576988235470348	-5.915624618530273	439.0
7528	2.0379849407516675	-3.5357472952364826	-6.161767482757568	439.0
7549	1.9039252456131752	-3.8070565633884526	-6.176030158996582	439.0
7568	1.476605431422449	-3.9187424697247395	-6.078218460083008	439.0
7589	1.3870378140722148	-4.114971059794283	-6.276371002197266	439.0
7608	1.318025990640688	-3.841591088117326	-6.481939315795898	439.0
7628	1.3123716335740196	-3.7256853174988924	-6.538994312286377	439.0
7646	1.217861273607723	-3.7103642991587336	-6.633851528167725	439.0
7667	1.037106155264537	-3.7352516531685374	-6.628584861755371	439.0
7684	0.9742792942605033	-3.8973736436219584	-6.476768493652344	439.0
7704	0.8396341559033248	-3.662721663284455	-6.885642051696777	439.0
7726	0.6324821383842001	-3.761785423697897	-6.890066146850586	439.0
7745	0.27078239156452577	-3.8226782149805887	-6.877007007598877	439.0
7763	0.09008990463600654	-4.016102178883342	-6.8768463134765625	439.0
7782	-0.08773796036200017	-4.072393733619547	-6.81447696685791	439.0
7801	-0.18446307294477218	-4.1260351986838195	-7.061956882476807	439.0
7820	-0.32562364543776207	-3.9978590366346625	-7.335684299468994	439.0
7840	-0.37922365518789847	-3.993644867915882	-7.43707275390625	442.0
7861	-0.5070172728911768	-4.102706866154239	-7.2709527015686035	442.0
7881	-0.41731782620391256	-3.8194730905754266	-7.497628688812256	442.0
7900	-0.3605556763226029	-3.692808091588362	-7.724135875701904	442.0
7919	-0.5548654392192096	-3.651826688088226	-7.796082973480225	442.0
7938	-0.7043780827750703	-3.7508628029927666	-7.7709269523620605	442.0
7957	-0.7260373506093171	-3.755143751728802	-7.680495738983154	442.0
7977	-0.8161345863634407	-3.733588269727553	-7.6735100746154785	442.0
7996	-1.1367570731542846	-3.5204275419504842	-7.878079414367676	442.0
8017	-1.464111294091752	-3.6775629277484416	-8.007567405700684	442.0
8036	-1.6909111310814893	-3.9029812136332556	-8.166611671447754	448.0
8055	-1.6909111310814893	-3.9029812136332556	-8.166611671447754	448.0
8074	-2.0549520264433805	-3.9948270064385722	-8.063218116760254	448.0
8093	-2.2445549583413085	-4.073287060830217	-8.033330917358398	448.0
8118	-2.6598333276730215	-3.9490625536570345	-8.357748985290527	448.0
8132	-3.2300937417701934	-4.064809518500641	-8.34791374206543	448.0
8151	-3.47447684599521	-4.241681020026432	-8.302802085876465	448.0
8171	-3.6179902119628964	-4.294293867525561	-8.48309326171875	448.0
8191	-3.791977141138678	-4.1790357102651905	-8.478673934936523	448.0
8211	-4.073160820371906	-4.070252434526472	-8.33945369720459	448.0
8229	-4.53916442875284	-4.233915139177303	-8.571179389953613	448.0
8249	-4.751389379561362	-4.282663610070899	-8.581769943237305	455.0
8268	-4.801154983597865	-4.31018547446016	-8.510584831237793	455.0
8289	-5.0891699310927585	-4.422756779910661	-8.614954948425293	455.0
8307	-5.41585194667652	-4.187297163595619	-8.817293167114258	455.0
8327	-5.748736647576869	-4.243359886975981	-8.47229290008545	455.0
8345	-6.087742435604488	-4.388018704917005	-8.4691743850708	455.0
8366	-6.332609044475949	-4.511533865365923	-8.520790100097656	455.0
8386	-6.454184082314791	-4.43166872916236	-8.34005069732666	455.0
8406	-6.862870493305692	-4.462575074632111	-8.444282531738281	455.0
8424	-7.4164154294000015	-4.72238178860365	-8.33780288696289	455.0
8445	-7.473508346205735	-4.592506142731333	-8.20060920715332	461.0
8466	-7.729843783864239	-4.7225376374767505	-8.129119873046875	461.0
8484	-8.212142634764813	-4.810093302550224	-8.022805213928223	461.0
8501	-8.42618800663752	-4.857293588952011	-7.942098617553711	461.0
8521	-8.781076359985205	-4.8680524789431034	-7.827628135681152	461.0
8541	-9.078808661872337	-4.917478293865618	-7.713869571685791	461.0
8561	-9.427019190875692	-5.026096676234791	-7.658832550048828	461.0
8578	-9.439923266165458	-4.850933482076445	-7.584491729736328	461.0
8599	-9.717399991584156	-4.944443088781624	-7.619761943817139	461.0
8618	-9.856398239703912	-5.075755253975835	-7.429001331329346	461.0
8638	-10.0064171550012	-5.051504042214174	-7.215456008911133	461.0
8657	-10.353323621905398	-5.063810988583055	-6.78111457824707	461.0
8679	-10.514442890189482	-5.3733203010278325	-6.458150386810303	461.0
8696	-10.526531931375736	-5.420290180645698	-6.227223873138428	461.0
8716	-10.51534438735545	-5.5399161178260945	-5.86700963973999	461.0
8736	-10.51534438735545	-5.5399161178260945	-5.86700963973999	461.0
8755	-10.817301713412812	-5.587325649746173	-5.425064563751221	461.0
8775	-11.1569616594366	-5.657389112670203	-5.077457427978516	461.0
8795	-11.46315956737346	-5.570708484578627	-4.7248334884643555	461.0
8813	-11.535649781889525	-5.661734557264166	-4.697879791259766	461.0
8833	-11.663902548151714	-5.742383222237217	-4.586264133453369	461.0
8851	-12.193475368287142	-5.70785001404491	-4.291251182556152	461.0
8871	-12.52235503737246	-5.893899113076237	-3.9663710594177246	461.0
8890	-12.9272591881229	-5.9303302901127495	-3.727938175201416	461.0
8910	-13.249455267653252	-6.1842542444201305	-3.527571678161621	461.0
8929	-13.386266034478147	-6.191184330087122	-3.5603437423706055	461.0
8949	-13.532266031102711	-6.393296144650178	-3.344841957092285	461.0
8969	-13.619907285857385	-6.459310266838226	-3.1396241188049316	461.0
8989	-13.636438953268012	-6.48429736026642	-2.9596385955810547	461.0
9009	-13.431522408989972	-6.478462679746997	-2.7670154571533203	461.0
9028	-13.714767115602601	-6.5397807871803	-2.488770008087158	461.0
9049	-13.713325058379505	-6.57677514521104	-2.108246326446533	456.0
9068	-13.619433391463556	-6.538599735374438	-1.8745936155319214	456.0
9086	-13.844095647027883	-6.716272513242794	-1.6575156450271606	456.0
9105	-13.866023033172716	-6.714891754479003	-1.7567057609558105	456.0
9124	-13.88240608536972	-6.914252565664953	-1.568765640258789	456.0
9144	-14.067583325281337	-6.972449122453194	-1.2947622537612915	456.0
9164	-14.165440946137833	-7.0298556569533615	-1.221403956413269	456.0
9181	-14.17008941442067	-6.986337687194019	-1.2214514017105103	456.0
9202	-14.28117384561328	-7.060535686066175	-0.9433433413505554	456.0
9221	-14.302059358077111	-7.196799348955582	-0.8186209201812744	456.0
9240	-14.222843135464096	-7.070717810479674	-0.49265551567077637	451.0
9260	-14.050551949828531	-6.977918889100775	-0.22856202721595764	451.0
9282	-14.16200261697698	-6.966781349970062	-0.06111331284046173	451.0
9299	-14.315154601393184	-6.782802792736324	-0.13713450729846954	451.0
9319	-14.295977890432836	-6.927710473204755	0.05886721611022949	451.0
9339	-14.297383661413575	-7.187235256102285	0.2493075430393219	451.0
9358	-14.171211727339239	-7.250260594708617	0.12102055549621582	451.0
9377	-14.322023873113958	-7.231284180754369	0.18217536807060242	451.0
9396	-14.28362089596126	-7.219216806086072	0.33338242769241333	451.0
9417	-14.50721127716401	-7.31387080657404	0.49021559953689575	451.0
9436	-14.588935259723073	-7.2935046200539135	0.7609857320785522	441.0
9456	-14.386756990137737	-7.48507884860388	1.2153546810150146	441.0
9475	-14.386756990137737	-7.48507884860388	1.2153546810150146	441.0
9494	-14.652936000469946	-7.532616682608741	1.6223852634429932	441.0
9513	-14.49762489709256	-7.313208235977833	1.7503929138183594	441.0
9536	-14.368432922072964	-7.094764861629052	1.9590061902999878	441.0
9556	-14.234879996505498	-6.990213737656636	2.1346096992492676	441.0
9572	-14.156872594237573	-6.977633098764048	2.155714511871338	441.0
9592	-14.090448970856137	-7.077481261451627	2.384758472442627	441.0
9610	-13.89327325704046	-6.992577979264888	2.457350254058838	441.0
9630	-13.783790300842638	-6.913408978986306	2.374009132385254	441.0
9652	-13.513449470693576	-6.829654050420533	2.27778959274292	432.0
9669	-13.535770195810624	-6.777117794866243	2.471649646759033	432.0
9688	-13.767473405043415	-6.751540839730044	2.451695680618286	432.0
9708	-13.639769551398862	-7.005615726451797	2.5036463737487793	432.0
9728	-13.48448598386933	-7.1623287472294646	2.77163028717041	432.0
9747	-13.408503865584095	-7.2148260623261615	2.681987762451172	432.0
9770	-13.52996412886874	-7.350201443605786	2.7766318321228027	432.0
9788	-13.673952780046575	-7.622416102294231	2.974977970123291	432.0
9805	-13.65805049784241	-7.597675219776909	2.856290578842163	432.0
9824	-13.718412797059568	-7.542826570733056	2.87503719329834	432.0
9845	-13.499770322478785	-7.523043959478048	2.9314870834350586	429.0
9863	-13.538076541379949	-7.130923154460368	2.9955663681030273	429.0
9883	-13.577451599982304	-7.083775351448145	3.048983097076416	429.0
9904	-13.572778985631308	-6.950988472373308	3.260438919067383	429.0
9922	-13.400150533028787	-6.784332651441448	3.3593077659606934	429.0
9941	-13.35704212226262	-6.63908148822072	3.3336708545684814	429.0
9961	-13.306838682993746	-6.595717102355115	3.577345848083496	429.0
9979	-13.344912822473221	-6.783673860904628	3.509556531906128	429.0
10003	-13.530212938245297	-6.928187825281735	3.567352056503296	429.0
10023	-13.387876662697447	-7.026228125044114	3.4662232398986816	429.0
10038	-13.368887638175693	-6.911619929034372	3.1752378940582275	425.0
10057	-13.140956570780972	-6.952040036817456	3.060987710952759	425.0
10077	-13.139331452871332	-7.003719909517869	3.2414448261260986	425.0
10096	-13.040048024432707	-6.944011243073955	3.2120285034179688	425.0
10115	-13.210494226960051	-6.865843767500889	3.4254117012023926	425.0
10137	-13.207771523906251	-6.569545863207688	3.581993818283081	425.0
10158	-13.207771523906251	-6.569545863207688	3.581993818283081	425.0
10175	-13.1304434100417	-6.477277202650759	3.66232967376709	425.0
10194	-13.1304434100417	-6.477277202650759	3.66232967376709	425.0
10213	-13.149096707808111	-6.320306803139618	3.6904733180999756	425.0
10243	-13.228300729212009	-6.099101600856499	3.8729512691497803	422.0
10254	-13.223898464617575	-6.033212781170035	3.865957498550415	422.0
10274	-13.184833179674621	-5.749626311888915	4.1014180183410645	422.0
10291	-13.03252646831326	-5.555135100014636	3.9640281200408936	422.0
10311	-12.708029598966172	-5.5278871051111445	3.996748685836792	422.0
10331	-12.683376855588712	-5.435474209506587	4.015981197357178	422.0
10350	-12.395767044982868	-5.245585327150613	4.133584976196289	422.0
10370	-12.22462920835388	-5.209783930065277	4.3387274742126465	422.0
10388	-12.264562298076584	-5.095099645028813	4.370852470397949	422.0
10408	-12.271861121341496	-4.8912191512270695	4.448661804199219	422.0
10428	-12.201650801591907	-4.8930785850685465	4.566924571990967	422.0
10447	-12.00928445023958	-4.799916829951627	4.524399280548096	419.0
10467	-12.150843446480316	-4.714250966644486	4.675196647644043	419.0
10487	-12.085669138785608	-4.570759086091882	4.714986324310303	419.0
10507	-12.417877735704598	-4.427408115004967	4.563632965087891	419.0
10525	-12.421027881440601	-4.208686478827685	4.534395694732666	419.0
10544	-12.474530958098926	-4.234269390509642	4.496903419494629	419.0
10564	-12.420976732849596	-4.30177158775941	4.366062164306641	419.0
10582	-12.285825472831863	-4.2798310940137	4.273590564727783	419.0
10603	-12.371088764852125	-4.1695925357032975	4.476278305053711	419.0
10622	-12.248896059355474	-3.9348747466405967	4.307617664337158	419.0
10641	-12.308410408592886	-3.865792321496249	4.155608177185059	418.0
10660	-12.146588907267946	-3.9503146058836243	4.261708736419678	418.0
10681	-12.440341509627668	-3.987011350694914	4.3075971603393555	418.0
10699	-12.469344038487694	-3.8581159115600565	4.247079849243164	418.0
10719	-12.40380098281786	-3.7192375128379136	4.431376934051514	418.0
10740	-12.58548703347133	-3.6639539233116563	4.66702938079834	418.0
10758	-12.505223100163471	-3.797678180859531	4.627282619476318	418.0
10777	-12.648626382668876	-3.9006522305621885	4.891425609588623	418.0
10797	-12.59940301237345	-3.791191837948401	5.028505802154541	418.0
10816	-12.761224935510043	-3.593369486270641	5.157655239105225	418.0
10836	-12.45258581060053	-3.5358654456702903	5.09005069732666	418.0
10858	-12.226390634983	-3.398992828125121	5.1666388511657715	418.0
10876	-12.226390634983	-3.398992828125121	5.1666388511657715	418.0
10894	-12.162087004439941	-3.2038884027649925	5.091140270233154	418.0
10916	-11.93678854980901	-2.6794762138855974	5.368788719177246	418.0
10933	-11.93678854980901	-2.6794762138855974	5.368788719177246	418.0
10955	-11.62417009274331	-2.667097722242372	5.4164533615112305	418.0
10974	-11.642726983956624	-2.690172090196046	5.818892478942871	418.0
10991	-11.315715579694526	-2.4651992314689464	5.931010723114014	418.0
11011	-11.183081760289722	-2.418670664287361	6.066463470458984	418.0
11030	-11.16983520675564	-2.3553382415671575	6.15089750289917	418.0
11050	-11.196724272374645	-2.4733735693931567	6.203232765197754	416.0
11070	-11.00166216073785	-2.3447719765899717	6.051419258117676	416.0
11089	-11.020674614856128	-2.265600580705713	6.125595569610596	416.0
11109	-10.965797120987629	-2.0726853808647543	6.319875717163086	416.0
11128	-10.8470554949504	-1.7991203292218108	6.237176418304443	416.0
11147	-10.669665005073238	-2.0856244289860233	6.219820022583008	416.0
11166	-10.64789509839309	-1.9634690108597683	6.528060436248779	416.0
11186	-10.240041240632587	-1.9345508137775875	6.622777938842773	416.0
11206	-9.704793695800934	-1.7350413557928892	6.966952323913574	416.0
11226	-9.339786073432988	-1.7811831427832334	7.165868282318115	416.0
11246	-8.820698980477163	-1.7901007628233778	7.102362632751465	414.0
11263	-8.452843290437812	-1.6576489858561936	7.158103942871094	414.0
11284	-8.010688028438267	-1.4956377388867517	7.5250372886657715	414.0
11303	-7.554265654721423	-1.2593506006170818	7.585994720458984	414.0
11326	-7.014061688606624	-1.1169212421096262	7.701988220214844	414.0
11341	-6.625345307304353	-1.0854537094891477	7.808316230773926	414.0
11362	-6.377061125734699	-0.9885233216033533	7.860673427581787	414.0
11381	-6.179059110193976	-1.0029973105360839	7.849544048309326	414.0
11399	-5.982791204265448	-0.9290686593270551	7.931722164154053	414.0
11419	-5.8777212261256775	-1.0491690598727483	8.072222709655762	414.0
11441	-5.620445954050527	-1.1844998911793292	7.854880332946777	414.0
11458	-5.494724100455979	-1.2334686106016044	8.077701568603516	414.0
11477	-5.2331871330847965	-1.3121946873355168	8.14666748046875	414.0
11497	-5.018423858983263	-1.1154109314277187	8.268028259277344	414.0
11516	-4.688547353832589	-1.1496090286716356	8.453815460205078	414.0
11536	-4.364795218727114	-1.1379593828043588	8.59725570678711	414.0
11557	-4.154366631909759	-1.2252916286418791	8.671544075012207	414.0
11575	-3.641518909091259	-1.16045312129899	8.543322563171387	414.0
11596	-3.641518909091259	-1.16045312129899	8.543322563171387	414.0
11614	-2.7968450461233	-1.278186596077938	8.68581771850586	414.0
11632	-2.7968450461233	-1.278186596077938	8.68581771850586	416.0
11652	-2.4121400578548013	-1.2880276394116443	8.605185508728027	416.0
11671	-2.156806074333933	-1.4666030813210986	8.697373390197754	416.0
11691	-1.6924543959267893	-1.398152273631787	8.701313018798828	416.0
11712	-1.3635068290184453	-1.221295184570463	8.790373802185059	416.0
11731	-1.061666549886681	-1.1010591080499261	8.824790000915527	416.0
11750	-0.7331088446549611	-1.1750358439617952	8.92602252960205	416.0
11769	-0.6132871397190304	-1.0629823120294595	9.169941902160645	416.0
11792	-0.1922561572775902	-0.9938006153928347	9.240604400634766	416.0
11813	0.00925704827916463	-0.9836098003564934	9.228063583374023	416.0
11828	0.43109706312476687	-1.0021670799668407	9.238264083862305	416.0
11847	0.5553076979438525	-1.105168301591625	9.239065170288086	417.0
11867	0.7597473424200678	-1.2587047598284862	9.247411727905273	417.0
11887	1.0315060345920424	-1.4934613251954914	9.205375671386719	417.0
11905	1.1928963133628987	-1.547486787667539	9.361128807067871	417.0
11925	1.565659944243158	-1.4853465408292423	9.232635498046875	417.0
11945	2.0167884843699047	-1.3559871237424663	9.272767066955566	417.0
11964	2.5591954723204826	-1.519469201095823	9.61436653137207	417.0
11982	2.8203718230895514	-1.5619215001259772	9.74393367767334	417.0
12003	3.0682321910177768	-1.6184315104317784	9.626893043518066	417.0
12022	3.7487590154034365	-1.6715528549054008	9.579853057861328	417.0
12042	3.972231044074689	-1.5640605690354492	9.628619194030762	418.0
12061	4.443723270230884	-1.5437971211071044	9.618539810180664	418.0
12081	4.916521768499196	-1.6294689548233303	9.934334754943848	418.0
12099	5.05902664519632	-1.8123700693138214	9.899981498718262	418.0
12120	5.187280783265107	-1.8052585899343403	9.703303337097168	418.0
12138	5.439439971515197	-1.8172886306379448	9.623631477355957	418.0
12162	5.747639024509202	-1.78152460495906	9.844715118408203	418.0
12178	5.6274915349495025	-1.8176540608790694	9.790384292602539	418.0
12197	6.200734591396466	-1.6220790732776327	9.763522148132324	418.0
12216	6.418173734642814	-1.6544553897895515	9.780098915100098	418.0
12237	6.559301424411243	-1.4861993107694393	9.34582805633545	420.0
12258	6.6853681242708385	-1.3552540957808816	9.21879768371582	420.0
12275	6.915140165961572	-1.2430768338564828	9.220191955566406	420.0
12296	7.163086089755228	-1.342846349143879	9.368152618408203	420.0
12315	7.163086089755228	-1.342846349143879	9.368152618408203	420.0
12333	7.4965596724524755	-1.361222436611379	9.34809684753418	420.0
12352	7.774640935951661	-1.5926055026296233	9.482529640197754	420.0
12373	7.748852064313142	-1.9071868253292945	9.63965129852295	420.0
12392	7.851676606977327	-1.9842888914460737	9.606417655944824	420.0
12413	8.144474504746334	-2.1498608908120094	9.638508796691895	420.0
12432	8.368551219306296	-2.4001698822992137	9.673324584960938	420.0
12451	8.490577177163937	-2.502253105084116	9.621498107910156	423.0
12469	8.48797723397397	-2.4458575602514587	9.324478149414062	423.0
12489	8.49384016435531	-2.3652032869879873	9.207745552062988	423.0
12508	8.620483041443581	-2.206655746512117	9.141313552856445	423.0
12529	8.901196910668503	-2.0602823336232685	8.868215560913086	423.0
12548	9.130605063821369	-2.1287367412829408	8.736472129821777	423.0
12567	9.180581068072938	-2.208091976840262	8.564090728759766	423.0
12587	9.20492078711532	-2.2517924084994765	8.626521110534668	423.0
12606	9.305151844612231	-2.16265644307053	8.649517059326172	423.0
12628	9.42424830281596	-2.0904150025796526	8.653359413146973	423.0
12650	9.632016641808162	-2.153225866707236	8.48647689819336	428.0
12664	9.948946495084305	-2.215240027709881	8.337849617004395	428.0
12683	10.101418181742565	-2.5342361649440397	8.174907684326172	428.0
12702	10.304580897482994	-2.425893806647286	8.027956008911133	428.0
12722	10.497625732253821	-2.358442568506059	7.8072381019592285	428.0
12742	10.78359903028026	-2.2822818715324606	7.401376724243164	428.0
12766	10.699064775521553	-2.466208159836273	7.1292195320129395	428.0
12780	10.869236304816924	-2.527927733688339	6.988001346588135	428.0
12801	10.924796492165433	-2.6008575653847372	6.919768333435059	428.0
12819	10.904392081266696	-2.59938989429163	6.853934288024902	428.0
12839	10.883761199504502	-2.4830826762152163	6.968086242675781	428.0
12858	10.778569311031891	-2.531008913168301	6.864648818969727	428.0
12878	10.727569186105564	-2.545648494735626	7.168690204620361	428.0
12898	10.68808080242446	-2.549801977421053	7.033040523529053	428.0
12917	10.742331802268437	-2.4233515294464176	6.827711582183838	428.0
12936	10.645193795857796	-2.362275883360151	6.620481014251709	428.0
12955	10.638587847368411	-2.3520547359871453	6.379965305328369	428.0
12976	10.586410390706968	-2.203014230477667	6.05010461807251	428.0
13000	10.56825387065887	-2.145203733664604	5.6022629737854	428.0
13015	10.424789231324208	-2.1209373831523752	5.410086631774902	428.0
13034	10.424789231324208	-2.1209373831523752	5.410086631774902	429.0
13054	10.535198400800502	-2.2180065185214555	5.047985076904297	429.0
13072	10.429849486063576	-2.165696962074698	4.948870658874512	429.0
13091	10.442862521889532	-2.109148833260859	4.912794589996338	429.0
13112	10.45090148195722	-2.0902307493019676	4.757604598999023	429.0
13131	10.408785045122283	-2.0282356810313473	4.494865417480469	429.0
13151	10.417590851603274	-1.943547585150208	4.188675403594971	429.0
13170	10.330774731598474	-1.763667302462873	4.205615997314453	429.0
13189	10.407293495815125	-1.8674464367930113	4.192614555358887	429.0
13209	10.282976484150705	-1.5919104724372954	3.913329839706421	429.0
13231	10.371950590246696	-1.5767119680490336	3.8211755752563477	429.0
13251	10.332554674112629	-1.7997132480299365	3.509922981262207	431.0
13267	10.426239122688287	-1.6217161854413062	3.2952420711517334	431.0
13287	10.51345268811517	-1.6149104373814427	3.1115872859954834	431.0
13307	10.350742871030567	-1.678985969542642	3.224714756011963	431.0
13325	10.44617694087399	-1.8142201369585118	3.1146793365478516	431.0
13345	10.464641719152423	-1.679170844357265	2.7537152767181396	431.0
13364	10.329690155576957	-1.8651479272100464	2.777120590209961	431.0
13383	10.16826226273885	-1.895038930300269	2.6262645721435547	431.0
13404	10.032790610349878	-1.7141878332313067	2.5148701667785645	431.0
13422	9.892931548309267	-1.9268482563433857	2.427328109741211	431.0
13443	9.870458086175118	-1.9500874377158246	2.4565629959106445	432.0
13461	9.842808732060437	-1.9524047870702308	2.2018322944641113	432.0
13481	9.634146980781601	-1.851541317976845	2.1530299186706543	432.0
13500	9.408433676740318	-1.7425949458467933	2.2839746475219727	432.0
13520	9.129393854508146	-1.5462091952302117	2.1204097270965576	432.0
13539	8.869689493769256	-1.4135200654818407	2.04171085357666	432.0
13559	8.814753403625371	-1.5292360174676642	2.1364402770996094	432.0
13578	8.650186565308093	-1.2965022306368394	1.9062494039535522	432.0
13599	8.313321786038626	-1.126349250287829	1.8235870599746704	432.0
13621	8.196635269169168	-1.0118998069234737	1.6257376670837402	432.0
13637	8.098301552278727	-0.9593066313549001	1.4378471374511719	433.0
13656	7.807613894609123	-1.1755859312519894	1.3338834047317505	433.0
13677	8.000717587025209	-1.1132291765439106	1.1461820602416992	433.0
13696	7.98306317284654	-1.218815910464798	0.938454270362854	433.0
13718	7.98306317284654	-1.218815910464798	0.938454270362854	433.0
13738	7.653663193809983	-0.9028324615668648	1.1576553583145142	433.0
13754	7.653663193809983	-0.9028324615668648	1.1576553583145142	433.0
13773	7.449820393595966	-0.8860585169215924	1.1335124969482422	433.0
13792	7.387162409492211	-0.8134503105588167	1.2915762662887573	433.0
13812	7.146594929409751	-0.8476590251282106	1.201255440711975	433.0
13832	7.231502050616335	-0.5343162758704417	1.200554609298706	433.0
13853	6.937153603505554	-0.5993981260330661	1.4293999671936035	430.0
13871	6.72178343445603	-0.4882661103937372	1.699139952659607	430.0
13890	6.59075845855851	-0.43058171865600475	1.7145123481750488	430.0
13909	6.564496268870366	-0.5276591247499092	1.6222280263900757	430.0
13928	6.672432591924066	-0.5553310828180671	1.5893638134002686	430.0
13952	6.479310563110622	-0.5727691749401841	1.4437389373779297	430.0
13970	6.29278150531506	-0.4569566486471528	1.3835190534591675	430.0
13987	6.330242233748522	-0.4795440083748938	1.420108437538147	430.0
14007	6.515419041039546	-0.32939063262711765	1.1846342086791992	430.0
14026	6.417254651074695	-0.18082233077639362	0.8120061159133911	430.0
14046	6.436597019743413	-0.20094098160486865	0.8236064910888672	428.0
14068	6.679624146570516	0.051269712825144545	0.6055083274841309	428.0
14087	6.469415910335304	0.08350056779625908	0.5001956820487976	428.0
14103	6.46705196894339	0.08656689544299047	0.4601094126701355	428.0
14123	6.578173362970016	0.0658065093081274	0.4428630471229553	428.0
14144	6.406372202191405	0.003011351310866974	0.3559609651565552	428.0
14162	6.157638813589906	-0.2144825383408167	0.3682510256767273	428.0
14181	6.1420262486355055	-0.17995324949229746	0.44358912110328674	428.0
14202	5.818713108395892	-0.25907312578967834	0.37336671352386475	428.0
14220	5.384554533031667	-0.3995053720666804	0.4046855866909027	428.0
14239	5.185802857642811	-0.3474592398531794	0.5697149634361267	426.0
14259	5.236546903868204	-0.39219091167880865	0.43964219093322754	426.0
14279	5.166020479441812	-0.22668145745763374	0.5748521089553833	426.0
14300	5.123785604972553	-0.2404925682781657	0.5037363171577454	426.0
14324	5.03473989552384	-0.1665129259996128	0.5074384808540344	426.0
14338	5.009186269595362	-0.27880693307571186	0.21480721235275269	426.0
14356	5.343862380389445	-0.0806448023760585	-0.08190971612930298	426.0
14375	5.343862380389445	-0.0806448023760585	-0.08190971612930298	426.0
14397	5.647322844170649	-0.2833118783719144	-0.37917882204055786	426.0
14416	5.5381886105804154	-0.31308729688758125	-0.24209639430046082	426.0
14439	5.5381886105804154	-0.31308729688758125	-0.24209639430046082	428.0
14456	5.286998399379428	-0.8254032724319428	-0.49650895595550537	428.0
14473	5.286998399379428	-0.8254032724319428	-0.49650895595550537	428.0
14492	5.185248542540303	-0.9047086208501068	-0.6739123463630676	428.0
14512	4.979286490798274	-0.9179047865560371	-0.6487777233123779	428.0
14532	4.600534825507182	-1.2799685046333877	-0.3948478102684021	428.0
14556	4.4245965390582445	-1.3809929744261227	-0.5046520233154297	428.0
14572	4.413236764417258	-1.477316885772091	-0.7691696286201477	428.0
14589	4.223656875966649	-1.5045722305533964	-0.8468886613845825	428.0
14610	3.9737269605999646	-1.5211480529157715	-1.0920253992080688	428.0
14631	3.87015570268091	-1.7185856757589153	-1.2115825414657593	428.0
14648	3.958553490921941	-1.7295861682300102	-1.3700443506240845	428.0
14667	4.045951524526438	-1.9941277349889315	-1.3178702592849731	428.0
14688	4.020876422862481	-2.027845231632616	-1.5998921394348145	428.0
14707	3.949335247241827	-2.052562988357387	-1.481703519821167	428.0
14727	3.5712468783694873	-2.25718068336863	-1.3639202117919922	428.0
14745	3.4224587404072873	-2.5824749920288217	-1.5654042959213257	428.0
14765	3.5090772874995033	-2.780738876929923	-1.486804723739624	428.0
14788	3.451777370896508	-2.891596487886893	-1.4377442598342896	428.0
14804	3.213816427094524	-3.287313360443683	-1.5028725862503052	428.0
14823	2.999602519664833	-3.3959910541904774	-1.6991790533065796	428.0
14843	2.855831055303539	-3.5309693473331927	-1.9257404804229736	427.0
14862	2.690039863837482	-3.863187084402151	-2.059055805206299	427.0
14882	2.62751224672626	-4.048293835001959	-2.068523406982422	427.0
14901	2.6632006498142675	-3.9901997809402623	-2.0613083839416504	427.0
14920	2.4879071563986765	-4.285786011790887	-2.3328616619110107	427.0
14939	2.475745232730817	-4.4986647187036555	-2.273602247238159	427.0
14959	2.3939900290771616	-4.611629185287591	-2.2585623264312744	427.0
14978	2.4107936571691853	-4.919677245571887	-2.1100690364837646	427.0
14998	2.463058837608677	-5.004621739625988	-1.6483044624328613	427.0
15018	2.385771588487322	-5.157411676162277	-1.548164963722229	427.0
15037	2.397229879910412	-5.309576572339146	-1.5136884450912476	427.0
15057	2.3152385906306283	-5.582535219992902	-1.303981900215149	427.0
15076	2.434497674718569	-5.645708991862862	-1.006880521774292	427.0
15096	2.3260981315808524	-5.593319203875633	-0.9405706524848938	427.0
15116	2.3807222541299335	-5.552509881809747	-1.0207805633544922	427.0
15134	2.3807222541299335	-5.552509881809747	-1.0207805633544922	427.0
15157	2.298576262885819	-5.578383770471893	-1.1469810009002686	427.0
15175	2.3335372322420658	-5.7996538527004695	-1.4982649087905884	427.0
15192	2.335582585765821	-5.77956662313284	-1.4747822284698486	427.0
15212	2.315071282988249	-5.91764368929091	-1.3714237213134766	427.0
15232	2.385362847664466	-6.174733061768823	-1.259209156036377	427.0
15251	2.4387559863707162	-6.004651449830269	-1.026422381401062	427.0
15272	2.4345937288344603	-6.271517770455799	-0.9488274455070496	427.0
15290	2.3843618515560014	-6.358202432283794	-0.7206494808197021	427.0
15309	2.450119855518541	-6.317823044116925	-0.5055108070373535	427.0
15329	2.3626071244101956	-6.487770505930301	-0.17039066553115845	427.0
15349	2.6119150143089573	-6.48605001037525	-0.05763837695121765	427.0
15368	2.692029543501428	-6.457458821071826	0.047460317611694336	427.0
15388	2.785006547771568	-6.601237091607935	0.21649235486984253	427.0
15407	2.8443945591071786	-7.035244748986502	0.20706605911254883	427.0
15426	3.113508491575227	-7.016067461054507	0.30046921968460083	427.0
15446	3.1489317487154707	-7.213457477250737	0.361846387386322	427.0
15465	3.260899407975612	-7.462330520388617	0.5887308120727539	427.0
15485	3.3407828817762093	-7.357572687322331	0.6858096122741699	427.0
15508	3.2610752276088797	-7.5125729296634844	0.9010874032974243	427.0
15523	3.257983498363351	-7.544116044237982	0.9523805379867554	427.0
15543	3.2689456533230214	-7.281856009088627	0.9952355027198792	427.0
15563	3.4059614410297168	-7.279829815732312	1.0616343021392822	427.0
15580	3.2048953580554067	-7.292459721523769	1.1549558639526367	427.0
15602	3.2442741247772853	-7.2892545166001	1.238044023513794	427.0
15623	3.285098301370227	-7.3053306451016695	1.5080891847610474	427.0
15641	3.302083756906579	-7.400218715069082	1.7007696628570557	427.0
15660	3.3276325808987233	-7.382731590856058	1.8611127138137817	427.0
15679	3.635240085707478	-7.4768830232681625	2.0357859134674072	427.0
15698	3.6495629115385237	-7.581798782053023	1.8893725872039795	427.0
15718	3.409067054547383	-7.472100471861573	1.9373185634613037	427.0
15737	3.4209838786002393	-7.498640208082975	2.0473692417144775	427.0
15757	3.4706644397298048	-7.496769278918852	2.0543923377990723	427.0
15776	3.468880712216664	-7.392066747574431	1.8627208471298218	427.0
15797	3.491701043032558	-7.326748348624434	1.826113224029541	427.0
15816	3.5490863556333245	-7.354147607607242	1.9138686656951904	427.0
15835	3.2310580572363246	-7.2527112357237025	1.9892483949661255	426.0
15854	3.2310580572363246	-7.2527112357237025	1.9892483949661255	426.0
15877	3.3741831111732785	-7.298535950063323	2.3098325729370117	426.0
15893	3.5442105251619287	-7.24620435413106	2.2356677055358887	426.0
15913	3.6208916218081417	-7.185856257261816	2.1049890518188477	426.0
15932	3.815482466322787	-7.119745803454333	2.2766201496124268	426.0
15952	4.125138406552353	-7.2307603395293025	2.329162836074829	426.0
15971	4.0861133284122335	-7.254602699212426	2.4587700366973877	426.0
15992	4.124421032083798	-7.222102161630285	2.3882439136505127	426.0
16009	4.405645113712738	-7.044715717685005	2.596184730529785	426.0
16029	4.302143341020287	-7.063855320830229	2.660886764526367	426.0
16048	4.4632154072680885	-7.174430707162461	2.601884126663208	424.0
16069	4.54558768059842	-7.1675729952507234	2.644833564758301	424.0
16088	4.513504014989044	-7.192247757003409	2.6707491874694824	424.0
16110	4.464593466485263	-6.957542367290594	2.8065366744995117	424.0
16127	4.691939875015145	-6.932987652140688	2.743180274963379	424.0
16146	4.625087799179148	-6.77634377494532	2.738569974899292	424.0
16166	4.795149045315707	-6.787660800255494	2.7851295471191406	424.0
16185	4.693580223924325	-6.73447398189985	2.568016290664673	424.0
16204	4.72792220582409	-6.750661415897993	2.579407215118408	424.0
16224	4.913300140583058	-6.604189941443613	2.5185279846191406	424.0
16245	5.170238478031055	-6.591225884157629	2.5606184005737305	422.0
16263	5.05176464154331	-6.7589147168025905	2.6082956790924072	422.0
16282	5.196741723350109	-6.674914130444614	2.8105533123016357	422.0
16301	5.3061167246355625	-6.569423154079938	2.968808889389038	422.0
16321	5.228077885088775	-6.692040562994021	2.90264892578125	422.0
16341	5.619845541839365	-6.692905970927787	2.999943256378174	422.0
16360	5.549741716544436	-6.634806305195135	3.0214195251464844	422.0
16379	5.498987277608966	-6.730368962029827	2.853761672973633	422.0
16399	5.258887471894286	-6.674199310303358	2.7024574279785156	422.0
16418	5.408268577301916	-6.476701633300697	2.6088132858276367	422.0
16438	5.255153589316266	-6.291866204905654	2.510704517364502	422.0
16457	5.461138749018019	-6.513895897091085	2.5114521980285645	422.0
16476	5.548905472945606	-6.4503097292268645	2.628223180770874	422.0
16495	5.276881812130378	-6.316413457371317	2.7265024185180664	422.0
16516	5.388630630139796	-6.104071843662051	2.836632490158081	422.0
16536	5.451678401754983	-6.05059328746373	2.822211742401123	422.0
16556	5.454066308336176	-6.00888203936405	2.764678478240967	422.0
16574	5.454066308336176	-6.00888203936405	2.764678478240967	422.0
16593	5.266822001858878	-6.086413879677336	2.8418447971343994	422.0
16613	5.396344462663054	-6.010998741177543	2.842249870300293	422.0
16632	5.282565195271143	-5.86725525614093	2.7512247562408447	422.0
16652	5.285127629410943	-5.87104074471806	2.783024549484253	420.0
16672	5.495481665367133	-5.933704203377587	2.906992197036743	420.0
16691	5.353367486877438	-6.2194924206775095	2.9562833309173584	420.0
16712	5.361760804943574	-6.277658454014519	3.1847898960113525	420.0
16730	5.319184474270184	-6.135568470298543	3.4327573776245117	420.0
16750	5.656883736985437	-6.049050887423173	3.4901556968688965	420.0
16769	5.7237243425588415	-6.081044212218738	3.5106658935546875	420.0
16789	5.782611364422552	-6.085304804080997	3.5877420902252197	420.0
16810	5.809291345769425	-5.9372569200755825	3.5285158157348633	420.0
16829	5.8794293594296	-5.839399926760781	3.3216934204101562	420.0
16846	5.948338321565378	-5.802286230172395	3.2098798751831055	419.0
16866	6.015126806731498	-5.7800763384224005	3.018528699874878	419.0
16885	6.17234377553844	-5.968253147937505	2.907557249069214	419.0
16905	6.098518922841103	-5.941532037035029	2.897989273071289	419.0
16924	5.9365265478487865	-6.143680334290365	2.932929515838623	419.0
16946	5.944076619843682	-6.020859921880535	3.0993518829345703	419.0
16963	5.904961135577727	-6.044580491460064	3.055558681488037	419.0
16982	5.911363960964237	-6.041213979991207	3.1593899726867676	419.0
17001	5.971018916180937	-5.87826949922541	2.9850666522979736	419.0
17020	5.902945743699864	-6.047133955865308	2.9792346954345703	419.0
17041	5.931115732016646	-6.011408062803655	2.8485801219940186	418.0
17060	5.833656622779411	-6.1104269610296456	2.868091583251953	418.0
17080	5.989793920833856	-5.986704626990261	2.7815420627593994	418.0
17099	6.067473932260914	-6.21006543726418	2.6756842136383057	418.0
17118	6.0847410896592615	-6.188981942021909	2.666584014892578	418.0
17137	5.970271188905334	-6.178512456797215	2.6645054817199707	418.0
17157	5.876745563155587	-6.217721253592596	2.8475000858306885	418.0
17177	5.905039583462698	-6.1110252288332205	3.1291704177856445	418.0
17198	5.8136736157804645	-6.045573974862077	3.1122589111328125	418.0
17218	5.7584935692002635	-6.029312428483752	3.083082437515259	418.0
17235	5.7584935692002635	-6.029312428483752	3.083082437515259	417.0
17256	5.865236942312816	-5.654758604773137	3.4487509727478027	417.0
17274	5.956258550310434	-5.659077516059163	3.4505531787872314	417.0
17294	5.956258550310434	-5.659077516059163	3.4505531787872314	417.0
17314	6.121356656536519	-5.640009136447076	3.36064076423645	417.0
17333	6.1362884919255265	-5.6212595422495495	3.435696601867676	417.0
17352	6.053334625598931	-5.687642635020005	3.363558530807495	417.0
17371	6.109562874763733	-5.676368350119051	3.3995895385742188	417.0
17390	6.2988120208382945	-5.6130726775874455	3.3335933685302734	417.0
17412	6.3751485353754695	-5.690688746269846	3.231659412384033	417.0
17431	6.292571187832512	-5.853815428448738	3.1811013221740723	417.0
17452	6.227997151234657	-5.913549997033539	3.1784658432006836	416.0
17469	6.131501647969033	-5.894375504758248	3.369464874267578	416.0
17488	6.264004519377223	-5.779944620129019	3.3312735557556152	416.0
17508	6.507555731395123	-5.707415947975854	3.145702362060547	416.0
17527	6.541382547552885	-5.760124101988515	3.152522563934326	416.0
17548	6.601227222059271	-5.885052387010067	3.0815610885620117	416.0
17566	6.591198781990121	-5.900208718367313	3.074035882949829	416.0
17585	6.691495929205879	-5.805208589185535	3.075615882873535	416.0
17605	6.611257384357752	-5.888928303263729	2.9513912200927734	416.0
17624	6.446456272902105	-6.089696573410147	2.8917250633239746	416.0
17643	6.327017094975711	-6.038940217000678	2.66152286529541	414.0
17663	6.16078860222802	-6.069858384564945	2.803414821624756	414.0
17683	6.224873498347292	-6.073464205668155	2.782815933227539	414.0
17701	6.1017768679719335	-6.046869192484039	2.708031415939331	414.0
17731	5.922484055291043	-6.10169457615923	2.503894090652466	414.0
17740	5.863064133101624	-6.093850842366535	2.3895976543426514	414.0
17760	5.92192274986211	-5.891571088350285	2.6482901573181152	414.0
17782	6.05807921592628	-5.648432163566089	2.3992362022399902	414.0
17799	6.0385522941500165	-5.811692435153855	2.5895071029663086	414.0
17818	5.972706676284031	-5.864850912990176	2.5806069374084473	414.0
17839	5.85461817845223	-5.879223643488958	2.6351752281188965	413.0
17858	5.77807537650423	-5.899574323347766	2.6923813819885254	413.0
17877	5.783125959081839	-5.816831173869889	2.8089711666107178	413.0
17897	5.933662561371546	-5.866854243932721	2.8753042221069336	413.0
17919	5.8655610476921245	-6.034994726474907	2.680037021636963	413.0
17936	5.8111534321076395	-6.166627120832325	2.8698551654815674	413.0
17955	5.8111534321076395	-6.166627120832325	2.8698551654815674	413.0
17975	5.813151137490583	-5.826303848612	2.967451333999634	413.0
17994	5.813151137490583	-5.826303848612	2.967451333999634	413.0
18014	5.679279066384396	-5.94127471265221	2.960803508758545	413.0
18035	5.864548941063694	-5.918109988570844	3.2411646842956543	413.0
18052	5.730031921594343	-5.9322241853996545	3.2883667945861816	413.0
18073	5.533283576108329	-5.873318883093043	3.2068207263946533	413.0
18091	5.455348864086036	-5.885910791146532	3.1716456413269043	413.0
18111	5.520296144071711	-5.816671788075035	3.118107318878174	413.0
18130	5.5408858724962515	-5.874621740250845	3.0811328887939453	413.0
18149	5.828608454471791	-5.996459089684008	2.930131435394287	413.0
18171	6.15943631916758	-5.842926148476497	3.1188130378723145	413.0
18189	6.071200157670675	-5.932924120670822	2.782719612121582	413.0
18209	6.237163281035306	-5.972677899042944	2.6059346199035645	413.0
18228	6.132628420725104	-6.185229315569696	2.773784637451172	413.0
18248	6.21246782737198	-6.1757537828507845	2.957655906677246	414.0
18266	6.211900638461063	-6.168525548175953	2.928860664367676	414.0
18285	6.085921381482364	-6.190937759115156	3.1887218952178955	414.0
18306	6.08522509847352	-6.19166335611758	3.1886420249938965	414.0
18324	5.906317142511398	-6.315369976638213	3.008906841278076	414.0
18344	6.031249886246661	-6.233420481458296	3.10923171043396	414.0
18363	6.015085753905851	-6.302428855977337	3.3152194023132324	414.0
18382	6.025710394404022	-6.2284389856744315	3.3081259727478027	414.0
18402	6.041232730672565	-6.197910006212446	3.3185935020446777	414.0
18422	6.051893940612875	-6.187768455061148	3.4620840549468994	414.0
18441	6.12344129856399	-6.319007685781087	3.441530466079712	414.0
18460	5.93031986546781	-6.334056653575983	3.310037612915039	414.0
18480	6.062018293482087	-6.293347699314719	3.298534870147705	414.0
18500	5.920380892950867	-6.227920359796418	3.3236827850341797	414.0
18521	5.761212963866978	-6.351486184270486	3.219850778579712	414.0
18538	5.845113578853609	-6.260110860898386	3.3544528484344482	414.0
18557	5.94725265217419	-6.346478688806104	3.245136260986328	414.0
18577	5.827990950173722	-6.439944233893942	3.3003084659576416	414.0
18597	5.797593062873676	-6.550905019652562	3.0794434547424316	414.0
18616	5.8780248784330436	-6.655858172869429	3.2247796058654785	414.0
18640	5.8780248784330436	-6.655858172869429	3.2247796058654785	414.0
18656	6.016834235362267	-6.635497773945218	2.936826467514038	414.0
18675	6.283713006579432	-6.425096065892993	3.1032845973968506	414.0
18695	6.283713006579432	-6.425096065892993	3.1032845973968506	414.0
18714	6.273215598843708	-6.597061863340519	3.062525987625122	414.0
18733	6.195879254308635	-6.5426401392743205	3.091374158859253	414.0
18755	6.3061511951244675	-6.551019962841972	3.06392765045166	414.0
18771	6.307801983003823	-6.656736406037721	3.1308469772338867	414.0
18792	6.4044327988237075	-6.618974740174265	3.071206569671631	414.0
18810	6.401588902600905	-6.64117656217181	2.987957000732422	414.0
18830	6.088091449256362	-6.678658330395028	3.097506523132324	414.0
18849	5.938210674127911	-6.87626166340498	2.867858648300171	414.0
18870	6.010693090009522	-6.858379740319571	2.788428783416748	414.0
18888	6.2188770312216946	-6.813331004435065	2.6927263736724854	414.0
18907	6.155560762211838	-6.824339396044464	2.5054264068603516	414.0
18928	6.278782732664959	-6.485314199233446	2.377913236618042	414.0
18948	6.281355806871047	-6.477955172272179	2.3911399841308594	414.0
18968	6.25395159038407	-6.521808873833373	2.647122859954834	414.0
18985	6.3689352163164585	-6.689120906664618	2.812256336212158	414.0
19005	6.482240225868598	-6.698744134413332	2.7966949939727783	414.0
19026	6.665159114988732	-6.755807986549066	2.885690212249756	414.0
19044	6.610264809899179	-6.97189785821007	2.755764961242676	416.0
19064	6.624701147464029	-7.03950663854311	2.627437114715576	416.0
19083	6.638701089617676	-7.27323250237502	2.4921131134033203	416.0
19101	6.5867151291691926	-7.361450306111111	2.5436630249023438	416.0
19123	6.823690049852389	-7.4494367757430044	2.434755325317383	416.0
19141	6.889488031868335	-7.490094987782622	2.256138563156128	416.0
19161	6.954715623572469	-7.368243361701021	2.362423896789551	416.0
19179	6.887513922536204	-7.16533108762098	2.0973434448242188	416.0
19200	6.892233339249933	-7.322115395654842	2.372185707092285	416.0
19221	7.1007405985636085	-7.55272523196326	2.6430282592773438	416.0
19239	7.021784589778689	-7.613543621998468	2.894383430480957	417.0
19258	7.209593693507288	-7.609336887370801	2.8435025215148926	417.0
19278	7.150261552438258	-7.634176747298517	2.917970657348633	417.0
19297	7.127560872918952	-7.626353292659245	3.246765375137329	417.0
19316	7.06208695557262	-7.813535708308021	3.2948646545410156	417.0
19336	6.949396848982037	-8.26670845070089	3.316687822341919	417.0
----------------도착----------------
19356	6.761262210677411	-8.429942538620368	3.109267234802246	417.0
19382	6.536847345309726	-8.432557597464335	3.066014528274536	417.0
19395	6.536847345309726	-8.432557597464335	3.066014528274536	417.0
19414	6.710229021376992	-8.415265316330025	3.1872005462646484	417.0
19432	6.5996555657943405	-8.502337136462115	3.2621657848358154	419.0
19452	6.581898872088302	-8.40589458808431	3.3147740364074707	419.0
19471	6.673536438693503	-8.483608794891904	3.172262191772461	419.0
19491	6.686406129142205	-8.531085047252654	3.1661171913146973	419.0
19511	6.778949705490707	-8.402496623103335	3.0761818885803223	419.0
19530	6.827471350582754	-8.262012184281128	2.9703731536865234	419.0
19549	6.947034188486868	-8.106056989562589	3.224033832550049	419.0
19576	6.7899043079713195	-8.205789658896117	3.298804759979248	419.0
19588	6.860779140784239	-8.330061766829768	3.2603650093078613	419.0
19607	6.869282144912264	-8.638676206922755	3.0396742820739746	419.0
19629	6.836735895161275	-8.61265373754234	2.640511989593506	419.0
19647	6.965469646285978	-8.686923430930866	2.71879243850708	420.0
19666	6.959850976231685	-8.763349728458879	2.9090123176574707	420.0
19686	6.960719280581511	-8.766312372658986	2.7869224548339844	420.0
19705	7.0065987924565	-8.829618755630035	2.753844738006592	420.0
19724	7.203220386526348	-8.682313045063843	2.943246841430664	420.0
19745	7.072310549028698	-8.78178769887818	3.1643002033233643	420.0
19764	7.139784507388427	-8.857144642419259	3.262786865234375	420.0
19783	7.228745121188545	-9.144193841197803	3.6661598682403564	420.0
19803	7.161744796882804	-9.269211134241864	3.5948238372802734	420.0
19822	7.108014511099668	-9.507736061477118	3.675541400909424	420.0
19841	7.103354895038066	-9.743665129510777	3.958528995513916	421.0
19861	7.0461052218228515	-9.783915116510856	4.106583595275879	421.0
19881	6.930701154497264	-9.950811989053912	4.156126976013184	421.0
19899	7.171772132342693	-10.153834749290652	3.854835033416748	421.0
19920	7.231683631298063	-10.199064107414522	3.4917173385620117	421.0
19938	7.080804252818808	-10.054637977916745	3.0556559562683105	421.0
19958	7.073950372683318	-10.073957383392363	2.8346920013427734	421.0
19977	7.013043327671205	-10.102719382758751	2.632779121398926	421.0
19997	6.794332096816355	-10.013891662555155	2.6525003910064697	421.0
20017	6.91858884907921	-10.111271513817728	2.3524789810180664	421.0
20035	6.719155153278414	-10.29250325323394	2.239647150039673	422.0
20056	6.546759628250599	-10.219790395272279	2.222289562225342	422.0
20075	6.546759628250599	-10.219790395272279	2.222289562225342	422.0
20096	6.609650042128956	-10.486464807565284	2.4558489322662354	422.0
20114	6.609650042128956	-10.486464807565284	2.4558489322662354	422.0
20133	6.627922753491468	-10.511671074119992	2.580281972885132	422.0
20152	6.762370830295628	-10.46210768488981	2.7811946868896484	422.0
20173	7.019380937883458	-10.504629012226937	2.7875003814697266	422.0
20191	6.911441194069264	-10.454475633538388	2.884883165359497	422.0
20211	7.131079304539367	-10.560527469814582	2.9258131980895996	422.0
20231	7.013977165066228	-10.647735058111815	3.0397772789001465	422.0
20249	7.04148882827518	-10.580991048193209	3.258866548538208	427.0
20269	7.166261410936004	-10.623307976523197	3.063995838165283	427.0
20288	7.145162803615404	-10.610256889082308	3.198237657546997	427.0
20308	7.092868112490337	-10.564207048518691	3.20851993560791	427.0
20328	6.957454392891842	-10.786317031936496	3.2067179679870605	427.0
20348	7.038618899660443	-10.799425961741008	3.350137233734131	427.0
20366	6.912231332774689	-10.672187065670439	3.2456369400024414	427.0
20386	7.030803308315	-10.589081567507659	3.237576484680176	427.0
20407	7.037022210834541	-10.582117214012984	3.2962539196014404	427.0
20426	7.093394385213691	-10.62104245655404	3.339570999145508	427.0
20444	6.97867671580253	-10.760386202526222	3.3790383338928223	433.0
20464	6.777681824196576	-10.6716230461012	3.3729403018951416	433.0
20483	6.945658163464905	-10.5883756816433	3.160121202468872	433.0
20503	6.960949992426363	-10.680528261832986	2.936615228652954	433.0
20525	6.930196223419746	-10.650883798445863	2.959446430206299	433.0
20542	6.9001872707082725	-10.593000983102016	2.890655040740967	433.0
20562	7.070322910909403	-10.678710759573526	2.7637619972229004	433.0
20580	6.791658785028745	-10.663390728884732	2.790768623352051	433.0
20600	6.830701794695655	-10.570518294197173	2.4791951179504395	433.0
20618	7.095854131325991	-10.727835090773068	2.414022922515869	433.0
20640	6.930177630215517	-10.652626515632846	2.483487367630005	439.0
20658	6.828356907623708	-10.521039522114085	2.7786505222320557	439.0
20678	6.879915102373629	-10.316631674390074	2.773092269897461	439.0
20697	6.645215427780979	-10.418572501723462	2.8122243881225586	439.0
20716	6.576480622956687	-10.10621197205121	2.8309216499328613	439.0
20736	6.575379371203482	-10.01495194904663	2.9360411167144775	439.0
20756	6.54201600374216	-9.972092157322582	3.0673041343688965	439.0
20777	6.3272451758213855	-9.969799426608214	3.0370635986328125	439.0
20796	6.572824953657216	-9.951763077391105	3.1370482444763184	439.0
20814	6.572824953657216	-9.951763077391105	3.1370482444763184	439.0
20833	6.5637072541149815	-9.918794584319569	2.908998966217041	446.0
20853	6.453854240885468	-10.12542205688598	3.0495855808258057	446.0
20873	6.862029231693136	-9.855390581820648	3.2740700244903564	446.0
20894	6.769342374904764	-9.913875642394034	3.299421787261963	446.0
20911	6.773066045892875	-9.842496437023426	3.27299165725708	446.0
20931	6.772794420944067	-9.630098880776297	3.4267828464508057	446.0
20950	6.920729745802123	-9.499378181222498	3.391970157623291	446.0
20970	6.812611369021303	-9.357219842581145	3.4295036792755127	446.0
20990	6.743884776861913	-9.392820843470126	3.5086770057678223	446.0
21008	6.779251973429602	-9.299484262447496	3.4206604957580566	446.0
21028	6.491221752024505	-9.212384185766807	3.2243599891662598	446.0
21048	6.497650310924507	-9.156397417388604	3.196363687515259	451.0
21067	6.585754834409883	-8.894035994500026	3.2226977348327637	451.0
21087	6.632438608147672	-8.868770490168577	3.054929256439209	451.0
21106	6.4545360111191075	-8.734990006884773	2.778564453125	451.0
21126	6.358903231993529	-8.661161637598155	2.532503128051758	451.0
21147	6.155973984687497	-8.439920976277289	2.4704267978668213	451.0
21164	6.202585887575714	-8.248540454357887	2.403578281402588	451.0
21183	6.260281475093455	-8.125775872438341	2.434859037399292	451.0
21203	6.259965803702168	-7.88788665039755	2.3680367469787598	451.0
21222	5.995030934328192	-7.789994043009823	2.3870930671691895	451.0
21242	5.822501791055007	-7.716515843647278	2.3935201168060303	455.0
21261	5.82189038809555	-7.4660331761513214	2.6053898334503174	455.0
21281	5.6720697591467335	-7.3719406288250235	2.5639350414276123	455.0
21300	5.696748769718208	-7.178373711615964	2.6302757263183594	455.0
21319	5.785248253783361	-6.897908745144681	2.7056636810302734	455.0
21339	5.60745542900695	-6.660330510689364	2.8182435035705566	455.0
21362	5.478571424662286	-6.60827173476946	2.8472819328308105	455.0
21378	5.356211645608344	-6.488837217156713	2.8351845741271973	455.0
21398	5.212879306346602	-6.22107092109815	2.660576820373535	455.0
21417	5.141131207974192	-6.056494998873765	2.65499210357666	455.0
21438	5.170317140532308	-5.835011026521481	2.856532335281372	464.0
21455	5.215030935307423	-5.576844646283234	2.648752450942993	464.0
21477	4.954738905848829	-5.481082506887288	2.6791462898254395	464.0
21500	4.954738905848829	-5.481082506887288	2.6791462898254395	464.0
21516	4.742604933480115	-5.089523095319452	2.7193682193756104	464.0
21534	4.742604933480115	-5.089523095319452	2.7193682193756104	464.0
21552	4.608229169484592	-5.080610517897114	2.4973082542419434	464.0
21573	4.6788970800094045	-5.003063410419111	2.7758190631866455	464.0
21593	4.405625387624293	-4.911904872055092	2.628633975982666	464.0
21615	4.111483249813378	-4.774796219400745	2.5894076824188232	464.0
21632	3.8387298203535893	-4.986785605763091	2.609078884124756	464.0
21651	3.5495357976932964	-4.913312816419131	2.5565779209136963	473.0
21669	3.3806760908048203	-4.911232050521339	2.4412741661071777	473.0
21690	3.3322381831013606	-5.129470001843649	2.374399185180664	473.0
21722	3.1772845439443946	-5.17521933825864	2.4547111988067627	473.0
21732	2.7816555303921047	-5.381898555782521	2.299299955368042	473.0
21748	2.614011628172603	-5.509689147293018	2.372737169265747	473.0
21767	2.703090149838711	-5.691813852468324	2.3345651626586914	473.0
21788	2.797226986024629	-5.700264958817215	2.531188726425171	473.0
21806	2.9097896283010294	-5.857450116136997	2.520488739013672	473.0
21826	2.7451075797548032	-5.938426633191294	2.43499493598938	473.0
21846	2.581004590740633	-6.1574796871574184	2.4059009552001953	483.0
21866	2.508684304105817	-6.4073937103854774	2.4176383018493652	483.0
21884	2.300954190379701	-6.36568522107901	2.350264310836792	483.0
21911	2.1337024193111223	-6.484193232233838	2.5307750701904297	483.0
21924	1.9127940373635535	-6.491534627385865	2.5210118293762207	483.0
21942	1.417112367982698	-6.748402415600858	2.5076069831848145	483.0
21961	1.1063750284504814	-6.770833359749566	2.361830234527588	483.0
21981	1.0611670348715017	-6.822037293760864	2.343446969985962	483.0
22001	0.8370670137442794	-6.675864574169965	2.3967857360839844	483.0
22020	0.7477093870258404	-6.5035031598979645	2.30063533782959	483.0
22041	0.9139201226700951	-6.584991655061026	2.304654121398926	494.0
22059	0.831821585193422	-6.576369273513442	2.1720497608184814	494.0
22080	0.5287641717103575	-6.454687783824732	2.253331422805786	494.0
22100	0.6083819668095202	-6.305466721003448	2.3783090114593506	494.0
22117	0.685865456640128	-6.368780620174496	2.428642749786377	494.0
22137	0.5345932204337688	-6.410163532934545	2.4589903354644775	494.0
22157	0.49678596624108673	-6.389011440089258	2.5520875453948975	494.0
22176	0.4922607064459945	-6.384281567049818	2.5965123176574707	494.0
22196	0.3528382864326934	-6.302898270549728	2.6934151649475098	494.0
22217	0.3528382864326934	-6.302898270549728	2.6934151649475098	494.0
22235	0.3740686717286434	-6.359335756250041	2.8064558506011963	501.0
22254	0.5338051986149163	-6.378880487172275	2.6333370208740234	501.0
22273	0.5217800301337393	-6.2624457009126715	2.395568370819092	501.0
22292	0.42383194255545636	-6.3486400779231165	2.3218276500701904	501.0
22311	0.1604101917604617	-6.267219309758968	2.4412920475006104	501.0
22331	0.015597047054243628	-6.461976032131884	2.2811501026153564	501.0
22351	0.007469308259657401	-6.4799122670013425	2.202604293823242	501.0
22370	-0.07325202886063625	-6.466555238350213	2.1322720050811768	501.0
22390	-0.07642083075018624	-6.46465074782441	2.241955518722534	501.0
22410	-0.2913039809479433	-6.638845924429162	2.364121913909912	501.0
22429	-0.40108259163472987	-6.627544545959056	2.5381908416748047	501.0
22450	-0.4845202591884849	-6.470698858861983	2.6247670650482178	501.0
22467	-0.28105926430282785	-6.500867073643572	2.4290106296539307	501.0
22488	-0.30998693217916606	-6.211885322823848	2.4386978149414062	501.0
22507	-0.5081772664517523	-6.266210109376696	2.616833209991455	501.0
22526	-0.5992029140984926	-6.1629437181580915	2.495540142059326	501.0
22545	-0.4717481184586484	-5.989814078146897	2.4639229774475098	501.0
22567	-0.49103116249218326	-5.899933730167238	2.512450695037842	501.0
22584	-0.5272994087419732	-5.833969690707374	2.421574831008911	501.0
22603	-0.611114553205482	-5.645724996329283	2.29496431350708	501.0
22623	-0.6986095636756589	-5.503802722432327	2.0657601356506348	501.0
22643	-0.5779896056328476	-5.377705976667672	2.079155683517456	501.0
22661	-0.5969833443189527	-5.119658935219887	1.853198766708374	501.0
22681	-0.4665357795160227	-4.922225973133514	1.9375030994415283	501.0
22703	-0.6281034868571811	-4.9533546788033505	1.8609161376953125	501.0
22720	-0.39493731500847223	-4.72026204170346	1.7378569841384888	501.0
22739	-0.2504400059384425	-4.5006909857608335	1.8133203983306885	501.0
22759	0.010848847713619299	-4.395394541861143	1.6857753992080688	501.0
22778	0.3214144379696011	-4.17334413772675	1.9111229181289673	501.0
22798	0.4215752320799888	-4.133860494535999	1.6098074913024902	501.0
22817	0.7010903627479533	-4.033810914945747	1.616542935371399	501.0
22837	0.7622048783953128	-3.92246032919068	1.6789106130599976	498.0
22856	0.8678061669786106	-3.691151670325688	1.6398980617523193	498.0
22875	1.011071755335155	-3.497139998598717	1.5528243780136108	498.0
22895	1.2932738740565848	-3.321059169035764	1.45175039768219	498.0
22915	1.430590505890933	-3.1426155513902745	1.5046532154083252	498.0
22935	1.430590505890933	-3.1426155513902745	1.5046532154083252	498.0
22954	1.5506035042356834	-2.861477656223577	1.4250544309616089	498.0
22974	1.766393008449272	-2.7071431024103365	1.4707772731781006	498.0
22992	1.7836606184921941	-2.468060400951318	1.3688950538635254	498.0
23012	2.0850791355540017	-2.135409765314872	1.3331012725830078	498.0
23032	2.362621888343856	-1.8595852511777267	1.3867539167404175	480.0
23050	2.548361581950686	-1.6372066467129633	1.5823919773101807	480.0
23070	2.770417100249691	-1.4281783961017986	1.8193775415420532	480.0
23089	2.9612890149558444	-1.2618009797498384	2.13960862159729	480.0
23109	3.1023011508849345	-1.343662134485017	2.1653497219085693	480.0
23128	3.4817879951304787	-1.067122012127189	2.23063063621521	480.0
23148	3.862333575587743	-1.0865101176542746	2.3802733421325684	480.0
23167	4.134922618090651	-1.2697318761347745	2.345848798751831	480.0
23187	4.531244685669965	-1.1322123648790248	2.102932929992676	480.0
23206	4.7338336489883694	-0.9828754346541986	1.9312937259674072	480.0
23226	4.807355009069762	-0.9169577659817109	1.734386920928955	480.0
23245	5.067613148627604	-0.7081421078512591	1.3877885341644287	457.0
23265	5.459798628596997	-0.587888715069164	1.403087854385376	457.0
23287	5.349697929336124	-0.5959775960127962	1.3615102767944336	457.0
