3	1.1903873174238648	-0.3050777402941275	-15.77295970916748	441.0
21	1.274749476884002	-0.16022616158004147	-15.782175064086914	441.0
40	1.225076691310171	-0.09318902937128694	-15.850187301635742	441.0
59	1.273693721940012	-0.19124782972768503	-16.060144424438477	441.0
78	1.614620070583207	-0.17523437380300477	-16.130342483520508	441.0
98	1.5568274796490873	-0.10812291351280369	-15.877681732177734	441.0
118	1.4506047073342152	-0.20620791198901767	-15.931571960449219	441.0
138	1.2988780957130905	-0.15922169023084687	-15.894815444946289	441.0
157	1.261215467322392	-0.2663402609533345	-15.937100410461426	445.0
178	1.102693111530687	-0.4687338858285819	-15.965682983398438	445.0
195	1.1310105930850582	-0.6310461232847971	-15.884866714477539	445.0
215	0.9928146578597221	-0.8399978650977258	-15.739274978637695	445.0
234	0.8154911241513909	-0.6986617442589669	-15.942803382873535	445.0
254	0.9335916869443843	-0.6573799666984868	-16.146772384643555	445.0
274	1.2130635548113013	-0.7488359810322223	-16.27826690673828	445.0
294	1.4304951308795681	-0.8904337030195487	-16.300968170166016	445.0
313	1.5085392462360918	-0.639174820057745	-16.25389289855957	445.0
331	1.5103442753878757	-0.5594495439839317	-16.31877326965332	445.0
352	1.4489181180092245	-0.580214845179582	-16.46360969543457	445.0
371	1.5953053939785466	-0.4455089468258287	-16.46031379699707	445.0
391	1.4946139071189566	-0.7911286971927667	-16.326400756835938	445.0
410	1.6381122753776447	-0.9492691860478607	-16.23902702331543	445.0
429	1.7488616171218803	-0.9772079664763491	-16.1284122467041	445.0
449	1.6982061618421922	-0.9530523859698317	-16.206544876098633	445.0
468	1.7595196430101694	-1.2426684986146894	-16.273027420043945	445.0
490	2.1256625549849297	-1.2104456183883177	-16.154285430908203	445.0
507	2.5864735820667315	-1.3356952353917932	-16.163482666015625	445.0
527	2.707475165640496	-1.1982011325779776	-16.2700138092041	445.0
545	2.982749772626854	-1.0201796115544068	-16.31945037841797	445.0
566	2.8472921842456134	-1.221588964434232	-16.510066986083984	447.0
585	3.109280456598406	-1.3360849556167642	-16.275630950927734	447.0
605	3.3106494582623394	-1.323708573161305	-16.334692001342773	447.0
626	3.4383118408753224	-1.3922193880676232	-16.33538055419922	447.0
645	3.432596470812664	-1.5514488952544452	-16.266521453857422	447.0
664	3.432596470812664	-1.5514488952544452	-16.266521453857422	447.0
683	3.2351183278093743	-1.5692296482244297	-16.36915397644043	447.0
702	3.258788024093629	-1.8390061546975778	-16.533388137817383	447.0
720	3.311504897441173	-1.899605582290245	-16.769697189331055	447.0
741	3.3977015924311877	-1.9709735801325534	-16.625593185424805	447.0
759	3.1672527478191914	-2.0569822616414353	-16.955886840820312	447.0
779	3.176762354533666	-2.1818654052351554	-16.92216682434082	447.0
798	3.332714247689899	-2.346375824930867	-16.969533920288086	447.0
818	3.3776409421819222	-2.4435241416704145	-17.272716522216797	447.0
838	3.3388650765066195	-2.5944821230120265	-17.24765968322754	447.0
858	3.3693606403565406	-2.537308224924511	-17.165407180786133	447.0
876	3.436686548550537	-2.704944482085143	-17.00373649597168	447.0
897	3.656084468629552	-2.6911421496025407	-17.207019805908203	447.0
917	3.8889152286811157	-2.638854693877583	-17.17140007019043	447.0
935	3.9505507200448244	-2.7556047012216522	-17.212186813354492	447.0
954	3.991986846891274	-2.7314387210455733	-17.15836524963379	447.0
975	3.9673098877823945	-2.741294540993526	-17.05792236328125	447.0
993	4.058905719341804	-2.5426011759181546	-17.04026222229004	447.0
1012	3.618226921042723	-2.529795803142932	-17.10286521911621	447.0
1032	3.648486598478315	-2.208100305661172	-16.9938907623291	447.0
1051	3.562832447589049	-2.04531555759853	-16.926286697387695	447.0
1071	3.5986419614601206	-1.915163668649634	-16.885692596435547	447.0
1092	3.4917106704589815	-1.8152315285294476	-16.623477935791016	447.0
1110	3.407133607430984	-1.7493927454823375	-16.507413864135742	447.0
1129	3.3041826019781086	-1.541478090769904	-16.39115333557129	447.0
1148	3.1509333942799507	-1.3715055714460613	-16.357511520385742	447.0
1168	3.569585466705407	-1.1948340932051627	-16.319843292236328	443.0
1187	3.4415581195058484	-1.0940180350495143	-16.358718872070312	443.0
1207	3.601318229573123	-1.1383793865878826	-16.114662170410156	443.0
1228	3.5318857103545183	-1.2011786354391238	-16.093069076538086	443.0
1245	3.430918947767974	-0.9019744289875037	-16.16889762878418	443.0
1265	3.2716943030041867	-0.8504917240582355	-16.32865333557129	443.0
1284	3.062713296131379	-0.6162408100682712	-16.524085998535156	443.0
1304	2.982623075961731	-0.728138838058318	-16.287076950073242	443.0
1325	2.580125652815646	-0.7061753453559192	-16.250343322753906	443.0
1344	2.580125652815646	-0.7061753453559192	-16.250343322753906	443.0
1364	2.369520110006361	-0.9751040096077264	-16.322044372558594	419.0
1382	2.1626944871800684	-0.8737732139085325	-16.36016845703125	419.0
1400	1.846213145356714	-0.7543143604567045	-16.372512817382812	419.0
1420	1.7360034742966983	-1.0656222816255536	-16.36267852783203	419.0
1440	1.686253124274997	-0.9208357511513091	-16.40015411376953	419.0
1461	1.7932213584573573	-1.1695912331311973	-16.322715759277344	419.0
1479	1.9217676998630475	-0.9145853751603776	-16.373567581176758	419.0
1499	2.1337021265976723	-0.8165383458273356	-16.341468811035156	419.0
1518	2.205970360042413	-0.489407135860549	-16.183311462402344	419.0
1537	2.224754925443957	-0.5579754154305205	-16.304920196533203	419.0
1556	2.5339736036607974	-0.4344362511104184	-16.13467788696289	408.0
1577	2.661592626319948	-0.12465021053653492	-15.910860061645508	408.0
1596	2.540174351790138	-0.09514993182454691	-15.787561416625977	408.0
1616	2.6041058909666943	0.04820230131782162	-15.339496612548828	408.0
1636	2.4174867535798845	0.09611367322830118	-15.285243034362793	408.0
1655	2.0914458007106744	-0.01955216270755089	-15.196039199829102	408.0
1674	1.941031058461021	-0.0984214878992102	-15.282581329345703	408.0
1693	1.988878558014373	-0.12316996712824009	-15.064949035644531	408.0
1714	1.8865153358716684	-0.2779131235092968	-15.167755126953125	408.0
1733	1.7063345881212382	-0.4665555514666284	-15.378716468811035	408.0
1752	1.7030077074460148	-0.2809201004135818	-15.417791366577148	408.0
1771	1.6044647826040952	-0.31927898258932313	-15.728160858154297	407.0
1791	1.7045677744955143	-0.3470570868747815	-15.618297576904297	407.0
1812	1.7705834188551697	-0.014509125294415422	-15.590218544006348	407.0
1829	1.86788950095816	-0.10496784799715736	-15.451665878295898	407.0
1849	1.7459925499568596	-0.0024386478337601776	-15.379180908203125	407.0
1869	1.8245356319319166	0.04713254059094683	-15.184511184692383	407.0
1888	1.8879612326194743	0.27613825131016007	-15.137306213378906	407.0
1909	1.9706985607883971	0.09621680157201427	-15.082832336425781	407.0
1926	1.825450359373695	0.304047815158059	-15.004471778869629	407.0
1945	1.9119007389893796	0.2763620552463826	-14.967049598693848	407.0
1964	2.1264363234420607	0.03108050196693704	-14.791890144348145	407.0
1985	2.30036490303559	0.13923850419995434	-14.841830253601074	407.0
2006	2.159480388124552	0.15781219608096958	-15.002490997314453	407.0
2026	1.906735816274815	0.22066350058262563	-15.173027992248535	407.0
2049	2.187820227471904	0.15751556617951948	-15.125723838806152	407.0
2066	2.2929044091336235	0.3065219428102428	-15.08978271484375	407.0
2083	2.2929044091336235	0.3065219428102428	-15.08978271484375	407.0
2102	2.4011815708139697	0.3067897456649196	-14.889143943786621	407.0
2123	2.326515169821183	0.14740483864099935	-15.089583396911621	407.0
2142	2.3127673337341164	0.0942766613976913	-15.119072914123535	407.0
2161	2.292235829346929	0.0400613731110725	-14.937653541564941	386.0
2184	2.648181355260294	-0.08729913804394071	-14.920578956604004	386.0
2199	3.0059647650293893	-0.19588799784909436	-14.707878112792969	386.0
2219	3.0242354968269876	-0.10376217327702218	-14.525238037109375	386.0
2239	2.999575955156838	-0.01975694127805953	-14.42161750793457	386.0
2258	3.12207881052799	-0.0847274554412254	-14.622880935668945	386.0
2277	3.196810797038218	0.04599220057368714	-14.546011924743652	386.0
2297	3.081797286619983	0.19340463051488918	-14.401960372924805	386.0
2317	2.9504833330616322	0.10014634455887898	-14.515740394592285	386.0
2337	2.967808623314823	0.19701022227508896	-14.209606170654297	386.0
2356	3.142375228276328	0.15554663996854137	-14.204021453857422	365.0
2374	3.0238354067827573	-0.028935891895710518	-14.273200035095215	365.0
2394	3.0532638315614893	0.010565998514171544	-14.27308177947998	365.0
2413	2.922095950495661	0.11041602789340471	-14.26803207397461	365.0
2432	2.8138566914590446	0.02942164221895035	-14.245124816894531	365.0
2453	2.9840122880426683	-0.07502880300380663	-14.466584205627441	365.0
2472	2.975188128247976	-0.09152485587767376	-14.36191177368164	365.0
2492	2.9145591963134407	-0.3632367004291702	-14.413703918457031	365.0
2511	2.8216776929239726	-0.40560918355702114	-14.372715950012207	365.0
2531	2.9287553529073502	-0.21076382903433627	-14.247127532958984	365.0
2551	2.9522942510180363	-0.13791812295051847	-14.11275577545166	365.0
2570	3.035861720200625	-0.0951123364408316	-13.985987663269043	386.0
2588	3.1833402884720043	-0.0230710834455892	-13.902867317199707	386.0
2607	2.9471676100443216	0.04667208328673222	-13.906340599060059	386.0
2628	3.0563360462914035	0.07323734944555992	-13.743576049804688	386.0
2646	3.21726949713235	0.18018888933544006	-13.82347297668457	386.0
2667	3.1868117846721957	0.08210558758147174	-13.820395469665527	386.0
2686	3.269554669203564	-0.03657270566023083	-13.872062683105469	386.0
2706	3.2395474949634506	-0.21846845601835424	-14.089446067810059	386.0
2725	3.1154537366924924	-0.3243273346720406	-14.052679061889648	386.0
2746	3.041280329091005	-0.6029532005160595	-14.092588424682617	386.0
2764	3.154866109876255	-0.6587313118964891	-14.249956130981445	407.0
2784	3.154866109876255	-0.6587313118964891	-14.249956130981445	407.0
2802	2.997898329728374	-0.7815795034176666	-14.426347732543945	407.0
2821	3.0510273229718705	-0.7829026322073346	-14.54190731048584	407.0
2841	2.98138089511067	-0.7364688811924311	-14.699187278747559	407.0
2860	3.016323306931533	-0.6946386348507765	-14.867286682128906	407.0
2885	3.0380491631693007	-0.7128791860503323	-14.946925163269043	407.0
2901	3.0482755552983773	-0.6346215942923211	-15.098058700561523	407.0
2920	3.086592897161421	-0.5428071047739117	-15.15371036529541	407.0
2938	2.9741834582338713	-0.6165117735910904	-15.04810619354248	407.0
2957	3.1515471048895716	-0.6226809567209755	-15.25132942199707	428.0
2978	2.927747001492952	-0.7823674265377738	-15.15936279296875	428.0
3000	3.025955288452624	-0.6920888106589509	-15.387373924255371	428.0
3016	3.0857963455798973	-0.6363249569857673	-15.487966537475586	428.0
3037	3.003273799166088	-0.7597740431472756	-15.594535827636719	428.0
3056	2.851093562474841	-0.732264215566842	-15.790328979492188	428.0
3075	2.809226434057085	-0.6868075515059557	-16.00452423095703	428.0
3094	3.0654081735706202	-0.6477864803748554	-16.215335845947266	428.0
3113	2.9886617170304146	-0.5858358677757621	-16.303585052490234	428.0
3133	3.0683403990988274	-0.6407737052641995	-16.419933319091797	428.0
3153	2.929648918258753	-0.7104763423875086	-16.30933952331543	428.0
3173	2.6464722245286745	-1.0188083163340458	-16.27573013305664	433.0
3192	2.6063665813283206	-0.7129258992951854	-16.286062240600586	433.0
3211	2.7282232676787648	-0.694954620139165	-16.435285568237305	433.0
3231	2.650138453035759	-0.4196414517036078	-16.21297264099121	433.0
3250	2.3350198544751857	-0.40634109987156014	-16.213272094726562	433.0
3269	2.160279340862778	-0.4546328436829939	-16.05239486694336	433.0
3289	2.098927878682116	-0.08268130793978723	-16.04175567626953	433.0
3308	2.0304705494537703	3.157574319789952E-4	-15.934444427490234	433.0
3328	1.8911987467330893	0.2317929261848935	-15.950947761535645	433.0
3350	1.7224804946101764	0.41818582443175534	-15.82055950164795	433.0
3368	1.7310525668172445	0.6068677719487785	-15.683218002319336	434.0
3386	1.6096005216548974	0.5023985007472926	-15.895119667053223	434.0
3405	1.4438623907603014	0.6404070375235668	-15.84818172454834	434.0
3426	1.2005809692090996	0.7768765327167265	-15.88153076171875	434.0
3446	0.9696051712335596	0.5700615373960394	-15.655313491821289	434.0
3465	0.9330616002126432	0.6723506922377175	-15.514079093933105	434.0
3487	0.9330616002126432	0.6723506922377175	-15.514079093933105	434.0
3503	1.0511535465859416	0.6706727973565574	-15.24075984954834	434.0
3522	1.0975889648972723	0.7092608966470395	-15.107526779174805	434.0
3542	0.9528240109832958	0.627223496548039	-14.867881774902344	434.0
3561	0.8874402500628892	0.5146540342716481	-14.669793128967285	436.0
3580	0.8477253703465091	0.46111921567401676	-14.250408172607422	436.0
3599	0.9620600031177047	0.4220924315515826	-14.02607250213623	436.0
3619	0.924494968686438	0.4526074982768526	-14.000943183898926	436.0
3640	0.6927139516133781	0.6309841058335576	-14.007499694824219	436.0
3658	0.4354381037917334	0.7527239688779802	-13.943081855773926	436.0
3678	0.27207366982006564	0.622041241742432	-13.724933624267578	436.0
3697	0.13752043597773136	0.6172966030997248	-13.48752498626709	436.0
3716	-0.027939552347583427	0.8456876884544273	-13.372319221496582	436.0
3737	-0.04934101564455589	1.0667452444030523	-13.455986976623535	436.0
3756	-0.3447778150995043	1.0770628524716803	-13.370619773864746	441.0
3775	-0.5946186122105978	1.3296615145680986	-13.419649124145508	441.0
3795	-0.33856443083767196	1.1812566475542905	-13.263368606567383	441.0
3814	-0.3282317380977392	1.084365423670968	-13.165223121643066	441.0
3836	-0.30289602717718817	1.188218568374568	-13.16714859008789	441.0
3853	-0.12985410242766302	1.261703286955914	-13.141423225402832	441.0
3872	-0.057621209742055125	1.3309033809053084	-13.076726913452148	441.0
3892	-0.12316905241085817	1.409902996239252	-13.063390731811523	441.0
3911	-0.2118561033120673	1.6683197527773734	-13.155572891235352	441.0
3930	-0.18738730399589462	1.7461094380195847	-13.050131797790527	441.0
3954	-0.3006894820593222	1.9318553186486123	-13.055120468139648	441.0
3969	-0.461637413213865	2.0667915336834586	-13.162679672241211	445.0
3989	-0.5106196204970528	1.8711755649104826	-13.000243186950684	445.0
4008	-0.695733144237096	2.0447478852987766	-13.101469039916992	445.0
4028	-0.5298442062040092	2.131030482869783	-13.150288581848145	445.0
4047	-0.5556347611192449	2.017755143462623	-13.033747673034668	445.0
4066	-0.5149885951508375	2.202684439769383	-13.045768737792969	445.0
4086	-0.3855928037231554	2.1805316175917877	-12.826228141784668	445.0
4106	-0.675128857991739	2.218681215660806	-12.963162422180176	445.0
4124	-0.5792299722922629	2.528367004899554	-12.976507186889648	445.0
4145	-0.6189318501679341	2.828548591841772	-13.063071250915527	445.0
4165	-0.827775689135348	2.79971428900552	-13.19367504119873	447.0
4184	-1.0712981420505463	3.0513790243806755	-12.977386474609375	447.0
4207	-1.0712981420505463	3.0513790243806755	-12.977386474609375	447.0
4222	-1.5132445725205796	3.4268016424656578	-12.99394416809082	447.0
4241	-1.5132445725205796	3.4268016424656578	-12.99394416809082	447.0
4261	-1.6823582885776016	3.9125900394072346	-13.300724029541016	447.0
4281	-1.7716159681799122	4.29521412462366	-13.34673023223877	447.0
4300	-2.0701434559543257	4.665352085852176	-13.537453651428223	447.0
4320	-2.3576555890863324	5.287779759044551	-13.791980743408203	447.0
4342	-2.4726352190394025	6.072537612694607	-13.953230857849121	447.0
4358	-2.792835915644681	6.948039512585701	-14.417131423950195	447.0
4378	-2.9677610239281904	7.7632115721751	-14.67149829864502	447.0
4397	-3.3949333620723197	8.529364882444307	-15.177136421203613	447.0
4417	-3.589730018271661	9.268367734990733	-15.565694808959961	447.0
4439	-4.035352051364474	10.616296070574231	-16.104904174804688	447.0
4460	-4.42144767765398	11.756464756679959	-16.42061424255371	447.0
4474	-4.869824591453992	13.129424273095646	-16.94301986694336	447.0
4494	-5.193599497547779	14.726546315913279	-17.392005920410156	447.0
4513	-5.5219524270691895	16.172224652840715	-17.81234359741211	447.0
4534	-5.593843307582568	17.99309772321446	-18.246070861816406	447.0
4552	-5.57003380790482	19.660441706160483	-18.62192153930664	447.0
4572	-5.96074160715732	21.15940173642934	-19.315589904785156	447.0
4592	-5.6406145671718475	22.107909837676793	-20.049692153930664	447.0
4611	-5.307033791294366	23.374704881776868	-20.7363224029541	447.0
4630	-4.901243767402981	24.524344157270637	-20.894367218017578	447.0
4650	-4.805288787014376	25.697593397888294	-20.809715270996094	447.0
4672	-4.423115240865357	26.84878109633634	-20.598684310913086	447.0
4692	-4.281691518582139	27.77538591691103	-20.390216827392578	447.0
4709	-4.096420727196919	28.523548393165417	-20.261167526245117	447.0
4728	-3.657318606169215	28.875522886280713	-20.239625930786133	447.0
4747	-3.2012149486101067	29.054839087543964	-20.409048080444336	447.0
4766	-2.873686382214745	29.115139103736375	-20.48514747619629	447.0
4786	-2.4595981246511798	29.067742717278588	-20.4670467376709	447.0
4806	-2.1119982755654	28.908505022752593	-20.177536010742188	447.0
4824	-1.9721747814785349	28.724713120100567	-19.426090240478516	447.0
4844	-1.5784495610960543	28.185839151249798	-18.742002487182617	447.0
4865	-1.1572150818372309	27.445910929466493	-18.501972198486328	447.0
4885	-0.7018279430197025	26.519551257491976	-18.35109519958496	447.0
4905	-0.5085129690332897	25.566128268500908	-18.237489700317383	447.0
4924	-0.5085129690332897	25.566128268500908	-18.237489700317383	447.0
4942	-0.28391559056191995	24.48491954558111	-17.817665100097656	447.0
4961	-0.3038329528319303	23.72401937125445	-17.352266311645508	447.0
4981	-0.1625496434415608	23.046787299184018	-16.894695281982422	447.0
4999	0.1722205448355967	22.403460185561848	-16.75428009033203	447.0
5024	0.3930571486333993	21.97067727227815	-16.183942794799805	447.0
5045	0.5576335552183266	21.48413511003918	-15.530890464782715	447.0
5058	0.7253563809485192	20.93450126329202	-15.062845230102539	447.0
5078	0.9280451181626824	20.36707375708252	-14.533153533935547	447.0
5098	1.3073274700352537	20.040410474316264	-14.57730770111084	447.0
5117	1.6447310945040783	19.300351180059657	-14.611013412475586	447.0
5137	2.0767977257040293	18.622981343718276	-14.590627670288086	447.0
5159	2.183108275878321	17.91939817282254	-14.085578918457031	449.0
5177	2.4290021026159723	17.31903080954838	-13.879585266113281	449.0
5195	2.928915910008989	16.733019708794686	-13.600844383239746	449.0
5214	3.2987026515522597	16.402232575293034	-13.313430786132812	449.0
5233	3.5956821015266875	15.82477653292491	-13.107278823852539	449.0
5254	3.732171801468446	15.172486887766647	-12.740373611450195	449.0
5272	4.176250500946889	14.797773471548156	-12.658126831054688	449.0
5292	4.47134601307842	14.216993266256166	-12.635956764221191	449.0
5312	4.920213636320552	13.864982735871717	-12.676119804382324	449.0
5331	5.343328684050732	13.634901204211452	-12.695548057556152	449.0
5358	5.488365274983778	13.439194542213183	-12.656438827514648	448.0
5369	5.631394441309249	12.882498261259496	-12.544449806213379	448.0
5394	5.772686920693394	12.526193104485259	-12.443050384521484	448.0
5409	6.066913941490094	12.220963535079106	-12.2796049118042	448.0
5430	6.186111201582204	11.905586062525867	-11.99311351776123	448.0
5448	6.30310317456791	11.901718895364034	-11.71574592590332	448.0
5466	6.464516173025506	11.899128241351324	-11.624153137207031	448.0
5485	6.533531309211984	11.632217607363524	-11.304800033569336	448.0
5505	6.522566649411487	11.485016920283718	-10.949329376220703	448.0
5525	6.47153209444397	11.415364046837244	-11.115406036376953	448.0
5545	6.397600739847498	11.42149072905544	-11.217216491699219	448.0
5564	6.863038545620236	11.405247003003181	-11.137051582336426	449.0
5584	6.847498253632707	11.408640291543335	-11.022568702697754	449.0
5604	6.827133071927495	11.143119633188455	-11.249126434326172	449.0
5623	6.827133071927495	11.143119633188455	-11.249126434326172	449.0
5642	6.874995173453223	10.845531780391758	-10.969221115112305	449.0
5662	6.695373567171962	11.143881883169133	-10.848098754882812	449.0
5680	6.557544443756057	11.278686469194414	-10.910287857055664	449.0
----------------출발----------------
5703	6.707179891660571	11.342467830487278	-10.840644836425781	449.0
5720	6.841241667061291	11.146770747248663	-11.023772239685059	449.0
5740	6.511203676330124	10.883053909889737	-11.364777565002441	449.0
5760	6.60957413939694	10.718039241713319	-11.560921669006348	450.0
5778	6.54997902703258	10.55497640280518	-11.4827880859375	450.0
5797	6.439444283914471	10.225842787429421	-11.827157974243164	450.0
5817	6.546227914136213	10.168057277729892	-11.517666816711426	450.0
5838	6.2865805566285315	10.382450075518147	-11.44628620147705	450.0
5856	6.0440010444523535	10.440574069788568	-11.456578254699707	450.0
5875	5.905099621066365	10.583175415593189	-11.323302268981934	450.0
5894	5.862251882813907	10.582475821221594	-11.22038459777832	450.0
5915	5.7801743208266725	10.400718321443104	-11.28629207611084	450.0
5933	5.903961686555631	10.06229738746697	-11.270769119262695	450.0
5954	6.028175082617128	10.211630755660483	-11.083943367004395	452.0
5975	5.841847262970476	10.200123320390192	-11.246500015258789	452.0
5995	5.938855548794749	10.250703386561566	-11.110115051269531	452.0
6012	6.003101129212901	10.349742597744337	-10.914082527160645	452.0
6031	5.8923604616365814	10.388334772394144	-11.011152267456055	452.0
6050	5.811925958712428	10.64238228256353	-11.056244850158691	452.0
6070	5.7897979265265604	10.5984032259898	-11.146599769592285	452.0
6090	5.874491515290892	10.71461534458171	-11.391311645507812	452.0
6109	5.883189159146638	10.767204279168858	-11.452325820922852	452.0
6128	5.8461003962665545	10.879621568555788	-11.56164836883545	452.0
6148	5.932789144166823	10.987131847286419	-11.603559494018555	452.0
6167	5.9640734109741365	11.203352429272638	-11.444474220275879	454.0
6186	6.10587075970318	11.500523288885285	-11.419605255126953	454.0
6206	6.155539928579411	11.561638436215457	-11.396484375	454.0
6224	6.22638538413684	11.893194233978692	-11.428579330444336	454.0
6245	6.151515061300365	12.117713128166704	-11.463363647460938	454.0
6264	6.206668111575468	12.237732554114093	-11.485723495483398	454.0
6286	6.529812927631624	12.369541321760918	-11.578948020935059	454.0
6304	6.4369964989421575	12.491108003420656	-11.922221183776855	454.0
6323	6.4369964989421575	12.491108003420656	-11.922221183776855	454.0
6342	6.418178640868617	12.58416098017847	-12.093466758728027	454.0
6363	6.457730492335628	12.6735867722358	-12.01152515411377	455.0
6380	6.610731099768072	12.82360332763074	-12.021903991699219	455.0
6400	6.781102343616319	12.966590840227576	-12.149141311645508	455.0
6420	6.884411422391535	13.232449325418614	-12.318473815917969	455.0
6439	6.919283108448794	13.426104719513388	-12.500017166137695	455.0
6460	6.9489678241193795	13.636152369598825	-12.726028442382812	455.0
6478	6.965856586566983	13.881114836432765	-12.709373474121094	455.0
6497	6.990979134897676	14.248153510483158	-12.967926025390625	455.0
6517	7.033188506269557	14.59836821559234	-13.064800262451172	455.0
6537	7.092599398729692	15.108938887293041	-13.127965927124023	455.0
6556	7.152503474188391	15.314852912698154	-13.24683952331543	455.0
6575	7.2721966717387705	15.666651133913506	-13.372831344604492	455.0
6594	7.172528532718391	15.988254968603538	-13.804688453674316	455.0
6616	7.002238880816582	16.40762288993653	-13.849358558654785	455.0
6634	7.255746622992987	16.956486580064933	-14.133810043334961	455.0
6654	7.263900317912756	17.26794181348938	-14.241554260253906	455.0
6673	7.161006070329311	17.5855612033659	-14.592452049255371	455.0
6692	7.002292628660443	17.816216028919385	-14.909933090209961	455.0
6712	7.110872157970331	18.10797524945118	-15.072150230407715	455.0
6731	7.204148302792126	18.317056456525165	-15.345272064208984	455.0
6751	7.5069629758657745	18.721658821708658	-15.540376663208008	455.0
6771	7.5989885790936	19.108480832904917	-15.838794708251953	456.0
6790	7.53387410595672	19.246053508722508	-16.156034469604492	456.0
6810	7.788169706843666	19.394061963022075	-16.521480560302734	456.0
6829	8.085120018710553	19.61195351195639	-16.73029899597168	456.0
6848	8.323750873520924	19.728122725860583	-17.050254821777344	456.0
6867	8.188454276779737	20.117741906990254	-17.1971378326416	456.0
6886	8.007613971458714	20.522595770693734	-17.3463077545166	456.0
6906	7.654036896698094	20.91702786563501	-17.430225372314453	456.0
6926	7.498347747724186	21.191245797363493	-17.68001937866211	456.0
6944	7.2435108163982855	21.41239721215486	-17.72098159790039	456.0
6966	7.010098349505358	21.71024245829895	-17.87324333190918	458.0
6983	7.010098349505358	21.71024245829895	-17.87324333190918	458.0
7003	6.696352825019327	21.682537226259257	-18.387609481811523	458.0
7023	6.761003030817117	22.044169697852084	-18.38321304321289	458.0
7043	6.746482164226771	22.40935237803864	-18.534912109375	458.0
7061	6.754998661986627	22.628374017324603	-18.760032653808594	458.0
7081	6.679578810127456	22.79224311109306	-18.923601150512695	458.0
7100	6.412780342499041	22.91229567561987	-18.942480087280273	458.0
7120	6.270087727391872	23.26726826371529	-19.067363739013672	458.0
7139	6.125595534356457	23.508164351150146	-19.32128143310547	458.0
7159	6.036144503730428	23.79121061757676	-19.470802307128906	456.0
7178	5.766396104772075	23.764489064058996	-19.93819808959961	456.0
7198	5.604004245993052	23.696840215438332	-20.378442764282227	456.0
7219	5.400853347067011	23.75210907834171	-20.44137191772461	456.0
7237	5.285507825359926	23.92384107492143	-20.511497497558594	456.0
7256	5.1886618626794405	23.880983483458344	-20.584184646606445	456.0
7276	5.168103106462203	23.853390460411248	-20.788415908813477	456.0
7306	4.920642735433474	23.938012260999713	-20.66194725036621	456.0
7318	4.881005481368009	24.005678590597576	-20.631441116333008	456.0
7334	4.631287576799144	24.04438542833959	-20.59336280822754	456.0
7353	4.1315160456218	24.16233917920511	-20.577980041503906	456.0
7374	3.764181721051262	24.053864436585485	-20.719417572021484	457.0
7393	3.2784593729994946	24.16506449285499	-20.55113983154297	457.0
7412	2.8423160858490033	24.286682682198467	-20.69428062438965	457.0
7431	2.347179152571293	24.14531254092006	-20.611370086669922	457.0
7454	2.270536921165158	24.11370998214826	-20.81917953491211	457.0
7470	2.0200947638887827	24.125586489409564	-20.63306999206543	457.0
7490	1.5204238548599638	24.194540216047688	-20.4395809173584	457.0
7510	1.1356354627445777	24.060132702287245	-20.41320037841797	457.0
7528	0.5879575285370523	24.025421731100234	-20.24806785583496	457.0
7548	0.3330910709567916	23.968231673124087	-20.313961029052734	457.0
7567	0.04877478893879467	23.80644628779466	-20.382709503173828	457.0
7587	-0.15935109590028726	23.783909319885762	-20.53350067138672	457.0
7606	-0.6842839165531093	23.687219555677842	-20.294845581054688	457.0
7626	-1.2933555628747486	23.525881133358777	-20.144359588623047	457.0
7645	-1.7142972568140715	23.447385640033488	-20.23725700378418	457.0
7664	-2.3021887031187207	23.24368895814064	-20.110929489135742	457.0
7686	-2.8019673814056025	23.065384249290844	-19.917858123779297	457.0
7706	-2.8019673814056025	23.065384249290844	-19.917858123779297	457.0
7723	-3.958377764912998	22.979703260170695	-19.91295623779297	457.0
7743	-3.958377764912998	22.979703260170695	-19.91295623779297	457.0
7763	-4.542129263732129	22.774139182383017	-19.822006225585938	457.0
7786	-4.8300105205188695	22.536426847339367	-19.885759353637695	457.0
7800	-5.330411143715875	22.554511883331095	-19.79815673828125	457.0
7820	-5.778744822690694	22.534225972924084	-19.65220069885254	457.0
7841	-5.806281690553028	22.561934870087896	-19.449970245361328	457.0
7860	-6.223766376355955	22.70341949159649	-19.258764266967773	457.0
7879	-6.676611071703217	22.64400277458543	-18.862934112548828	457.0
7898	-7.039071768392591	22.567299888838324	-18.52720069885254	457.0
7918	-7.475235013167214	22.463554053674237	-18.35089683532715	457.0
7938	-7.945501963150063	22.249303453375404	-18.087646484375	457.0
7957	-8.242250082537625	22.152942938553007	-18.02313232421875	456.0
7976	-8.877638455663257	21.936048775749153	-17.652502059936523	456.0
7996	-9.471900913010113	21.768329115517723	-17.51561737060547	456.0
8016	-9.879088421108753	21.65544028222579	-17.359010696411133	456.0
8034	-10.103704839114037	21.542515038757493	-16.93367576599121	456.0
8055	-10.279142740605979	21.627287125604063	-16.755889892578125	456.0
8074	-10.426737046639065	21.691113835445353	-16.300800323486328	456.0
8093	-10.794425218221104	21.651819990548567	-15.922895431518555	456.0
8112	-11.138229725906418	21.326572743258023	-15.494401931762695	456.0
8134	-11.16430992521009	21.12791094239224	-15.160762786865234	456.0
8153	-11.31193056088545	20.970150483545012	-14.682308197021484	457.0
8172	-11.338603066127467	20.984302450663215	-14.334615707397461	457.0
8191	-11.743219940853834	20.83150148653277	-14.097099304199219	457.0
8210	-12.16683895070414	20.568506171080863	-13.748086929321289	457.0
8229	-12.539948752267323	20.436473336707255	-13.423358917236328	457.0
8248	-12.666146943422643	20.33024308047607	-13.16763973236084	457.0
8269	-12.993590479254204	20.21218866221405	-12.895214080810547	457.0
8288	-13.314979048237266	20.115362207665957	-12.636846542358398	457.0
8308	-13.541861643489394	20.067827329749033	-12.585500717163086	457.0
8327	-13.82931522988242	19.62461270217879	-12.575298309326172	457.0
8344	-13.861536202110447	19.393860594382556	-12.670002937316895	457.0
8365	-13.831189821973972	19.20127101004494	-12.398159980773926	457.0
8384	-13.83523402096549	19.14576209145739	-12.146967887878418	457.0
8406	-13.83523402096549	19.14576209145739	-12.146967887878418	457.0
8423	-14.014753004170347	19.05197827410508	-11.113612174987793	457.0
8443	-14.014753004170347	19.05197827410508	-11.113612174987793	457.0
8464	-14.168180601386341	18.96742879986327	-10.795770645141602	457.0
8482	-14.252570764244748	18.75133610178345	-10.481940269470215	457.0
8501	-14.26325937489423	18.458411051245687	-10.284774780273438	457.0
8521	-14.267441169606249	18.504690046830866	-10.04065227508545	457.0
8540	-14.231847222256944	18.166877893542903	-9.825647354125977	457.0
8560	-14.256254041026214	18.028483085318012	-9.248449325561523	457.0
8578	-14.30265825802365	17.945686674999035	-9.25926685333252	457.0
8598	-14.185427065865563	17.82861990699704	-9.360213279724121	457.0
8617	-14.108991768234354	17.614214231962745	-9.002592086791992	457.0
8638	-14.19020181832643	17.446733539318323	-8.811429977416992	457.0
8657	-14.290614092811582	17.143033031239906	-8.422687530517578	457.0
8676	-14.29290899246327	16.806274704822197	-8.29185676574707	457.0
8696	-14.489371267543564	16.538013782506322	-8.041559219360352	457.0
8715	-14.596659578947554	16.35795268433097	-8.100584030151367	457.0
8734	-14.575001615577683	16.237777801266734	-7.764067649841309	457.0
8754	-14.499507008408344	16.1309348426487	-7.561898708343506	457.0
8775	-14.38129801683058	16.01172567539918	-7.532574653625488	457.0
8794	-14.326035706534181	15.931875664933896	-7.249235153198242	457.0
8813	-14.259827233472645	16.028490848512018	-7.027368545532227	457.0
8831	-14.280084481105582	15.880246700760171	-6.825345516204834	457.0
8854	-14.049120087640762	16.040173308277076	-6.936613082885742	457.0
8871	-14.054308057118462	15.968972672353999	-6.7502851486206055	457.0
8890	-14.075216310287729	15.9876599931812	-6.553155422210693	457.0
8909	-14.274956296316923	15.874948272290025	-6.361351013183594	457.0
8930	-14.401946918921857	15.822586828358496	-6.206584930419922	457.0
8948	-14.55169795003853	15.73605500518397	-5.924359321594238	457.0
8968	-14.461065262262382	15.72160220290649	-6.000971794128418	455.0
8988	-14.585820845445228	15.648379193514746	-5.839089870452881	455.0
9007	-14.609721311719682	15.545490822008484	-5.686654090881348	455.0
9026	-14.697171456763725	15.38977422291174	-5.627086162567139	455.0
9045	-14.812883830912615	15.171425191376315	-5.672702789306641	455.0
9065	-14.751193392103476	15.021005829558398	-5.6716766357421875	455.0
9084	-14.88368982175331	14.9046055540976	-5.575506210327148	455.0
9104	-14.984113665457537	14.822951037107698	-5.86515998840332	455.0
9124	-15.148617948795733	14.809987786476261	-5.7730793952941895	455.0
9144	-15.177053079850605	14.674274286428256	-5.666618347167969	455.0
9164	-15.177053079850605	14.674274286428256	-5.666618347167969	455.0
9182	-15.07905337128799	14.70980869674788	-5.4614667892456055	455.0
9201	-15.025453661809495	14.637394355325517	-5.492844104766846	455.0
9223	-15.181781075611767	14.603779371635904	-5.485499382019043	455.0
9244	-15.304498586365838	14.67406999558718	-5.604774475097656	455.0
9259	-15.132123158015359	14.41003598905875	-5.576146602630615	455.0
9279	-15.056722810494445	14.35322618957713	-5.424105644226074	455.0
9299	-15.085446052757288	14.10293733069526	-5.275363445281982	455.0
9318	-14.786891834544466	14.248531727288114	-5.043759346008301	455.0
9338	-14.697246684911104	13.909277649263332	-4.738197326660156	455.0
9357	-14.518957056021309	13.859162015397075	-4.590203762054443	453.0
9378	-14.320781885095213	13.773371838116203	-4.280600547790527	453.0
9396	-14.021248958869029	13.537801957616312	-4.246283531188965	453.0
9416	-14.036803874868898	13.509914644796655	-4.142731189727783	453.0
9436	-14.037090931669917	13.293203744085934	-4.18672513961792	453.0
9460	-13.90532029323026	13.4117965590257	-3.999075174331665	453.0
9474	-14.347786253070792	13.283871200552571	-3.860020875930786	453.0
9494	-14.422939675194574	13.472751976928032	-4.046256065368652	453.0
9512	-14.419490968872783	13.358346198373054	-3.95523738861084	453.0
9532	-14.295489671678078	13.309512989754284	-4.217780113220215	453.0
9552	-14.337464023755624	13.430734168203182	-4.071072578430176	453.0
9571	-14.234330061004469	13.38941723368453	-4.031676769256592	453.0
9592	-14.009227920355494	13.699802342339554	-3.811245918273926	453.0
9610	-14.086919620138284	13.534884537608363	-3.8033993244171143	453.0
9630	-13.71731808586866	13.53282996451833	-4.170652866363525	453.0
9649	-13.910148300539262	13.553008018258073	-4.2117509841918945	453.0
9668	-14.098894309290442	13.762890447208667	-3.9762051105499268	453.0
9688	-14.24479215161607	13.712469652661133	-3.667247772216797	453.0
9708	-14.265233963638543	13.80871333891449	-3.736253023147583	453.0
9727	-14.249669369110547	14.170845609686321	-4.079058647155762	453.0
9746	-14.187790605400238	14.100866410616531	-4.310855865478516	453.0
9765	-14.08728933600419	14.30841818357794	-4.486530303955078	453.0
9785	-14.078070713519276	14.501147065375518	-4.151023864746094	453.0
9804	-14.095620221172108	14.464598334565988	-4.047336101531982	453.0
9827	-14.152871642875242	14.379165614209933	-3.9549505710601807	453.0
9843	-14.152871642875242	14.379165614209933	-3.9549505710601807	453.0
9863	-14.068992065780517	14.62488438747846	-4.1172027587890625	453.0
9883	-14.09871950106552	14.657117027469221	-4.1849365234375	453.0
9901	-14.313394673265906	14.492165290313757	-4.111985206604004	453.0
9921	-14.410552646752883	14.552080659222971	-4.252292633056641	453.0
9942	-14.377844049897265	14.508885185720874	-4.0591139793396	453.0
9960	-14.458362304119989	14.657503190022297	-3.8534865379333496	451.0
9980	-14.224667532173822	14.777188197944776	-3.4353411197662354	451.0
9998	-14.000770844453442	14.910115254769016	-3.2674906253814697	451.0
10018	-13.833145880538272	15.172723733797065	-2.9801230430603027	451.0
10037	-13.829262700568389	15.19704589724307	-2.749694585800171	451.0
10058	-13.681192372199806	15.2754244530418	-2.6825308799743652	451.0
10077	-13.630652154885919	15.417010677956878	-2.5689432621002197	451.0
10097	-13.566512341414454	15.663528628565382	-2.8350954055786133	451.0
10116	-13.485794413582113	15.65048680928942	-2.875523567199707	451.0
10134	-13.509307878858621	15.910583526487613	-2.8210675716400146	451.0
10156	-13.681615669197711	15.959014193395427	-2.596071481704712	449.0
10174	-13.87184203371804	15.939520939024979	-2.365926742553711	449.0
10196	-13.626685582640516	15.805538167107942	-2.441382884979248	449.0
10213	-13.405870908189137	15.85695261918028	-2.131121873855591	449.0
10232	-13.376729141736375	15.65136840842022	-1.8816275596618652	449.0
10252	-13.124776304682802	15.611569533716029	-1.5720515251159668	449.0
10271	-12.867405313134633	15.652683102080536	-1.6715564727783203	449.0
10292	-12.573482160883053	15.564293532329765	-1.6191449165344238	449.0
10313	-12.380556837901336	15.572333450938629	-1.4221599102020264	449.0
10330	-12.007686336259733	15.474045919582682	-1.2698981761932373	449.0
10349	-11.722001140781323	15.573278753789054	-1.2227373123168945	449.0
10368	-11.614242285578817	15.40007233321703	-1.567431926727295	448.0
10389	-11.181820596190594	15.424117443623368	-1.6535429954528809	448.0
10407	-10.964107923204326	15.407928805578374	-1.5045063495635986	448.0
10427	-10.615321696590224	15.377093867904426	-0.8215086460113525	448.0
10447	-10.339364683349322	15.335036313077566	-0.23942160606384277	448.0
10465	-9.88275754707855	15.166400439427358	-0.027449369430541992	448.0
10485	-9.591062408049716	15.254768259488628	-0.252422571182251	448.0
10505	-9.254750682457457	15.05468742251614	-0.5622341632843018	448.0
10526	-8.99687831901965	15.059839637381568	-0.6463491916656494	448.0
10543	-8.99687831901965	15.059839637381568	-0.6463491916656494	448.0
10564	-8.862862042827825	14.97454476855233	-0.6948752403259277	447.0
10585	-8.775756053956297	14.79596229597025	-0.7830474376678467	447.0
10602	-8.494129346655317	14.662204222117515	-0.893404483795166	447.0
10621	-8.367115103525926	14.53853441765024	-0.9701590538024902	447.0
10646	-8.257711786054296	14.426495620754334	-0.7792911529541016	447.0
10659	-7.977552033121954	14.146884227227575	-0.6726279258728027	447.0
10680	-7.796009629365651	14.148990413368896	-0.5335037708282471	447.0
10698	-7.369073817911028	14.255159682852026	-0.45122385025024414	447.0
10718	-6.878766420904585	14.174299395888898	-0.3056929111480713	447.0
10739	-6.321869866658444	14.125207544252289	0.056507110595703125	447.0
10757	-5.915761256630794	14.080373823967888	0.5900681018829346	446.0
10777	-5.660247938981603	13.777991979357326	0.6802030801773071	446.0
10797	-5.072637578373004	13.886122458295798	0.7258362770080566	446.0
10815	-4.897929154163304	13.747351004395314	0.9116581678390503	446.0
10836	-4.369189558910025	13.559389755453614	1.1883533000946045	446.0
10855	-3.9992459689498188	13.178198869440486	1.0853850841522217	446.0
10874	-3.675147756263847	13.081232401711087	1.2114357948303223	446.0
10895	-3.394496161100964	13.109234822513217	1.138985514640808	446.0
10913	-3.1500150230995856	12.834311015417786	0.9498265385627747	446.0
10933	-2.532242372275871	12.81133973837693	1.0116124153137207	446.0
10953	-2.3634671087549393	12.56055119645035	1.062524437904358	448.0
10972	-1.820082919480018	12.54295702219629	1.0995208024978638	448.0
10991	-1.5339487702683237	12.570658840148319	1.194530963897705	448.0
11012	-1.1702270091813602	12.398540123022546	1.3479100465774536	448.0
11030	-0.9146096701323795	12.359213172810923	1.2487177848815918	448.0
11049	-0.6592479434233449	11.987194721348846	1.4642510414123535	448.0
11068	-0.502959716383447	11.729510285541592	1.167601227760315	448.0
11088	-0.14726654290545918	11.534072525735287	1.0891402959823608	448.0
11107	0.16386163582631452	11.37122764963712	1.3055520057678223	448.0
11133	0.5546312058742908	10.986723447187334	1.6202797889709473	448.0
11147	0.7789118114668534	10.691957569407554	1.5795928239822388	448.0
11166	0.9584156589189677	10.55778861653426	1.4838403463363647	446.0
11185	1.4325005347525586	10.28654959509789	1.673749327659607	446.0
11204	1.8781579924913667	10.107396927729024	1.6496117115020752	446.0
11225	2.330838552406099	10.059714643978793	1.8992199897766113	446.0
11244	2.593384122966281	9.97519889255003	2.1190006732940674	446.0
11264	2.987276276417423	9.881024756621317	2.0971827507019043	446.0
11282	2.987276276417423	9.881024756621317	2.0971827507019043	446.0
11302	3.1690783815805346	9.706740827466675	1.8900507688522339	446.0
11322	3.6022343557965453	9.653219957212563	1.9025182723999023	446.0
11341	4.141248640761315	9.327664586354093	2.09196138381958	446.0
11363	4.440122598775898	8.966630701324625	1.9041228294372559	446.0
11380	4.777960683295088	8.611995957579888	1.7803623676300049	446.0
11399	5.041410503583119	8.539345581290968	1.7697690725326538	446.0
11419	5.265723323862061	8.310539574458346	1.54752779006958	446.0
11438	5.416483983645674	8.138917979752163	1.4491214752197266	446.0
11457	5.559128815135266	7.909209396168539	1.612130880355835	446.0
11477	5.670671283247516	7.712523323177464	1.5649772882461548	446.0
11497	5.736679170365322	7.8703807156152275	1.5402058362960815	446.0
11517	5.8551826988804	7.917322150346502	1.7470072507858276	446.0
11536	5.9053866599033356	7.9453114017916535	2.045213222503662	446.0
11555	6.132974236029592	7.85843857905825	1.9748167991638184	449.0
11575	6.3606916401865	7.815462087376728	2.0216588973999023	449.0
11594	6.568240517637684	7.631322462965154	2.1599555015563965	449.0
11613	6.892314749964582	7.573666381800483	2.016563892364502	449.0
11633	7.171916497212515	7.371714783167254	2.037614583969116	449.0
11652	7.38140343392269	7.259871037810509	2.1676814556121826	449.0
11672	7.497735551733101	7.242543027375764	2.260049819946289	449.0
11691	7.715683240917647	7.100499438231205	2.0657033920288086	449.0
11710	7.720449319878942	6.860653281383521	2.1471028327941895	449.0
11731	7.944951870911763	6.669700784638043	2.1187853813171387	449.0
11749	8.274915552958484	6.697171239077403	2.168489933013916	449.0
11769	8.59182457562097	6.710088643795688	2.2769322395324707	452.0
11789	8.618155279768592	6.6431018944571685	2.325765371322632	452.0
11807	8.793288707546603	6.352188915487065	2.09940767288208	452.0
11826	9.052198359522116	6.103693437452784	1.871222972869873	452.0
11849	9.183224983870353	5.938007179539618	1.9666547775268555	452.0
11866	9.558719607071655	5.857589379473918	1.890032410621643	452.0
11886	9.70026062749953	5.743720081116209	1.8195936679840088	452.0
11904	9.823522349157912	5.57374726324159	1.7280809879302979	452.0
11924	10.052022082288913	5.490267572041441	1.491797924041748	452.0
11945	10.16485496550462	5.453958946494799	1.236915111541748	452.0
11963	10.5287673276248	5.518906289697877	0.893783450126648	456.0
11984	10.639313387697236	5.5318044547900564	0.817009449005127	456.0
12003	10.639313387697236	5.5318044547900564	0.817009449005127	456.0
12022	10.954619825955092	5.618923735514517	0.7603654861450195	456.0
12042	11.122785151741539	5.567500849335426	0.4422447681427002	456.0
12060	11.217573998917521	5.663819530848641	0.3980816602706909	456.0
12079	11.351573455981729	5.465650108468254	0.17979946732521057	456.0
12100	11.203787741411405	5.390764056282909	0.018796801567077637	456.0
12120	11.467390247855873	5.402201778222256	-0.19117265939712524	456.0
12138	11.490087093615854	5.529585315532777	-0.09903120994567871	456.0
12158	11.433902072924788	5.625770439098479	-0.43712663650512695	459.0
12177	11.489983435325817	5.6450695978220935	-0.7471649646759033	459.0
12197	11.41158086882054	5.679503631983862	-0.7669241428375244	459.0
12217	11.347277281000522	5.713899301782802	-1.0314393043518066	459.0
12238	11.346880853656575	5.756128993813651	-1.3198368549346924	459.0
12256	11.536822489763953	5.870541553061479	-1.476691722869873	459.0
12276	11.404448247776365	6.002940508997377	-1.55218505859375	459.0
12294	11.135712347738115	5.983715645288967	-1.906276822090149	459.0
12314	10.94317910545164	5.758800631205546	-1.952003836631775	459.0
12333	10.661333885188379	5.861588836445858	-2.0223031044006348	459.0
12353	10.369388086218416	5.906358046614637	-2.2272112369537354	459.0
12372	10.109381575801931	5.863483923878851	-2.399393081665039	461.0
12391	9.83215730789366	5.96622444292718	-2.5319111347198486	461.0
12410	9.396891199394721	6.125617314663985	-2.659891128540039	461.0
12431	9.235950034675895	6.072169192047193	-3.007072925567627	461.0
12451	9.070397236742231	5.904063083923359	-3.1270976066589355	461.0
12470	9.155987173738058	6.066885247995462	-3.2620441913604736	461.0
12488	9.151515645791202	6.259137058559416	-3.51875638961792	461.0
12507	9.097637645957965	6.3412174156005685	-3.557901382446289	461.0
12527	8.964829144916415	6.303744688494526	-3.979285717010498	461.0
12549	8.911423324436216	6.3098289710654845	-4.140199184417725	461.0
12568	8.69672542965132	6.234167067784803	-4.145749568939209	463.0
12588	8.363724555209822	6.240855423393468	-4.372793674468994	463.0
12605	8.21674961563479	6.542538290881377	-4.3565216064453125	463.0
12624	7.895283012332553	6.5920491354237605	-4.691492080688477	463.0
12644	7.611938217242595	6.331122533432069	-4.789668083190918	463.0
12664	7.352217110698394	6.28714987265045	-4.958317279815674	463.0
12686	7.192613407004873	6.518282768676007	-4.752326011657715	463.0
12704	7.192613407004873	6.518282768676007	-4.752326011657715	463.0
12722	6.942468540857056	6.668113478614312	-4.839470386505127	463.0
12741	6.74504516528687	6.877117364553737	-5.055687427520752	463.0
12760	6.584859008515507	7.052554073391889	-4.948132514953613	464.0
12780	6.202174241728159	7.0716381025945685	-5.014624118804932	464.0
12799	5.936333227106401	7.244932856549848	-5.0487823486328125	464.0
12821	5.711014529138656	7.427381559552621	-5.238600254058838	464.0
12838	5.37621139948708	7.52729742758219	-5.484250545501709	464.0
12857	5.3208013563539724	7.58752027096268	-5.5577616691589355	464.0
12877	5.245173194759498	7.7588243462190745	-5.338596343994141	464.0
12897	5.160941680334025	7.9156215070952225	-5.453214168548584	464.0
12921	5.178399915131732	7.961095472724666	-5.5309882164001465	464.0
12938	5.0460966288325295	8.130724111963568	-5.6105828285217285	464.0
12955	5.01976109852287	8.167998867580756	-5.625910758972168	467.0
12975	4.865344923898193	8.264512717440264	-5.4643235206604	467.0
12995	4.798513676345334	8.44068993969283	-5.137927055358887	467.0
13014	4.6091332199344714	8.475030772574808	-5.278310298919678	467.0
13034	4.3610591522107285	8.555153363065715	-5.499546527862549	467.0
13054	4.323004340022889	8.592804422977176	-5.470817565917969	467.0
13072	4.299168201292424	8.824394836671592	-5.314422607421875	467.0
13092	4.235189415689985	8.975371297059937	-5.257461071014404	467.0
13111	4.173509242396487	9.265656764327458	-5.380226135253906	467.0
13131	4.25316315846178	9.395478133248146	-5.638651371002197	467.0
13154	4.36954689009214	9.440442668718367	-5.879217147827148	467.0
13172	4.172530660673038	9.588835021383616	-5.911623477935791	469.0
13190	4.146935037361573	9.614229360972656	-5.768855094909668	469.0
13208	3.90346646210913	10.025122770124412	-5.796682834625244	469.0
13228	3.6807575330568576	9.9972584428294	-5.936176776885986	469.0
13247	3.6631468644923784	10.126732256518057	-5.923624515533447	469.0
13267	3.686831110477998	10.03647404204299	-6.043177604675293	469.0
13286	3.702383461102955	10.135254320953043	-5.928155899047852	469.0
13307	3.7333661242660288	10.332747447546142	-5.732078552246094	469.0
13324	3.806149107757916	10.416505320972277	-5.627555847167969	469.0
13345	3.7035368722444595	10.68266821445253	-5.663363933563232	469.0
13365	3.772079748262624	10.503969729739737	-5.563426494598389	469.0
13384	3.7590232160626544	10.606485314550605	-5.511681079864502	469.0
13404	3.7590232160626544	10.606485314550605	-5.511681079864502	469.0
13423	3.5883241104869676	10.695059391461283	-5.746316909790039	469.0
13442	3.5883241104869676	10.695059391461283	-5.746316909790039	469.0
13462	3.5873936211199147	10.663162849293371	-5.81240177154541	469.0
13480	3.4912264005071867	10.632833475586388	-6.015749454498291	469.0
13499	3.339285697168551	10.81767827639526	-5.916600227355957	469.0
13519	3.2608156762980456	10.874745715597616	-6.057120323181152	469.0
13542	3.3222655725141133	11.018026812136386	-6.245856761932373	469.0
13558	3.2487701165551224	11.045712067940151	-6.380843639373779	469.0
13577	3.158673839579334	11.205274445691968	-6.829998016357422	469.0
13597	3.049834787375684	11.292694455223677	-6.965085029602051	469.0
13617	2.8022288529203596	11.47479424852806	-7.100844383239746	469.0
13637	2.594329980055849	11.627970249954679	-7.198826789855957	469.0
13655	2.478899227251901	11.645813094321571	-7.553351879119873	469.0
13675	2.216503216366471	11.66770902067648	-7.923088073730469	469.0
13695	1.9459926057158545	11.608093312301838	-8.157343864440918	469.0
13714	1.6661743985022162	11.551533174321031	-8.521925926208496	469.0
13734	1.6643175731442055	11.443980258068885	-8.753545761108398	469.0
13754	1.6642436332316544	11.24380492380924	-8.947033882141113	466.0
13775	1.4716768967031952	11.068786427785897	-9.034730911254883	466.0
13792	1.4315403216166724	10.980594803832807	-9.271383285522461	466.0
13812	1.3396019046957215	10.854337241856959	-9.348518371582031	466.0
13831	1.2321092255585557	10.880063202054616	-9.394303321838379	466.0
13850	1.1830762626321976	10.916002628106774	-9.397235870361328	466.0
13871	1.2191490244631076	10.965467174747403	-9.542462348937988	466.0
13893	1.1553374856624812	10.886495943517113	-9.639609336853027	466.0
13909	0.9564399322669047	10.807107485669846	-9.544950485229492	466.0
13928	1.02326772585923	10.80450455069191	-9.573318481445312	466.0
13947	0.8699035166386916	10.804416741172334	-9.406208038330078	466.0
13967	0.9162530394371469	10.836149506844723	-9.693303108215332	463.0
13986	0.9456239385505422	10.678801650132822	-9.71883487701416	463.0
14006	0.7300508234335816	10.52021647579091	-9.916893005371094	463.0
14028	0.6185113652019032	10.566119550975513	-9.962478637695312	463.0
14044	0.43831464016564875	10.4762326185503	-10.184282302856445	463.0
14064	0.3452100628129319	10.53502517024208	-10.325828552246094	463.0
14084	0.049808753134370526	10.56644831703203	-10.397720336914062	463.0
14104	-0.059535861356904286	10.415022591698872	-10.623035430908203	463.0
14126	-0.059535861356904286	10.415022591698872	-10.623035430908203	463.0
14142	-0.3620839093307932	10.229360603782515	-10.32917308807373	463.0
14161	-0.3620839093307932	10.229360603782515	-10.32917308807373	464.0
14181	-0.2449992755147791	9.99853723729107	-10.459308624267578	464.0
14200	-0.33613155778927495	9.785334870926649	-10.521761894226074	464.0
14220	-0.48599954859669475	9.587501060390366	-10.284616470336914	464.0
14241	-0.6457708568943777	9.582701534404338	-10.314199447631836	464.0
14258	-0.7719937926447281	9.595326820584841	-10.424696922302246	464.0
14278	-0.9421037696077255	9.670202445884819	-10.541926383972168	464.0
14297	-1.0455090376007137	9.625853684493313	-10.660277366638184	464.0
14317	-1.1527071357012184	9.662834698308759	-10.532090187072754	464.0
14337	-1.4032621554665474	9.794865667649848	-10.481143951416016	464.0
14356	-1.4065033952457362	9.756970379004036	-10.042795181274414	465.0
14375	-1.6098660115983572	9.952100432695651	-9.949223518371582	465.0
14397	-1.8958235082823511	9.795503042549708	-9.77499008178711	465.0
14414	-1.964924004502291	9.63277934644609	-9.540538787841797	465.0
14433	-1.9984943438604763	9.538443014147274	-9.367635726928711	465.0
14453	-1.9769958771648453	9.568726533853319	-9.192408561706543	465.0
14472	-2.075753978957492	9.446285957631575	-9.11376667022705	465.0
14492	-2.0369409244626633	9.31191207720675	-8.830462455749512	465.0
14512	-2.012169614891486	9.52220800465433	-8.734272956848145	465.0
14531	-1.9944470091713025	9.639166863401293	-8.59197998046875	465.0
14551	-1.7973147638164817	9.784414957428247	-8.387735366821289	465.0
14570	-1.831548476036401	9.98502170850235	-8.361725807189941	465.0
14590	-1.9545044546491765	10.14033048026059	-8.121939659118652	465.0
14609	-1.9977754837634447	10.38214128754843	-7.846514701843262	465.0
14630	-1.9757982036861548	10.63622755423343	-7.887197971343994	465.0
14648	-2.0401813003169065	10.845414826196832	-7.8096022605896	465.0
14668	-1.9807977440643454	10.929784325791529	-7.918558120727539	465.0
14686	-1.7529138705263982	11.017366600253727	-7.556238174438477	465.0
14705	-1.757754548934258	11.230529452596828	-7.257234573364258	465.0
14726	-1.5605074581048965	11.541932978148552	-7.088075637817383	465.0
14744	-1.4254777268145886	11.682486326432489	-7.047057151794434	465.0
14765	-1.3200409126681774	11.77588630945513	-7.143484592437744	463.0
14784	-1.0222858366587337	11.980634518552373	-6.8206281661987305	463.0
14804	-0.7776359606944215	12.14341945174659	-6.557668685913086	463.0
14824	-0.5449121108510783	12.37255047332938	-6.3044891357421875	463.0
14846	-0.5059628379245913	12.703436604909792	-6.204980373382568	463.0
14861	-0.5059628379245913	12.703436604909792	-6.204980373382568	463.0
14881	-0.1552817025969359	13.064301755474526	-6.194659233093262	463.0
14900	0.02808878117494737	13.102796469072642	-5.995670318603516	463.0
14920	0.32580976063861217	13.302515396171803	-5.909018039703369	463.0
14940	0.38729518229329296	13.63112385590649	-5.863931655883789	463.0
14960	0.41739577783014387	13.881400013692073	-6.1045660972595215	465.0
14978	0.5871236418025613	14.11538352355619	-6.3096418380737305	465.0
14998	0.7118311461434722	14.318121341921355	-6.3586883544921875	465.0
15017	0.9011686566500245	14.457859600877313	-6.468144416809082	465.0
15037	1.0292714306126811	14.71712828713544	-6.2375898361206055	465.0
15056	0.8613022309599258	14.920863724149655	-6.206791400909424	465.0
15076	0.8546708042776097	15.25730021935497	-5.994718074798584	465.0
15096	1.0128399361512344	15.481622464866621	-5.663052558898926	465.0
15114	1.1638873604731508	15.734428539201074	-5.380674839019775	465.0
15134	1.3950293022313174	15.939525717762734	-5.384838104248047	465.0
15153	1.545682123063108	16.295526945725825	-5.268502235412598	467.0
15173	1.547646944127297	16.721245750528407	-5.057782173156738	467.0
15194	1.4885684871696219	16.899576374514695	-5.17588996887207	467.0
15215	1.7567154944829177	17.17750431583678	-5.114396095275879	467.0
15232	1.6204484174044698	17.36138570537457	-5.210174560546875	467.0
15251	1.721561319435286	17.606034286345515	-5.336724281311035	467.0
15271	1.9050848992951557	17.772115219203073	-5.515827655792236	467.0
15290	1.8625197017872677	18.159127737805353	-5.684563636779785	467.0
15310	1.9177304958894474	18.38052322869028	-5.949825286865234	467.0
15329	2.051643153188338	18.610754187671844	-6.303681373596191	467.0
15348	2.222103700596703	19.05856883992494	-6.522172927856445	467.0
15368	2.1681290337466086	19.445411239466488	-6.35194206237793	469.0
15387	2.546034417723069	19.98416680806664	-6.505886077880859	469.0
15406	2.518179603680543	20.38887327477557	-6.378717422485352	469.0
15429	2.2855593846712665	20.782972248806875	-6.2290873527526855	469.0
15445	2.223294493700992	21.042781260157515	-6.0704193115234375	469.0
15465	2.1295778334864477	21.507741119347497	-6.049252510070801	469.0
15484	2.0672628488596754	22.02261194225887	-6.038886070251465	469.0
15504	1.9278754252404475	22.426196555538503	-6.146235466003418	469.0
15524	2.0947841489328667	23.075285802878074	-6.4437456130981445	469.0
15543	2.0947841489328667	23.075285802878074	-6.4437456130981445	469.0
15562	2.0719686402318827	23.42571266982892	-6.313180923461914	469.0
15581	2.1715942340218493	23.969122788801247	-6.353572845458984	469.0
15601	2.399859636863362	24.52575438890149	-6.628561019897461	469.0
15620	2.5949660169034248	25.20727270844931	-6.8296709060668945	469.0
15641	2.6260807334716056	25.614209577126502	-7.204317092895508	469.0
15659	2.8712017313439993	26.087549596525555	-7.429713249206543	469.0
15680	3.2246960720796998	26.59860091794083	-7.277523040771484	469.0
15698	3.2962111498981157	26.922642361496713	-7.529506683349609	469.0
15718	3.4506927398842286	27.49293754361095	-7.617607116699219	469.0
15737	3.5872253748491154	27.997523538941785	-7.811923980712891	469.0
15756	3.63428967752521	28.4709651605151	-7.62113094329834	467.0
15781	3.559042181344384	28.976787273887485	-7.473102569580078	467.0
15799	3.530631371981332	29.645138496529864	-7.448990821838379	467.0
15815	3.5789940329343457	30.04084399795935	-7.470407962799072	467.0
15834	3.3703802152257554	30.515704430103565	-7.802764892578125	467.0
15853	3.2922479946098337	30.94420708501076	-7.646101951599121	467.0
15874	3.1107574112244403	31.159967888790725	-7.665838241577148	467.0
15893	3.0876919923072252	31.691027340705986	-7.787233352661133	467.0
15916	3.0518091899740796	32.070843750441384	-7.837469100952148	467.0
15934	2.899790228529136	32.337268492772836	-8.003046035766602	467.0
15952	2.7788231197558795	32.424161522807054	-7.954654216766357	464.0
15971	2.4676236117067014	32.906784799034064	-8.01904296875	464.0
15990	2.3941228719849597	33.07151635720106	-8.188111305236816	464.0
16010	2.393425309316559	33.42080859913463	-8.663972854614258	464.0
16031	2.188589341766107	34.02747550076436	-8.963334083557129	464.0
16049	1.9342259756685836	34.11454555860709	-8.8474702835083	464.0
16068	1.8099661596125183	34.493497218849534	-8.831193923950195	464.0
16088	1.5191485808761787	34.750807501042004	-8.626958847045898	464.0
16108	1.4088052533149604	35.11127545433668	-8.710556030273438	464.0
16125	1.389338072282638	35.15067703391658	-8.901287078857422	464.0
16145	1.289982679670582	35.3673110048326	-8.88355827331543	464.0
16165	1.0267996621628783	35.45312758635829	-8.817699432373047	463.0
16184	0.8113048801607543	35.52530943534274	-8.771214485168457	463.0
16204	0.8113048801607543	35.52530943534274	-8.771214485168457	463.0
16225	0.24093116815625742	35.83709844538049	-8.661931037902832	463.0
16243	0.24093116815625742	35.83709844538049	-8.661931037902832	463.0
16267	-0.006834730571511342	36.247572139130796	-8.674003601074219	463.0
16281	-0.006834730571511342	36.247572139130796	-8.674003601074219	463.0
16301	-0.27198502344487147	36.166686097953445	-8.607183456420898	463.0
16320	-0.5408537088546629	36.15096213772848	-8.766827583312988	463.0
16340	-0.8697143914666444	36.17169354368895	-8.97760009765625	463.0
16359	-1.0222024845318742	36.19911082227897	-9.177596092224121	464.0
16379	-1.1184180596343267	36.26711498193043	-9.298870086669922	464.0
16398	-1.0877472800372445	36.47328441595549	-9.454883575439453	464.0
16418	-1.1140878378166998	36.38254048132831	-9.376012802124023	464.0
16437	-1.1083457628615454	36.21219268654129	-9.116093635559082	464.0
16457	-1.1778146394627576	36.435315717210635	-9.18996524810791	464.0
16477	-1.1177625792768744	36.425950180972514	-9.287145614624023	464.0
16496	-0.8524189784462259	36.3786906849056	-9.248588562011719	464.0
16515	-0.7686195386387061	36.40779132099247	-9.258133888244629	464.0
16535	-0.8570227537875617	36.38637510013515	-9.460128784179688	464.0
16555	-0.8965910252174449	36.18602141163964	-9.603449821472168	463.0
16573	-0.98239043403058	36.19785386011739	-9.702066421508789	463.0
16593	-0.892831717098339	36.46303713261327	-10.091232299804688	463.0
16612	-0.8692544413382768	36.308792384469776	-10.054051399230957	463.0
16632	-1.0069431301414082	36.25275634539666	-9.876625061035156	463.0
16651	-1.150660940624629	36.34028290017809	-9.729437828063965	463.0
16671	-1.067608048328925	36.19187091334588	-9.423401832580566	463.0
16689	-1.027117600545115	36.03267327064217	-9.448323249816895	463.0
16710	-0.9971894727924034	35.87761743683923	-9.409215927124023	463.0
16729	-0.9828489180046762	35.87794468050806	-9.54036808013916	463.0
16751	-0.9183927356694146	35.624204150423886	-9.187950134277344	463.0
16767	-0.9576884955770347	35.663977743882434	-9.236888885498047	463.0
16787	-0.9030010729006802	35.64036990493583	-9.279929161071777	463.0
16807	-0.7414747276049892	35.409052203171214	-9.431175231933594	463.0
16826	-0.8441898751900444	35.269471790921386	-9.469654083251953	463.0
16845	-0.7286660047866151	35.118643052127055	-9.275912284851074	463.0
16865	-0.5489836916531711	35.08037028865168	-9.155294418334961	463.0
16885	-0.48742880545666545	34.83854895775476	-9.036076545715332	463.0
16904	-0.5636317424221456	34.79226543161444	-8.934564590454102	463.0
16924	-0.4296004373255359	34.62885216112929	-8.917817115783691	463.0
16943	-0.4296004373255359	34.62885216112929	-8.917817115783691	463.0
16963	-0.3770029179973895	34.45765514424306	-9.240138053894043	463.0
16981	-0.32562469326733573	34.37190750262143	-9.537311553955078	463.0
17004	-0.1587132254518849	34.210867164887325	-9.753028869628906	463.0
17021	-0.11896734011180148	34.07044339141455	-9.62375259399414	463.0
17040	-0.17644705519529935	33.97635811275624	-9.45584487915039	463.0
17060	-0.12148867473970464	33.8731602197011	-9.184985160827637	463.0
17078	0.06390996190694503	33.66032831983858	-9.241053581237793	463.0
17098	0.11787455912846714	33.379510641643115	-9.264771461486816	463.0
17119	0.2944686616687762	33.21320914515875	-9.386295318603516	463.0
17137	0.4392806974082326	33.01894597345507	-9.211806297302246	463.0
17157	0.43582352704439364	32.92641088929575	-9.220589637756348	463.0
17178	0.3420442059611702	32.685149705018055	-9.513172149658203	463.0
17196	0.40433397986095665	32.557239681252184	-9.476895332336426	463.0
17216	0.35837171901804954	32.387183236373914	-9.5804443359375	463.0
17236	0.3510713493607919	32.190756129979334	-9.670509338378906	463.0
17255	0.33622584382907994	31.96412149580143	-9.56221866607666	463.0
17274	0.23711511037991034	31.67792434644648	-9.375282287597656	463.0
17294	0.1327360847024657	31.50364930112411	-9.462934494018555	463.0
17312	0.28974362558768035	31.392978195870896	-9.580709457397461	463.0
17333	0.3657067890483816	31.3906556258813	-9.368789672851562	463.0
17351	0.4311562973327013	31.04006547063581	-9.232168197631836	465.0
17371	0.6128134970253233	30.89412248233455	-9.268034934997559	465.0
17391	0.6709215793373555	30.73475615294692	-9.167807579040527	465.0
17410	0.8679706208429405	30.740791283680146	-9.17719841003418	465.0
17430	0.8209277780150587	30.75883145826436	-9.203329086303711	465.0
17449	0.7882821525812154	30.61822602298685	-9.156087875366211	465.0
17469	0.8608126770988895	30.389480500960232	-9.027921676635742	465.0
17487	0.912246351786919	30.086354108894756	-8.904336929321289	465.0
17507	0.8690006799489547	29.898483373079415	-9.101119041442871	465.0
17526	0.7748268262013153	29.813335346066022	-8.985315322875977	465.0
17545	0.7087396128887351	29.848036536235384	-9.013036727905273	465.0
17565	0.8237883751459092	29.648136874874975	-8.976753234863281	465.0
17585	1.2285245190963148	29.44037396725868	-8.808185577392578	465.0
17607	1.4488993627088	29.384770422619592	-8.713775634765625	465.0
17624	1.4488993627088	29.384770422619592	-8.713775634765625	465.0
17644	1.8252294690472672	29.172139720549808	-8.85237979888916	465.0
17663	1.7996296578587891	29.14103911688829	-8.677850723266602	465.0
17684	1.7996296578587891	29.14103911688829	-8.677850723266602	465.0
17712	2.0830139761461925	28.90823653566296	-8.584065437316895	465.0
17722	2.225406809200854	28.73193124301654	-8.541801452636719	465.0
17740	2.1298769765929593	28.523652684085874	-8.472704887390137	465.0
17760	2.222848261458798	28.386012144556915	-8.605306625366211	465.0
17780	2.4262884480851854	28.30599485790353	-8.429597854614258	465.0
17799	2.5474122471921086	28.339489774790415	-8.313384056091309	465.0
17818	2.641902577720375	28.371551913037383	-8.108806610107422	465.0
17838	2.903096990023779	28.298822972513356	-8.093154907226562	465.0
17856	3.085199424342618	28.13386009296081	-7.983022689819336	465.0
17876	3.223413995945233	27.935669006608656	-8.03527545928955	465.0
17896	3.289351831641374	27.89395430650087	-7.970766067504883	465.0
17915	3.092768358498007	27.909287787239577	-7.918434143066406	465.0
17935	2.8616598643378235	27.691443050902915	-7.984048843383789	465.0
17955	2.8158270147666142	27.46910143673434	-8.141654968261719	465.0
17974	2.394123544843733	27.179795075721167	-8.303199768066406	465.0
17993	2.4225013853068247	27.11664755974369	-8.28055477142334	465.0
18012	2.47385388940723	27.127190955896864	-8.365670204162598	465.0
18032	2.4004843144426	26.88563981894024	-8.169904708862305	465.0
18052	2.5475247976549604	26.818450998581774	-8.119622230529785	465.0
18076	2.768551731057436	26.71661961111002	-7.932200908660889	465.0
18091	2.716960682348576	26.57736406467936	-7.877802848815918	465.0
18111	2.6063775439733714	26.49436811820365	-7.537476062774658	465.0
18129	2.6960231376668498	26.409242349444774	-7.542972087860107	465.0
18149	2.6926921223796225	26.352049256139836	-7.586716651916504	465.0
18168	2.5124864757949044	26.165213942538738	-7.427539825439453	466.0
18188	2.437698123679374	26.312086878312904	-7.348560333251953	466.0
18208	2.359568660206488	26.223172656322664	-7.3116774559021	466.0
18226	2.136386161508808	26.1291437155063	-7.250731468200684	466.0
18246	2.3409643523437005	26.19038079655426	-7.393476963043213	466.0
18266	2.2162647588408912	26.171064456975575	-7.607787609100342	466.0
18286	2.519389476249103	26.223129540139247	-7.565737724304199	466.0
18304	2.460913227620692	26.17420762105642	-7.478004455566406	466.0
18324	2.460913227620692	26.17420762105642	-7.478004455566406	466.0
18344	2.4033491862369805	26.219718809953946	-7.463086128234863	466.0
18363	2.2483402942886315	25.953368340173334	-7.469378471374512	465.0
18383	2.240915291542786	25.990946783304196	-7.485941410064697	465.0
18402	2.3832954901011747	26.00827154454324	-7.592559337615967	465.0
18421	2.373839272101977	25.98399517300232	-7.100872039794922	465.0
18441	2.4743058152664585	25.886444428361493	-6.972753524780273	465.0
18460	2.33743417626077	25.886533649240537	-6.9360857009887695	465.0
18482	2.5821826557846537	25.857854280695964	-6.784740447998047	465.0
18499	2.65232186786342	25.88917639179303	-6.723174571990967	465.0
18518	2.9851974651824533	26.215018725235428	-6.824423313140869	465.0
18538	3.0199102159304547	26.149262149348218	-6.68481969833374	465.0
18557	2.931112230914451	26.20653612019708	-6.388454437255859	466.0
18576	2.98921585332825	26.41428039679938	-6.65267276763916	466.0
18597	3.1584236814032214	26.47062684663772	-6.688092231750488	466.0
18615	2.9409821752992555	26.446480850333753	-6.764451026916504	466.0
18635	2.846913585010663	26.53207541776031	-7.068093299865723	466.0
18654	3.1775182917423694	26.592974180168277	-7.271737098693848	466.0
18680	3.2020546204314093	26.429547550751572	-7.133622169494629	466.0
18693	2.992090213882835	26.713550399434077	-7.17665958404541	466.0
18713	2.783945388867564	26.703362833440234	-7.18516731262207	466.0
18733	2.696930840626178	26.698270826808002	-7.016759395599365	466.0
18752	2.4631029935291133	26.85570350586507	-7.119602203369141	466.0
18772	2.5293509898837687	26.78783445433153	-7.234497547149658	466.0
18793	2.518650936419837	26.76995084711972	-7.179684638977051	466.0
----------------도착----------------
18810	2.3291518504252817	26.78084540416963	-7.016395568847656	466.0
18829	2.006222870944067	26.82718972746645	-7.156289577484131	466.0
18849	2.1192860740784636	26.592110866378476	-7.27908992767334	466.0
18869	2.356140117348646	26.498502071997812	-7.370688438415527	466.0
18887	2.3024558324360593	26.3673583113521	-7.352542400360107	466.0
18907	2.446643075697359	26.374303812983563	-7.3924407958984375	466.0
18927	2.440736151749062	26.441555706482188	-7.307555198669434	466.0
18946	2.547178665538255	26.48079564134617	-7.346892356872559	466.0
18965	2.3081355330102395	26.54160352483413	-7.6297454833984375	465.0
18985	2.2469402620225187	26.52627954832006	-7.541363716125488	465.0
19004	2.2544987753291186	26.589832220037575	-7.3732099533081055	465.0
19024	2.40746404385893	26.803994250110126	-7.423995018005371	465.0
19044	2.560622930156475	26.925549236058714	-7.5115203857421875	465.0
19063	2.6560136795115024	26.88829723807216	-7.490562438964844	465.0
19083	2.6560136795115024	26.88829723807216	-7.490562438964844	465.0
19102	2.885414807426954	26.90579754463943	-7.458724021911621	465.0
19121	2.6555777272942405	26.9174755743506	-7.463492393493652	465.0
19143	2.8606827263642325	26.851633070303837	-7.303842544555664	465.0
19160	3.0309622330774655	27.058900412798238	-7.3899335861206055	467.0
19179	2.968064870581911	27.06671781869827	-7.6095380783081055	467.0
19199	2.854951439704063	26.938479611274598	-7.645437240600586	467.0
19218	2.654680240318264	26.767706966854313	-7.525322914123535	467.0
19237	2.5319538502204884	26.59415742452373	-7.389113426208496	467.0
19259	2.291211288017909	26.451798253817532	-7.507349014282227	467.0
19277	2.545178876305022	26.25068488500193	-7.351596832275391	467.0
19297	2.6742755036965327	26.31924004240583	-7.441118240356445	467.0
19316	2.7702407518385637	26.178808752152374	-7.520619869232178	467.0
19335	2.8658995180426023	26.069625768948637	-7.579429626464844	467.0
19354	2.9146842283725607	26.023304784044555	-7.325264930725098	468.0
19374	3.0871561921405903	25.80012382435262	-7.370987415313721	468.0
19394	3.003254930045709	25.71374364010232	-7.456691741943359	468.0
19413	3.3239234894355123	25.557352183776203	-7.448498249053955	468.0
19432	3.370371670138468	25.549192871435068	-7.5943779945373535	468.0
19452	3.2744154810806303	25.33858810977143	-7.4897966384887695	468.0
19472	3.3744591803897754	25.159700407533194	-7.480005264282227	468.0
19493	3.4012598518282657	24.984167176395562	-7.377529621124268	468.0
19510	3.4812132763044157	24.86632320169808	-7.587753772735596	468.0
19530	3.4972469930486954	25.004203900546027	-7.51369047164917	468.0
19550	3.6114596037851916	24.94372190390323	-7.642721176147461	468.0
19569	3.7055574020249185	25.154280544042553	-7.778903961181641	469.0
19588	3.7834679725135834	25.19979684737887	-7.720292091369629	469.0
19611	3.833925252823732	25.13704353805611	-7.643975257873535	469.0
19627	3.915526972600159	25.07343340633626	-7.457790851593018	469.0
19647	3.9796621900542064	25.27197030775184	-7.583426475524902	469.0
19666	3.920832671371697	25.243563764114356	-7.507033348083496	469.0
19685	3.842916284652892	25.29601955076505	-7.649787902832031	469.0
19704	3.8549818615173854	25.34708317481116	-7.622004508972168	469.0
19725	3.9762082889247288	25.20440900714313	-7.575506210327148	469.0
19743	3.8771128515656668	25.079131609679862	-7.5610761642456055	469.0
19762	3.8771128515656668	25.079131609679862	-7.5610761642456055	470.0
19783	3.809257227979929	25.195760553807446	-7.556802272796631	470.0
19803	3.809257227979929	25.195760553807446	-7.556802272796631	470.0
19821	3.8968177774118278	25.236774736634914	-7.647357940673828	470.0
19851	4.049590824563798	25.284707471080093	-7.810617446899414	470.0
19860	4.117764506431908	25.22578245507223	-7.880108833312988	470.0
19879	4.152082248183031	25.1941444220157	-7.7681884765625	470.0
19899	3.935752642353097	25.111154463366965	-7.5322675704956055	470.0
19919	3.81591814626371	25.121837359697224	-7.4028706550598145	470.0
19938	3.619059784810102	25.199996214326863	-7.413875102996826	470.0
19958	3.5936258763670264	25.15675893850199	-7.56899356842041	473.0
19977	3.584281594457498	25.120855071548252	-7.555731773376465	473.0
19996	3.258582015163793	25.035790618337735	-7.633115768432617	473.0
20016	3.1315988135967934	25.091025291001106	-7.452663898468018	473.0
20036	3.122117610725616	25.21294436275795	-7.434261322021484	473.0
20055	3.1243268732416802	25.52398695966707	-7.33552360534668	473.0
20074	3.322726871694722	25.742029502500085	-7.383138656616211	473.0
20095	3.423674281098867	25.716267647353106	-7.310256004333496	473.0
20113	3.333944309341171	25.764319377680266	-7.420170307159424	473.0
20132	3.3838806220829323	25.808307886845245	-7.270421981811523	473.0
20152	3.4906511357917	25.908427875759745	-6.897301197052002	473.0
20171	3.726927880195522	25.856581908567918	-6.844233512878418	470.0
20192	3.7011587633224	25.809786934809036	-6.981895446777344	470.0
20214	3.7579440085089653	25.60035276196846	-7.03934907913208	470.0
20230	3.781752596025193	25.680467541351863	-7.084282875061035	470.0
20250	3.8348559262865733	25.576840105821265	-7.213067054748535	470.0
20269	3.75536572106044	25.58795007004523	-7.390212059020996	470.0
20289	3.614596710154129	25.358948316776473	-7.407341003417969	470.0
20308	3.5523746557703797	25.300370524066256	-7.644301891326904	470.0
20329	3.247013400831511	25.21364825964171	-7.849666595458984	470.0
20350	3.1215126824275523	25.209499965435295	-7.660182952880859	470.0
20366	3.074837614174693	25.21373373575983	-7.539165019989014	473.0
20385	2.9854561746824757	25.23154239993487	-7.42215633392334	473.0
20406	3.3446274391981734	25.338071120900658	-7.088552951812744	473.0
20424	3.498611986185879	25.354494378710214	-6.615863800048828	473.0
20445	3.8210815593477405	25.4271754055801	-6.497303009033203	473.0
20464	3.989394363065287	25.4691199707384	-6.453325271606445	473.0
20484	4.12493780725197	25.480358433056338	-6.6130876541137695	473.0
20504	4.418973258086905	25.528102570324734	-6.693059921264648	473.0
20522	4.418973258086905	25.528102570324734	-6.693059921264648	473.0
20541	4.3044681391697575	25.722396523920313	-6.608711242675781	473.0
20560	4.537591325461552	25.435979786622806	-6.402390480041504	473.0
20579	4.421662194797915	25.451847419799698	-6.671863555908203	473.0
20599	4.423023263633218	25.4624670604437	-6.894007682800293	473.0
20619	4.260599045592197	25.31197696675385	-6.836896896362305	473.0
20638	4.247964643246586	25.238428748918462	-6.745814323425293	473.0
20658	4.437902895885963	25.017311046266705	-6.487948417663574	473.0
20677	4.6416716843233345	24.87499709739803	-6.401334762573242	473.0
20696	4.716925816631135	24.65952958114626	-6.14341926574707	473.0
20715	4.546512885676156	24.6872421960834	-6.285068511962891	473.0
20736	4.596759193382594	24.46294097836674	-6.282257556915283	473.0
20755	4.615809550709243	24.095316813475534	-6.303642749786377	471.0
20775	4.799973056008576	24.224523964650743	-6.155043125152588	471.0
20794	4.956221127747375	24.092792268641343	-6.039187431335449	471.0
20814	4.972026546842493	24.177602348703676	-5.847245693206787	471.0
20834	5.030862813677778	24.122172224246363	-5.696835517883301	471.0
20852	5.315583704842467	24.019890304478743	-5.560079574584961	471.0
20872	5.430036628548187	23.69375008846316	-5.263988494873047	471.0
20892	5.742873325069835	23.43019716102495	-5.344283103942871	471.0
20911	6.188465196383602	23.3004985806142	-5.196305274963379	471.0
20933	6.527195747193231	22.898824255070007	-5.226564407348633	471.0
20950	6.764124472278564	22.874626315818222	-4.982556343078613	471.0
20969	7.127712979690572	22.68964382908298	-4.789527893066406	469.0
20988	7.364242015395447	22.585321384428443	-4.68494987487793	469.0
21008	7.580808101620672	22.402257110323077	-4.60752534866333	469.0
21029	8.000475677405612	22.314737501379184	-4.846644401550293	469.0
21047	8.121091931769444	22.371965666380436	-4.722530841827393	469.0
21067	8.221449408282838	22.33085786867827	-4.4637131690979	469.0
21085	8.110129638680508	22.2586768242593	-4.445239543914795	469.0
21104	8.074032529855822	21.929550363953968	-4.342098236083984	469.0
21125	8.206924696227695	21.7607229256738	-4.2936553955078125	469.0
21145	8.030914396083897	21.60728467105333	-4.197475433349609	469.0
21163	7.926208863122312	21.554740516229558	-4.0357866287231445	466.0
21183	7.926208863122312	21.554740516229558	-4.0357866287231445	466.0
21202	7.675667110705328	21.393326334811974	-3.6603314876556396	466.0
21222	7.571197436828517	21.211679469547516	-3.548892021179199	466.0
21242	7.686207508778259	21.211064131878906	-3.5288233757019043	466.0
21261	7.7459803706927906	21.035072163464417	-3.3915483951568604	466.0
21281	7.867706562176465	21.038882317145617	-3.2399189472198486	466.0
21299	7.671829721530415	20.997388054529733	-3.3001017570495605	466.0
21319	7.5739291372544795	20.696603376948158	-3.264065742492676	466.0
21338	7.449025830111822	20.478623546544398	-3.666074752807617	466.0
21358	7.57945790756653	20.54510467132682	-3.922037124633789	466.0
21377	7.350888824239258	20.297555860533336	-3.746816873550415	466.0
21400	6.928146311211311	20.066411303823752	-3.78139328956604	466.0
21418	6.935708347555752	19.790259207358265	-3.9094502925872803	466.0
