9	-4.1831870306499885	-13.116631399364433	-7.342883110046387	453.0
31	-4.257780437290716	-13.230755346255375	-7.64682149887085	453.0
48	-4.1633320313409286	-13.275150098740076	-7.5905327796936035	453.0
67	-4.151954989904619	-13.378032160123642	-7.655426979064941	453.0
87	-4.134105816030744	-13.35545749409925	-7.478115081787109	453.0
107	-3.9998324472614506	-13.25600529022554	-7.457533836364746	456.0
127	-3.8402164620647654	-13.181465392490558	-7.294886112213135	456.0
146	-3.6648575445250753	-13.143695532751705	-7.32337760925293	456.0
165	-3.5017979985912913	-13.056758621633975	-7.035523414611816	456.0
184	-3.5017979985912913	-13.056758621633975	-7.035523414611816	456.0
206	-3.65257103462739	-12.991699850035843	-7.141757965087891	456.0
224	-3.732051110893501	-12.875584963164762	-7.140748023986816	456.0
244	-3.732051110893501	-12.875584963164762	-7.140748023986816	456.0
262	-3.766559195352333	-12.647779040446913	-7.193347930908203	456.0
281	-3.6374219746562133	-12.678243041446267	-7.182126522064209	456.0
301	-3.7502615715890117	-12.664966473077264	-7.409089088439941	457.0
322	-3.7821561499252843	-12.70043664548969	-7.4038543701171875	457.0
341	-3.8732845908287388	-12.697029296322242	-7.409711837768555	457.0
360	-3.7246750945632123	-12.820299750918156	-7.344722747802734	457.0
381	-3.6157385326747145	-12.791884445046426	-7.276813507080078	457.0
398	-3.7826864362114794	-12.807366528475358	-7.242730617523193	457.0
418	-3.838725843817385	-13.028606475613346	-7.17536735534668	457.0
438	-3.853102622675092	-12.992886490069969	-7.226980209350586	457.0
457	-3.7671109115007275	-13.142805015613595	-6.927328586578369	457.0
477	-3.7565715710465586	-13.250336961526894	-6.9837541580200195	457.0
496	-3.700065291704696	-13.34814598294478	-7.22524881362915	457.0
515	-3.7520590523121413	-13.298006165527735	-7.06313419342041	457.0
535	-3.7085902349321067	-13.230395913010696	-7.18891716003418	457.0
555	-3.5681178710720802	-13.271829882968651	-7.324930191040039	457.0
574	-3.647386705671928	-13.201991728291416	-7.495841979980469	457.0
594	-3.764028105480214	-13.307608066351342	-7.2581048011779785	457.0
615	-3.8199767592976377	-13.343670515304625	-7.241526126861572	457.0
633	-3.8715557987762104	-13.206237163912625	-7.041899681091309	457.0
652	-3.85822324148393	-13.143376881332792	-7.0576982498168945	457.0
671	-3.7567834269788642	-13.083946066413521	-7.274270057678223	457.0
691	-3.580408400027014	-13.06213476757274	-7.202853679656982	455.0
709	-3.6519513737045943	-13.026136987772748	-7.12883186340332	455.0
730	-3.445514142071893	-13.098989012597857	-7.02945613861084	455.0
749	-3.4482504998201016	-13.171644191089388	-7.2391862869262695	455.0
768	-3.4500499735801324	-13.364012423674142	-7.108187198638916	455.0
787	-3.4052402161246733	-13.495483291350434	-7.25994873046875	455.0
807	-3.5041269914609585	-13.545980036693079	-7.203394889831543	455.0
827	-3.7863255504717324	-13.402966936055911	-7.0747833251953125	455.0
846	-4.056899833068086	-13.530232743342262	-7.092469215393066	455.0
866	-4.049379016379655	-13.47631654189209	-7.178034782409668	455.0
885	-4.236060487902745	-13.424866692834662	-7.082088470458984	455.0
905	-4.18314391874309	-13.335642098258132	-6.7970476150512695	455.0
925	-4.147171448382466	-13.08921751979588	-6.876537322998047	455.0
943	-4.147171448382466	-13.08921751979588	-6.876537322998047	455.0
975	-4.1667376761897135	-13.070050083573397	-6.729107856750488	455.0
983	-4.157763091520272	-13.071612389221679	-6.705146789550781	455.0
1002	-4.098587102685361	-13.044733390294313	-7.036569118499756	455.0
1021	-4.214168371609615	-12.786256766557676	-7.1945390701293945	455.0
1041	-4.356137719503775	-12.782184590248068	-7.445062637329102	455.0
1060	-4.47177828380744	-12.653500320797066	-7.664076328277588	455.0
1079	-4.422949910682902	-12.741258802785891	-7.612766265869141	455.0
1100	-4.407541277890284	-12.744696034393266	-7.506474018096924	455.0
1118	-4.378726728452416	-12.597183900566638	-7.412741661071777	455.0
1137	-4.473973071978411	-12.413094120125821	-7.586952209472656	455.0
1157	-4.313093615822867	-12.286138132485465	-7.517157554626465	455.0
1177	-4.329182964213318	-12.411439293370133	-7.370607376098633	455.0
1196	-3.9833768272971644	-12.285813839425419	-7.078977584838867	455.0
1216	-3.907395713736171	-12.391865982202376	-6.9482269287109375	455.0
1235	-4.206511457045916	-12.424587004136052	-7.138369560241699	455.0
1255	-4.303866363269859	-12.527893087912343	-7.163936614990234	455.0
1274	-4.368219516657653	-12.690559083349768	-7.332897186279297	455.0
1293	-4.213989459839528	-12.7920508233058	-7.203396797180176	458.0
1313	-4.244251120655736	-12.996780752492533	-7.264605522155762	458.0
1333	-4.192524726689137	-12.93256979494411	-7.219488143920898	458.0
1354	-4.374097216558145	-12.887943872219761	-7.313085556030273	458.0
1371	-4.326687513359236	-12.861440181934675	-7.283835411071777	458.0
1391	-4.165158243326249	-12.67773422977933	-7.186824798583984	458.0
1411	-4.1503239640588205	-12.756004357227079	-7.202376842498779	458.0
1430	-4.115425825460169	-12.792282635348519	-7.361220836639404	458.0
1451	-4.197836246782716	-12.65082458225176	-7.528196811676025	458.0
1469	-4.3113475343090455	-12.608236665306569	-7.367907524108887	458.0
1488	-4.564758712774917	-12.414286614833891	-7.567155838012695	458.0
1508	-4.605152183600728	-12.629626002101855	-7.566166877746582	459.0
1528	-4.750136742298971	-12.658179854682546	-7.5867695808410645	459.0
1547	-4.794832808648637	-12.734844544402394	-7.702592849731445	459.0
1566	-4.93399739364796	-12.418725319844247	-7.7451629638671875	459.0
1586	-4.893202465050885	-12.25865933462044	-7.903234481811523	459.0
1606	-4.851128378360435	-12.116136646297866	-7.9744367599487305	459.0
1625	-4.892545608568575	-12.26897161839738	-8.079444885253906	459.0
1646	-4.741647560256081	-12.50404956230069	-7.8322343826293945	459.0
1665	-4.741647560256081	-12.50404956230069	-7.8322343826293945	459.0
1682	-4.669645070943458	-12.533485427676272	-7.732810974121094	459.0
1702	-4.649406279601018	-12.638561984233416	-7.8620524406433105	460.0
1721	-4.608467575555351	-12.65762666161996	-7.873117446899414	460.0
1740	-4.537971801477972	-12.605125906896024	-8.238771438598633	460.0
1760	-4.4540159524091285	-12.367933458059456	-8.319034576416016	460.0
1780	-4.6237625252186225	-12.340626947785383	-8.212236404418945	460.0
1799	-4.523024918473569	-11.975933201400487	-7.987486839294434	460.0
1818	-4.313623640756642	-12.057104685753771	-7.947343826293945	460.0
1838	-4.075100818247088	-12.07903362335487	-7.823307514190674	460.0
1858	-3.8417972503930073	-11.795839139964349	-7.665116786956787	460.0
1877	-3.8864533670731185	-11.783014976921214	-7.531342506408691	460.0
1897	-3.86733967072453	-11.985610790263292	-7.492762088775635	461.0
1916	-4.05939602533386	-12.088962276047015	-7.514182090759277	461.0
1935	-3.8913403863218963	-12.152100985534705	-7.660761833190918	461.0
1956	-3.881060718783612	-12.389991221788753	-8.03667163848877	461.0
1975	-4.019138733075584	-12.428037786044628	-8.21169662475586	461.0
1993	-4.175030672820087	-12.37314805300079	-8.26624584197998	461.0
2013	-4.454285648879026	-12.632137663299222	-8.188831329345703	461.0
2034	-4.337464502456743	-12.65953185111813	-8.306344985961914	461.0
2055	-4.442752284359873	-12.427089306232485	-8.262784004211426	461.0
2072	-4.21350514118122	-12.363466474656455	-8.379015922546387	461.0
2091	-4.34378307213568	-12.398134479351938	-8.327228546142578	461.0
2112	-4.18801248025965	-12.145249211141117	-8.28131103515625	461.0
2130	-4.249417055001023	-11.93855253904692	-8.04037094116211	461.0
2150	-4.230633093860588	-12.097385781215525	-7.914971828460693	461.0
2168	-4.156503922346862	-12.17945990901455	-7.887941837310791	461.0
2190	-4.258648745712462	-12.307711653333747	-7.687390327453613	461.0
2207	-4.107779474076298	-12.404791212137008	-7.3376617431640625	461.0
2227	-4.308845965958481	-12.293828837686112	-7.201328754425049	461.0
2248	-4.23364456589751	-12.160566256950633	-7.187983989715576	461.0
2266	-4.458713917258721	-12.438768021365222	-6.942370414733887	461.0
2285	-4.317387545709608	-12.43509482294556	-7.072010517120361	461.0
2307	-4.34762837925386	-12.527294083248824	-7.28437614440918	462.0
2340	-4.310458258466875	-12.462422732625598	-7.1060967445373535	462.0
2344	-4.302788083547773	-12.112253954937481	-7.146777153015137	462.0
2365	-4.302788083547773	-12.112253954937481	-7.146777153015137	462.0
2384	-4.232672627397167	-12.259565787684176	-7.243546485900879	462.0
2406	-4.233205421538665	-12.287283647484145	-7.292591094970703	462.0
2423	-4.106318875361047	-12.32499790829583	-7.3227691650390625	462.0
2441	-4.1729235853570765	-12.258924300726845	-7.5293169021606445	462.0
2461	-4.237928520088918	-12.305404876014551	-7.566188335418701	462.0
2480	-4.265420242967107	-12.237536752647063	-7.438656330108643	462.0
2500	-4.315500624468452	-12.250249497125683	-7.48051118850708	463.0
2519	-4.325806820610323	-12.55311734125474	-7.339478969573975	463.0
2538	-4.478202592054225	-12.608871534792476	-7.119582653045654	463.0
2559	-4.505693281831807	-12.91326340468504	-7.173619747161865	463.0
2577	-4.471667532133455	-13.125165440088036	-7.168723106384277	463.0
2596	-4.472897655785003	-12.88434107817281	-7.234226226806641	463.0
2618	-4.545912582938085	-12.899577380843768	-7.3890156745910645	463.0
2635	-4.5976226317585835	-12.908629898746018	-7.2244038581848145	463.0
2655	-4.457508561486393	-12.9486500203513	-7.220277786254883	463.0
2675	-4.408588061896018	-12.884260397742246	-7.105947494506836	463.0
2693	-4.419275360587826	-12.696681628804347	-7.318298816680908	465.0
2715	-4.421282885812533	-12.354119620872961	-7.300958633422852	465.0
2733	-4.523985018315631	-12.113422634929135	-7.491108417510986	465.0
2752	-4.502860475256374	-12.124129604280458	-7.566527366638184	465.0
2773	-4.419044648672527	-12.059171203584606	-7.337515830993652	465.0
2792	-4.461509236771796	-11.820067980393768	-7.171756744384766	465.0
2811	-4.663572564222266	-11.863610087614921	-7.19270658493042	465.0
2831	-4.726923633721185	-11.985577529354671	-7.267876625061035	465.0
2850	-4.758384533102764	-12.14920596293947	-7.074152946472168	465.0
2872	-4.809058440286414	-12.237455142849557	-7.1772541999816895	465.0
2892	-4.915308609331502	-12.054417662519391	-7.442692756652832	467.0
2908	-5.042770109781833	-11.955241123523523	-7.728140354156494	467.0
2928	-4.9976499970593125	-11.725403460520155	-8.015795707702637	467.0
2948	-5.017347014412513	-12.07587518226199	-8.249159812927246	467.0
2966	-4.690484703364226	-12.052176603925071	-7.915937423706055	467.0
2986	-4.730174646197924	-12.174643459697604	-7.510042190551758	467.0
3006	-4.733524733220452	-12.247212391825556	-7.396976470947266	467.0
3025	-4.559462251137025	-12.122505858203317	-7.037021636962891	467.0
3047	-4.429408508320382	-12.190002524043868	-7.011659622192383	467.0
3065	-4.091051370633788	-12.08014523443681	-7.074216842651367	467.0
3085	-4.091051370633788	-12.08014523443681	-7.074216842651367	467.0
3103	-3.8772845861535474	-12.047825595037311	-7.143829345703125	469.0
3125	-3.7096174318364494	-11.936758660567913	-7.133601188659668	469.0
3146	-3.819605301769759	-12.013015496289812	-7.134402275085449	469.0
3162	-3.754856510047963	-12.092785737268661	-7.31076192855835	469.0
3180	-3.760712362946349	-11.959271976993172	-7.46769905090332	469.0
3200	-3.8430754647423924	-12.085268489518652	-7.600854873657227	469.0
3219	-3.8226428290262127	-11.985264815066218	-7.435755729675293	469.0
3241	-3.962832455126868	-12.08712234494521	-7.314510822296143	469.0
3259	-4.09674223738817	-12.258125886970792	-7.341648101806641	469.0
3278	-4.028833726717368	-12.085817701847853	-7.222646713256836	469.0
3298	-4.0193300852497105	-12.25183876581746	-7.1184186935424805	472.0
3317	-3.9697474785905205	-12.149935928841968	-7.079015731811523	472.0
3336	-3.9243021756722296	-12.311610016027817	-7.0934600830078125	472.0
3355	-3.9102814146363456	-12.316444125594586	-7.132131576538086	472.0
3375	-4.035835265545419	-12.268224051565177	-7.160424709320068	472.0
3395	-3.941323970682388	-12.315778615433048	-7.215475559234619	472.0
3414	-3.9947039762584025	-12.3002526693987	-7.085161209106445	472.0
3434	-4.041637754975048	-12.374405806143086	-7.24469518661499	472.0
3453	-4.028340605676789	-12.219996477014908	-7.456742286682129	472.0
3472	-3.8932971195351995	-12.164573078633106	-7.501869201660156	472.0
3493	-3.9441700830670867	-12.154760929177863	-7.617817401885986	475.0
3512	-3.95598962022942	-12.140659654494977	-7.714371681213379	475.0
3530	-3.867355852340603	-12.174385893428896	-7.727732181549072	475.0
3550	-3.9590260802896142	-12.055226648204865	-7.935276031494141	475.0
3569	-3.968017238958262	-11.886532130149545	-8.221768379211426	475.0
3589	-3.9808075739979465	-11.877313666630142	-8.221960067749023	475.0
3608	-3.9035269374388206	-11.791214782581326	-7.996998310089111	475.0
3629	-4.046563344237083	-11.901548317502902	-7.8549418449401855	475.0
3648	-3.9975046872272526	-11.685087916970907	-7.716864585876465	475.0
3667	-4.110838535144153	-11.7419469430199	-7.7188262939453125	475.0
3686	-4.026689739735134	-11.772574868882755	-7.805137634277344	475.0
3705	-4.235625916167961	-11.667806086317716	-7.756863594055176	478.0
3728	-4.274970491869518	-11.794867364936625	-7.753410339355469	478.0
3745	-4.322493408805733	-11.842426155172534	-7.55580997467041	478.0
3766	-4.393169246430828	-11.918503623242323	-7.567502975463867	478.0
3784	-4.393169246430828	-11.918503623242323	-7.567502975463867	478.0
3804	-4.36797515603649	-11.800101508165149	-7.579013824462891	478.0
3822	-4.450379195307257	-11.951010067072543	-7.666316509246826	478.0
3842	-4.407912566685488	-11.919918540429626	-7.627172470092773	478.0
3861	-4.530449588621813	-12.10234000887029	-7.8110737800598145	478.0
3894	-4.45788410250048	-12.318179174809124	-7.828731536865234	478.0
3900	-4.442204285623679	-12.479074891120606	-7.596884727478027	480.0
3920	-4.556503578803232	-12.564510111076263	-7.767364501953125	480.0
3939	-4.49500380764397	-12.739030042658245	-7.976494312286377	480.0
3960	-4.470186132232795	-12.908427848818576	-8.130975723266602	480.0
3978	-4.282842092894967	-13.011848092990938	-8.111959457397461	480.0
3996	-4.283307795885118	-12.85588568848624	-8.065566062927246	480.0
4017	-4.353481194890493	-12.700795959226383	-7.740842819213867	480.0
4037	-4.378497881657417	-12.823751195625666	-7.589667797088623	480.0
4056	-4.431797680012145	-12.822150041775444	-7.551938056945801	480.0
4079	-4.272459039760009	-12.711525147119495	-7.530766010284424	480.0
4094	-4.22826708231104	-12.56503454052351	-7.524596691131592	480.0
4114	-4.466977515230936	-12.34946008644129	-7.416080951690674	480.0
4134	-4.505232248217797	-12.130673846021114	-7.616420745849609	480.0
4153	-4.5975546728762895	-12.225264290387244	-7.798089504241943	480.0
4173	-4.578460555956694	-12.535443263189332	-7.821122646331787	480.0
4191	-4.191381194552071	-12.239494265342127	-7.688876152038574	480.0
4211	-4.146193266355465	-12.151916559096376	-7.7595319747924805	480.0
4231	-4.420997550733468	-12.255822138897795	-7.637616157531738	480.0
4251	-4.5755963924320655	-12.420635075098579	-7.54120397567749	480.0
----------------출발----------------
4269	-4.311240592821116	-12.537012510658611	-7.652335166931152	480.0
4289	-4.362814306445296	-12.641308828311423	-7.274845600128174	481.0
4309	-4.369226389794197	-12.621208711023833	-7.235840320587158	481.0
4329	-4.398259969061535	-12.525217160862013	-7.257018089294434	481.0
4348	-4.493351663010875	-12.651056281378928	-7.439497947692871	481.0
4367	-4.3116341461753755	-12.573610078051106	-7.5254082679748535	481.0
4386	-4.139611135585206	-12.4860064595049	-7.867109298706055	481.0
4405	-4.23879047036409	-12.405553466010314	-7.7537407875061035	481.0
4425	-4.412444891710078	-12.539246162899566	-7.328132629394531	481.0
4444	-4.412444891710078	-12.539246162899566	-7.328132629394531	481.0
4465	-4.1756473710617605	-12.679202222684065	-7.1842145919799805	481.0
4485	-4.1756473710617605	-12.679202222684065	-7.1842145919799805	481.0
4503	-4.199784227958545	-12.545626288638372	-7.285799026489258	481.0
4523	-4.298856147038705	-12.530672023138175	-7.48989200592041	481.0
4541	-4.307177976378315	-12.588679194189773	-7.661747932434082	481.0
4561	-4.3477572212231195	-12.599993011711614	-7.715826511383057	481.0
4583	-4.276236799131289	-12.61124846515047	-7.691074848175049	481.0
4599	-4.235739432923457	-12.592705616125722	-7.750244140625	481.0
4619	-4.079948361897475	-12.486166920536451	-7.495104789733887	481.0
4639	-4.312250469016919	-12.528993201250449	-7.371984004974365	481.0
4658	-4.096418650359132	-12.436151435998148	-7.542389869689941	481.0
4677	-4.108572492383605	-12.17189746686512	-7.727819442749023	481.0
4697	-4.1090449659729416	-12.142365534627688	-7.7455267906188965	481.0
4716	-3.963348588836976	-12.2278451414834	-7.6199140548706055	481.0
4737	-3.9306157006036377	-12.063774651212531	-7.6052422523498535	481.0
4756	-3.950793911975496	-11.998596384155872	-7.850780963897705	481.0
4776	-4.314084433082068	-12.019600875968864	-8.042373657226562	481.0
4794	-4.2150806055023144	-12.18018157194846	-8.19699478149414	481.0
4814	-4.404039183983607	-12.163617802553357	-8.112526893615723	481.0
4834	-4.426366256819331	-12.178332915907099	-7.970272064208984	481.0
4853	-4.3929939138610745	-11.984737532622114	-7.936945915222168	481.0
4872	-4.551037166415376	-11.93614926676093	-7.899590015411377	481.0
4892	-4.503615726234828	-12.035843820088555	-8.174610137939453	481.0
4912	-4.488907641522687	-12.111936668596345	-8.164253234863281	481.0
4931	-4.257300720897909	-11.987549897683403	-8.131041526794434	481.0
4951	-4.205061504389133	-11.982339636277237	-8.046455383300781	481.0
4970	-4.251126779162755	-12.100619365623265	-8.233328819274902	481.0
4989	-4.089377694548691	-12.164496889120361	-7.867133140563965	481.0
5008	-4.003389713735575	-12.384696763847842	-7.967113494873047	481.0
5028	-3.7880997070410345	-12.303352232054669	-8.164898872375488	481.0
5048	-3.829947282528554	-12.512998870278102	-7.923245906829834	481.0
5067	-4.107429123330218	-12.497765279520292	-7.982899188995361	481.0
5085	-4.319195034032687	-12.562670757479966	-8.226539611816406	481.0
5105	-4.6029793676597475	-12.494262972166219	-8.394622802734375	480.0
5125	-4.670276055557359	-12.60247778169515	-8.399328231811523	480.0
5144	-4.791980328342842	-12.714431443218158	-8.483317375183105	480.0
5165	-4.9169411392958455	-12.677166985831725	-8.430447578430176	480.0
5184	-4.8230223548342055	-12.661595336984853	-8.310670852661133	480.0
5203	-4.8230223548342055	-12.661595336984853	-8.310670852661133	480.0
5223	-4.831173822970933	-12.456733911217272	-8.471823692321777	480.0
5242	-4.61858990516644	-12.445866771459375	-8.340564727783203	480.0
5261	-4.399065985674173	-12.406753074219782	-8.283548355102539	480.0
5282	-4.163962591658921	-12.497526297069173	-8.12405014038086	480.0
5299	-4.3111654141161235	-12.158183255387344	-8.029598236083984	478.0
5319	-4.563219632516765	-12.103177707648987	-8.394838333129883	478.0
5339	-4.699919848463613	-11.950165586831798	-8.531648635864258	478.0
5358	-4.695364773775119	-12.057881355714787	-8.559086799621582	478.0
5378	-4.881538177147183	-12.024253047555067	-8.60515308380127	478.0
5398	-5.079517320915085	-11.9981182473611	-8.673543930053711	478.0
5417	-5.139666640182001	-12.08448810921022	-8.720417976379395	478.0
5436	-5.213184801848502	-11.73538265269248	-9.14019775390625	478.0
5456	-5.148368510744035	-11.637578545567923	-9.233964920043945	478.0
5475	-5.163937961722166	-11.829307870160712	-8.954909324645996	478.0
5495	-4.710986189023998	-12.103190232453892	-8.939079284667969	476.0
5515	-4.370372769506984	-12.213150989556627	-9.132469177246094	476.0
5533	-4.358903399120744	-12.452422624258531	-8.93367862701416	476.0
5555	-4.331291139225926	-12.333097065793211	-9.133617401123047	476.0
5573	-4.203569439680504	-12.195024323209173	-9.331735610961914	476.0
5592	-4.423884944628712	-12.181081950099433	-9.395881652832031	476.0
5612	-4.591046856779353	-12.07058395844546	-9.598884582519531	476.0
5630	-4.84664814778851	-12.00953764965973	-9.750391006469727	476.0
5651	-4.8579719867157065	-11.855701934223273	-9.70545768737793	476.0
5671	-5.023748246630951	-11.909885963164449	-9.42678451538086	476.0
5689	-5.099944504927884	-11.797780254130618	-9.585013389587402	476.0
5708	-4.960102944762735	-11.924817959836536	-9.457077980041504	476.0
5727	-4.850956866932682	-11.979243426756465	-9.438347816467285	476.0
5750	-4.650179425723594	-11.981650267275072	-9.437642097473145	476.0
5768	-4.703460931385905	-12.05537727258053	-9.603507995605469	476.0
5787	-4.5607565451950824	-11.90845750923046	-9.750012397766113	476.0
5806	-4.865341378722866	-11.958859788475065	-9.859885215759277	476.0
5826	-4.608770128059772	-11.890721168148945	-10.11913013458252	476.0
5846	-4.4515699369595545	-11.816835102623267	-10.206063270568848	476.0
5865	-4.259456824289468	-11.827405282333105	-10.336675643920898	476.0
5886	-4.394108905999047	-11.829939340434638	-10.391377449035645	476.0
5904	-4.394108905999047	-11.829939340434638	-10.391377449035645	474.0
5924	-4.18285874275811	-12.06981118729405	-10.32648754119873	474.0
5942	-4.355290062007488	-12.094876721140524	-10.498016357421875	474.0
5962	-4.605782903161019	-12.064981440733266	-10.469842910766602	474.0
5981	-4.376609325176246	-11.934489956265818	-10.797795295715332	474.0
6003	-4.844731483201613	-11.874647222949946	-10.922783851623535	474.0
6019	-4.914365448306716	-12.00651200084642	-11.042287826538086	474.0
6039	-5.165570460339795	-12.02468779935243	-11.054241180419922	474.0
6058	-5.120758305565991	-11.824002944742809	-11.406137466430664	474.0
6078	-5.3310268260870775	-11.847720618941223	-11.330818176269531	474.0
6099	-5.312096188571585	-12.010670063762307	-10.930377006530762	473.0
6119	-5.311640624656516	-12.081919471570803	-10.528266906738281	473.0
6136	-5.360585116572232	-12.077095785155374	-10.351909637451172	473.0
6155	-5.208918879862568	-12.052771293978951	-10.141128540039062	473.0
6176	-5.168907558528326	-11.913940563812442	-9.945038795471191	473.0
6195	-4.960256508187789	-11.954820640224858	-10.150357246398926	473.0
6216	-4.995513692283483	-12.029204731584317	-9.992719650268555	473.0
6234	-4.960550971829138	-11.96606559477478	-9.971158981323242	473.0
6254	-4.964440799095436	-12.05785035011157	-9.929414749145508	473.0
6274	-5.043966519300546	-12.303503098390888	-10.049750328063965	473.0
6292	-5.180559859553727	-12.709321183227653	-9.853015899658203	472.0
6311	-5.233840073648795	-12.943888121456945	-9.99898624420166	472.0
6332	-5.256596675653638	-13.14257762518253	-10.148159980773926	472.0
6350	-5.591315944956247	-13.34982379265619	-9.908750534057617	472.0
6371	-5.661348922644492	-13.499953262013067	-9.613719940185547	472.0
6389	-5.6449246643824385	-13.77967238863802	-9.519184112548828	472.0
6409	-5.510410517280103	-13.77541829872011	-9.406291961669922	472.0
6428	-5.391682867519537	-13.792110776191874	-9.295547485351562	472.0
6447	-5.465780700921708	-13.894652764577017	-9.150838851928711	472.0
6468	-5.446713073191707	-14.034823339483777	-8.675756454467773	472.0
6488	-5.506875220728933	-14.134964987895598	-8.570642471313477	472.0
6506	-5.3482356895442775	-14.020720235830025	-8.79622745513916	470.0
6526	-5.326228387368556	-14.13745738018915	-9.125227928161621	470.0
6545	-5.566323130855877	-14.199545247897477	-9.102945327758789	470.0
6566	-5.58823018883671	-14.412810277447335	-9.015082359313965	470.0
6589	-5.703829617327207	-14.539214439103032	-8.921024322509766	470.0
6608	-5.703829617327207	-14.539214439103032	-8.921024322509766	470.0
6626	-5.838473777242115	-14.655446592886634	-8.720935821533203	470.0
6643	-5.838473777242115	-14.655446592886634	-8.720935821533203	470.0
6663	-6.077942199245852	-14.65586444826523	-8.357782363891602	470.0
6681	-6.196214361923686	-14.660342865514107	-7.804459571838379	470.0
6700	-6.27471300953168	-14.730050877146883	-7.470010757446289	470.0
6721	-6.193208796231438	-14.697430703269559	-7.006777763366699	470.0
6740	-6.484166451868625	-14.661087620382519	-7.037493705749512	470.0
6761	-6.557273683487397	-14.595210763992402	-6.831206321716309	470.0
6778	-6.742522344606565	-14.727472483052747	-6.471480369567871	470.0
6798	-6.713612326422282	-14.792906794893248	-6.004438400268555	470.0
6817	-6.932749932415986	-14.943953496904575	-5.866809844970703	470.0
6837	-7.029221946827316	-15.108325871020167	-5.683196544647217	470.0
6858	-7.205265653619434	-15.031614702358059	-5.363083839416504	470.0
6875	-7.317343280011904	-15.05928348825547	-5.32017183303833	470.0
6895	-7.186845496483068	-15.034814875681349	-5.140067100524902	472.0
6915	-7.2487645078161425	-15.174712224012993	-4.954166412353516	472.0
6934	-7.400541251124134	-15.165867798621404	-4.972011566162109	472.0
6953	-7.717478621348322	-15.130854653963365	-5.025751113891602	472.0
6974	-7.534827815780037	-14.996528837158312	-4.8540730476379395	472.0
6993	-7.696927976556055	-15.019443039461827	-4.798432350158691	472.0
7013	-7.74745420396839	-15.0761636428064	-4.681798934936523	472.0
7032	-7.97181620251242	-15.208686794517792	-4.631147861480713	472.0
7053	-8.361941490163195	-15.188657568127073	-4.3154168128967285	472.0
7072	-8.621619735385316	-14.984656921653297	-4.126856803894043	472.0
7092	-8.95642210184485	-15.01506191618881	-3.7924082279205322	473.0
7109	-9.080167148581571	-14.904100573070332	-3.5632636547088623	473.0
7128	-9.375683794825065	-15.222582833611455	-3.3375558853149414	473.0
7147	-9.47219335226918	-14.89524109073133	-3.501068115234375	473.0
7168	-9.824602194982612	-14.97937625009417	-3.6476333141326904	473.0
7187	-10.225009126691592	-14.882844701301021	-3.72514271736145	473.0
7208	-10.483215809697196	-14.877276432357018	-3.521078586578369	473.0
7226	-10.830630862117358	-15.010622671829733	-3.4329190254211426	473.0
7245	-10.791163178148611	-14.89000480633005	-3.481879234313965	473.0
7265	-10.805982827752374	-15.003619964449685	-3.506625175476074	473.0
7286	-10.873499319282587	-14.684154347691491	-4.011768341064453	473.0
7308	-11.001023692747742	-14.823370832171358	-3.942986488342285	473.0
7325	-10.888123408241267	-14.854880694122372	-3.4236788749694824	473.0
7344	-10.888123408241267	-14.854880694122372	-3.4236788749694824	473.0
7362	-10.852421207054979	-14.933348214064749	-3.3347249031066895	473.0
7382	-10.915520135211514	-15.157856047533851	-3.5193257331848145	473.0
7401	-10.834620214198326	-15.250365616420195	-3.276524543762207	473.0
7421	-10.954263491173613	-15.327048244284951	-2.980900287628174	473.0
7439	-11.133003694043751	-15.442471134665391	-2.815272331237793	473.0
7459	-11.12557308821935	-15.477741344739304	-2.566007614135742	473.0
7479	-11.241506732520609	-15.588369064915007	-2.5618433952331543	473.0
7498	-11.457184268880788	-15.709687457801602	-2.746255397796631	474.0
7517	-11.480485561939824	-15.821343053786224	-2.6364879608154297	474.0
7542	-11.480605975686975	-15.888099266205177	-2.599910020828247	474.0
7559	-11.551404750066348	-16.059041289931873	-2.4683895111083984	474.0
7576	-11.781191791706696	-16.329799279173187	-2.8725569248199463	474.0
7596	-11.841327983383968	-16.54133539095169	-3.1467912197113037	474.0
7616	-11.845879517315987	-16.7136089001696	-3.2635464668273926	474.0
7635	-11.92418245088535	-16.762632025923118	-3.423097848892212	474.0
7655	-11.778021805506903	-16.79337864983371	-3.349663257598877	474.0
7673	-11.840218288030476	-16.93402946819198	-3.0061168670654297	474.0
7692	-11.801223028364227	-17.132451955395712	-2.672239303588867	475.0
7712	-11.770967617812747	-17.02714663629888	-2.68703031539917	475.0
7731	-11.807264154540713	-17.205309259524444	-2.382049560546875	475.0
7751	-11.690967226922142	-17.081958696719365	-2.417895555496216	475.0
7771	-11.882550773199066	-17.163170307763473	-2.3970108032226562	475.0
7790	-11.801317230993444	-17.369450508737437	-2.317234992980957	475.0
7809	-11.912730190877014	-17.49558142407036	-2.3652396202087402	475.0
7829	-11.955421484088863	-17.569723831929544	-2.4948999881744385	475.0
7848	-12.131820274154471	-17.58062689435995	-2.4912290573120117	475.0
7869	-12.048489904992834	-17.756684889872723	-2.4345691204071045	475.0
7887	-11.882512172412456	-17.721187349862326	-2.27831768989563	477.0
7907	-12.050116553641608	-17.93797842881692	-2.0103416442871094	477.0
7926	-12.196900009693527	-18.257228459620176	-1.8497638702392578	477.0
7946	-12.417596754460178	-18.09975037898019	-1.8785110712051392	477.0
7965	-12.570715882102624	-18.230152210626343	-1.85725998878479	477.0
7986	-12.304722099995654	-18.200618085412863	-1.6508413553237915	477.0
8006	-12.131785136479497	-18.079483474898915	-1.3841859102249146	477.0
8026	-12.326927403248089	-18.267970153419007	-1.350318431854248	477.0
8043	-12.326927403248089	-18.267970153419007	-1.350318431854248	477.0
8063	-12.483030360969535	-18.27299867823986	-1.085155963897705	477.0
8082	-12.483030360969535	-18.27299867823986	-1.085155963897705	477.0
8101	-12.356685023236528	-17.892407012967325	-1.1735119819641113	480.0
8122	-12.266515195011515	-18.13226276434035	-1.084322452545166	480.0
8144	-12.280328097748281	-18.014002719500745	-1.024757742881775	480.0
8161	-12.464086828913938	-17.984144161803634	-0.9796710014343262	480.0
8179	-12.36341459218273	-18.08220786834278	-0.8112939596176147	480.0
8198	-12.068047273986783	-17.87472410810683	-0.6292030811309814	480.0
8218	-11.976475381957913	-17.741050130300955	-0.7493690252304077	480.0
8237	-11.856674903859508	-17.80626879004581	-0.5291067361831665	480.0
8257	-11.833967194241078	-17.930708662574148	-0.3321913480758667	480.0
8277	-11.887030763101205	-17.65191184224162	-0.41314399242401123	480.0
8297	-11.749921070316246	-17.329203775453088	-0.4116346836090088	481.0
8316	-11.786725279534643	-17.15480943709992	-0.42372429370880127	481.0
8335	-11.863976115760925	-17.14679119497822	-0.347898006439209	481.0
8355	-12.121095626998365	-17.117210026182086	-0.10197830200195312	481.0
8377	-12.09115703026477	-16.879602180916784	0.0606236457824707	481.0
8393	-12.24323778461688	-16.500822567174026	0.13330233097076416	481.0
8413	-12.154433486901764	-16.364159355911834	0.1601865291595459	481.0
8432	-12.080160020584033	-16.253911298438556	-0.048920512199401855	481.0
8453	-11.985502556249378	-16.321948166437615	-0.42797374725341797	481.0
8471	-12.086861219935559	-16.303265245580594	-0.382717490196228	481.0
8493	-12.163085114670592	-16.05723832982854	-0.2312861680984497	482.0
8512	-12.070010551926753	-15.86671455059683	-0.1343698501586914	482.0
8530	-12.09896290205022	-15.852518517450708	0.15667331218719482	482.0
8549	-11.97896185702954	-15.75856503194181	0.12044310569763184	482.0
8568	-11.925241349921327	-15.555053930729136	0.21925950050354004	482.0
8588	-11.805481846636736	-15.400932312177417	0.09812510013580322	482.0
8608	-11.853236737525759	-15.158551111294402	0.0948723554611206	482.0
8627	-11.746274291863065	-14.912842020486487	-0.08341562747955322	482.0
8646	-11.80472523725934	-14.680568145353408	-0.11001932621002197	482.0
8665	-11.938018795218115	-14.450420662295164	-0.10070562362670898	482.0
8685	-12.143172371446623	-14.462287846389957	0.07310140132904053	482.0
8705	-12.122461508114315	-14.503393535347382	0.1696091890335083	482.0
8726	-12.292300307894303	-14.455589856668729	-0.01786196231842041	482.0
8746	-12.292300307894303	-14.455589856668729	-0.01786196231842041	482.0
8764	-12.452317389405659	-14.383951268151483	0.12963831424713135	482.0
8783	-12.547259377052798	-14.343470471375982	0.0826181173324585	482.0
8802	-12.803923253240587	-14.392451177613225	0.18722498416900635	482.0
8821	-12.876212394729057	-14.268156234944179	0.13570189476013184	482.0
8841	-12.762964613509096	-14.28764383968119	0.17244184017181396	482.0
8860	-12.558528540797457	-14.098705886658937	0.05515575408935547	482.0
8880	-12.442036675327982	-13.746901476862163	-0.04439413547515869	482.0
8899	-12.195219011293373	-13.603310889134828	-0.1199798583984375	482.0
8918	-12.10352078705295	-13.456762894795347	-0.3353082537651062	482.0
8937	-12.056485896995584	-13.3340073078536	-0.05239129066467285	482.0
8957	-11.761806755688768	-12.945307711654516	-0.08301377296447754	482.0
8980	-11.693981667531705	-12.926155136503564	-0.038314104080200195	482.0
8995	-11.743769939553967	-12.716783390564887	0.1763620376586914	482.0
9016	-11.755607878874072	-12.67132519827441	0.28923821449279785	482.0
9035	-11.883734455563369	-12.664546709549679	0.25857996940612793	482.0
9056	-12.009403226372248	-12.57251825657155	0.3218227028846741	482.0
9074	-12.00833811819171	-12.633604492351596	0.352097749710083	482.0
9095	-11.999433702252515	-12.671094314376159	0.1455904245376587	483.0
9116	-11.998660646425817	-12.629870748453621	-0.1881079077720642	483.0
9132	-11.945325226516113	-12.530884473909646	-0.14722126722335815	483.0
9152	-11.77062744197475	-12.608157859672458	-0.24863511323928833	483.0
9171	-11.81286326778369	-12.380511224263778	-0.41617000102996826	483.0
9192	-11.757782333526407	-12.559302432007229	-0.38885563611984253	483.0
9210	-11.659641359982556	-12.470661567956478	-0.3964799642562866	483.0
9231	-11.644632895593801	-12.327591264468976	-0.6785585284233093	483.0
9248	-11.63265605839053	-11.967415593841437	-0.750004231929779	483.0
9268	-11.523273235447581	-12.122217852342903	-0.494773805141449	483.0
9287	-11.414772195965696	-12.193898107766325	-0.2803516387939453	483.0
9307	-11.518372412902457	-12.185329139144605	-0.23409491777420044	483.0
9327	-11.539043106127242	-12.491193073850496	-0.2673451900482178	483.0
9349	-11.472914648948425	-12.354443110051612	-0.19139641523361206	483.0
9366	-11.295449109195147	-12.4648246166961	-0.07219886779785156	483.0
9385	-11.154039425321978	-12.46695061504046	0.41883862018585205	483.0
9405	-10.97193354101079	-12.63567469061723	0.3872421979904175	483.0
9425	-10.888786222367798	-12.54336401320609	0.23271596431732178	483.0
9445	-10.888786222367798	-12.54336401320609	0.23271596431732178	483.0
9468	-10.635496090825129	-12.564542698773517	-0.12061762809753418	483.0
9482	-10.407033590912093	-12.366633093993503	-0.13471448421478271	483.0
9502	-10.267211771754583	-12.142117147141391	0.0312809944152832	483.0
9521	-10.0261724135019	-12.307425735197393	0.0993051528930664	483.0
9541	-10.071857291784061	-12.15691256223704	0.4163799285888672	483.0
9560	-10.113014181001436	-12.319305462954615	0.24880695343017578	483.0
9582	-10.107773007801727	-12.544452616206778	0.4922832250595093	483.0
9599	-10.055177194560589	-12.45213120209946	0.5414624214172363	483.0
9619	-10.113617028323182	-12.488202641211206	0.31175971031188965	483.0
9638	-10.315268901438467	-12.658462954896432	-0.1669631004333496	483.0
9657	-10.053450020411685	-12.695211590330917	-0.33608174324035645	483.0
9677	-10.013892462583465	-12.582736598092685	-0.3351062536239624	483.0
9700	-9.845242647328245	-12.775770514376115	-0.3563944101333618	482.0
9715	-9.664753129323785	-12.571875237542141	0.14937818050384521	482.0
9736	-9.576633796385071	-12.36967517561352	0.20313024520874023	482.0
9755	-9.449292771156822	-12.611344023494572	-0.08926248550415039	482.0
9774	-9.409178375146574	-12.518079356261083	-0.23562538623809814	482.0
9794	-8.990346193837885	-12.274284626764103	-0.2109285593032837	482.0
9814	-9.059780825433775	-12.438766428974716	-0.17019271850585938	482.0
9836	-8.99468544565858	-12.42523985349473	-0.026281356811523438	482.0
9852	-8.848084234492418	-12.229634453454345	-0.033100008964538574	482.0
9872	-8.694927444714773	-12.24052296311289	-0.30457496643066406	482.0
9890	-8.518150054357545	-12.261124014545707	-0.17022991180419922	482.0
9910	-8.53464491285967	-12.303998521921487	0.09642183780670166	482.0
9930	-8.306538894410357	-12.273568679881535	0.23999595642089844	482.0
9950	-8.310005827843737	-12.452864141208924	0.2589094638824463	482.0
9968	-8.240031828483179	-12.41102991279683	0.043923020362854004	482.0
9988	-8.08541192617295	-12.282223795610273	-0.21188616752624512	482.0
10007	-8.03024975822444	-12.17239886530949	-0.10708177089691162	482.0
10027	-8.171601753227417	-12.193966718168241	-0.12381410598754883	482.0
10053	-8.114617613803953	-12.070176046562665	-0.3875018358230591	482.0
10066	-7.928365799608326	-11.862113767431534	-0.3199172019958496	482.0
10085	-7.958274051179236	-12.048790697287991	-0.1417616605758667	482.0
10104	-7.841884260466546	-12.03325479704585	-0.06804025173187256	482.0
10125	-7.665644880809656	-11.670532550137327	0.029050707817077637	482.0
10144	-7.664503637950016	-11.60013959766544	-0.07393467426300049	482.0
10164	-7.664503637950016	-11.60013959766544	-0.07393467426300049	482.0
10187	-7.719446598877976	-11.71729013030511	-0.35444343090057373	482.0
10202	-7.570277404503673	-11.732084247102096	-0.38151824474334717	482.0
10222	-7.74676515345962	-11.834806680295227	-0.06693744659423828	482.0
10242	-7.8301258723407114	-11.564989905669185	0.17492854595184326	482.0
10262	-7.8508225482874545	-11.317301518622505	0.39393532276153564	482.0
10279	-7.940042879504782	-11.173702570411624	0.33100175857543945	482.0
10300	-7.808274670745077	-11.168904569703477	0.20290780067443848	481.0
10318	-7.880254045577489	-11.167091204280357	-0.16036653518676758	481.0
10338	-7.838371394429798	-11.038273308531355	-0.020254969596862793	481.0
10357	-7.615079828288928	-10.845753879787067	0.10796785354614258	481.0
10376	-7.2073009166588	-10.665979391885914	0.16865408420562744	481.0
10396	-6.933737652146623	-10.979558234451764	0.4174354076385498	481.0
10417	-6.921940171069066	-10.827082134528982	0.546796441078186	481.0
10436	-6.79275929943874	-10.74971349007442	0.713811993598938	481.0
10455	-6.906250536114099	-10.828456274752876	0.8105735778808594	481.0
10474	-6.70730837310242	-10.8446508538304	0.7735819816589355	481.0
10494	-6.520524807680217	-10.873115283684093	0.5750753879547119	483.0
10514	-6.6035114045900905	-10.778741091536164	0.4657437801361084	483.0
10533	-6.804454518122511	-10.820420551373621	0.25822746753692627	483.0
10552	-7.019355067431334	-10.463408003222797	0.1480923891067505	483.0
10572	-6.833081263854245	-10.452777379352266	0.14945173263549805	483.0
10591	-6.674241950092417	-10.470032275847847	0.282106876373291	483.0
10610	-6.400991223302799	-10.347617077928653	0.45844054222106934	483.0
10630	-6.396294848441244	-10.071174019133322	0.4670916795730591	483.0
10652	-6.5648126139525536	-9.96022744623328	0.3054314851760864	483.0
10670	-6.617597499082095	-9.906414120341939	0.23868954181671143	483.0
10688	-6.5681687905825745	-9.70396329285551	0.11974287033081055	483.0
10708	-6.530679661213099	-9.676872365970457	0.31376469135284424	483.0
10727	-6.520038941170593	-9.560375251721663	0.276645302772522	483.0
10746	-6.578364571421585	-9.293269577558643	0.33957362174987793	483.0
10767	-6.685145979747732	-8.970645197388377	0.0019376277923583984	483.0
10787	-6.500691933988824	-8.819515858952288	-0.1348792314529419	483.0
10806	-6.391088051389715	-8.69941581841178	-0.21193695068359375	483.0
10825	-6.274532491758799	-8.637952003208078	-0.5797260999679565	483.0
10846	-5.958980502895359	-8.41397619786327	-0.5280026197433472	483.0
10864	-5.958980502895359	-8.41397619786327	-0.5280026197433472	483.0
10890	-5.8378462389991395	-8.19419879123726	-0.6102179288864136	483.0
10906	-5.707050279360658	-8.109078027032828	-0.5504046082496643	483.0
10921	-5.818306088388564	-8.053671667214621	-0.4443754553794861	483.0
10940	-5.742076954743578	-8.179878212750623	-0.3899978995323181	483.0
10961	-5.832884619646486	-8.072115563643395	-0.23529773950576782	483.0
10980	-5.666464736507552	-7.901530266129482	-0.1972751021385193	483.0
10999	-5.5947560500246265	-7.730343228986568	-0.15610462427139282	483.0
11018	-5.540846766930608	-7.699474146577826	-0.07883799076080322	483.0
11039	-5.363459045146232	-7.617912859463073	-0.2228599190711975	483.0
11057	-5.313792848390282	-7.5434902892338	-0.3312981128692627	483.0
11077	-5.099748255825261	-7.355747947259606	-0.6594213247299194	483.0
11098	-4.859704391411886	-7.165555350597204	-0.7805579900741577	484.0
11116	-4.974705768229268	-7.052944775550635	-0.8882960081100464	484.0
11136	-4.803811553866457	-7.0217082664335555	-0.8539560437202454	484.0
11156	-4.713576722774969	-6.855381965359418	-0.9420756101608276	484.0
11175	-4.70098727633733	-6.755096867626448	-1.090410590171814	484.0
11194	-4.685076130864987	-6.681153535726583	-1.191307544708252	484.0
11213	-4.612257614890671	-6.489651061695278	-1.3038959503173828	484.0
11233	-4.3693302519013795	-6.538329082825196	-1.3473029136657715	484.0
11253	-4.430767721592721	-6.549421175328274	-1.489710807800293	484.0
11273	-4.153979651594903	-6.407523166100507	-1.5443494319915771	484.0
11291	-4.169312746219324	-6.190189762984475	-1.9461078643798828	483.0
11310	-4.077359267527729	-6.188186544437513	-1.764032244682312	483.0
11330	-4.088572228740821	-6.20183658818945	-1.946558952331543	483.0
11350	-4.082644300409016	-6.22818458142777	-1.777303695678711	483.0
11374	-3.8596294063686436	-6.1728949316843185	-2.318227767944336	483.0
11389	-3.965845826628738	-5.981359274431029	-2.4672508239746094	483.0
11407	-4.02271766849676	-5.825972461567133	-2.417332172393799	483.0
11427	-4.055840001377523	-5.975276185123272	-2.528299331665039	483.0
11446	-4.039124230471666	-6.07398130640626	-2.4463138580322266	483.0
11467	-4.08976876564452	-5.933114327891943	-2.6842355728149414	483.0
11485	-4.096471448497391	-5.9085128339090724	-2.569647789001465	483.0
11506	-3.9644053696488437	-5.789404306477646	-2.854342460632324	485.0
11525	-4.055347703847846	-5.699696470727378	-2.620145797729492	485.0
11545	-3.8317027185048933	-5.568747329452643	-2.742319107055664	485.0
11565	-3.530440060291952	-5.546864431653428	-3.029376745223999	485.0
11584	-3.316809837493833	-5.706495884494334	-3.306697368621826	485.0
11604	-3.316809837493833	-5.706495884494334	-3.306697368621826	485.0
11624	-3.4252881093435112	-5.655910246479872	-3.1372194290161133	485.0
11642	-3.2538352883364383	-5.804345554982108	-2.8950424194335938	485.0
11660	-3.1623922769264543	-5.740849123291121	-2.861889362335205	485.0
11680	-3.1649281021876488	-5.834441674977151	-2.8721766471862793	485.0
11699	-3.2935636226393568	-5.8143788631302815	-2.8317830562591553	487.0
11719	-3.1421079623892023	-5.866908575983292	-3.011446714401245	487.0
11739	-3.3608336630377056	-5.882927500887535	-3.161503553390503	487.0
11758	-3.1775471602057324	-5.610381441006801	-2.969456672668457	487.0
11777	-3.116538306817598	-5.59080451499004	-3.140296220779419	487.0
11797	-3.074165090356382	-5.509446039631986	-3.2657508850097656	487.0
11816	-2.97596881446621	-5.352317422134549	-3.3577072620391846	487.0
11835	-2.886014633160181	-5.321985090889198	-3.529271125793457	487.0
11855	-2.7532855257027147	-5.285856049021496	-3.7140583992004395	487.0
11876	-2.826742436230772	-5.1693038671862235	-3.834141731262207	487.0
11894	-2.684856171533001	-5.0738465182744426	-3.7777323722839355	490.0
11914	-2.743479251407231	-5.069068194508085	-3.825482130050659	490.0
11933	-2.775855964972665	-5.170057927162801	-3.961486339569092	490.0
11952	-2.7494410055875393	-5.064984156197813	-4.068493843078613	490.0
11972	-2.8085202354574768	-5.136761855399776	-4.296337127685547	490.0
11991	-2.8384406490503977	-4.892297975891473	-4.443531513214111	490.0
12011	-2.7055152273386516	-4.937004561247812	-4.426019668579102	490.0
12030	-2.779643110443501	-4.857503915486756	-4.493784427642822	490.0
12051	-2.7141834257295114	-4.942593153176549	-4.537384033203125	490.0
12069	-2.6266433219707053	-4.657251347507566	-4.887729167938232	490.0
12089	-2.3909146841909226	-4.362846659218817	-5.108211517333984	489.0
12111	-2.3789601764678245	-4.514573298604071	-5.3553595542907715	489.0
12128	-2.4442668493791846	-4.554160666122084	-5.380831241607666	489.0
12147	-2.413666157148856	-4.530751998265802	-5.607189178466797	489.0
12166	-2.543615351076331	-4.5158713150478365	-5.951714515686035	489.0
12187	-2.637333758432149	-4.737558125516215	-5.8751373291015625	489.0
12205	-2.7764372146403002	-4.6930823847102445	-6.126556873321533	489.0
12225	-2.9256538235529845	-4.851522799692244	-6.330080509185791	489.0
12247	-2.876860911465079	-4.814573323337509	-6.406519412994385	489.0
12266	-2.766980149746528	-4.64055107135274	-6.675924301147461	489.0
12285	-2.766980149746528	-4.64055107135274	-6.675924301147461	489.0
12304	-2.7129873180648625	-4.782928553133538	-6.968580722808838	488.0
12325	-2.7129873180648625	-4.782928553133538	-6.968580722808838	488.0
12341	-2.575511070611152	-4.911292667810351	-7.008584022521973	488.0
12361	-2.502681162548767	-5.082766385136045	-7.155239105224609	488.0
12380	-2.3904612332174793	-5.125070364324265	-7.317735195159912	488.0
12400	-2.5668692808539673	-5.472421394350453	-7.231955051422119	488.0
12419	-2.5984274260464995	-5.7411952632726075	-7.549062252044678	488.0
12438	-2.6067003135211007	-5.946860799643201	-7.688028812408447	488.0
12458	-2.562619961247754	-6.063196387704921	-7.744135856628418	488.0
12478	-2.4719319735434215	-6.307753892878731	-7.70237398147583	488.0
12498	-2.4614745139608045	-6.463657950778703	-7.638347625732422	487.0
12516	-2.384957697698869	-6.451181485490426	-7.94810676574707	487.0
12537	-2.436993791620801	-6.576997409156686	-8.102218627929688	487.0
12555	-2.0707708336892034	-6.489363010727734	-8.195252418518066	487.0
12574	-1.8882315655081208	-6.440702331111067	-8.131477355957031	487.0
12594	-1.8572500602812763	-6.469498240973544	-8.15301513671875	487.0
12614	-1.6536261788819129	-6.713309156988456	-8.277631759643555	487.0
12634	-1.3878130043639498	-6.700450764286066	-8.57722282409668	487.0
12654	-1.423487709610189	-6.893739743318233	-8.760162353515625	487.0
12673	-1.4521060728126027	-7.2050069012578435	-8.720969200134277	487.0
12692	-1.4926027414921592	-7.628268096382581	-8.767794609069824	489.0
12714	-1.3509920260623158	-7.80775490233367	-8.827211380004883	489.0
12731	-1.3115614352027876	-8.199485369504606	-8.788304328918457	489.0
12750	-1.263605279154719	-8.424092940095033	-8.801149368286133	489.0
12769	-1.2032685868148345	-8.575160173389268	-8.924234390258789	489.0
12789	-1.5524553000549033	-8.938854160634078	-8.832855224609375	489.0
12809	-1.5459895341776726	-9.276428636989268	-8.85494613647461	489.0
12830	-1.5648188303183646	-9.409123300903307	-8.9226713180542	489.0
12847	-1.3735373933512136	-9.46222469317558	-8.680927276611328	489.0
12867	-1.626462277551936	-9.80581439265898	-8.70663833618164	489.0
12886	-1.7723159688126	-9.841969367800793	-8.738668441772461	489.0
12905	-1.7972790842978568	-10.062784583344126	-8.634074211120605	491.0
12925	-1.9141094503630258	-10.161799826815201	-8.346257209777832	491.0
12944	-1.7387567408845899	-10.201662756285911	-8.453421592712402	491.0
12966	-1.735739500426015	-10.32026514776232	-8.172325134277344	491.0
12984	-1.604405938265618	-10.533958283497526	-7.8925323486328125	491.0
13004	-1.604405938265618	-10.533958283497526	-7.8925323486328125	491.0
13024	-1.5722209459133198	-10.740196170535377	-7.8934173583984375	491.0
13044	-1.4014539086408169	-10.951329550184584	-7.718956470489502	491.0
13063	-1.4988270282517977	-11.270734406804907	-7.4480414390563965	491.0
13081	-1.539911504803755	-11.42549765297624	-7.259579658508301	491.0
13100	-1.6248263629472848	-11.626822916901713	-7.254068851470947	490.0
13119	-1.6175994543818075	-11.834007938479527	-7.066848278045654	490.0
13140	-1.59692774483594	-12.095524041859099	-7.033502101898193	490.0
13158	-1.7711078723748501	-12.20929849017721	-7.148542404174805	490.0
13178	-1.7553825799142067	-12.24671353290638	-7.016355514526367	490.0
13197	-1.776933680510525	-12.464106229439373	-6.9488677978515625	490.0
13218	-1.72650967002491	-12.56603298206383	-6.934399604797363	490.0
13237	-1.6668984604799646	-12.742995775562347	-7.00333309173584	490.0
13256	-1.6474711071127943	-12.691673503649863	-6.8663330078125	490.0
13275	-1.5807725246909738	-12.596221836562915	-6.621910095214844	490.0
13295	-1.6295557855912954	-12.516566195652707	-6.551601886749268	489.0
13314	-1.6524090116670032	-12.582616453533864	-6.4358015060424805	489.0
13334	-1.6664897332784583	-12.580385160567277	-6.49655294418335	489.0
13355	-1.8138885041298096	-12.426713147705962	-6.560011863708496	489.0
13373	-1.927559040136072	-12.475741967611286	-6.477694511413574	489.0
13392	-1.988651907411537	-12.519810015791757	-6.171276092529297	489.0
13412	-1.8725642473455073	-12.799595738329128	-5.988818168640137	489.0
13431	-2.1438254477498044	-13.072038885784085	-6.240101337432861	489.0
13451	-2.1061444324150864	-13.179942210890944	-6.268547058105469	489.0
13469	-2.011980525214417	-13.267124727167264	-6.264552116394043	489.0
13489	-2.0174278458425126	-13.315054162405007	-6.158901691436768	489.0
13510	-1.9331439216576387	-13.24944362741359	-6.03669548034668	490.0
13532	-2.0573454467154337	-13.281425677947935	-6.038639545440674	490.0
13548	-1.9565147510497036	-13.41527523806497	-5.867884635925293	490.0
13567	-2.021789988098662	-13.577220636672816	-5.822425842285156	490.0
13587	-1.725286346874008	-13.548634499194204	-5.393856048583984	490.0
13607	-1.820591899513064	-13.508685284067878	-5.390933513641357	490.0
13626	-1.8076672213155114	-13.533299729158612	-5.330601215362549	490.0
13645	-1.8930136631967682	-13.616696612345628	-5.3616437911987305	490.0
13665	-1.919578122619297	-13.7430701985805	-5.4215087890625	490.0
13686	-1.7800953365000707	-13.734883191286439	-5.269641399383545	490.0
13703	-1.9522370048843325	-13.764277254241735	-5.320873260498047	493.0
13724	-1.9522370048843325	-13.764277254241735	-5.320873260498047	493.0
13743	-1.9754179205096394	-13.760886541122481	-5.206950664520264	493.0
13764	-2.125860414195852	-14.007458592634107	-5.165511131286621	493.0
13782	-1.8899543586413234	-14.08131416582982	-5.137765884399414	493.0
13800	-1.9283389601414143	-14.149235790356709	-4.9226765632629395	493.0
13820	-2.0663439333210625	-14.249275135510246	-4.665085315704346	493.0
13839	-2.044612230909375	-14.376698691535816	-4.493993759155273	493.0
13860	-2.0802439856100685	-14.492957858513565	-4.24149227142334	493.0
13878	-2.0058070045879623	-14.592959129924711	-4.206523418426514	493.0
13900	-2.1876608029073092	-14.51182707900101	-4.240426063537598	493.0
13918	-2.259589797967142	-14.464796221165521	-4.3327484130859375	493.0
13937	-2.5170435025073097	-14.498069671848233	-4.247893333435059	493.0
13956	-2.3120937164394326	-14.418624325220325	-4.405433654785156	493.0
13976	-2.195185606331497	-14.298818013090882	-4.545039653778076	493.0
13994	-2.132854710365782	-14.068770709508701	-4.649840354919434	493.0
14014	-2.1452133798803303	-14.00617638271784	-4.674618721008301	493.0
14034	-2.1851450836802413	-13.948733863083921	-4.8305463790893555	493.0
14053	-2.0624901875775086	-13.928018973024606	-4.654125213623047	493.0
14073	-1.9242660118173849	-13.79033816797449	-4.596844673156738	493.0
14092	-1.7345693928722705	-13.733130913999965	-4.632455825805664	495.0
14112	-2.0304530770139535	-13.804017224510085	-4.744999885559082	495.0
14132	-1.9508678434276094	-13.935169878829957	-4.920105934143066	495.0
14151	-1.899407468956262	-13.999058463253967	-4.7299041748046875	495.0
14170	-1.7460180496341413	-14.15724795915672	-4.729060649871826	495.0
14190	-1.7807023794878392	-14.12027851861698	-4.533227920532227	495.0
14210	-1.8020448013360484	-14.144756429989917	-4.526071548461914	495.0
14228	-2.0292830447098775	-14.40358434825213	-4.570154190063477	495.0
14249	-2.0235347499549254	-14.520864724823102	-4.427703380584717	495.0
14269	-1.9642460195689406	-14.595555676218071	-4.298159599304199	495.0
14288	-2.0618566308391237	-14.413329696212742	-4.319875717163086	495.0
14305	-2.27552959934287	-14.596534265030112	-4.41953182220459	494.0
14325	-2.0744875235561926	-14.37113931692729	-4.508387565612793	494.0
14345	-1.9098271099402766	-14.220475945016634	-4.505855560302734	494.0
14367	-1.9098271099402766	-14.220475945016634	-4.505855560302734	494.0
14384	-1.5244261529987078	-14.246895896093418	-4.211309432983398	494.0
14404	-1.5244261529987078	-14.246895896093418	-4.211309432983398	494.0
14423	-1.6441655999538023	-14.11023253033021	-4.226435661315918	494.0
14443	-1.8161638069933124	-14.062144543630605	-4.164706230163574	494.0
14462	-1.7952121461095805	-14.253057638144014	-4.051959991455078	494.0
14482	-1.7127364866286714	-14.22365767057107	-3.8733811378479004	494.0
14501	-1.959235618509863	-14.399263349886605	-3.9430603981018066	494.0
14519	-2.1753935273324183	-14.5674028262905	-3.8074898719787598	494.0
14540	-2.2546460871564467	-14.489866367196235	-3.9361443519592285	494.0
14559	-2.3037177624209293	-14.594564044016133	-3.9877986907958984	494.0
14578	-2.401106392813754	-14.658938920444445	-3.9337050914764404	494.0
14602	-2.3237242729280387	-14.44413650230448	-3.9813499450683594	494.0
14617	-2.3432092117827694	-14.316906627654674	-4.065059661865234	494.0
14637	-2.390289666646025	-14.277931165299503	-4.1821675300598145	494.0
14656	-2.446373049829353	-14.244917338189504	-4.302288055419922	494.0
14676	-2.1977500690530323	-14.333007311042081	-4.285736083984375	494.0
14696	-1.9926785030317453	-14.350208216835023	-4.211593151092529	496.0
14718	-2.036347457497746	-14.49224664710246	-4.0326409339904785	496.0
14734	-1.7772396593195645	-14.35404932509418	-4.187379837036133	496.0
14753	-1.4660164396105695	-14.512894070837401	-4.126840591430664	496.0
14773	-1.378082674605365	-14.504264663912766	-4.076469898223877	496.0
14792	-1.2693070724076856	-14.550451773599562	-4.055243492126465	496.0
14813	-1.3443912107834137	-14.477630547429817	-3.921370506286621	496.0
14832	-1.324884995846554	-14.439181394443871	-4.044703960418701	496.0
14851	-1.5572547238492962	-14.318534830226747	-4.085385799407959	496.0
14871	-1.6570574398363431	-14.166418114711103	-4.10173225402832	496.0
14888	-1.9457586597016756	-14.30662600848076	-3.945059299468994	497.0
14909	-2.2529862954833133	-14.335814822484867	-3.896214485168457	497.0
14928	-2.235915826423944	-14.390949268199773	-3.78220272064209	497.0
14951	-2.282752716559755	-14.320448342490122	-3.7376813888549805	497.0
14968	-1.936109228913503	-14.329112934931588	-3.6491003036499023	497.0
14986	-2.273770654293732	-14.403035820808885	-3.6881041526794434	497.0
15006	-2.172629431353856	-14.34186473147143	-3.49556827545166	497.0
15026	-2.095658478682691	-14.36573222322935	-3.484663248062134	497.0
15045	-1.9815028169970632	-14.49646531325913	-3.626215934753418	497.0
15066	-1.6988775034736203	-14.379324385652502	-3.756603479385376	497.0
15085	-1.699571672531258	-14.404615984511574	-3.938908576965332	497.0
15104	-1.7738248119150162	-14.341131423716906	-4.0928215980529785	496.0
15124	-1.7738248119150162	-14.341131423716906	-4.0928215980529785	496.0
15144	-1.9881467512874156	-14.342632078356186	-4.122312545776367	496.0
15163	-1.7833118004221014	-14.32691450367045	-3.894954204559326	496.0
15183	-1.6071087779538524	-14.39260816652663	-3.8981893062591553	496.0
15200	-1.6500585773555052	-14.292152610549314	-3.9802279472351074	496.0
15220	-1.4747523908285955	-14.208049783975492	-3.997772693634033	496.0
15240	-1.5855857382943874	-14.219414594674973	-4.016823768615723	496.0
15259	-1.6691959701493826	-14.204867255938211	-4.103843688964844	496.0
15279	-1.6512502608132664	-14.156620380806295	-4.03044319152832	496.0
15298	-1.5834449230973309	-14.137422721399416	-4.153343200683594	496.0
15318	-1.664634521447663	-14.14324138149221	-4.382257461547852	496.0
15337	-1.8418438165280502	-14.275790370224493	-4.270020961761475	496.0
15356	-1.7663073329322152	-14.295618935372168	-4.142298698425293	496.0
15376	-2.03946493280305	-14.250377135868264	-4.092926502227783	496.0
15395	-2.185425996193848	-14.247822960689764	-4.134542465209961	496.0
15417	-2.0652938073405647	-14.19365036869518	-4.117122173309326	496.0
15436	-1.8791955131570481	-14.325441500727338	-3.979609727859497	496.0
15455	-1.8632814174774464	-14.356712682188837	-3.894692897796631	496.0
15473	-1.909707434055459	-14.386914112583394	-3.9705734252929688	496.0
15493	-2.0423454613747474	-14.381391982040975	-4.302248001098633	496.0
15513	-2.1180973391506392	-14.47150254751871	-4.279353141784668	496.0
15532	-1.8571249005406472	-14.38290931997848	-4.300255298614502	496.0
15551	-1.8049215986105838	-14.332130672463405	-4.370855808258057	496.0
15571	-1.6864657380942554	-14.340286749982187	-4.103360652923584	496.0
15590	-1.789526462213081	-14.475074255931352	-4.290757656097412	496.0
15609	-1.7858266042283955	-14.536900845070885	-4.23643684387207	496.0
15628	-1.6655466690953016	-14.488272282621985	-3.8679113388061523	496.0
15648	-1.6026037980016001	-14.362747312959337	-3.622750759124756	496.0
15668	-1.600471194548605	-14.31223757006787	-4.024858474731445	496.0
15690	-1.787928745417883	-14.261651319639673	-4.208376884460449	496.0
15707	-1.8028154982236182	-14.386704667425843	-4.181074142456055	493.0
15726	-1.820749886364304	-14.488710999390136	-4.246853351593018	493.0
15745	-1.9558666402021714	-14.395468081214002	-4.074451446533203	493.0
15765	-2.096777438483986	-14.537926483847926	-4.05964469909668	493.0
15785	-2.079667546942037	-14.465143011611087	-4.338073253631592	493.0
15806	-1.8820916955506986	-14.454921566060598	-4.327213287353516	493.0
15824	-1.8820916955506986	-14.454921566060598	-4.327213287353516	493.0
15844	-1.9214445479307283	-14.22653163689584	-4.2554426193237305	493.0
15863	-1.9214214042628055	-14.212796835048465	-4.301103115081787	493.0
15883	-1.8865288009771504	-14.133486895552386	-4.058686256408691	493.0
15900	-1.9063596084119085	-14.197205893100643	-4.0791335105896	494.0
15921	-1.9273199626510358	-14.330729255383835	-4.125519752502441	494.0
15940	-1.9331609792666542	-14.089589427354145	-4.221118450164795	494.0
15960	-1.9130939708661345	-14.076013477971289	-4.159077167510986	494.0
15978	-2.045192116671667	-14.240482635897072	-4.494004249572754	494.0
15998	-1.9787069400918913	-14.498040366793449	-4.531662464141846	494.0
16017	-1.8601382666039408	-14.648703440966468	-4.491796970367432	494.0
16036	-1.8866095572858954	-14.739499942932472	-4.514784812927246	494.0
16058	-2.069848396619022	-14.762201577647511	-4.3831257820129395	494.0
16076	-2.0994203524643966	-14.677465266091641	-4.183774471282959	494.0
16096	-1.9283631779689365	-14.899068304101707	-4.102204322814941	494.0
16115	-1.9869201706539628	-15.019538361949042	-4.081613540649414	494.0
16135	-2.0746624887452834	-14.656298659822598	-3.951538562774658	494.0
16155	-2.0759634052758176	-14.477607397644267	-4.101747512817383	494.0
16175	-2.1941447430535357	-14.435174653123589	-4.068624019622803	494.0
16193	-2.1471111276127317	-14.366634687559745	-4.111812591552734	494.0
16213	-2.0078316149954056	-14.319781991039916	-4.176163196563721	494.0
16232	-1.93052347318505	-14.222315288138622	-4.3583245277404785	494.0
16251	-2.1858443967496846	-14.120918397948328	-4.28942346572876	494.0
16270	-2.0546264191550043	-14.007614597364151	-4.144749641418457	494.0
16290	-2.058692750588598	-14.2892107878133	-4.01314115524292	494.0
16310	-2.14093514293397	-14.47935062093128	-3.851469039916992	494.0
16328	-1.9959978486032746	-14.540169125575883	-3.968590259552002	494.0
16348	-1.9827469039590933	-14.697617448635707	-3.9449462890625	494.0
16368	-2.2428551537602988	-14.896413495687634	-3.7158215045928955	494.0
16391	-2.231497291104733	-15.02638128352806	-3.8237009048461914	494.0
16407	-1.9723006480885732	-14.914927949511322	-3.89170503616333	494.0
16426	-2.2387966769883354	-14.82998871792264	-3.907135486602783	494.0
16446	-2.221550654136994	-14.866696954387447	-4.004630088806152	494.0
16465	-2.2610747365592756	-14.802911269523833	-4.265111923217773	494.0
16486	-2.274007770762775	-14.744858261926446	-4.373013496398926	494.0
16509	-2.274007770762775	-14.744858261926446	-4.373013496398926	494.0
16525	-2.069276455822028	-14.379734699136593	-4.384592056274414	494.0
16544	-2.0589494645736623	-14.309872451214726	-4.346273899078369	494.0
16563	-2.2612697583118355	-14.466931898116137	-4.310403347015381	494.0
16582	-2.2612697583118355	-14.466931898116137	-4.310403347015381	494.0
16602	-2.1486957404273874	-14.763136038985161	-4.51210880279541	494.0
16620	-2.0843189051895243	-15.019871648061141	-4.581750869750977	494.0
16642	-1.8987466569700195	-14.920659624413636	-4.4869585037231445	494.0
16660	-1.8899329769543285	-14.851334864642237	-4.2797393798828125	494.0
16678	-2.0207900209025675	-14.960357421539483	-4.285715103149414	494.0
16699	-2.0006772743246	-15.027670737479216	-4.601710319519043	497.0
16717	-1.9059687967538739	-14.868653799040793	-4.3817338943481445	497.0
16737	-1.8547986084891452	-14.808093641305417	-4.513985633850098	497.0
16757	-1.9992853801476165	-14.677207268755017	-4.4794816970825195	497.0
16777	-2.1219389660511654	-14.312008096020646	-4.408039093017578	497.0
16795	-2.1253561578286586	-14.365461691759826	-4.472506523132324	497.0
16815	-2.187737593263773	-14.542254940674297	-4.573305130004883	497.0
16835	-2.279651502444469	-14.503334685942145	-4.5679426193237305	497.0
16855	-2.2723929296666463	-14.499990381048935	-4.582154273986816	497.0
16873	-2.302660702387472	-14.719281585588519	-4.63809871673584	497.0
16893	-2.140602539656425	-14.7258320067269	-4.601748466491699	494.0
16913	-2.090642496395814	-14.794327039596011	-4.516571521759033	494.0
16933	-1.9746398264147507	-14.958297347295947	-4.579786777496338	494.0
16952	-2.1980440438063353	-15.103969581480763	-4.369941711425781	494.0
16970	-2.079861691450841	-15.041120960008994	-4.174800872802734	494.0
16991	-2.0145512447965532	-14.873416115783668	-4.292660713195801	494.0
17010	-1.9763211445274529	-14.81040290831656	-4.196725845336914	494.0
17031	-2.006876819946721	-14.78617485747992	-4.21546745300293	494.0
17049	-2.0436336362455556	-14.785896784282484	-4.215129375457764	494.0
17068	-1.89249187990044	-14.873879288947247	-4.1667070388793945	494.0
17087	-2.0308078670876335	-14.665608694994793	-4.044600486755371	496.0
17107	-1.7950000638966306	-14.66250366626898	-4.070298671722412	496.0
17128	-1.9617524802931479	-14.62379767500622	-4.2058305740356445	496.0
17146	-1.956809113551282	-14.667225961775893	-4.163984298706055	496.0
17165	-2.037052383623492	-14.653085076084492	-4.244749069213867	496.0
17185	-2.082562023251396	-14.675992319702413	-4.094527244567871	496.0
17206	-2.0787812154393372	-14.687579627759387	-4.141989707946777	496.0
17228	-2.5308547562927	-14.617933434346924	-3.984607458114624	496.0
17244	-2.5308547562927	-14.617933434346924	-3.984607458114624	496.0
17263	-2.437111309864054	-14.79551459110353	-4.0093841552734375	496.0
17282	-2.740034529774649	-14.792859754253206	-4.161379814147949	496.0
17302	-2.807849098163686	-14.76298060252501	-4.363123893737793	496.0
17322	-2.8264979016355873	-14.666476072324903	-4.361493110656738	496.0
17341	-2.774923253687578	-14.611804714120442	-4.196298599243164	496.0
17360	-2.718985034484349	-14.559998808109818	-4.630396842956543	496.0
17379	-2.8357348478586877	-14.696819679818944	-4.479233741760254	496.0
17399	-2.6108392328729546	-14.647685135400984	-4.599796295166016	496.0
17418	-2.692518735400835	-14.648316253152126	-4.571361541748047	496.0
17437	-2.44059993855869	-14.682624361465017	-4.558187961578369	496.0
17458	-2.3414161605042856	-14.865697334633076	-4.290321350097656	496.0
17476	-2.2317522024846608	-14.987129171695855	-4.174665451049805	496.0
17496	-2.2413592179205106	-15.10738199871003	-4.2995758056640625	493.0
17516	-2.45262027070302	-15.089851601663009	-3.996053695678711	493.0
17535	-2.4497373662608095	-14.844923912454613	-4.107519626617432	493.0
----------------도착----------------
17554	-2.379236501274131	-14.741917439278584	-4.237243175506592	493.0
17574	-2.2169442594667252	-14.790612477897215	-4.0839314460754395	493.0
17593	-2.3662484256481604	-14.587738805038772	-3.689885139465332	493.0
17613	-2.3434898927366445	-14.327434237223143	-3.781187057495117	493.0
17632	-2.4148036947571674	-14.360128055381423	-3.996832847595215	493.0
17652	-2.5212327779656913	-14.340047492985532	-3.9330830574035645	493.0
17671	-2.567804415018785	-14.419638894056032	-3.9097659587860107	493.0
17692	-2.4736171883165627	-14.560603110974597	-3.6805224418640137	490.0
17710	-2.406436200493672	-14.747076423543945	-3.750138282775879	490.0
17733	-2.5440424495440017	-14.691548342716938	-3.9807863235473633	490.0
17748	-2.4818562697440942	-14.891035157343278	-4.12205696105957	490.0
17768	-2.4689487159051646	-14.958505816238764	-4.284411907196045	490.0
17788	-2.349296812121014	-14.893172872587703	-4.136847972869873	490.0
17807	-2.1355640303826258	-14.94066498402289	-4.124435901641846	490.0
17827	-1.9263312705701103	-15.006927444189404	-4.207642555236816	490.0
17846	-2.0614336620586116	-14.917040035636333	-4.29171085357666	490.0
17865	-2.0412283634025807	-14.820451709893248	-4.2739763259887695	490.0
17885	-1.788920035273014	-14.842754723624974	-4.134833812713623	490.0
17904	-1.6000607235639848	-14.840317477851675	-4.07101583480835	483.0
17925	-1.6719829294515955	-14.907002549186604	-3.930417537689209	483.0
17943	-1.641571908221655	-14.899584080496993	-4.028460502624512	483.0
17963	-1.7805825105113113	-14.83394587398968	-4.184710502624512	483.0
17982	-1.7805825105113113	-14.83394587398968	-4.184710502624512	483.0
18002	-1.6969259187513892	-14.840054857778496	-4.10373067855835	483.0
18021	-1.5376725701837652	-14.941962061324839	-4.029921054840088	483.0
18041	-1.3466583554847869	-15.032553353007968	-4.04108190536499	483.0
18059	-1.3415530746913233	-15.137570485418436	-3.985403060913086	483.0
18079	-1.5052574680504875	-15.047870484434675	-4.223939895629883	483.0
18100	-1.3807515367497516	-15.06050305930497	-4.13206148147583	478.0
18118	-1.584339534558467	-15.084186745349554	-4.199459075927734	478.0
18137	-1.6760016291198252	-15.192112130138945	-4.235529899597168	478.0
18158	-1.7314280778815112	-15.242591336134353	-4.182861328125	478.0
18176	-1.8061739558025867	-15.400705528769356	-4.176351547241211	478.0
18196	-2.068762014606113	-15.160207630185548	-4.150294780731201	478.0
18216	-2.3775823338743014	-15.017687356864752	-4.317243576049805	478.0
18235	-2.351475487889878	-14.925823917488987	-4.26725959777832	478.0
18254	-2.350270130309802	-14.990603829171643	-4.33974552154541	478.0
18274	-2.2564858424896954	-15.164213044695922	-4.06954288482666	478.0
18293	-2.279538953164277	-15.094470076026395	-4.047859191894531	475.0
18313	-2.4186868465534532	-15.049264164633767	-4.127773761749268	475.0
18332	-2.4014037561757	-14.856116277178785	-4.165078163146973	475.0
18352	-2.4791435389451166	-14.91732499704834	-4.256629943847656	475.0
18371	-2.3095462223547396	-14.994747889201893	-4.232060432434082	475.0
18391	-2.4310973410264065	-15.212973659903671	-4.0508646965026855	475.0
18411	-2.466985443603076	-15.142273456856762	-4.02703857421875	475.0
18430	-2.4768460760124293	-14.764136136542506	-4.156322479248047	475.0
18449	-2.3506835793660503	-14.765901893212078	-4.0065388679504395	475.0
18468	-2.1977177071417224	-14.777955126705704	-4.046876907348633	475.0
18488	-2.3067662392763655	-14.9545111274362	-4.017495632171631	471.0
18507	-2.1749002617899205	-15.150755831752758	-3.989001750946045	471.0
18527	-2.2270389136636237	-15.07134376844859	-3.899096727371216	471.0
18547	-2.1424966208520213	-14.831422270288325	-4.109787940979004	471.0
18566	-2.234820005383634	-14.6913736834827	-4.145272254943848	471.0
18586	-2.167234502004165	-14.793397166357147	-4.229970932006836	471.0
18604	-2.318725396954007	-14.775954882510415	-4.470359802246094	471.0
18625	-2.373350110761831	-14.724696072563075	-4.416924476623535	471.0
18645	-2.144303647428777	-14.508489966280154	-4.611324310302734	471.0
18672	-2.144303647428777	-14.508489966280154	-4.611324310302734	471.0
18683	-2.11875117571852	-14.502593054697684	-4.519906520843506	471.0
18702	-2.210663516128689	-14.609176523885308	-4.435792922973633	471.0
18722	-2.1413420552812816	-14.810498282700772	-4.388903617858887	471.0
18740	-2.1797291406134605	-14.979807257376164	-4.277155876159668	471.0
18760	-2.2791517367597653	-15.063418495874677	-4.346579551696777	471.0
18782	-2.1485390730151095	-15.096435691592342	-4.369470596313477	471.0
18798	-2.0865240966500185	-15.066476955441983	-4.587903022766113	471.0
18818	-2.2799142649917625	-15.070904456516818	-4.690790176391602	471.0
18838	-2.240391995344635	-15.020898971127803	-4.728725433349609	471.0
18857	-2.2029216796019195	-14.889688420459045	-4.807464599609375	471.0
18877	-2.1655491483625786	-14.800564794878877	-4.783642768859863	471.0
18897	-2.117235828154433	-14.78590767147646	-4.809880256652832	473.0
18916	-2.118276740779854	-14.88320045750694	-4.694236755371094	473.0
18935	-2.0772676666106418	-14.77215194957475	-4.533140182495117	473.0
18955	-2.3357124169808947	-14.793829636691763	-4.361757278442383	473.0
18975	-2.300953639286248	-14.855987990528737	-4.05332088470459	473.0
18993	-2.4083762144695586	-14.792262164724345	-3.956501007080078	473.0
19013	-2.418684533479987	-14.839657317931609	-4.1440229415893555	473.0
19033	-2.4757256532788188	-14.874199828694335	-4.156359672546387	473.0
19053	-2.3627591234516507	-14.945139280287714	-4.192265510559082	473.0
19072	-2.1466686564646524	-14.804095910748492	-4.0102362632751465	473.0
19091	-2.130731989632201	-14.75323052487904	-4.110645294189453	473.0
19111	-1.781582121229902	-14.655648694826242	-4.267387390136719	473.0
19131	-1.8420734117312672	-14.642721699238106	-4.231849670410156	473.0
19151	-1.8557388981082876	-14.61961284736002	-4.384757041931152	473.0
19168	-1.5362405453029373	-14.603892190391841	-4.198993682861328	473.0
19189	-1.5531346453591293	-14.569870974687648	-4.0108232498168945	473.0
19207	-1.5083838777007657	-14.460397763995392	-4.110279560089111	473.0
19228	-1.7263448248355595	-14.521872005736896	-4.229648590087891	473.0
19250	-1.7217901676775043	-14.555862964960005	-4.015313148498535	473.0
19266	-1.915908002041412	-14.602861423976083	-3.679851531982422	473.0
19285	-1.848216767097299	-14.439502267854802	-3.7511825561523438	473.0
19304	-1.692961635546901	-14.406637294957536	-3.947782039642334	474.0
19326	-1.8407734760744157	-14.397208684836839	-4.236358642578125	474.0
19345	-1.7408562959425073	-14.332756194767196	-4.2869696617126465	474.0
19364	-1.7408562959425073	-14.332756194767196	-4.2869696617126465	474.0
19384	-1.5422791243210854	-14.272745768894126	-4.100375175476074	474.0
19404	-1.565858927819022	-14.213936620749005	-4.110037803649902	474.0
19421	-1.565858927819022	-14.213936620749005	-4.110037803649902	474.0
19441	-1.5006385708951506	-14.288858568019792	-4.308753967285156	474.0
19460	-1.5341349349530475	-14.391858464608205	-4.396074295043945	474.0
19483	-1.6741331603565064	-14.457104655599087	-3.9640891551971436	474.0
19504	-1.6419142496605919	-14.258619234421678	-3.6231091022491455	475.0
19520	-1.9653279233421004	-14.415382068070672	-3.700864315032959	475.0
19538	-2.035194002369032	-14.401010185148818	-3.6714367866516113	475.0
19558	-2.129316600923286	-14.570999015575165	-3.670259952545166	475.0
19578	-2.4105627224831156	-14.787326803357615	-3.5928139686584473	475.0
19596	-2.445404280571488	-14.799050332494241	-3.4952075481414795	475.0
19617	-2.4056755598165016	-14.81033100298667	-3.4198737144470215	475.0
19635	-2.2069521050619785	-14.73348460972346	-3.571485996246338	475.0
19655	-2.21770822703843	-14.828750736386489	-3.8147964477539062	475.0
19676	-1.784515331322744	-14.677688850790243	-3.8294711112976074	475.0
19694	-1.6713138171346889	-14.65213757382836	-3.8860833644866943	477.0
19714	-1.6379531217928276	-14.636443769708832	-4.025020122528076	477.0
19734	-1.576239351876057	-14.619586766509956	-4.1593427658081055	477.0
19752	-1.5284952377646666	-14.620091313389588	-4.338787078857422	477.0
19772	-1.5375154772993367	-14.688160948396956	-4.326321125030518	477.0
19791	-1.6504641701401865	-14.528124635533034	-4.289449214935303	477.0
19811	-2.0299389740958222	-14.617735094632417	-4.243568420410156	477.0
19830	-2.2420308280271986	-14.661726549100905	-4.102410316467285	477.0
19850	-2.48045997688453	-14.761810864458292	-4.023619174957275	477.0
19870	-2.44989855268451	-14.673170387204985	-3.8995628356933594	477.0
19889	-2.377901383573755	-14.51000538715613	-3.9114460945129395	480.0
19908	-2.340854762975369	-14.46741251745428	-3.9272308349609375	480.0
19927	-2.352692417877778	-14.505667495349545	-3.9538726806640625	480.0
19946	-2.2050934249457463	-14.763519775061434	-3.8287553787231445	480.0
19967	-1.9758753049003555	-14.706416912537675	-3.7476718425750732	480.0
19987	-2.0480475670143954	-14.747630039897238	-3.8428120613098145	480.0
20005	-1.8220975300048443	-14.631904747803203	-3.984133005142212	480.0
20024	-1.9336817704465952	-14.574501962874528	-4.1085381507873535	480.0
20045	-1.7931163150221965	-14.616814314106417	-4.200095176696777	480.0
20065	-1.8172178175655478	-14.534575837192367	-4.222534656524658	480.0
20084	-1.8172178175655478	-14.534575837192367	-4.222534656524658	480.0
20105	-1.9057869006365116	-14.37290837641764	-4.141636371612549	482.0
20121	-1.9865146332189823	-14.326541685024088	-4.170497894287109	482.0
20141	-2.0138744903221832	-14.335645854498598	-4.133896350860596	482.0
20161	-1.9405799717774912	-14.321421551405022	-4.032116889953613	482.0
20180	-2.0039262376314286	-14.320002545499749	-3.944624423980713	482.0
20200	-1.9887498316352632	-14.356962019629277	-3.9584851264953613	482.0
20220	-1.9813544379648038	-14.29905112172264	-3.961984157562256	482.0
20238	-1.994321430804476	-14.384719484411326	-4.012539863586426	482.0
20258	-1.9797952165663464	-14.218385365050501	-4.10590934753418	482.0
20277	-2.1421256907381667	-14.15487971156906	-3.991729259490967	482.0
20297	-2.1120775084543144	-14.28504296015768	-4.102352142333984	482.0
20316	-2.3252030115264444	-14.289616447976224	-4.048882007598877	482.0
20336	-2.4085799057027666	-14.472449498671489	-3.9587223529815674	482.0
20355	-2.4169035028062797	-14.402553019580427	-3.898927927017212	482.0
20375	-2.5056520289347715	-14.370559389240082	-3.979645252227783	482.0
20394	-2.4807373990268067	-14.194415994564507	-3.997286319732666	482.0
20413	-2.5443771267006445	-14.281794306354843	-4.022481441497803	482.0
20434	-2.517900978076022	-14.21390425142831	-4.459709167480469	482.0
