14	-14.00691514016587	-19.568964936549435	-7.268550872802734	414.0
33	-13.867462594132238	-19.47036162760611	-7.372596740722656	414.0
52	-13.798894048796706	-19.479110570175635	-7.3205718994140625	414.0
73	-13.929794202702617	-19.4105045822966	-7.206090927124023	414.0
93	-14.095706147970237	-19.28598318576173	-6.734057903289795	411.0
112	-14.280598055839032	-19.259782326498186	-6.441961765289307	411.0
132	-14.447032758626547	-19.49517396918273	-6.333454608917236	411.0
151	-14.447032758626547	-19.49517396918273	-6.333454608917236	411.0
169	-14.391775845375356	-19.669077490730796	-6.250813961029053	411.0
189	-14.50172351439211	-19.60413745006074	-6.345130920410156	411.0
209	-14.696986664943951	-19.612435209910487	-6.511447906494141	411.0
228	-14.9488322181203	-19.60524654082217	-6.553847312927246	411.0
247	-14.753687650058378	-19.71438383725271	-6.665461540222168	411.0
267	-14.790699499632888	-20.005697532395967	-6.702401161193848	411.0
287	-14.674998909660355	-20.067951441776753	-6.793634414672852	411.0
306	-14.638668549063159	-20.01679772458408	-6.811657905578613	411.0
327	-14.741341583994986	-20.02060982443938	-6.751483917236328	411.0
347	-14.648674774333342	-19.954034332516816	-6.733230113983154	411.0
365	-14.681078831725365	-20.115565444520783	-6.687997817993164	411.0
384	-14.666295385399463	-20.203991371612926	-6.654079437255859	411.0
402	-14.808843831984955	-20.220300540800054	-6.744062900543213	411.0
423	-14.769784995251337	-20.183339346309587	-6.782321929931641	411.0
442	-14.762257522774016	-20.052041579722452	-6.616117477416992	411.0
462	-14.76249201815118	-20.161982969102016	-6.1908721923828125	411.0
481	-14.887519359062388	-20.38957428764317	-6.242654800415039	411.0
502	-14.994269208802494	-20.63328818602059	-6.316987037658691	408.0
520	-14.858540362100769	-20.481227810021363	-6.234424591064453	408.0
539	-14.804289560442639	-20.367585515191823	-6.209072589874268	408.0
560	-14.704175080094602	-20.291457827093513	-6.341243743896484	408.0
578	-14.723779668987845	-20.38782220836836	-6.440747261047363	408.0
597	-14.762189842336426	-20.64596639472726	-6.619651794433594	408.0
617	-14.631414135410981	-20.815196605865616	-6.760954856872559	408.0
637	-14.440742101038293	-20.66413030088036	-6.690573692321777	408.0
655	-14.34514573779104	-20.461900563029403	-6.532529830932617	408.0
675	-14.423179404394627	-20.530767402086994	-6.37315034866333	408.0
695	-14.444967892034912	-20.535876534498463	-6.478583335876465	406.0
713	-14.453481583103253	-20.705032803755223	-6.46401834487915	406.0
734	-14.544215687350079	-20.56402699636461	-6.550263404846191	406.0
752	-14.59050264537357	-20.530251399387403	-6.787048816680908	406.0
773	-14.796046631122056	-20.296858117982904	-7.01597785949707	406.0
793	-14.700595277929493	-20.273062605221046	-7.038949966430664	406.0
813	-14.700595277929493	-20.273062605221046	-7.038949966430664	406.0
835	-14.652107527669266	-20.382040408381343	-7.175322532653809	406.0
853	-14.367372207186584	-20.365993585867972	-7.270942687988281	406.0
870	-14.367372207186584	-20.365993585867972	-7.270942687988281	406.0
890	-14.348520616014357	-20.194050705705024	-7.274137496948242	406.0
910	-14.310010542769769	-20.1977030870917	-6.9533867835998535	404.0
929	-14.308507895127642	-20.09868204801269	-6.715561389923096	404.0
948	-14.158254097938606	-19.976733574998967	-6.8968024253845215	404.0
969	-14.308569633629133	-19.911207399004823	-7.160533905029297	404.0
986	-14.235157386163378	-19.83978482933064	-7.0725507736206055	404.0
1006	-14.151237223433402	-19.911965011024883	-6.960758686065674	404.0
1026	-14.084936509738036	-20.003613722361553	-6.806367874145508	404.0
1046	-14.202301675727409	-20.096065849073163	-6.9837470054626465	404.0
1065	-14.247558593471712	-20.04069806903718	-7.009265899658203	404.0
1084	-14.288732057434746	-20.195813169705666	-6.828655242919922	404.0
1104	-14.346472579582482	-20.174473003204437	-6.555484771728516	404.0
1123	-14.428512507415999	-20.228341343706504	-6.595286846160889	404.0
1143	-14.721608811333487	-20.124204123764457	-6.825447082519531	404.0
1161	-14.881868240547472	-20.084813209179533	-6.824718475341797	404.0
1182	-15.001628154796096	-20.081555998402127	-6.985451698303223	404.0
1200	-14.882048432352486	-19.904658557919745	-6.792051315307617	404.0
1220	-14.833831491272392	-19.829722190507045	-7.0204668045043945	404.0
1239	-14.895250041148836	-19.69922223875965	-7.130504608154297	404.0
1259	-14.967043972592208	-20.00384402693945	-7.008167266845703	404.0
1279	-14.944365373023905	-19.82544702651126	-6.7760114669799805	404.0
1298	-14.76373490808726	-19.829929792970443	-6.7323150634765625	404.0
1317	-14.884191164812583	-19.81637809193574	-7.089899063110352	404.0
1337	-14.956076632714325	-19.851205432175046	-6.980079650878906	404.0
1356	-15.06945290946879	-19.928517782525876	-7.014545440673828	404.0
1376	-15.115410821310405	-20.080327312802165	-6.841238021850586	404.0
1395	-15.063193033927865	-19.873922573380955	-6.944794654846191	404.0
1414	-14.949353795619322	-19.579124739228334	-6.930531978607178	404.0
1433	-15.000271898667505	-19.782915692558543	-6.966666221618652	404.0
1454	-14.966757069411573	-19.752824293654818	-6.8133087158203125	404.0
1474	-14.972619242185923	-19.73163672073456	-6.64384126663208	404.0
1493	-14.972619242185923	-19.73163672073456	-6.64384126663208	404.0
1512	-15.056435207221682	-19.80529137467034	-6.2055816650390625	404.0
1532	-15.056435207221682	-19.80529137467034	-6.2055816650390625	404.0
1554	-14.683007397892782	-19.497219188264562	-6.180760383605957	404.0
1571	-14.643798633505371	-19.689017065224284	-6.048384189605713	404.0
1589	-14.650125263979866	-19.572836532874977	-6.401931285858154	404.0
1610	-14.71134161491493	-19.311896548243492	-6.4366254806518555	404.0
1629	-14.908477717848895	-19.39158730340206	-6.716064453125	404.0
1649	-14.73300472455064	-19.234886332061446	-6.7816162109375	404.0
1668	-14.851999814664659	-19.414932074084895	-6.647172927856445	404.0
1687	-15.051531954688398	-19.192624392590076	-6.724289894104004	404.0
1707	-15.212578178685813	-19.322885156472438	-6.725900650024414	404.0
1727	-15.282476515904852	-19.273649601718038	-6.769804954528809	404.0
1746	-15.182158204336238	-19.309497675523545	-6.781597137451172	404.0
1765	-15.249608095293487	-19.34294760753942	-7.091886520385742	404.0
1785	-15.212475874340281	-19.161377864684802	-7.229259014129639	404.0
1806	-15.188263136483437	-19.159657497036925	-7.310319900512695	404.0
1822	-15.05330970849784	-18.82066198938455	-7.4029622077941895	404.0
1842	-14.795425443264884	-18.870071511857578	-7.479994297027588	404.0
1862	-14.78736472086895	-18.85468538305727	-7.348750114440918	404.0
1882	-14.687671361577834	-18.86131889778271	-7.235350608825684	404.0
1902	-14.817516466557425	-18.898670750762193	-7.1729278564453125	405.0
1920	-14.834562028820704	-18.94200928416898	-6.919711112976074	405.0
1941	-14.699097284369294	-18.85338186038774	-6.803066253662109	405.0
1960	-14.824553493789697	-18.787034883662123	-6.720420837402344	405.0
1979	-14.814657250164926	-18.990372230536575	-6.751985549926758	405.0
1999	-14.842439687402194	-18.942995526237773	-6.5849480628967285	405.0
2018	-14.905827895824787	-18.987098200041466	-6.717486381530762	405.0
2040	-14.994904882493087	-18.82510156949319	-6.701540946960449	405.0
2057	-15.048039108103946	-18.70924394826654	-6.643821716308594	405.0
2076	-14.882278524478984	-18.583113343956224	-6.868801116943359	405.0
2096	-15.047974278233657	-18.71007995562984	-6.737998962402344	405.0
2115	-14.978660638606176	-18.6894661638508	-6.527462482452393	405.0
2134	-14.994623199801682	-18.585969703262013	-6.262606620788574	405.0
2155	-14.886300617707043	-18.606019919412716	-6.143521308898926	405.0
2174	-14.79047554073115	-18.627898833180385	-6.247278690338135	405.0
2194	-14.776559344350222	-18.63247625762861	-6.603264808654785	405.0
2214	-14.482935012408225	-18.732833634104416	-6.875443458557129	405.0
2233	-14.482935012408225	-18.732833634104416	-6.875443458557129	405.0
2253	-14.457626653053365	-18.77070908803404	-6.661948204040527	405.0
2274	-14.381524362534089	-18.624680316370576	-6.748891830444336	405.0
2291	-14.465585294299395	-18.661329881581683	-6.797016143798828	405.0
2309	-14.44059368109988	-18.650803031497997	-6.749190330505371	405.0
2328	-14.457776819752144	-18.856925949899015	-6.652115821838379	405.0
2349	-14.747289244682175	-18.86945040766308	-6.577009201049805	405.0
2368	-14.73762858238948	-18.8885466280525	-6.51352071762085	405.0
2391	-14.913886343355298	-18.8971310492761	-6.397735595703125	405.0
2408	-15.005951238291983	-18.840323453229527	-6.540458679199219	405.0
2426	-14.847729871964125	-19.000049811759524	-6.393454074859619	405.0
2445	-14.987185836306757	-19.13218855169382	-6.397234916687012	405.0
2465	-14.991942788788098	-19.163598626767836	-6.53223180770874	405.0
2486	-15.111549615756331	-18.994107049971287	-6.680144309997559	405.0
2504	-14.777053798047998	-18.910624826714155	-6.857240200042725	405.0
2523	-14.705499045560682	-18.912557873341303	-6.952339172363281	405.0
2543	-14.531864283160706	-18.659728909389766	-7.163529396057129	405.0
2562	-14.43613203049553	-18.724061276759542	-7.091800689697266	405.0
2582	-14.505221298347804	-18.706520883672574	-6.942828178405762	405.0
2601	-14.45238984378449	-18.604217513510612	-6.780460357666016	405.0
2620	-14.648474588745383	-18.669058485522694	-6.627052307128906	405.0
2639	-14.515856613837085	-18.468766303497247	-6.608678817749023	405.0
2660	-14.579095147938093	-18.50427141431951	-6.442844390869141	405.0
2679	-14.615220493980992	-18.47178288849008	-6.216154098510742	405.0
2699	-14.946553692706258	-18.629523200877763	-5.975908279418945	405.0
2718	-15.048729940352375	-18.651766781850487	-6.073548316955566	405.0
2739	-15.049719409038996	-18.61861884946293	-6.239391326904297	405.0
2758	-14.86608509764378	-18.749674782676163	-6.316280364990234	405.0
2777	-14.675664899094402	-18.58673640204922	-6.54378604888916	405.0
2796	-14.788905718307982	-18.77345950513644	-6.540520668029785	405.0
2814	-14.802108261718162	-18.596358570825924	-6.598637104034424	405.0
2834	-14.848319025039437	-18.687286577687996	-6.773201942443848	405.0
2855	-14.557344525799088	-18.59083375138491	-6.8729071617126465	405.0
2876	-14.462989149609083	-18.58281132673162	-6.739906311035156	405.0
2894	-14.442474467176877	-18.629919950889636	-6.763944625854492	405.0
2914	-14.490759468661878	-18.477443052385496	-6.453213691711426	405.0
2933	-14.490759468661878	-18.477443052385496	-6.453213691711426	405.0
2952	-14.615872935434236	-18.573608851759232	-6.274297714233398	405.0
2972	-14.450374489731942	-18.44083614919899	-6.515424728393555	405.0
2993	-14.503688020510845	-18.452140622275568	-6.289218425750732	405.0
3009	-14.621809357242567	-18.447479907654078	-6.31129264831543	405.0
3029	-14.543552959828883	-18.56865422250915	-6.237262725830078	405.0
3049	-14.36379835675587	-18.57935296238014	-6.430307388305664	405.0
3067	-14.200862056645786	-18.529374767039815	-6.527736663818359	405.0
3088	-14.135630631595305	-18.470871606031473	-6.719873428344727	405.0
3106	-13.973108275824643	-18.500998519738378	-6.581820964813232	405.0
3127	-14.082851533495026	-18.551824991919545	-6.3755998611450195	405.0
3145	-14.002354275846317	-18.610518555066932	-6.690895080566406	405.0
3165	-13.899797465980546	-18.672947571518733	-6.726312160491943	405.0
3185	-14.135017618886286	-18.574898043925113	-6.8265275955200195	405.0
3204	-14.19826220308075	-18.510440834817018	-6.762005805969238	405.0
3224	-14.369808746396586	-18.590057282103505	-6.480686664581299	405.0
3254	-14.43512470948808	-18.839969968329743	-6.261307239532471	405.0
3262	-14.395680819962765	-18.89836592087147	-6.468576431274414	405.0
3281	-14.298213704943182	-18.92557074357575	-6.419508457183838	405.0
3301	-14.380843696261675	-18.904855892755783	-6.458259582519531	405.0
3320	-14.199390357120402	-18.824631249747902	-6.225485801696777	405.0
3343	-13.976933160835113	-18.871437920774845	-6.052574157714844	405.0
3360	-14.155952023978525	-19.080278639727123	-6.085176467895508	405.0
3380	-14.141121585765259	-19.2139295585244	-6.243321418762207	405.0
3399	-14.048256212528436	-19.13739103070744	-6.123378753662109	405.0
3418	-14.195547258124224	-19.192279781274873	-5.989241123199463	405.0
3439	-14.302878939485707	-19.249324197384386	-6.097756862640381	405.0
3457	-14.283551150146813	-19.24917123338749	-6.193098068237305	405.0
3476	-14.434267975488776	-19.251187119460837	-6.389026641845703	405.0
3498	-14.68239424577018	-19.195886026269264	-6.490144729614258	405.0
3516	-14.523510667479336	-19.01468190535977	-6.179454803466797	405.0
3535	-14.517295243060524	-18.818762041472063	-6.153805732727051	405.0
3554	-14.774786631961238	-18.780616261300093	-6.331192970275879	405.0
3573	-14.633019855613218	-18.659020221972636	-6.373249053955078	405.0
3594	-14.467930949211238	-18.50130582600586	-6.577734470367432	405.0
3614	-14.309645371487271	-18.474338077201107	-6.439509868621826	405.0
3633	-14.110047023239305	-18.449431647971238	-6.647735595703125	405.0
3654	-14.027610378297453	-18.43796441654623	-6.881390571594238	405.0
3672	-14.027610378297453	-18.43796441654623	-6.881390571594238	405.0
3691	-13.88158504521267	-18.538550749680176	-6.788576602935791	405.0
3715	-13.832881946823736	-18.621988456896673	-6.760892868041992	405.0
3729	-13.542684232689247	-18.596292125438534	-6.722835540771484	405.0
3749	-13.64034288830224	-18.5104018752112	-6.65536642074585	405.0
3769	-13.691085010731998	-18.561096363911272	-6.415218353271484	405.0
3788	-13.801839337684047	-18.69945185114909	-6.332784175872803	405.0
3808	-13.800018509732315	-18.601800673532413	-6.18983268737793	405.0
3831	-13.793220293713572	-18.70576076413062	-5.892885684967041	405.0
3847	-14.02602688361584	-18.778470708984297	-6.178796768188477	405.0
3866	-14.04727314088036	-18.67343923991153	-5.987928867340088	405.0
3886	-14.325128116904324	-18.888360001474354	-5.795871734619141	405.0
3905	-14.309893436290295	-18.943425950907017	-5.914308547973633	406.0
3924	-14.258229128052122	-18.976954887285228	-5.932934761047363	406.0
3945	-14.276935090609733	-18.904263811585125	-6.04151725769043	406.0
3967	-14.460941604602157	-19.106123815955254	-6.241997718811035	406.0
3982	-14.394518525926426	-19.144622680903883	-6.257786750793457	406.0
4002	-14.268256999796247	-19.003066367888728	-6.038228988647461	406.0
4022	-14.322140354601451	-19.110391722937596	-6.185768127441406	406.0
4041	-14.11461019783109	-19.03605659484807	-6.203050136566162	406.0
4060	-14.056151228583243	-19.09035085336754	-5.986132621765137	406.0
4080	-14.027176545827837	-18.93207720127478	-6.139952659606934	406.0
4100	-14.034039579384682	-18.82488963304296	-6.265964508056641	408.0
4119	-14.054203186640548	-18.817502858090954	-6.10998010635376	408.0
4139	-13.936093165924461	-18.74955658522988	-6.164036750793457	408.0
4157	-13.955860128776953	-18.855147232802842	-6.240484237670898	408.0
4178	-13.758595962542007	-18.964672488990445	-5.961122512817383	408.0
4197	-13.678695554098086	-18.802863429918304	-6.153675079345703	408.0
4216	-13.44338316090596	-18.541513689987838	-6.095221042633057	408.0
4235	-13.507366399106774	-18.669661314433768	-5.8477559089660645	408.0
4255	-13.406949890384942	-18.7989967892389	-5.836716651916504	408.0
4274	-13.261398484459784	-18.65817663927641	-5.973785400390625	408.0
4294	-13.338716530693192	-18.463389576397315	-6.100949287414551	408.0
4316	-13.430184294857538	-18.37501851762699	-6.0510053634643555	408.0
4333	-13.596652125772112	-18.28216245530974	-6.09036922454834	408.0
4353	-13.611265200693877	-18.3954826234637	-5.805948257446289	408.0
4373	-13.72461630806684	-18.541694502884607	-5.993785858154297	408.0
4390	-13.72461630806684	-18.541694502884607	-5.993785858154297	408.0
4410	-13.727556272129837	-18.484497444458178	-6.262983798980713	408.0
4429	-13.733569422282198	-18.572574326502878	-6.365278244018555	408.0
4449	-13.732089192697902	-18.51749821766741	-6.035220146179199	408.0
4468	-13.46795560126604	-18.58743967134736	-5.741166114807129	408.0
4487	-13.41196054554563	-18.661274362348056	-5.759097099304199	408.0
4508	-13.312227038048615	-18.602557671250544	-5.760001182556152	411.0
4527	-13.302369610283954	-18.538816358205214	-5.639620780944824	411.0
4546	-13.363036655503945	-18.56662517384726	-5.620398044586182	411.0
4567	-13.273975501067545	-18.670398733622346	-5.686300277709961	411.0
4586	-13.291219833952244	-18.458391874202277	-5.717929840087891	411.0
4605	-13.509802688099391	-18.636508725048145	-6.108587741851807	411.0
4625	-13.68708771503732	-18.765565568126647	-5.990882396697998	411.0
4643	-13.568035568022976	-18.718068176818452	-6.085030555725098	411.0
----------------출발----------------
4667	-13.515364206186451	-18.74296738377611	-6.384070873260498	411.0
4681	-13.858544528315575	-18.857135180229772	-6.3221659660339355	411.0
4703	-13.805306586439466	-18.998090637992682	-5.899646759033203	411.0
4720	-13.776080297012813	-18.930935626236145	-5.652139663696289	411.0
4741	-13.850126408519348	-18.984096772173736	-5.841636657714844	411.0
4760	-13.80390507651364	-18.925296930752435	-5.5944132804870605	411.0
4781	-13.953894796551568	-18.9467414002523	-5.849791049957275	411.0
4799	-14.104023749518873	-18.854675212067825	-5.882657527923584	411.0
4819	-14.211500403199896	-18.834464481972113	-5.988883972167969	411.0
4838	-14.025531875343294	-18.95597395784129	-6.147809028625488	411.0
4857	-14.130408120326193	-18.992221043808623	-6.265911102294922	411.0
4877	-14.39728210814492	-19.027438389054414	-6.425055980682373	411.0
4896	-14.332961884910214	-19.058767986879012	-6.058733940124512	414.0
4915	-14.192890304247841	-18.937423274436288	-6.15004825592041	414.0
4936	-14.18525145939816	-18.877319027114545	-6.098946571350098	414.0
4955	-14.076729922816032	-18.970494400456918	-6.100566864013672	414.0
4974	-14.056060419969208	-19.080104691654697	-5.7477827072143555	414.0
4994	-14.045281472431531	-18.99631934119167	-5.57086181640625	414.0
5012	-13.968077850050472	-19.023240485386218	-5.656462669372559	414.0
5036	-13.905149113443377	-19.123309130193686	-5.542325973510742	414.0
5054	-13.843275809701968	-19.129408822258203	-5.77523136138916	414.0
5072	-13.972315593101024	-19.353027884791185	-5.600208759307861	414.0
5091	-13.972315593101024	-19.353027884791185	-5.600208759307861	414.0
5110	-13.90624966949516	-19.39364490959176	-5.827657699584961	414.0
5129	-13.933073477253028	-19.331225268817185	-6.142913818359375	414.0
5149	-13.857768015629365	-19.248393971852206	-6.291955947875977	414.0
5169	-13.893002419255161	-19.208129558894576	-6.2271728515625	414.0
5187	-13.991368942721852	-19.1993051286666	-6.0042877197265625	414.0
5208	-13.970674182125219	-19.17714321010048	-6.00698184967041	414.0
5227	-14.006218351632556	-19.06830296921548	-6.2174835205078125	414.0
5246	-14.145779805321094	-19.048467848707514	-6.4834394454956055	414.0
5265	-14.129383163139853	-19.127625022559776	-6.136641502380371	414.0
5285	-14.313067039770344	-19.134244264653685	-5.93339729309082	414.0
5304	-14.344379601603194	-19.251974497847627	-5.857357978820801	414.0
5324	-14.111770212551917	-19.263252174485938	-5.972085475921631	414.0
5344	-14.131965986076766	-19.356416796629777	-5.955822944641113	414.0
5363	-14.085174517836556	-19.4192708986532	-6.050894737243652	414.0
5382	-13.86603179601095	-19.49537839652167	-5.8344221115112305	414.0
5402	-13.723400778664244	-19.27856812356299	-5.919764518737793	414.0
5421	-13.884778001706046	-19.157807193033474	-5.976030349731445	414.0
5441	-13.546359830021327	-19.29968798639276	-5.973627090454102	414.0
5461	-13.657574577735833	-19.158084721473454	-6.209227561950684	414.0
5480	-13.79396608470788	-19.143535267633297	-6.161340713500977	414.0
5499	-13.827439604382155	-19.093332290458473	-6.469539642333984	415.0
5520	-13.834054793294925	-19.008020488304645	-6.360417366027832	415.0
5538	-13.957222601461853	-19.054455576749337	-6.119560241699219	415.0
5558	-13.831498454300668	-19.14177553727677	-6.002298831939697	415.0
5578	-13.643872971880999	-19.0347650129521	-6.297212600708008	415.0
5596	-13.619570213257452	-19.03173341589325	-6.484902381896973	415.0
5617	-13.358645466226589	-19.19595170229154	-6.3827056884765625	415.0
5636	-13.297466189480046	-19.06847826912046	-6.402217864990234	415.0
5656	-13.204612575006061	-18.83011253342162	-6.543644905090332	415.0
5674	-13.189188128706265	-18.83921838622284	-6.715282440185547	415.0
5693	-13.231191393143462	-18.856579874539023	-6.866117000579834	414.0
5713	-13.269696872585428	-18.833472716186115	-6.947683334350586	414.0
5733	-13.375565525799209	-19.091903893325384	-6.576132774353027	414.0
5754	-13.449324311852545	-19.06607439518256	-5.873398780822754	414.0
5773	-13.449324311852545	-19.06607439518256	-5.873398780822754	414.0
5790	-13.585829400394132	-18.997584748762588	-5.494037628173828	414.0
5812	-13.665007321447005	-19.20035630941828	-5.593009948730469	414.0
5830	-13.662989592738718	-19.339410695300828	-5.891393661499023	414.0
5850	-13.78969153630365	-19.218939202304213	-6.107824325561523	414.0
5869	-13.72481718291828	-19.06545523856732	-6.440834045410156	414.0
5888	-13.68849697278322	-19.276960152752153	-6.230491638183594	414.0
5907	-13.69774483392347	-19.202609534674867	-6.383484363555908	417.0
5928	-13.61763032775251	-19.311707540178745	-6.256481647491455	417.0
5947	-13.522507275598201	-19.531326985817344	-6.29545259475708	417.0
5966	-13.517247305206212	-19.44110444978655	-6.421821594238281	417.0
5987	-13.654273914277319	-19.18232525214741	-6.375554084777832	417.0
6005	-13.418519880769589	-19.200377046474223	-6.581967353820801	417.0
6025	-13.445622032920392	-19.362506902799847	-6.570572853088379	417.0
6044	-13.33986526187911	-19.16068501504823	-6.605011940002441	417.0
6064	-13.164516548418801	-19.280677452636255	-6.446274280548096	417.0
6084	-13.35473855155161	-19.430028673866907	-6.380468368530273	417.0
6103	-13.591952523948438	-19.323342588522767	-6.38028621673584	417.0
6122	-13.49293427727969	-19.348247667717082	-6.239742279052734	417.0
6142	-13.346528905908059	-19.47049180821998	-6.217815399169922	417.0
6161	-13.551182018712238	-19.53836227688436	-5.930198669433594	417.0
6180	-13.537809881117747	-19.48488581848648	-5.935612678527832	417.0
6199	-13.394665095160748	-19.45107725965745	-6.166342735290527	417.0
6220	-13.326255210852992	-19.36644379197595	-6.454604625701904	417.0
6239	-13.391374994688967	-19.30431122190119	-6.345795154571533	417.0
6258	-13.21505502626672	-19.299815567894278	-6.378753662109375	417.0
6277	-13.37887741267925	-19.346790977480236	-6.546110153198242	417.0
6297	-13.417521562747101	-19.43072700661577	-6.58315372467041	417.0
6316	-13.319584241431423	-19.441988160818063	-6.774106979370117	417.0
6336	-13.310196131088492	-19.426549422146753	-6.641219139099121	417.0
6358	-13.597704745973688	-19.576440629967877	-6.535975456237793	417.0
6374	-13.842394049996656	-19.630504546800932	-6.494378089904785	417.0
6394	-13.78605101195377	-19.507157962286513	-6.726481914520264	417.0
6413	-13.929187164784631	-19.54100780608618	-6.879887580871582	417.0
6433	-13.985434862727878	-19.66877580425331	-7.055251598358154	417.0
6453	-13.985434862727878	-19.66877580425331	-7.055251598358154	417.0
6473	-13.945236506348213	-19.618983785330197	-7.265993118286133	417.0
6492	-13.945236506348213	-19.618983785330197	-7.265993118286133	417.0
6511	-13.896720647141427	-19.696079829562052	-7.443939685821533	417.0
6530	-13.962206064953264	-19.6471805387109	-7.504499435424805	417.0
6549	-14.014725526379166	-19.697177283448735	-7.5204973220825195	417.0
6569	-13.990275831003393	-19.76917488253453	-7.929402828216553	417.0
6588	-13.892085664305814	-19.42776664340165	-8.194889068603516	417.0
6608	-13.817247960571327	-19.21988852412953	-8.677289009094238	417.0
6628	-13.666502544485454	-19.122587623196708	-9.05656909942627	417.0
6647	-13.615443482463467	-19.116891758963057	-9.254907608032227	417.0
6666	-13.595163391851393	-18.947921039118523	-9.271236419677734	417.0
6691	-13.481907955296311	-19.007136124002205	-9.442904472351074	417.0
6705	-13.411624542072067	-19.092472923660328	-9.18101692199707	417.0
6725	-13.506955206755775	-19.209319881421717	-8.80830192565918	417.0
6745	-13.458531824034555	-19.540707818690155	-8.766768455505371	417.0
6763	-13.355649651954625	-19.53624988328905	-8.670852661132812	417.0
6783	-13.330394821930208	-19.676305059990938	-8.956348419189453	417.0
6803	-13.310408455362651	-19.645375549394036	-9.35853099822998	417.0
6823	-13.441806289107015	-19.681219191130804	-9.667659759521484	417.0
6841	-13.19788695394289	-19.652758697674866	-9.459805488586426	417.0
6861	-13.07533205256094	-19.61944468721288	-9.620718955993652	417.0
6880	-12.681824294760801	-19.57620276125943	-9.864568710327148	417.0
6900	-12.447229512658511	-19.41428363170193	-10.136495590209961	417.0
6920	-12.29517275955699	-19.481601928984762	-10.38634967803955	417.0
6939	-12.09937319839617	-19.266387216405008	-10.4264554977417	417.0
6958	-11.877049500383684	-19.138602242777008	-10.515039443969727	417.0
6978	-11.455379113213482	-19.00076021230999	-10.785639762878418	417.0
6997	-11.563447577033928	-18.92509726447819	-11.264283180236816	417.0
7016	-11.18716338269108	-18.745951364762487	-11.330342292785645	417.0
7038	-10.896642756402384	-18.743998771300276	-11.328800201416016	417.0
7058	-10.762335346165601	-18.8198467530605	-11.452779769897461	417.0
7078	-10.438206919343667	-18.567433880321005	-11.730327606201172	417.0
7095	-10.361701469537362	-18.578214037070495	-12.142875671386719	414.0
7114	-10.223921542192643	-18.571677698439103	-12.501275062561035	414.0
7133	-9.919062468029356	-18.64644949832328	-12.620189666748047	414.0
7154	-9.436470951632648	-18.70046034820906	-12.671977996826172	414.0
7173	-9.370248030072705	-18.93574893418243	-12.737024307250977	414.0
7192	-9.370248030072705	-18.93574893418243	-12.737024307250977	414.0
7212	-9.389236541963953	-19.196603136282217	-12.994499206542969	414.0
7233	-8.893629334754785	-19.212911649135684	-13.36543083190918	414.0
7249	-8.546751577154904	-19.28545261685832	-13.357921600341797	414.0
7269	-8.2032543457282	-19.35119901660442	-13.247335433959961	414.0
7292	-7.677513336331287	-19.39886867219414	-13.015137672424316	414.0
7312	-7.338374297586938	-19.24938777179093	-12.901148796081543	415.0
7329	-7.020695403935383	-18.886559795224002	-13.28018569946289	415.0
7347	-6.53372963372264	-18.72452884130293	-13.565101623535156	415.0
7367	-6.028520546990975	-18.327534907731355	-13.712051391601562	415.0
7387	-5.871886270160746	-18.319533230233418	-13.23125171661377	415.0
7406	-5.732307067326138	-18.349135759046273	-12.888785362243652	415.0
7425	-5.2680037499340635	-18.280387101019446	-12.759855270385742	415.0
7445	-4.787594986411871	-18.333628765738773	-12.457767486572266	415.0
7465	-4.398574448552241	-18.584148349908588	-12.45767593383789	415.0
7483	-3.99571733256679	-18.990585554626755	-12.160954475402832	415.0
7503	-3.6035955772382624	-18.776153232381496	-12.13825798034668	414.0
7523	-3.2776266905623315	-18.658750580438692	-12.1600980758667	414.0
7543	-2.923625146876999	-18.577730450293625	-12.401405334472656	414.0
7561	-2.4163488461489524	-18.63073899584005	-12.32926082611084	414.0
7580	-2.068792883509667	-18.74718773854879	-12.153706550598145	414.0
7600	-1.7864868426219869	-18.954188696037484	-12.031967163085938	414.0
7619	-1.3019426756994672	-18.947179535922444	-11.852457046508789	414.0
7639	-0.9569026397435725	-18.72623191653569	-11.815999031066895	414.0
7660	-0.5231491002691447	-18.89469394235106	-11.724569320678711	414.0
7678	-0.1730014511101313	-18.863175252682602	-11.529656410217285	414.0
7697	0.2413234824875103	-18.74110815597588	-11.354060173034668	414.0
7717	0.6669881427363957	-18.726268970875207	-11.220605850219727	414.0
7736	0.9258217116602964	-18.841504058494785	-11.04156494140625	414.0
7758	1.1725422410461814	-18.827040666036364	-10.70053482055664	414.0
7781	1.4075860363086532	-18.9376000323901	-10.361723899841309	414.0
7797	1.674578818776884	-18.8308277584618	-9.87843132019043	414.0
7814	2.1421536640863876	-18.707506499623133	-9.767793655395508	414.0
7833	2.300371451655991	-18.653884728498277	-9.710566520690918	414.0
7853	2.6088592704646008	-18.764700496603194	-9.50964641571045	414.0
7874	2.748043858655932	-18.575353463206017	-9.17851734161377	414.0
7896	2.748043858655932	-18.575353463206017	-9.17851734161377	416.0
7913	3.554703363842963	-18.66727247747113	-8.510862350463867	416.0
7932	3.5084458493176425	-18.716798844740403	-8.0440673828125	416.0
7951	3.5084458493176425	-18.716798844740403	-8.0440673828125	416.0
7969	3.8055814388251505	-19.090827604135487	-7.8888750076293945	416.0
7989	3.8081990336438696	-19.25285274265036	-7.480194091796875	416.0
8013	4.171929186914791	-19.47512939358892	-7.292951583862305	416.0
8030	4.174327374079843	-19.639516769006818	-6.730945587158203	416.0
8047	4.213343151277644	-20.143029881448058	-6.285844802856445	416.0
8067	4.01092365016035	-20.369560609140528	-5.594985008239746	416.0
8086	3.973299137829308	-20.599458794245972	-4.965444564819336	416.0
8107	4.20470288150947	-20.74561983177169	-4.26263427734375	416.0
8129	4.01858955804641	-21.018526821958528	-3.7666757106781006	416.0
8145	4.0131236471840435	-21.06322782554902	-3.6099367141723633	416.0
8164	3.8687697044874376	-21.240109868149695	-3.2505645751953125	416.0
8184	3.780297288644135	-21.432280612076156	-3.171262264251709	416.0
8203	3.671564333462533	-21.653109712741145	-3.0475926399230957	416.0
8223	3.546323004871316	-21.764564488244204	-2.603182077407837	416.0
8243	3.4225947788718525	-21.798671094331663	-1.9942833185195923	416.0
8262	3.047714679334563	-22.009953800528855	-1.649471402168274	416.0
8281	2.8850939326663747	-21.844224789670697	-1.1794198751449585	416.0
8301	2.491187386756312	-21.96926143103963	-0.7457144260406494	418.0
8320	2.1848194582933167	-21.670560619285112	-0.5723392963409424	418.0
8340	1.8635450887904057	-21.468800362133667	-0.2603738307952881	418.0
8361	1.6212374567298087	-21.130000474506407	0.43201589584350586	418.0
8379	1.1167841043731017	-20.912744798559547	0.9863064289093018	418.0
8397	0.5526722760585643	-20.91140388842946	1.5850365161895752	418.0
8417	0.2274021843098851	-20.543654652884513	2.1331870555877686	418.0
8436	-0.1650958610716039	-20.408935792554903	2.764543056488037	418.0
8456	-0.4882881078976182	-20.10717175801365	3.0667879581451416	418.0
8475	-1.2037756719037829	-19.920178244802837	3.2154085636138916	418.0
8496	-1.9591123439780693	-19.645205901754736	3.19128155708313	418.0
8514	-2.756019878674014	-19.46605331732858	3.3537514209747314	418.0
8534	-3.292877785861101	-19.19929109439667	3.471031665802002	418.0
8553	-4.080650314494094	-18.881191618950055	3.3281495571136475	418.0
8575	-4.762665972112094	-18.806856872875933	3.0943524837493896	418.0
8593	-5.465158197856025	-18.45217059041213	2.67379093170166	418.0
8615	-5.465158197856025	-18.45217059041213	2.67379093170166	418.0
8633	-6.263206372624188	-18.108760730056353	2.959306001663208	418.0
8651	-6.263206372624188	-18.108760730056353	2.959306001663208	418.0
8670	-6.528981168271575	-18.05393701244343	2.8482673168182373	418.0
8689	-7.007631483986516	-17.978115273395517	2.5499227046966553	418.0
8709	-7.409873403111175	-17.96379569081162	2.1657674312591553	418.0
8731	-7.689281985918781	-17.97820245927188	1.8536736965179443	418.0
8747	-7.885740816875661	-17.90340428719588	1.5205488204956055	418.0
8766	-8.027964273239329	-18.016418117983594	0.9935324192047119	418.0
8787	-8.468989847559525	-18.318580356930003	0.5284461975097656	418.0
8805	-8.834044409961619	-18.442041771993868	0.1227254867553711	418.0
8826	-9.213394106185621	-18.678299454896365	0.23055458068847656	418.0
8847	-9.192016047299024	-18.92490343185771	0.26163744926452637	418.0
8865	-9.505981698042591	-19.13492456517873	0.18610239028930664	418.0
8883	-9.677864713142087	-19.363493092102473	0.06051516532897949	418.0
8904	-10.145946892982304	-19.811256903640853	-0.16341042518615723	416.0
8923	-10.288815555388378	-20.178256975868994	-0.40828418731689453	416.0
8943	-10.655061454780784	-20.604266618224347	-0.3739326000213623	416.0
8961	-10.751515148492402	-20.812851526828588	-0.3450777530670166	416.0
8981	-10.89595015717881	-20.9835899732953	-0.5545060634613037	416.0
9000	-11.049012763222956	-21.235519509479797	-0.665041446685791	416.0
9020	-11.032241583650022	-21.509865259399575	-0.4215691089630127	416.0
9040	-11.061336025523127	-21.841714410035287	-0.3592667579650879	416.0
9060	-11.115301531062359	-22.045414277552926	-0.18602538108825684	416.0
9082	-11.449419738384771	-22.337218723188222	0.11374211311340332	416.0
9097	-11.324938153044338	-22.499193818082766	-0.20922017097473145	416.0
9117	-11.362097593634498	-22.771427501301652	-0.2515733242034912	416.0
9137	-11.448060957325142	-23.245271388199598	-0.25502943992614746	416.0
9157	-11.79379897461144	-23.486182782928733	-0.5289983749389648	416.0
9176	-12.127720096020361	-23.787525080121263	-1.0076377391815186	416.0
9200	-12.350183570560636	-24.13091827356384	-0.9032723903656006	416.0
9215	-12.51867499343657	-24.346922273778606	-0.7618660926818848	416.0
9234	-12.65222686179932	-24.554439130740196	-0.8947036266326904	416.0
9253	-12.835936113121411	-24.730847660062764	-0.770941972732544	416.0
9274	-13.098752185877936	-25.020923241457382	-0.7807841300964355	416.0
9295	-13.076497279680725	-25.077317492262765	-0.7908520698547363	415.0
9313	-13.101485474980766	-25.19710029562385	-0.9290883541107178	415.0
9333	-13.101485474980766	-25.19710029562385	-0.9290883541107178	415.0
9351	-13.191775085068883	-25.354551298245894	-0.5550520420074463	415.0
9371	-13.214703499877736	-25.6554716604422	-0.3067777156829834	415.0
9389	-13.362073683999018	-25.720049411140344	-0.019946575164794922	415.0
9408	-13.158309572809564	-25.7318157521352	0.054225921630859375	415.0
9428	-13.244915447263457	-25.780961479214337	0.049846649169921875	415.0
9449	-13.351506232256423	-25.852729733921464	0.15071606636047363	415.0
9467	-13.473013498607036	-25.9079078116692	0.27838683128356934	415.0
9487	-13.517770357294145	-26.0685569291932	0.31462717056274414	415.0
9506	-13.502431377055014	-26.121192804552038	0.23975348472595215	415.0
9526	-13.730091423871693	-25.968222631202757	0.1517961025238037	415.0
9545	-13.699031423208504	-25.99772705323575	-0.2591280937194824	415.0
9568	-14.023876291172108	-26.251153074506128	-0.23149776458740234	415.0
9584	-14.014071719524965	-26.3145112398161	0.22847580909729004	415.0
9603	-13.893864282983943	-26.19064386840297	0.6402952671051025	415.0
9623	-13.875415171151547	-26.290547145478456	0.7696619033813477	415.0
9643	-13.950704450352927	-26.30194532417251	0.4002492427825928	415.0
9662	-13.809839259965702	-26.10296228922818	-0.17458462715148926	415.0
9680	-13.58112832125547	-26.135897281739766	-0.5101525783538818	415.0
9702	-13.449021431399046	-26.405806503502287	-0.06977343559265137	413.0
9720	-13.214304349530147	-26.092473712478338	0.9336831569671631	413.0
9740	-13.158235015185522	-25.986007899871975	1.5057549476623535	413.0
9759	-12.979344838470201	-26.101239270263473	1.572028398513794	413.0
9778	-12.985682762799739	-26.020206886364335	1.0636460781097412	413.0
9798	-12.814494754829369	-25.94060342111115	0.3201460838317871	413.0
9817	-12.864196463344554	-25.88115705985417	-0.4408109188079834	413.0
9837	-12.688018555465854	-25.755056379583646	-0.8029050827026367	413.0
9857	-12.484653211669784	-25.468469763254085	-0.786480188369751	413.0
9876	-12.298087283274084	-25.438393168205554	-0.13168764114379883	413.0
9895	-11.866217684233261	-25.333334831665507	0.84906005859375	412.0
9914	-11.624911632886025	-25.04606807607568	1.2361230850219727	412.0
9934	-11.344371424844246	-24.74210459115791	1.149841070175171	412.0
9955	-11.116994765843124	-24.69611235333557	1.008007287979126	412.0
9972	-10.937870051839022	-24.608359134602324	0.7339909076690674	412.0
9994	-10.724872893690158	-24.368899667084918	0.6891095638275146	412.0
10013	-10.507729988376845	-24.162042773802533	1.140561580657959	412.0
10032	-10.507729988376845	-24.162042773802533	1.140561580657959	412.0
10053	-10.1281816021028	-24.023889281266662	1.5754961967468262	412.0
10070	-10.254235164342179	-23.9013272932703	1.5022287368774414	412.0
10089	-10.188194384666106	-23.698064580839148	1.6672399044036865	412.0
10108	-9.807539303162947	-23.667758686941486	1.98504638671875	414.0
10128	-9.549101814412081	-23.40804697456556	2.3556408882141113	414.0
10148	-9.324418845241608	-23.07277031479889	2.46230149269104	414.0
10168	-9.459405123762549	-22.77911008586097	2.4166669845581055	414.0
10187	-9.271598810320441	-22.479535962770314	2.475031614303589	414.0
10207	-9.355059926676514	-22.14658861413231	2.9739792346954346	414.0
10227	-9.353991400256742	-21.930311661638733	3.4282357692718506	414.0
10247	-9.461369215094553	-21.999819765128816	3.2629828453063965	414.0
10265	-9.71251223268283	-21.641799605283484	2.968433380126953	414.0
10288	-10.119306372771279	-21.452004630993056	2.8334243297576904	414.0
10304	-10.041841385963943	-21.468063083294705	2.563006639480591	416.0
10323	-10.237553287366346	-21.243694087602695	2.2655675411224365	416.0
10343	-10.340751026844814	-21.147694154962654	2.230764389038086	416.0
10362	-10.586436314513827	-21.0409712055849	2.034467935562134	416.0
10382	-10.469878479263912	-20.68921998799441	2.123892307281494	416.0
10403	-10.433559581369986	-20.153035252112783	2.203963041305542	416.0
10420	-10.512166454443355	-20.103685617419824	2.138532876968384	416.0
10440	-10.203775704924768	-19.646385125522883	1.9473133087158203	416.0
10460	-10.44027831245689	-19.370360417234554	1.9758872985839844	416.0
10479	-10.231317855590596	-19.2738602086817	1.9852886199951172	416.0
10498	-10.262560989011964	-18.9226386712079	1.7152059078216553	418.0
10521	-10.147898562199186	-18.55714438811081	1.6592583656311035	418.0
10537	-10.105578282493106	-18.275847371416955	1.6173429489135742	418.0
10557	-10.178328767429058	-18.22409955769631	1.7647514343261719	418.0
10576	-10.167755615986033	-17.93097898263031	1.587275743484497	418.0
10596	-10.126270889720951	-17.96281280854945	1.261411190032959	418.0
10615	-10.015920141505987	-17.800266678885677	0.8577027320861816	418.0
10634	-10.15317790762017	-17.602963842940998	0.5854287147521973	418.0
10656	-10.187081900861529	-17.38615477736903	0.6947751045227051	418.0
10673	-10.120024184058487	-17.241740486711254	0.5854434967041016	418.0
10693	-10.180904785663143	-17.163155107587905	0.3973524570465088	419.0
10713	-10.062077996603648	-17.014811988898344	0.20674443244934082	419.0
10733	-10.062077996603648	-17.014811988898344	0.20674443244934082	419.0
10752	-10.010875519625504	-16.95493367753799	0.3045825958251953	419.0
10772	-10.112993181184677	-16.81976976562874	0.3561713695526123	419.0
10790	-10.133424576294564	-16.67752544466163	0.30876827239990234	419.0
10810	-9.867318424400732	-16.369193021387414	0.21004128456115723	419.0
10829	-9.968095311252311	-16.40305512020313	0.04501795768737793	419.0
10849	-9.947501409631867	-16.31809804797222	0.11385202407836914	419.0
10867	-9.849496260910469	-16.109852153882308	0.19855356216430664	419.0
10890	-9.775815270402163	-15.776969526982853	0.05566573143005371	419.0
10906	-9.671220180156501	-15.530657112820077	-0.06591415405273438	421.0
10926	-9.499078173594409	-15.318593706181202	-0.13036274909973145	421.0
10945	-9.48618239259257	-15.154233457118526	0.011454939842224121	421.0
10965	-9.511619391239325	-15.013303410296325	0.01883101463317871	421.0
10984	-9.373045856500601	-14.83596497213131	0.18778634071350098	421.0
11004	-9.30160914893762	-14.578862332234188	0.04022324085235596	421.0
11024	-9.385622948831125	-14.37574470093134	-0.2092456817626953	421.0
11043	-9.53082570189428	-14.304214284918064	-0.025933027267456055	421.0
11063	-9.34112991536423	-14.07567487187271	0.030570030212402344	421.0
11082	-9.365282951754105	-13.907644347432988	0.31220054626464844	421.0
11101	-9.094874312958293	-13.921958417834729	0.4628041982650757	421.0
11120	-9.11483295088988	-13.98897200818936	0.48716652393341064	421.0
11141	-9.321963804028618	-13.802294769498946	0.46671009063720703	421.0
11161	-9.279267054446514	-13.60005371492874	0.5518302917480469	421.0
11179	-9.077005536461325	-13.467088108357604	0.7171802520751953	421.0
11199	-8.987264351933616	-13.271423310122843	0.8249555826187134	421.0
11218	-8.970763642608217	-13.274099328179522	1.1469087600708008	421.0
11238	-9.025087429700676	-13.01173879012589	1.0433025360107422	421.0
11257	-9.236107732760297	-12.67226716686006	1.1415739059448242	421.0
11276	-9.317328358822696	-12.454142779662876	1.1803534030914307	421.0
11296	-9.204794542251689	-12.410230698062172	1.1589395999908447	423.0
11316	-9.415119848551837	-12.466051422983316	1.3048611879348755	423.0
11334	-9.685640861379756	-12.170627710080238	1.380518913269043	423.0
11354	-9.63008587083794	-12.14175768814288	1.3028109073638916	423.0
11373	-9.895738342308647	-12.097184499281049	1.2573277950286865	423.0
11394	-9.94923823521963	-12.153982614499688	1.426316261291504	423.0
11413	-9.982281093985977	-12.140144732052267	1.5835307836532593	423.0
11432	-9.982281093985977	-12.140144732052267	1.5835307836532593	423.0
11453	-9.91545942188179	-11.746596525721083	1.6021126508712769	423.0
11471	-9.91545942188179	-11.746596525721083	1.6021126508712769	423.0
11490	-9.894600951036917	-11.623756751078519	1.6478967666625977	423.0
11510	-9.84511481093303	-11.691173883807545	1.7270190715789795	423.0
11529	-10.056349818563351	-11.514161363217909	1.8042925596237183	423.0
11549	-10.270590050277953	-11.183319683227422	1.7526652812957764	423.0
11568	-10.192863110369057	-11.00323307582112	1.5202394723892212	423.0
11587	-10.314037982339435	-10.725035373766323	1.5790793895721436	423.0
11607	-10.440903158373281	-10.774500498434568	1.8994067907333374	423.0
11626	-10.554161419245338	-10.695180920521834	2.278745174407959	423.0
11646	-10.464167704061419	-10.566134775537149	2.0204756259918213	423.0
11666	-10.43971277234999	-10.474130042896066	1.9807883501052856	423.0
11685	-10.5124898180839	-10.371075892107324	1.7904348373413086	423.0
11704	-10.229009760988886	-10.373177830129805	1.6145844459533691	423.0
11724	-10.413506922514129	-10.233447492231651	1.4045295715332031	423.0
11743	-10.500103661699148	-10.231604682117556	1.4867067337036133	423.0
11762	-10.42710625670413	-10.043430525085434	1.423967957496643	423.0
11782	-10.59114379292253	-10.031298789046136	1.239668607711792	423.0
11801	-10.673464529434785	-9.998648638264175	1.4565006494522095	423.0
11823	-10.815182072413908	-10.101189959058384	1.3522722721099854	423.0
11846	-10.8412849831811	-10.04043360320734	1.3476972579956055	423.0
11860	-11.113434219435621	-10.07616499414824	1.3583413362503052	423.0
11879	-11.204100818965733	-10.033498881494403	1.4928653240203857	423.0
11899	-11.060465945320088	-9.870901449321133	1.4152776002883911	421.0
11919	-11.140000189041492	-9.694550182058768	1.2047395706176758	421.0
11938	-11.038319455889399	-9.4345902831429	1.4233765602111816	421.0
11959	-11.204507088460764	-9.244081991428562	1.3695472478866577	421.0
11979	-11.19868150343054	-8.98196560631809	1.419113039970398	421.0
11996	-11.231816325724845	-8.77635170073396	1.4779741764068604	421.0
12015	-11.387044058819622	-8.453019160949287	1.3934663534164429	421.0
12034	-11.429564146195546	-8.285105142181465	1.4325132369995117	421.0
12054	-11.549117544334846	-8.14287686094374	1.325044870376587	421.0
12074	-11.629247614124655	-7.81694864260903	1.3536665439605713	421.0
12093	-11.737020397909816	-7.713352276150929	1.7395679950714111	420.0
12113	-11.737020397909816	-7.713352276150929	1.7395679950714111	420.0
12133	-11.950034444374543	-7.296438751074295	1.4997990131378174	420.0
12152	-11.950034444374543	-7.296438751074295	1.4997990131378174	420.0
12173	-11.81212149578007	-7.239472972649621	1.2798500061035156	420.0
12196	-11.81212149578007	-7.239472972649621	1.2798500061035156	420.0
12212	-11.53703179030187	-7.2153223783216855	1.2211073637008667	420.0
12229	-11.453772299636489	-6.991506425354175	0.9052076935768127	420.0
12249	-11.313548936992126	-6.810987749717195	0.7438498139381409	420.0
12268	-11.277486455263068	-6.738744395922962	-0.014881312847137451	420.0
12288	-11.07114056727513	-6.559006529062963	0.028994381427764893	420.0
12307	-10.605712372980546	-6.361521141342615	-0.14151984453201294	420.0
12327	-10.19028347014642	-6.010329026787923	-0.19552624225616455	420.0
12346	-10.152650393416534	-5.9563843895183295	-0.26947033405303955	420.0
12365	-10.224922192629174	-5.718260738247164	-0.33594056963920593	420.0
12385	-10.039710325631058	-5.526308250653546	-0.5419406890869141	420.0
12406	-9.690342278082671	-5.413599674326513	-0.872352659702301	420.0
12425	-9.203033453246679	-5.262301736404025	-1.061586856842041	420.0
12442	-8.829503732857436	-5.210119583747319	-1.199903130531311	420.0
12464	-8.760198201235536	-5.095660860078983	-1.4608304500579834	420.0
12482	-8.297047160615271	-5.13136104297847	-1.757205843925476	420.0
12501	-7.87469198156289	-4.888518674191666	-1.6603412628173828	420.0
12521	-7.631809656543484	-4.932783966654673	-1.6690324544906616	420.0
12542	-7.179761832087921	-4.7697133472830195	-1.5608983039855957	420.0
12562	-6.987695131516144	-4.741287376710172	-1.3978846073150635	420.0
12580	-6.873759106110222	-4.6680906227072345	-1.4047008752822876	420.0
12598	-6.835786221658633	-4.503859313233045	-1.5021158456802368	420.0
12619	-6.420401785734129	-4.27416892183628	-1.537933588027954	420.0
12638	-6.303551257074846	-3.9319639231080123	-1.5421388149261475	420.0
12657	-6.116594995462211	-3.9585596439288864	-1.6359403133392334	420.0
12678	-5.944994758053572	-3.5895130058140885	-1.7182984352111816	420.0
12696	-5.849054494280269	-3.5844048784552087	-1.7684905529022217	419.0
12715	-5.490652702355087	-3.6310017897829825	-1.749801516532898	419.0
12735	-5.111980881911231	-3.633644229269892	-1.6594266891479492	419.0
12754	-4.757860941911319	-3.771058098873575	-1.799915075302124	419.0
12774	-4.725138823606014	-3.7954409145261185	-1.9048548936843872	419.0
12797	-4.581274983995926	-4.031629179945306	-1.865213394165039	419.0
12815	-4.394229354964402	-3.9809132195114074	-1.711299180984497	419.0
12833	-4.092448378215517	-4.057483237365277	-2.0891997814178467	419.0
12853	-3.985632731194518	-4.077304388988564	-2.166093349456787	419.0
12873	-4.1188676688154695	-4.12340504842687	-2.292354106903076	419.0
12893	-4.1188676688154695	-4.12340504842687	-2.292354106903076	419.0
12913	-4.038145081068065	-4.068926261259597	-2.308281898498535	417.0
12930	-3.9234077496668847	-3.916725677249554	-2.233393669128418	417.0
12949	-3.6782562670806507	-3.9582082092706945	-2.012620449066162	417.0
12968	-3.4408918032607243	-3.706315686385536	-2.218057155609131	417.0
12989	-3.4341554879635225	-3.7426445786500064	-2.6072630882263184	417.0
13008	-3.241218904208315	-3.801357094333504	-2.444957971572876	417.0
13029	-3.0815946690420613	-4.1511429805163385	-2.5957133769989014	417.0
13047	-2.8321773402859933	-4.180213608819658	-2.8517088890075684	417.0
13066	-2.8990446600443596	-4.153415069897372	-3.157740592956543	417.0
13085	-2.685215712644951	-4.356700213083802	-3.048621416091919	417.0
13105	-2.763258843836228	-4.439401677375117	-3.087029457092285	419.0
13124	-2.8022246041892522	-4.662433625514529	-2.788632869720459	419.0
13144	-2.6779402477547904	-4.7156683963447374	-2.6591994762420654	419.0
13165	-2.8113005959174635	-4.644961293314048	-2.6024980545043945	419.0
13182	-2.803639532285319	-4.5605635223467935	-2.4796619415283203	419.0
13201	-2.8248876082526104	-4.4129510135718935	-2.263573408126831	419.0
13222	-2.7875815878205095	-4.3839638276348	-2.0370442867279053	419.0
13240	-2.9762536390783687	-4.4137973515896665	-2.2741146087646484	419.0
13260	-2.9710078580412973	-4.582374245244095	-2.3069605827331543	419.0
13280	-2.9922735857145932	-4.51068153474494	-2.4583191871643066	419.0
13299	-2.8976353891960565	-4.504237607759958	-2.330942153930664	419.0
13319	-2.668866272846761	-4.424195467602882	-2.5434231758117676	419.0
13339	-2.5442908402102438	-4.113512372240465	-2.861874580383301	419.0
13357	-2.386107562630401	-4.23082293236144	-2.8704030513763428	419.0
13380	-2.070124898509877	-4.285647302752433	-2.9256670475006104	419.0
13399	-1.8720148844211422	-4.139667593231037	-2.8859782218933105	419.0
13416	-1.767402513572359	-3.8654189565478076	-3.0108566284179688	419.0
13435	-1.5618353591745993	-3.7901308272756924	-2.927628517150879	419.0
13455	-1.4296555242535587	-3.8112026934593652	-3.176833152770996	419.0
13474	-1.3413995424281435	-3.9096730249863016	-2.9037065505981445	419.0
13494	-1.3740284930089741	-3.8208341071338916	-2.6959877014160156	422.0
13513	-1.4468842141603186	-3.6192404836336927	-2.9003851413726807	422.0
13534	-1.583468645248335	-3.3958667449309488	-3.1408374309539795	422.0
13553	-1.5677350133903625	-3.0836912656214794	-3.3517794609069824	422.0
13572	-1.3894476470041233	-2.8809903451768073	-3.4968338012695312	422.0
13591	-1.3894476470041233	-2.8809903451768073	-3.4968338012695312	422.0
13612	-1.3422749967655005	-2.9155776426516633	-3.838427782058716	422.0
13629	-1.4893157276843065	-2.7121290561997746	-3.9964394569396973	422.0
13650	-1.4438627546354006	-2.6666552687263883	-4.438529014587402	422.0
13668	-1.097284332952129	-2.6792264493839277	-4.707185745239258	422.0
13688	-0.9434942221261261	-2.549077083591198	-4.911044120788574	422.0
13708	-0.7314614826674202	-2.497857479910561	-5.015749454498291	421.0
13728	-0.5750122289694974	-2.564256945939845	-5.0990729331970215	421.0
13751	-0.47018177599704275	-2.6322590816120246	-5.290412425994873	421.0
13765	-0.3274322980530029	-2.470295777968813	-5.628849506378174	421.0
13786	-0.039073436667442805	-2.3370977512400977	-5.742437839508057	421.0
13804	0.18232483907229532	-2.3963548158562564	-5.778748512268066	421.0
13825	0.18548380145981855	-2.3798886819576928	-5.801408290863037	421.0
13843	0.4101397507359853	-2.387899638958989	-5.821515083312988	421.0
13864	0.5655108436881149	-2.5024962867720277	-5.962560176849365	421.0
13884	0.7526558816831311	-2.674604833988129	-6.008720874786377	421.0
13902	0.9624262182544641	-2.5837859329440134	-6.151856422424316	420.0
13922	1.0989028476550144	-2.707226872683805	-6.267408847808838	420.0
13941	1.0735088004900515	-2.6884546995790135	-6.611176490783691	420.0
13960	1.0689632826383306	-2.614923493487692	-6.610695838928223	420.0
13980	1.1249667001431536	-2.810581080999449	-6.812856197357178	420.0
14000	0.8407222186610871	-2.928686587077266	-7.06952428817749	420.0
14019	0.6113452073110064	-3.2415296253004566	-6.938536167144775	420.0
14038	0.4157990058354314	-3.5013177654055987	-7.074654579162598	420.0
14058	0.35983057430326304	-3.707356199916142	-7.1316657066345215	420.0
14078	0.1390324322543434	-3.691433488091782	-7.310111999511719	420.0
14102	0.3394856133481234	-3.9730036992239453	-7.352734088897705	419.0
14116	0.11128321583660515	-3.9586802304127415	-7.636455535888672	419.0
14136	-0.009659031908532087	-4.15909442187075	-7.527707099914551	419.0
14155	0.3318402848944659	-4.612049679511682	-7.59411096572876	419.0
14174	0.5692765142847188	-4.79256419124981	-8.000651359558105	419.0
14195	0.7109286388694556	-4.7968850235470075	-8.237791061401367	419.0
14213	0.8472112415842192	-5.013695105291141	-8.195706367492676	419.0
14236	0.9888747282474502	-5.28581673062776	-8.204172134399414	419.0
14252	0.9888747282474502	-5.28581673062776	-8.204172134399414	419.0
14272	0.9487676992106453	-5.724040829496992	-8.344895362854004	419.0
14293	1.1574602782649779	-6.055898152574022	-8.5477876663208	421.0
14311	1.173562849864412	-6.337201701085448	-8.688743591308594	421.0
14332	1.173562849864412	-6.337201701085448	-8.688743591308594	421.0
14353	1.2036046471967332	-6.514234100294592	-8.59528923034668	421.0
14370	1.3986347052613994	-6.7700784608112246	-8.542217254638672	421.0
14388	1.3187552229169148	-6.852614580565824	-8.675251960754395	421.0
14408	1.5568187813965324	-6.919059799248545	-8.551496505737305	421.0
14429	1.4438258537763198	-7.372218523713444	-8.325380325317383	421.0
14446	1.7421518355116319	-7.605797996688444	-8.157564163208008	421.0
14469	1.7275437802073585	-7.871824958064849	-8.057425498962402	421.0
14486	1.796547672303601	-7.916954030884748	-7.681891918182373	421.0
14506	1.8489780653413228	-8.117480699128796	-7.421170234680176	423.0
14525	1.9206650080868286	-8.358038368424573	-7.139719486236572	423.0
14544	2.1719709372572447	-8.654093454193063	-7.001801013946533	423.0
14563	2.0862960283467915	-8.892458680720585	-6.74547815322876	423.0
14583	2.4027317824160854	-8.95765823233789	-6.759537696838379	423.0
14603	2.4938213678111647	-9.309162770240077	-6.617501735687256	423.0
14622	2.629361744624192	-9.545039138911	-6.444924354553223	423.0
14641	2.602079473572469	-9.979798307799205	-6.135991096496582	423.0
14661	2.6024753152897704	-10.203198898289116	-5.977437973022461	423.0
14680	2.480910987385912	-10.390590517903506	-5.721548080444336	423.0
14701	2.5682050222337574	-10.50392836573052	-5.55877685546875	423.0
14719	2.6764205293574466	-10.648104636169476	-5.319202423095703	423.0
14740	2.698288898263651	-10.873484478506677	-5.127157211303711	423.0
14758	2.638157291624285	-10.933474103069514	-4.6659135818481445	423.0
14777	2.56103038836401	-11.010354406371375	-4.259579658508301	423.0
14797	2.644839359172986	-11.066248244368582	-3.970254898071289	423.0
14817	2.5423509390988377	-11.16133902934729	-3.50518536567688	423.0
14838	2.5919034587775145	-11.145566088668833	-3.345386505126953	423.0
14855	2.13592993612225	-11.323487425530013	-2.965202808380127	423.0
14874	1.8186520385375196	-11.614211039979137	-2.7798891067504883	423.0
14894	1.6121723850733074	-11.591631474238522	-2.3344037532806396	421.0
14914	1.4757835842549096	-11.705291379547493	-2.111492395401001	421.0
14933	1.1832509693753501	-11.896400858283826	-1.4929921627044678	421.0
14956	0.9714440374772174	-11.897696929730207	-1.2283580303192139	421.0
14973	0.9714440374772174	-11.897696929730207	-1.2283580303192139	421.0
14992	0.5400733034988805	-12.671491061361596	-0.8888576626777649	421.0
15012	0.5400733034988805	-12.671491061361596	-0.8888576626777649	421.0
15031	0.47454853261105323	-12.821703975937634	-0.9179819226264954	421.0
15050	0.24138095309799218	-12.842869530652292	-0.7909878492355347	421.0
15070	0.034960334331305666	-13.112536864081237	-0.5278911590576172	421.0
15089	-0.23728129931822298	-13.131229326620806	-0.3251291513442993	421.0
15109	-0.38617946361087835	-13.151702048268238	-0.47025251388549805	419.0
15127	-0.6536271074265528	-13.35156424199093	-0.43286097049713135	419.0
15147	-0.9838068622700995	-13.36628161495603	-0.5127120018005371	419.0
15166	-0.9849995742260739	-13.374838487443093	-0.20290493965148926	419.0
15186	-1.1239826448957706	-13.567627586821578	-0.025078892707824707	419.0
15205	-1.2098939416108663	-13.850691899305119	0.11289024353027344	419.0
15225	-1.5503638425393866	-13.974424586499532	-4.502534866333008E-4	419.0
15245	-1.7292427980683203	-14.302122072512107	-0.008905529975891113	419.0
15264	-1.8537811296157725	-14.424762645288142	0.05242359638214111	419.0
15283	-1.9690983044808097	-14.480201811622551	0.3827848434448242	419.0
15306	-2.191230927956941	-14.587115148179116	0.4070943593978882	418.0
15322	-2.3971143410561035	-14.740041014372931	0.3925737142562866	418.0
15342	-2.434683380574188	-14.787164079501684	0.3660656213760376	418.0
15360	-2.4012805904829886	-14.824954434437938	0.2498798370361328	418.0
15381	-2.5896168408936426	-14.951472659847587	0.2516975402832031	418.0
15400	-2.683574239828443	-15.085028638248069	0.28139233589172363	418.0
15421	-2.6970977214342313	-15.1553960487162	0.465151309967041	418.0
15438	-2.9090598099204703	-15.410914105489605	0.45953142642974854	418.0
15459	-2.9122888469332695	-15.3184508405356	0.6345052719116211	418.0
15478	-2.961052863484535	-15.461227810046344	0.6734961271286011	418.0
15497	-3.276935857220253	-15.379208390581947	0.695880651473999	420.0
15517	-3.6840696447418786	-15.204376541167589	0.4857780933380127	420.0
15537	-3.5764453899359783	-15.105991009060046	0.3952522277832031	420.0
15559	-3.70762064609919	-14.916505176501296	0.619050145149231	420.0
15575	-3.9305271805194524	-14.85934066428132	0.531568169593811	420.0
15594	-4.075231909584022	-14.76752272820357	0.5746243000030518	420.0
15613	-4.385120525145769	-14.871912151376662	0.42424213886260986	420.0
15633	-4.420907189440515	-14.899283363856544	0.3429851531982422	420.0
15654	-4.588057040381652	-14.974345252482433	0.14537453651428223	420.0
15677	-4.497366136292887	-15.127022531765	0.2801516056060791	420.0
15693	-4.497366136292887	-15.127022531765	0.2801516056060791	420.0
15712	-4.707317734748893	-15.297431740858038	0.3370058536529541	419.0
15732	-4.707317734748893	-15.297431740858038	0.3370058536529541	419.0
15751	-4.754716887907217	-15.431243224964557	0.6056321859359741	419.0
15769	-4.7156980192404525	-15.44161051826688	0.7999142408370972	419.0
15790	-4.648571767591388	-15.33067934805874	0.8661401271820068	419.0
15808	-4.723362093256121	-15.282134401092817	0.580717921257019	419.0
15827	-4.369241428899562	-15.235083950894227	0.5867092609405518	419.0
15849	-4.265444671285074	-15.394327097828967	0.6313056945800781	419.0
15867	-4.380313543393085	-15.444459912250549	1.0132246017456055	419.0
15886	-4.303938463459331	-15.287032638365204	0.7968384027481079	419.0
15905	-4.40690169030745	-15.154607543542465	0.6921106576919556	416.0
15925	-4.417007391563776	-15.232543487963344	0.4948306083679199	416.0
15945	-4.528698381902909	-15.346883731505821	0.5388761758804321	416.0
15964	-4.654863604353121	-15.365124315181017	0.562157392501831	416.0
15983	-4.863266317433392	-15.489132170093457	0.3204817771911621	416.0
16003	-4.870594902251351	-15.41164690446679	0.12278199195861816	416.0
16025	-5.057582219540148	-15.494269644939921	0.08206558227539062	416.0
16042	-4.942341831581153	-15.460416979896722	0.19978094100952148	416.0
16061	-4.938445462010969	-15.613681745151249	0.2599804401397705	416.0
16080	-4.96061517170798	-15.497944222696763	0.38809096813201904	416.0
16100	-4.918834714256563	-15.653769120367365	0.1242060661315918	413.0
16120	-4.8855076826233415	-15.625294572484604	0.14848875999450684	413.0
16140	-4.93816140389571	-15.706457632694114	0.25635433197021484	413.0
16159	-5.028433205015345	-15.485300046697779	0.37954020500183105	413.0
16180	-4.900108573986612	-15.479022752264909	0.6166491508483887	413.0
16198	-5.130483455777072	-15.517315934744396	0.8191019296646118	413.0
16217	-5.218335163026908	-15.495952116046313	0.8818731307983398	413.0
16237	-5.339794238474563	-15.628690813135456	1.0074025392532349	413.0
16256	-5.4177889354269455	-15.365920904159081	1.1106154918670654	413.0
16275	-5.459012088748156	-15.311245486652322	1.100843906402588	413.0
16295	-5.302074092045266	-15.067985481167696	1.0146558284759521	413.0
16314	-5.484759575499703	-15.259357543831252	0.7531638145446777	413.0
16334	-5.390904139469709	-15.228686837415768	0.40603601932525635	413.0
16353	-5.2767706209771825	-15.21863341432566	0.4823272228240967	413.0
16373	-5.321774555194046	-15.172581357108733	0.7161993980407715	413.0
16393	-5.156715790796816	-15.176867884383077	0.7437777519226074	413.0
16413	-5.062434119737336	-15.064073757049872	0.9693355560302734	413.0
16431	-5.062434119737336	-15.064073757049872	0.9693355560302734	413.0
16450	-5.084655787039884	-15.07344619279445	1.0199048519134521	413.0
16470	-5.0959478522348345	-15.068156171349099	1.1302095651626587	413.0
16489	-4.925991699393698	-14.966817279037127	1.6220531463623047	413.0
16508	-4.890254712256849	-14.890948277505913	1.6196999549865723	413.0
16530	-4.884324000363888	-14.976746221278042	1.2094744443893433	413.0
16547	-4.773371115030835	-15.03312788185968	0.8972878456115723	413.0
16567	-4.860260618951187	-14.93965691217999	0.7073311805725098	413.0
16586	-4.750365690422291	-15.110522406759685	0.5298166275024414	413.0
16607	-4.682323924645998	-15.03845825175505	0.5739829540252686	413.0
16629	-4.897642641462225	-15.178882569117826	0.703798770904541	413.0
16646	-4.900597920173637	-15.199429116554324	0.7420365810394287	413.0
16665	-5.028436978028315	-15.21361260083457	0.8193786144256592	413.0
16684	-5.093491805421647	-15.163305900132986	0.9537566900253296	413.0
16703	-5.093003240823487	-15.021374800609475	0.7430770397186279	413.0
16722	-5.157854388852487	-15.107739458630334	0.6514706611633301	413.0
16742	-5.244436243499712	-15.240678486427605	0.6177546977996826	413.0
16761	-5.2285417416379545	-15.199060202995746	0.5347542762756348	413.0
16782	-5.045635624827611	-15.129080484399875	0.47270965576171875	413.0
16800	-4.974573936938198	-15.124326383073669	0.508019208908081	413.0
16820	-4.936425841433294	-15.075961884521314	0.7864482402801514	413.0
16839	-4.769870845403146	-15.044931318387825	0.9059162139892578	413.0
16858	-4.744230784714501	-15.094289830457159	0.9626014232635498	413.0
16878	-4.625442146177621	-15.131200259965786	0.9300334453582764	413.0
16898	-4.61630756626112	-15.075914911023492	0.6821527481079102	415.0
16917	-4.690567234440449	-15.24621067506815	0.6827092170715332	415.0
16936	-4.780441646669168	-15.333299506513693	0.7649686336517334	415.0
16956	-4.89509000548652	-15.353596373744189	0.6571907997131348	415.0
16976	-4.786222562554984	-15.472149243660821	0.6152482032775879	415.0
16995	-5.014810657660369	-15.58158628461939	0.6003377437591553	415.0
17014	-5.225504813854194	-15.698512278247446	0.616938591003418	415.0
17033	-5.280681664311862	-15.550980530613806	0.6841850280761719	415.0
17053	-5.258315596048606	-15.472393385001032	0.7395896911621094	415.0
17074	-5.230858428102861	-15.270136415284396	0.8693268299102783	415.0
17093	-5.226095665833973	-15.284155951376821	1.0091441869735718	415.0
17112	-5.226095665833973	-15.284155951376821	1.0091441869735718	413.0
17132	-5.120778270806511	-15.109434665171412	0.9740033149719238	413.0
17151	-5.120778270806511	-15.109434665171412	0.9740033149719238	413.0
17170	-4.948724948116568	-14.975553998302244	0.9074441194534302	413.0
17189	-4.8202026140745415	-14.79517084478766	0.8717570304870605	413.0
17212	-4.8228292560036925	-14.811589660968812	0.6752305030822754	413.0
17228	-4.810962728335289	-14.853595069941838	0.7835969924926758	413.0
17248	-4.7847581557228525	-15.069116143538576	0.6193275451660156	413.0
17267	-4.799770779932971	-15.052462628431304	0.5248774290084839	413.0
17286	-4.788910184116997	-15.09988265262107	0.6538094282150269	413.0
17306	-4.699304723846778	-15.151398294434276	0.8785214424133301	415.0
17325	-4.799732705241509	-15.268847447932144	0.8945485353469849	415.0
17345	-4.666938028625613	-15.512455501015436	0.9452693462371826	415.0
17366	-4.648389330371871	-15.470370039834156	1.0493569374084473	415.0
17384	-4.693966745892936	-15.372747771571468	0.9548609256744385	415.0
17403	-4.764325941887386	-15.419403444556835	1.0456594228744507	415.0
17423	-4.592474937953584	-15.172588753238948	0.8309588432312012	415.0
17443	-4.528220703556665	-15.13572003583915	0.7071795463562012	415.0
17462	-4.611800094145107	-15.182345267858325	0.5614850521087646	415.0
17480	-4.735100635653456	-15.121971807463144	0.7292540073394775	415.0
17500	-4.691704977654891	-14.969450685810118	0.8774632215499878	416.0
17520	-4.85516960927469	-14.97329505650041	0.8363591432571411	416.0
17540	-4.790777218967267	-15.007763762557165	0.8778562545776367	416.0
17561	-4.6471822056418475	-14.738899583793224	0.8222776651382446	416.0
17578	-4.78209228089645	-14.869836080270346	1.0568863153457642	416.0
17598	-5.125731556632664	-15.058948575944907	1.1837044954299927	416.0
17617	-5.192091075731668	-15.022027010905191	1.1976573467254639	416.0
17637	-4.891020862000807	-14.97351112651197	1.1280298233032227	416.0
17657	-5.016741969396712	-14.947168818845073	1.1538838148117065	416.0
17676	-4.863779699095185	-14.870166478065052	1.1250005960464478	416.0
17695	-4.80209156808439	-14.838767941536412	1.163777470588684	417.0
17714	-4.994014841345776	-15.045849443402489	1.0115578174591064	417.0
17734	-4.970367516924185	-15.008739374652293	0.7866932153701782	417.0
17753	-4.805269777530616	-14.885781132639323	0.7520284652709961	417.0
17773	-4.758389211216543	-14.832006063540367	0.8666895627975464	417.0
17793	-4.753099706037932	-14.891922156723101	0.808830738067627	417.0
17816	-4.753019396645887	-14.879106780785179	0.45284295082092285	417.0
17832	-4.753019396645887	-14.879106780785179	0.45284295082092285	417.0
17851	-4.724034197433264	-15.026060220469436	0.4524165391921997	417.0
17870	-4.805966546910284	-15.153202010281888	0.40300559997558594	417.0
17890	-4.734709702490458	-15.130136763223117	0.6271308660507202	417.0
17910	-4.744008019360237	-15.29009209462672	0.7937595844268799	420.0
17931	-4.652607225000561	-15.356713038897517	0.7359548807144165	420.0
17948	-4.902615425090255	-15.49958969380949	0.5122456550598145	420.0
17967	-4.894018635969767	-15.202425281676843	0.40927886962890625	420.0
17986	-4.890938906877448	-15.215808257786579	0.4958089590072632	420.0
18007	-4.906461323569213	-15.300199893461032	0.5773849487304688	420.0
18034	-5.014958072449945	-15.187780824965763	0.741159200668335	420.0
18046	-4.867577782149074	-15.080259890045372	0.5519403219223022	420.0
18065	-4.991874267843697	-15.06197680871333	0.5297509431838989	420.0
18084	-5.110586627367534	-14.88357065690261	0.3996385335922241	420.0
18104	-4.926721062345895	-14.879384179868781	0.34482383728027344	418.0
18123	-4.838662103312661	-15.018561336308725	0.25924909114837646	418.0
18143	-4.871049033121779	-14.974312793502657	0.4848407506942749	418.0
18161	-4.879593938253629	-14.810050061097524	0.4649916887283325	418.0
18182	-4.90277237462856	-14.846312897216988	0.3778252601623535	418.0
18200	-4.979488793547827	-14.96193720776657	0.28380286693573	418.0
18220	-4.859805315295376	-14.887949044516562	0.44283151626586914	418.0
18241	-4.706262945754017	-14.788465942281247	0.4919368028640747	418.0
18260	-4.715534212436562	-14.714678279915203	0.3182799816131592	418.0
18281	-4.877626749115977	-14.919894647987887	0.39932751655578613	418.0
18300	-4.864885226103803	-14.873856527775601	0.26130473613739014	420.0
18320	-4.767436627777298	-14.864329235270292	0.4369744062423706	420.0
18337	-4.559803005372399	-14.849917138687676	0.539507269859314	420.0
18356	-4.530009252186357	-14.89755775274111	0.7139978408813477	420.0
18376	-4.575160617471792	-14.879388128655961	0.5195097923278809	420.0
18395	-4.764152350210623	-15.075383539459866	0.3652060031890869	420.0
18415	-4.74373719981411	-15.032434204476065	0.4541572332382202	420.0
18438	-4.6512441446469825	-14.961653072963284	0.40221965312957764	420.0
18454	-4.531745832415587	-15.026915990111233	0.38221418857574463	420.0
18473	-4.778825606560779	-15.065962424135678	0.21281003952026367	420.0
18494	-5.0609438570182945	-14.924556058344315	0.21748971939086914	421.0
18513	-4.895263766477455	-14.850523072996657	0.09703803062438965	421.0
18532	-4.895263766477455	-14.850523072996657	0.09703803062438965	421.0
18553	-4.787970879745243	-14.616072792302187	0.17148292064666748	421.0
18571	-4.787970879745243	-14.616072792302187	0.17148292064666748	421.0
18590	-4.670401595038554	-14.741225131681546	0.40248239040374756	421.0
18609	-4.762010506477346	-14.649146264820976	0.5738673210144043	421.0
18629	-4.885426741804342	-14.676819229742732	0.635739803314209	421.0
18653	-4.810254633701861	-14.753264806617773	0.5156344175338745	421.0
18671	-4.6083572551003815	-14.885742924254718	0.4123048782348633	421.0
18687	-4.911771285246593	-14.722519578556215	0.4340153932571411	421.0
18706	-4.914168723492919	-15.073943218305507	0.5186207294464111	423.0
18726	-4.874957922082122	-15.343424221312555	0.6647796630859375	423.0
18745	-4.931098079235774	-15.372804823909366	0.5776922702789307	423.0
18765	-4.969953339248373	-15.437164577847364	0.5137677192687988	423.0
18784	-5.1772855002586	-15.403315903630386	0.5633807182312012	423.0
18803	-5.112025913027819	-15.375341185975065	0.752550482749939	423.0
18823	-5.0726121242865325	-15.323776858460961	0.7413818836212158	423.0
18842	-5.057034233341434	-15.351217407436865	0.7892706394195557	423.0
18862	-5.212641061799728	-15.257144315758067	0.8084143400192261	423.0
18882	-5.1102076678507	-15.100099173990639	0.6114110946655273	423.0
18901	-5.2124082787107415	-14.899371994592286	0.5833357572555542	423.0
18920	-5.135832147595599	-14.999109554650884	0.6437642574310303	423.0
18940	-4.795993736930855	-14.96751646820431	0.6993746757507324	423.0
18959	-4.9270257064593075	-14.996034845522116	0.6824686527252197	423.0
18979	-4.908471704037027	-15.03097497168331	0.6412798166275024	423.0
19001	-4.794364849820461	-15.27916090129586	0.5882924795150757	423.0
19018	-4.631733131343484	-15.017003902042953	0.22540783882141113	423.0
19038	-4.761958380570633	-14.946924992287707	0.19557809829711914	423.0
19056	-4.638925933833143	-15.10965521650893	0.2558252811431885	423.0
19076	-4.7328281117600275	-14.984056062255164	0.3286900520324707	423.0
19096	-5.005524239103647	-14.986026425212366	0.2518894672393799	423.0
19115	-5.032387818631697	-14.940771523765989	0.31202590465545654	423.0
19136	-5.173446460952224	-15.015228248697806	0.10882282257080078	423.0
19154	-5.220569807328707	-14.80673284319907	0.013052821159362793	423.0
19174	-5.3392371681042485	-15.05750156294653	0.18365025520324707	423.0
19193	-5.330891234987851	-14.833370612899152	0.14947819709777832	423.0
19212	-5.486043826646374	-14.949154262423885	-0.007835984230041504	423.0
19234	-5.5512711372798975	-15.042961525225383	-0.5995949506759644	423.0
19252	-5.5512711372798975	-15.042961525225383	-0.5995949506759644	423.0
19271	-5.356133302661013	-15.00610041237758	-0.558881402015686	423.0
----------------도착----------------
19291	-5.3630209387676375	-14.97272119471944	-0.5583611726760864	423.0
19309	-5.3630209387676375	-14.97272119471944	-0.5583611726760864	423.0
19329	-5.340395247351711	-15.039656886360387	-0.24766921997070312	423.0
19348	-5.36544810381048	-15.014175514954955	-0.18068766593933105	423.0
19367	-5.091055901956555	-15.159660949575276	-0.03491640090942383	423.0
19387	-5.095100077742316	-15.032650575942602	-0.35323965549468994	423.0
19407	-5.10223053096405	-15.022534065828262	-0.49359357357025146	423.0
19426	-5.310871207962519	-15.131871995411117	-0.6639566421508789	423.0
19445	-5.402141915240991	-15.095783330235275	-0.6019319295883179	423.0
19465	-5.306451092995843	-15.089039962313251	-0.6108399629592896	423.0
19484	-5.442503587144092	-15.066828644879672	-0.7843313217163086	423.0
19504	-5.319621789187048	-14.94698418345616	-0.9679210782051086	420.0
19523	-5.649974839060802	-14.78889442261015	-1.1642669439315796	420.0
19543	-5.751124411709239	-14.715016218078304	-0.8696898221969604	420.0
19562	-5.684240362936568	-14.884319144605756	-0.7400276064872742	420.0
19582	-5.889580421258948	-14.664363409291287	-0.7094990611076355	420.0
19602	-5.909543720111859	-14.552487329339376	-0.7026658058166504	420.0
19621	-5.914868364184888	-14.507107178864478	-0.7695393562316895	420.0
19640	-5.940361458725537	-14.628292478731158	-0.8505154848098755	420.0
19659	-6.102503571978656	-14.842536301328993	-0.6431959867477417	420.0
19679	-5.986023948754951	-14.940914642269817	-0.599593997001648	420.0
19699	-5.7886070026198615	-14.744655418906056	-0.826159656047821	418.0
19718	-5.871733231663187	-14.575539443774712	-0.9887245297431946	418.0
19737	-5.667870782556333	-14.795805481574485	-1.0249083042144775	418.0
19757	-5.71268797493659	-14.944545199981258	-1.0176186561584473	418.0
19777	-5.947192189531078	-14.983026160850306	-0.9714180827140808	418.0
19796	-5.977013498593524	-14.879822355925535	-0.9873967170715332	418.0
19815	-5.913070548293334	-14.68866545405315	-1.1173577308654785	418.0
19834	-5.813985633175431	-14.753177998908361	-0.9183332920074463	418.0
19853	-5.7460425965706055	-14.907783724924608	-1.0308904647827148	418.0
19874	-5.659210622019522	-14.8210417478376	-1.0962028503417969	418.0
19892	-5.752837115812784	-14.771143401304917	-1.043431282043457	418.0
19913	-5.84487353119524	-14.672385351306879	-0.9381890296936035	415.0
19932	-5.617121119221751	-14.661538117848183	-0.8641824722290039	415.0
19952	-5.617121119221751	-14.661538117848183	-0.8641824722290039	415.0
19972	-5.6200051079553655	-14.654639353710005	-0.9024170637130737	415.0
19990	-5.571354400879379	-14.652337629672237	-0.7912626266479492	415.0
20010	-5.535885130139558	-14.517070046513181	-0.9534350037574768	415.0
20029	-5.687994404685901	-14.546689141367043	-0.7455328702926636	415.0
20048	-5.739232387372396	-14.484482701610009	-0.6395303010940552	415.0
20068	-5.7075922642629235	-14.546003225389079	-0.7550089955329895	415.0
20087	-5.485572933088097	-14.793646417086148	-0.9315007328987122	415.0
20106	-5.587624677836976	-14.787201348529889	-1.1594892740249634	412.0
20126	-5.721453268167106	-14.842401750679576	-1.1963071823120117	412.0
20145	-5.891419347104084	-14.892116308538453	-1.1180588006973267	412.0
20166	-6.118755813737705	-15.083634990239815	-1.0639185905456543	412.0
20184	-6.030261261179363	-15.300898503884119	-1.0684831142425537	412.0
20204	-6.101514854312338	-15.47094743254139	-0.8835252523422241	412.0
20225	-6.11735545570067	-15.22065457150679	-0.7626689672470093	412.0
20242	-6.125697152303419	-15.081567755247825	-0.9707213640213013	412.0
20263	-6.112940505591237	-14.887470180623716	-1.1720399856567383	412.0
20282	-5.8242390487900755	-14.859631896496051	-1.1255366802215576	412.0
20301	-5.647074721491603	-14.80598018324406	-1.3635499477386475	410.0
20321	-5.531753463157535	-14.65088559637468	-1.2462258338928223	410.0
20341	-5.820362785827745	-14.545371240636944	-1.3055133819580078	410.0
20360	-5.788095545335051	-14.446317005494498	-1.3175673484802246	410.0
20380	-5.722314328894367	-14.665294555061127	-1.5054974555969238	410.0
20399	-5.673886804099166	-14.762995217432255	-1.229299783706665	410.0
20418	-5.5733770408136865	-14.742271834252975	-0.9875872135162354	410.0
20438	-5.639598985515942	-14.730166464735028	-1.186877965927124	410.0
20457	-5.863646886394816	-14.844647408534525	-1.1677055358886719	410.0
20477	-5.825871197274792	-15.009277942590996	-1.1987388134002686	410.0
20495	-5.66942474231654	-15.007788444317908	-1.064807653427124	408.0
20515	-5.577462234519379	-15.077006865953594	-1.103675127029419	408.0
20535	-5.604884616444772	-15.068985869336812	-0.8904321789741516	408.0
20554	-5.65279231196415	-15.00333219515193	-1.088505744934082	408.0
20575	-5.676742415626439	-15.113879184877362	-1.2565473318099976	408.0
20593	-5.561118757439051	-15.101253290655468	-1.218627691268921	408.0
20612	-5.463602756004952	-14.967350190232427	-1.0906798839569092	408.0
20633	-5.485676578334136	-14.901363594930832	-1.1562111377716064	408.0
20652	-5.485676578334136	-14.901363594930832	-1.1562111377716064	408.0
20675	-5.40523140833312	-14.97265027144647	-1.2030751705169678	408.0
20691	-5.40523140833312	-14.97265027144647	-1.2030751705169678	408.0
20710	-5.330178161495583	-15.098216332251665	-1.2412569522857666	408.0
20729	-5.451963111446264	-15.009902828864991	-1.0527997016906738	408.0
20749	-5.448526888384295	-15.142210613779028	-1.0541479587554932	408.0
20769	-5.559315386865921	-15.104999053545932	-1.0554382801055908	408.0
20789	-5.513514250360578	-15.121659876789197	-0.9486011266708374	408.0
20811	-5.580595321210058	-15.11968994222931	-0.8572206497192383	408.0
20826	-5.6245250744242234	-15.123041903346527	-0.7304433584213257	408.0
20847	-5.760683983384311	-15.001218622510853	-0.9344502091407776	408.0
20866	-5.828563350893652	-14.992727247999321	-0.8566880822181702	408.0
20885	-5.880958704375866	-15.10389430206925	-0.8873477578163147	408.0
20905	-6.026529120164001	-15.186946829820934	-0.8539775609970093	409.0
20924	-6.000184810936074	-14.96678294901895	-0.6685085296630859	409.0
20943	-5.978565516674397	-15.088937450327974	-0.7289752960205078	409.0
20962	-5.988911873223483	-15.07914359801149	-0.6686922311782837	409.0
20983	-6.009602263182452	-15.119478524892422	-0.8234949707984924	409.0
21001	-5.974272245350519	-15.268540935028167	-0.59019935131073	409.0
21022	-5.986752786060638	-15.22228060180155	-0.5260405540466309	409.0
21051	-5.9338363301008865	-15.165610456735969	-0.6699830293655396	409.0
21060	-5.969310287881495	-15.00242441545932	-0.6255468130111694	409.0
21079	-5.96617897102404	-15.3340826720029	-0.7073863744735718	409.0
21101	-5.8569820565285475	-14.98422727490104	-0.7845518589019775	411.0
21119	-5.812593301697151	-15.02545665220272	-0.7520760297775269	411.0
21139	-5.801542529201431	-14.762415177218594	-0.8574699759483337	411.0
21158	-5.691988189164092	-14.697976235234588	-0.9235000610351562	411.0
21177	-5.681914488410079	-14.564735487251863	-1.0730621814727783	411.0
21196	-5.561499832631763	-14.601969198185532	-0.9062567353248596	411.0
21215	-5.343127535114888	-14.676111701659156	-0.754690408706665	411.0
21235	-5.168643571980852	-14.594768932399516	-0.8193885684013367	411.0
21254	-5.207521918620025	-14.978165702713483	-0.8382030129432678	411.0
21274	-5.279666928264796	-14.874997864081356	-1.2034919261932373	411.0
21294	-5.265541507110223	-14.868211445396046	-0.9765830636024475	413.0
21312	-5.326173170089307	-14.965555868016311	-1.0909464359283447	413.0
21332	-5.326173170089307	-14.965555868016311	-1.0909464359283447	413.0
21351	-5.250608175745922	-15.023944576691177	-1.0596606731414795	413.0
21372	-5.154942007146363	-15.0283220576919	-1.4619437456130981	413.0
21392	-5.27538526404577	-15.21154003388832	-1.3809254169464111	413.0
21410	-5.27538526404577	-15.21154003388832	-1.3809254169464111	413.0
21430	-5.3080789765993055	-15.006212516700883	-1.4952555894851685	413.0
21448	-5.358242208570197	-15.097171475748539	-1.420685052871704	413.0
21468	-5.371122311849271	-15.24591120059326	-1.7142002582550049	413.0
