8	3.487457223273743	-9.756012392930261	-8.771979331970215	47.0
27	3.3175471695670478	-9.881541396049446	-8.596468925476074	47.0
47	3.041451571944747	-9.98722755468194	-8.370030403137207	47.0
68	2.8586827962700454	-10.006124193809823	-8.537162780761719	47.0
86	2.831880618906093	-9.895343102809566	-8.523046493530273	47.0
106	2.8162527572479745	-9.600806519447275	-8.427240371704102	47.0
125	2.6819441937969564	-9.538592354966466	-8.346602439880371	47.0
146	2.9455026439074987	-9.442602403024386	-8.157999992370605	47.0
165	2.8162466365144536	-9.515812209732173	-8.304783821105957	47.0
184	2.8162466365144536	-9.515812209732173	-8.304783821105957	47.0
209	2.7733916241073993	-9.512439312431704	-8.468103408813477	47.0
224	2.8957792329123646	-9.402446978623976	-8.37982177734375	47.0
242	2.9684048016565674	-9.395880502925667	-8.228036880493164	47.0
262	3.044998348177066	-9.522064427391157	-8.019771575927734	47.0
282	2.937711066601422	-9.582519608993037	-8.020352363586426	47.0
304	3.010410901608003	-9.731524007536953	-7.889359951019287	47.0
321	2.887191638489422	-9.919800398364677	-7.893790245056152	47.0
340	3.0766871374052243	-9.871553240694217	-7.690959453582764	47.0
360	3.1765051108659925	-9.873311127787161	-7.58819580078125	47.0
379	2.963310379915087	-10.034256704348993	-7.583900451660156	47.0
398	2.9185251682829434	-10.10887183236423	-7.617691516876221	47.0
418	2.9629277618859664	-10.104910684289202	-7.907718181610107	47.0
438	2.8785338497498523	-10.198032578642907	-7.739463806152344	47.0
456	2.939845228375826	-10.06113814941713	-8.028817176818848	47.0
476	2.9266083097645854	-9.849354648831559	-8.121332168579102	47.0
497	3.08219769020058	-9.766314018742039	-8.191118240356445	47.0
517	3.1492415916265	-9.804051366354905	-8.198473930358887	47.0
534	3.4577450470117626	-9.805567568363022	-8.283552169799805	47.0
553	3.617921384012615	-9.741308495282452	-8.240426063537598	47.0
573	3.560858353682807	-9.851398359497637	-8.126214027404785	47.0
592	3.843248779313622	-9.784950926653229	-8.131750106811523	47.0
612	3.8770820118449176	-9.811558459793353	-7.763537406921387	47.0
631	3.8963262942059025	-9.870420224927026	-7.561760902404785	47.0
651	3.6791222060327895	-9.921661785372153	-7.588226795196533	47.0
671	3.4996624368864606	-9.92518581870789	-7.680798530578613	47.0
691	3.1216454392619073	-10.198732255111807	-7.594293594360352	47.0
710	2.9770767153208397	-10.284547902228121	-7.499703407287598	47.0
729	2.7911961849638054	-10.165695044540987	-7.460164546966553	47.0
749	2.573330883458647	-10.255350464752366	-7.676366806030273	47.0
767	2.5393347381441065	-10.329451189981295	-7.874199867248535	47.0
787	2.587285651016617	-10.371047846109166	-8.05280590057373	47.0
806	2.7707031065403536	-10.466237225181594	-7.874494552612305	47.0
825	2.7097319469135077	-10.3507317790291	-7.805792808532715	47.0
845	2.980265741227055	-9.969906744938495	-7.692978382110596	47.0
866	2.9646950560030274	-9.939982610997443	-7.80253791809082	47.0
886	3.1689158001950273	-10.042541363998353	-7.777166843414307	47.0
905	3.1689158001950273	-10.042541363998353	-7.777166843414307	47.0
923	2.812911403611184	-10.073415447896604	-7.830211162567139	47.0
943	2.812911403611184	-10.073415447896604	-7.830211162567139	47.0
962	2.800561831877993	-10.040075296030073	-7.829259872436523	47.0
981	2.746621067700886	-10.157718419928129	-7.687319278717041	47.0
1001	3.181885556764237	-10.22216704014548	-7.79251766204834	47.0
1022	3.225667384913467	-10.251718083140245	-7.948587417602539	47.0
1040	3.330344001422324	-10.187239872205433	-7.922307968139648	47.0
1059	3.4235717215293797	-10.17233506282374	-8.0486421585083	47.0
1078	3.4521051874382667	-10.096983273862596	-8.168961524963379	47.0
1099	3.62413024447421	-10.161926530755213	-7.865739822387695	47.0
1118	3.5700446053028547	-10.257241821258487	-7.757156848907471	47.0
1136	3.7650397484102682	-10.1914247361909	-7.851637840270996	47.0
1156	3.4761412683188575	-10.220657430829124	-7.867678642272949	47.0
1176	3.5954279892591505	-10.324913317712186	-8.020135879516602	47.0
1195	3.575134127795674	-10.404846027344508	-8.034821510314941	47.0
1215	3.3762037197935824	-10.3699971944683	-8.11518383026123	47.0
1234	3.4885572332607735	-10.389229679800193	-7.990357398986816	47.0
1255	3.44569607662403	-10.407011131341926	-7.9735212326049805	47.0
1274	3.3902878937042726	-10.378312245121913	-8.04179573059082	47.0
1293	3.316391286790589	-9.999558480954542	-8.122499465942383	47.0
1313	3.407391280686551	-9.944068124257958	-8.273674011230469	47.0
1331	3.2229485584559754	-9.79637307568563	-8.075164794921875	47.0
1351	3.07270869202349	-9.862301158360758	-8.23742389678955	47.0
1373	2.992234257679503	-9.85862919383623	-8.09451961517334	47.0
1390	3.062310655107612	-9.725353879979409	-7.984020709991455	47.0
1409	3.2426786712614515	-9.742085410056582	-8.000597953796387	47.0
1428	3.3492696947803764	-9.681864954082632	-8.129788398742676	47.0
1448	3.251715787490187	-9.875533510352218	-8.159377098083496	47.0
1468	3.2021990071431836	-9.761873651866239	-8.160341262817383	47.0
1487	3.175528551892285	-9.766847859687378	-8.34818172454834	47.0
1506	3.1809084121533937	-9.789040915705028	-7.991365432739258	47.0
1527	3.1671682969206727	-9.780414033888235	-8.03933334350586	47.0
1545	3.4430029306496874	-9.996623903553362	-7.90602970123291	47.0
1566	3.2990452024667873	-9.93635509456444	-8.127355575561523	47.0
1586	3.3272275150073938	-9.97325380026429	-8.067444801330566	47.0
1604	3.3272275150073938	-9.97325380026429	-8.067444801330566	47.0
1626	3.430251820662156	-9.836237394133	-8.267284393310547	47.0
1643	3.570220669026429	-9.889180814192777	-8.349991798400879	47.0
1661	3.518140510284019	-9.97294746723107	-8.08590316772461	47.0
1681	3.6769743752951687	-9.829118707274839	-8.372865676879883	47.0
1701	3.758345403848604	-9.934941608368744	-8.63183307647705	47.0
1721	3.5122645001171064	-9.794303146084863	-8.851153373718262	47.0
1744	3.60577438067603	-9.8506978787648	-8.719223976135254	47.0
1759	3.544569427372617	-9.919924436383956	-8.537083625793457	47.0
1779	3.3890816674223325	-9.997557600928467	-8.41767692565918	47.0
1798	3.2809519789202937	-10.05101210218724	-8.043395042419434	47.0
1819	3.39159020519509	-10.369002606077439	-7.964288711547852	47.0
1837	3.53482773708847	-10.257842646230989	-7.884876251220703	47.0
1860	3.5627209580681174	-9.966191698713558	-7.739736557006836	47.0
1877	3.5744326899032144	-10.028586643022772	-7.701932430267334	48.0
1896	3.371717125352326	-10.104778581593383	-7.400637149810791	48.0
1917	3.3331764115235516	-10.126215263959418	-7.464879035949707	48.0
1935	3.4529744459912193	-10.219702585405312	-7.350844383239746	48.0
1955	3.564717109536829	-10.277000410704936	-7.377503395080566	48.0
1973	3.589367739070941	-9.995020844628133	-7.458311080932617	48.0
1993	3.34103436934324	-10.22606399581123	-7.38327693939209	48.0
2012	3.239745164835232	-10.221267537162808	-7.543363571166992	48.0
2032	3.256109349581187	-10.117789832062433	-7.758234977722168	48.0
2053	3.109052826936702	-9.82543211201393	-7.970973968505859	48.0
2071	2.843975401752376	-9.842075415106596	-8.053433418273926	48.0
2092	2.885557494356939	-9.730207655372752	-8.311955451965332	48.0
2111	2.8028357605870173	-9.59473878468426	-8.318718910217285	48.0
2130	2.6016175831627706	-9.626254053329783	-8.28028392791748	48.0
2149	2.508892856156716	-9.637363956985933	-8.53810977935791	48.0
2168	2.511680116228373	-9.668937111031866	-8.36021614074707	48.0
2187	2.5148778740236764	-9.741381732588556	-8.29991626739502	48.0
2207	2.681218192482472	-9.829577329644875	-8.28645133972168	48.0
2226	2.859580709001303	-9.75264504794611	-8.267339706420898	48.0
2246	2.8866288206837583	-9.881504976768245	-8.16529655456543	48.0
2266	2.9283096620561286	-9.992528167331802	-8.259400367736816	48.0
2287	2.938067939494914	-10.076416336002955	-8.325249671936035	48.0
2307	2.9540017145594413	-9.97600030051039	-8.175285339355469	48.0
2330	2.9540017145594413	-9.97600030051039	-8.175285339355469	48.0
2346	2.948632686130369	-9.901389005156451	-8.22372817993164	48.0
2363	2.930520055507249	-9.967403506981253	-8.459845542907715	48.0
2382	3.031797630224403	-10.09477231264574	-8.5267972946167	48.0
2401	2.9551846992744677	-10.17351652830961	-8.522300720214844	48.0
2420	2.9667550961066076	-10.070001954735277	-8.603565216064453	48.0
2440	2.979308879511601	-9.972333946965193	-8.695497512817383	48.0
2462	3.257432974418829	-9.816364751558412	-8.66405200958252	48.0
2479	3.367084831545375	-9.733237418973811	-8.613309860229492	49.0
2499	3.5080211446179628	-10.043858106318885	-8.60696029663086	49.0
2518	3.3857382063147385	-9.888130527080602	-8.314406394958496	49.0
2538	3.3557305628124086	-9.84900892308695	-8.306638717651367	49.0
2558	3.3621715485717263	-9.756414350341371	-8.305466651916504	49.0
2582	3.2434258089859624	-9.830797967561036	-8.16320514678955	49.0
2598	3.3954497956425294	-9.81617332563762	-8.170706748962402	49.0
2615	3.316987709341393	-9.802191315369312	-8.492047309875488	49.0
2635	3.2902912769892656	-9.825762661166587	-8.583986282348633	49.0
2655	3.1901510197806386	-9.909936681673688	-8.659801483154297	49.0
2674	3.3754675764510775	-10.0333629074578	-8.674493789672852	50.0
2695	3.301968109478612	-10.16072376913271	-8.60644817352295	50.0
2711	3.5281400170392314	-10.337194559482795	-8.481250762939453	50.0
2732	3.505376819789381	-10.475540362376707	-8.566755294799805	50.0
2751	3.3721456017788527	-10.439226945291379	-8.50744915008545	50.0
2772	3.4599197640438635	-10.285761045722142	-8.466816902160645	50.0
2792	3.3713293254693797	-10.317987782510826	-8.409565925598145	50.0
2811	3.3378420498806407	-10.280015192475132	-8.270392417907715	50.0
2830	3.298197412141704	-10.020443629424182	-8.022944450378418	50.0
2849	3.246977562661615	-9.929623643310748	-8.042996406555176	50.0
2868	3.031560152374992	-9.620271571646954	-8.187768936157227	50.0
2889	2.998543562385448	-9.570964573690834	-8.187746047973633	50.0
2908	2.9837120522852607	-9.627198334945357	-8.192071914672852	50.0
2930	2.909254636095972	-9.69454624920469	-8.183348655700684	50.0
2946	2.876804832338492	-9.62202080721552	-8.152724266052246	50.0
2966	3.005163585721317	-9.525021221091219	-8.070186614990234	50.0
2986	3.1911349018775534	-9.610636157584539	-8.469021797180176	50.0
3005	3.1911349018775534	-9.610636157584539	-8.469021797180176	50.0
3026	3.403760109997308	-9.873724699032602	-8.252519607543945	50.0
3044	3.403760109997308	-9.873724699032602	-8.252519607543945	50.0
3063	3.2830604090362807	-9.947931451278288	-8.139924049377441	50.0
3082	3.141287657585965	-9.977951251627058	-8.23862361907959	50.0
3102	3.4082168345019497	-10.126775334134575	-8.246650695800781	50.0
3122	3.807050346070297	-10.275279972082842	-8.469343185424805	50.0
3140	3.7137781447043574	-9.992686341905474	-8.382434844970703	50.0
3159	3.5161339669933986	-10.056048874034063	-8.272844314575195	50.0
3181	3.669312663200933	-10.06709610154605	-8.191315650939941	50.0
3199	3.385744030142776	-9.90254376759401	-8.224651336669922	50.0
3218	3.6650184455079713	-9.741906686896789	-8.240645408630371	50.0
3237	3.8205986165309316	-9.66178892122704	-8.129793167114258	50.0
3258	3.637034383916297	-9.521638842640673	-7.777832508087158	50.0
3282	3.325474773774703	-9.556888004091062	-7.642714977264404	50.0
3299	3.552533706088444	-9.758132729766325	-7.707812309265137	50.0
3316	3.6081202041978404	-9.613247241380373	-7.385466575622559	50.0
3335	3.770783783687175	-9.492535629230323	-7.266115188598633	50.0
3355	4.038797381415839	-9.59363593592253	-7.301414489746094	50.0
3374	3.959978980005963	-9.5328357232638	-7.332456588745117	50.0
3394	3.987280073231117	-9.29555548599741	-7.347297191619873	50.0
3415	4.145493382486867	-9.359572851335486	-7.575605869293213	50.0
3433	4.201246125320964	-9.30472633357893	-7.6947712898254395	50.0
3452	4.033193017859648	-9.346516037433945	-7.999205112457275	50.0
3472	3.922220270011295	-9.507360977346327	-8.171592712402344	50.0
3493	3.878283797217694	-9.626229831463585	-8.190617561340332	50.0
3510	3.789723059669905	-9.457980392964142	-8.391980171203613	50.0
3531	3.811947742253831	-9.55824389329648	-8.264074325561523	50.0
3550	3.5668061814809913	-9.98490814715981	-8.224738121032715	50.0
3569	3.310431441180921	-9.960128286354642	-8.153495788574219	50.0
3588	3.3014079431386265	-9.994961563166786	-7.825305938720703	50.0
3608	3.3865088415459326	-9.82054912071302	-7.569369316101074	50.0
3627	3.6699384951952623	-9.573253220966745	-7.698683738708496	50.0
3655	3.608197785336093	-9.631488893442304	-7.701810836791992	50.0
3665	3.5254438672887307	-9.871775550704221	-7.399849891662598	50.0
3688	3.5363038634404593	-9.96717004175443	-7.4991135597229	49.0
3706	3.717546270443645	-9.811475354122734	-7.609678268432617	49.0
3726	3.8140748018427617	-9.819432519570691	-7.6240010261535645	49.0
3747	3.917015170979546	-9.635858367825225	-7.6020708084106445	49.0
3763	3.917015170979546	-9.635858367825225	-7.6020708084106445	49.0
3784	3.740293582140134	-9.885920165729416	-7.687116622924805	49.0
3802	3.6610121638136928	-10.166070860685169	-7.690505027770996	49.0
3822	3.643177416468324	-10.137626901104449	-7.943425178527832	49.0
3843	3.679110304564267	-10.066747026134164	-8.204849243164062	49.0
3860	3.790217040568396	-10.033082606099319	-8.185334205627441	49.0
3880	3.917147505460446	-9.96856884088433	-8.099601745605469	48.0
3901	3.7215717104253185	-9.997224076355371	-8.085896492004395	48.0
3924	3.5975612172905	-10.042855608908324	-8.289457321166992	48.0
3939	3.6162203393825934	-10.013270746093683	-8.366286277770996	48.0
3958	3.7968217336516297	-9.90428089948322	-8.369745254516602	48.0
3977	3.8255407541690865	-9.668972803510798	-8.283573150634766	48.0
4001	3.8867962154099533	-9.552857601460815	-8.15499496459961	48.0
4019	3.60266849484791	-9.542994711558766	-8.132667541503906	48.0
4035	3.549715446842546	-9.769041466248805	-7.997495651245117	48.0
4054	3.5176029359863303	-9.778683303866446	-7.870419979095459	48.0
4076	3.588368323202942	-9.743271950078471	-7.805202484130859	48.0
4094	3.7351998918531377	-9.742861999872176	-7.676355361938477	48.0
4114	3.539210559168729	-9.920799385637872	-7.56761360168457	48.0
4134	3.464569366441609	-10.075506631208084	-7.519530773162842	48.0
4152	3.5626548182937516	-10.013269639135379	-7.481369495391846	48.0
4172	3.663042854355876	-10.007871695584683	-7.493627071380615	48.0
4192	3.5327539510098265	-10.153349177306087	-7.321993827819824	48.0
4212	3.6559444388115048	-10.235530124329996	-7.539949893951416	48.0
4230	3.680688374570385	-10.161890811572668	-7.614212512969971	48.0
4249	3.6303662514642556	-9.99352196495864	-7.696949005126953	48.0
4270	3.611596493919961	-9.875698500793428	-7.681875705718994	48.0
4289	3.652717434407542	-9.880675698689759	-7.763784885406494	47.0
4308	3.70269089499297	-10.101477820391848	-7.747862815856934	47.0
4328	3.801957693727118	-10.186542015545061	-7.47987174987793	47.0
4346	3.95685850367471	-10.086173669715983	-7.462958335876465	47.0
4366	3.875178717272109	-9.946351657276661	-7.458008766174316	47.0
4387	3.692093874919367	-10.110517553585732	-7.667818546295166	47.0
4405	3.7076503341481812	-10.256222888648772	-7.599372863769531	47.0
4426	3.738745665362191	-10.148937433360397	-7.693747520446777	47.0
4447	3.530707108978253	-10.257087652416937	-7.708978652954102	47.0
4465	3.530707108978253	-10.257087652416937	-7.708978652954102	47.0
4490	3.3200718801343583	-10.305606070892473	-7.863303184509277	47.0
4505	3.3654932046597437	-10.157836683174136	-8.076590538024902	47.0
4521	3.3068450809369607	-10.026388684326454	-8.326050758361816	47.0
4540	3.4575429266234363	-10.11895881623669	-8.390384674072266	47.0
4560	3.5601406955085393	-10.016992514399368	-8.303199768066406	47.0
4580	3.557192640802999	-9.94605278766172	-8.266045570373535	47.0
4600	3.6837773428080345	-10.111942651592834	-8.283276557922363	47.0
4619	3.9357273361827496	-10.140454259542386	-8.332343101501465	47.0
4641	3.806313378457764	-9.990150931070533	-8.313468933105469	47.0
4657	3.4981141002608074	-10.086752264816887	-8.355120658874512	47.0
4677	3.4996175005745465	-10.04567261182355	-8.386943817138672	47.0
4697	3.602731501983626	-10.103367290755251	-8.271297454833984	47.0
4725	3.696792434729995	-10.1916570469012	-8.1383638381958	47.0
4740	3.813474370103115	-10.498948721404735	-8.200852394104004	47.0
4755	3.379643587544768	-10.603561789249584	-8.133118629455566	47.0
----------------출발----------------
4775	3.0698232484840067	-10.470167291259227	-7.917030334472656	47.0
4795	3.184356064851862	-10.593107903702926	-7.798189163208008	47.0
4815	3.451399492851593	-10.512187649659614	-7.808518409729004	47.0
4835	3.5664783509205176	-10.47667368234255	-7.951373100280762	47.0
4852	3.4147775269714993	-10.364896548346097	-8.15829849243164	47.0
4872	3.408196725962035	-10.34455866543139	-8.153488159179688	47.0
4894	3.3515796221350365	-10.233335647461018	-8.271186828613281	47.0
4911	3.5210002211057074	-10.20078318157854	-8.213372230529785	47.0
4931	3.575583433577759	-10.39293019512021	-8.355253219604492	47.0
4950	3.4417236387060393	-10.495296417140553	-8.570353507995605	47.0
4969	3.2264129269972273	-10.575194101441483	-8.509596824645996	47.0
4989	3.2842001536289644	-10.529181850852005	-8.312243461608887	47.0
5008	3.3701451658390886	-10.431569038648933	-8.239455223083496	47.0
5028	3.116408079895364	-10.510032550106219	-8.341121673583984	47.0
5047	3.1638572065405666	-10.429086322214685	-7.919046401977539	47.0
5066	3.5691529184633555	-10.330695618201934	-8.080698013305664	47.0
5086	3.787795345461647	-10.147638994712885	-7.894288539886475	47.0
5106	3.815342478029654	-10.038530169469068	-7.924249649047852	47.0
5126	3.9492690314078263	-10.046091505232686	-7.827208995819092	47.0
5146	3.9492690314078263	-10.046091505232686	-7.827208995819092	47.0
5164	3.76553924439645	-10.024103165778843	-7.899348258972168	47.0
5184	3.9220334865740676	-10.131631744607226	-7.954458236694336	47.0
5206	4.0149718393978295	-10.000685750852075	-8.158946990966797	47.0
5223	3.9795134108202954	-10.208849449958496	-8.36983585357666	47.0
5242	3.8259321808753404	-10.171724584276557	-8.18237590789795	47.0
5261	3.7086820550890955	-10.3206369718016	-8.290068626403809	47.0
5280	3.7832096436319427	-10.311269597533585	-8.176861763000488	47.0
5301	3.559147391297392	-10.281925451366137	-8.440354347229004	47.0
5319	3.6916159892269884	-10.54126428009189	-8.471912384033203	47.0
5338	3.4739841565594407	-10.602904544639436	-8.320263862609863	47.0
5358	3.4678652720632366	-10.559179220426463	-8.039390563964844	47.0
5377	3.522519645240414	-10.341631114939009	-8.111783027648926	47.0
5398	3.3470258073010615	-10.478774666672916	-8.212552070617676	47.0
5417	3.2841920103252367	-10.340452062592302	-8.158018112182617	47.0
5438	3.2818746175230893	-10.306692579832248	-8.287055015563965	47.0
5456	3.4864092247715917	-10.375409319324621	-8.298835754394531	47.0
5475	3.5101478815808034	-10.225994920376118	-8.255705833435059	47.0
5496	3.5661479521854482	-10.297580411847592	-8.195331573486328	47.0
5515	3.72583234888713	-10.395343903901376	-8.270966529846191	47.0
5533	3.6977914003252894	-10.38896682873208	-8.242376327514648	47.0
5553	3.8739634302114405	-10.357421927850334	-8.34416389465332	47.0
5573	3.9996069882092224	-10.459195191788627	-8.512242317199707	47.0
5591	4.022565187886378	-10.504792809203298	-8.491755485534668	47.0
5611	4.163640265160292	-10.44755885410724	-8.30762004852295	47.0
5632	4.085658114063118	-10.346276881069885	-8.256559371948242	47.0
5650	4.033504902555611	-10.305456805217178	-8.228459358215332	47.0
5669	3.8115870066187205	-10.347044128322583	-8.294229507446289	47.0
5688	3.7996996199434867	-10.287379505225273	-8.434868812561035	47.0
5710	3.4432135334448666	-10.129912850188012	-8.005592346191406	47.0
5728	3.397762383469036	-10.068423532480201	-7.968997478485107	47.0
5747	3.1389146103132806	-10.097635007826698	-7.782637119293213	47.0
5767	2.994200281807567	-10.096821508611468	-7.622878551483154	47.0
5786	2.8901809535880494	-10.305825946612588	-7.562932014465332	47.0
5805	3.097226656217514	-10.158318282243272	-7.61091947555542	47.0
5827	3.0713233203203436	-10.251630036028416	-7.53446102142334	47.0
5846	2.903220857294008	-10.227002190179276	-7.250073432922363	47.0
5864	2.903220857294008	-10.227002190179276	-7.250073432922363	47.0
5884	3.1066915482773068	-10.500217055534437	-7.38875675201416	47.0
5904	3.276403787399694	-10.442371754987978	-7.0847296714782715	47.0
5922	3.3653301470156847	-10.474802849701076	-6.993266582489014	47.0
5942	3.203945549597893	-10.517369712981516	-7.047821998596191	47.0
5961	3.4016850215030128	-10.538856266157813	-6.814828872680664	47.0
5981	3.1914181561724697	-10.547773161006766	-6.707070827484131	47.0
6000	3.3677306906663116	-10.181627042404637	-6.753399848937988	47.0
6020	3.420344439697082	-10.150696931866019	-6.793573379516602	47.0
6040	3.230029090604745	-10.09891887726576	-6.961832046508789	47.0
6058	2.9147931045082687	-10.370124304378242	-6.961669445037842	47.0
6079	2.785647099813438	-10.211309990374433	-6.955718994140625	47.0
6098	2.7932018179322213	-10.149728168079115	-6.796291828155518	47.0
6118	2.684218731306073	-10.040872558376833	-6.662302494049072	47.0
6136	2.6066761116792296	-10.27005905842652	-6.554874420166016	47.0
6157	2.277851737301241	-10.509048816008846	-6.293121337890625	47.0
6176	2.091831158682915	-10.506423066288562	-6.18643856048584	47.0
6196	2.1736813822846606	-10.417452726528133	-5.915492534637451	47.0
6215	2.070102206925938	-10.245397643179619	-5.902008056640625	47.0
6234	2.028649510235209	-10.28596843774928	-5.800314903259277	47.0
6253	2.026926813386519	-10.299430801383599	-5.776981353759766	47.0
6273	1.899172884641809	-10.343384903291636	-5.727470397949219	47.0
6292	1.8401122491531703	-10.067145021218533	-5.61720085144043	47.0
6312	1.7851875463689668	-10.029589757926226	-5.560720920562744	47.0
6330	1.9604525034548919	-10.070682111144796	-5.337301254272461	47.0
6350	1.7562295750526957	-10.04724420242658	-5.019481658935547	47.0
6370	1.564168408623378	-10.019205007560952	-4.977540016174316	47.0
6389	1.3701133351860912	-9.951140683289964	-4.798488140106201	47.0
6409	1.207861929664561	-9.984856218083518	-4.594040393829346	47.0
6431	1.209366669586015	-9.942090841175887	-4.546872615814209	47.0
6447	0.8941646313554493	-10.054763093974442	-4.318299293518066	47.0
6467	0.6462207930137185	-9.833693954959822	-4.124702453613281	47.0
6487	0.22821875159677663	-9.701872703919525	-3.967465400695801	47.0
6505	0.11709411987517361	-9.610870758153046	-3.792973756790161	47.0
6526	-0.010700808638119267	-9.544875606552482	-3.501311779022217	47.0
6545	-0.010700808638119267	-9.544875606552482	-3.501311779022217	47.0
6566	-0.41628151679745823	-9.339293023120215	-3.18379545211792	47.0
6586	-0.41628151679745823	-9.339293023120215	-3.18379545211792	47.0
6605	-0.9975627352190655	-9.254805257580252	-2.7129735946655273	47.0
6623	-0.9975627352190655	-9.254805257580252	-2.7129735946655273	47.0
6644	-1.3530242758385418	-9.203796414398774	-2.616631269454956	47.0
6664	-1.4382976927083657	-9.144542025804613	-2.585578441619873	47.0
6681	-1.814529993040062	-8.998353249995507	-2.714540481567383	47.0
6700	-2.143287172337847	-8.87278283827679	-2.5689594745635986	47.0
6720	-2.538641965692564	-8.77860964444923	-2.390399932861328	47.0
6739	-2.9157079647775497	-8.69655050165395	-2.11085844039917	47.0
6760	-3.1861297257592627	-8.458735576666053	-2.147202491760254	47.0
6781	-3.4104294670065736	-8.410858701309333	-1.9993128776550293	47.0
6798	-3.865184790309125	-8.332218942855969	-1.791485071182251	47.0
6818	-4.540531618050744	-8.21889226285067	-1.6834301948547363	47.0
6837	-4.612923387946697	-8.149304445182944	-1.6181645393371582	47.0
6857	-4.75655491643876	-7.9805591758239425	-1.7387304306030273	47.0
6880	-4.778461329246033	-8.137193737078995	-1.870689868927002	47.0
6899	-5.131975567700974	-7.984193848523633	-1.882910966873169	47.0
6915	-5.31433549212331	-7.902332507358129	-1.7885475158691406	47.0
6934	-5.622432223972213	-7.757308793848165	-1.8621444702148438	47.0
6954	-5.538714248093368	-7.655176496103638	-1.9424691200256348	47.0
6973	-5.717476987458469	-7.520167217999585	-1.9603209495544434	47.0
6995	-6.127694945247636	-7.490607016488874	-1.846228837966919	47.0
7012	-6.447832286170847	-7.5531569007735175	-1.7394570112228394	47.0
7032	-6.758984295122633	-7.347829128666854	-1.6477136611938477	47.0
7050	-7.040459892801539	-7.365639564270998	-1.6000005006790161	47.0
7071	-7.269522640969952	-7.367229058952153	-1.5565185546875	47.0
7089	-7.497302671906634	-7.40731387658046	-1.6731975078582764	47.0
7116	-7.875812214611945	-7.43670665874486	-1.6861190795898438	47.0
7128	-7.861809203678439	-7.468331128067482	-1.5773217678070068	47.0
7148	-8.087681120310561	-7.473784600560197	-1.6855013370513916	47.0
7167	-8.30525615891735	-7.332545263697333	-1.926692008972168	47.0
7186	-8.595760143104362	-7.236155067807235	-2.2280704975128174	47.0
7206	-8.699567837372593	-7.082815396335521	-2.369795560836792	47.0
7226	-8.921677636573705	-7.144068310903132	-2.434014320373535	47.0
7245	-9.276626062612952	-7.2228499879920625	-2.526503801345825	47.0
7266	-9.276626062612952	-7.2228499879920625	-2.526503801345825	47.0
7284	-9.545042460577841	-7.4328356760551975	-2.5266425609588623	47.0
7305	-9.775005805754178	-7.682281478170631	-2.6588947772979736	47.0
7324	-9.984181560622975	-7.811873485243198	-2.687832832336426	47.0
7343	-10.306984384283675	-8.065362547737255	-2.6076111793518066	47.0
7362	-10.431939903929162	-8.192071567779418	-2.6494998931884766	47.0
7381	-10.616404630249036	-8.627100261731632	-2.82460880279541	47.0
7402	-10.766770292641928	-8.712935877400803	-2.783590793609619	47.0
7420	-10.898061478049554	-8.997211600748772	-2.7881765365600586	47.0
7439	-10.921165503426089	-9.086000853435253	-2.9973983764648438	47.0
7459	-11.115252986586507	-9.133899797568265	-3.2347159385681152	47.0
7480	-11.081205496390217	-9.561701666354956	-3.362855911254883	47.0
7502	-11.058860422517219	-9.756630191549643	-3.3911666870117188	47.0
7518	-11.373237006702684	-9.964696669094831	-3.442758083343506	47.0
7537	-11.578314731350895	-10.10550143964302	-3.4310638904571533	47.0
7557	-11.812528532715394	-10.21134890775612	-3.7101871967315674	47.0
7576	-11.807283161129833	-10.42835661974818	-3.7659239768981934	47.0
7602	-11.863899726069155	-10.635423033123109	-3.7193193435668945	47.0
7615	-12.015604898269485	-10.664959459039379	-3.648505210876465	47.0
7635	-12.2887232199812	-10.600447429410165	-3.731624126434326	47.0
7654	-12.490881883833666	-10.706490037908836	-3.79705810546875	47.0
7674	-12.546697131028301	-10.872162921095498	-3.827950954437256	47.0
7693	-12.452979029975292	-10.81500794504961	-3.847189426422119	47.0
7712	-12.642236471527141	-11.160552048857058	-3.704084873199463	47.0
7731	-13.111410518305572	-10.986389799023437	-3.745763063430786	47.0
7752	-13.244556630932221	-11.012081366530131	-3.965402364730835	47.0
7771	-13.222609995491089	-11.136100089193823	-3.91176438331604	47.0
7791	-13.340238786348628	-11.370124312865611	-3.779053211212158	47.0
7810	-13.428289288385413	-11.62275825648278	-3.7550220489501953	47.0
7830	-13.600723762702517	-11.674037913786115	-3.9751617908477783	47.0
7849	-13.913761099969602	-11.771056492037232	-3.9598257541656494	47.0
7870	-14.06928965735918	-11.735157683717606	-4.052696228027344	47.0
7887	-14.17702436148862	-11.79781170671548	-4.199843883514404	46.0
7907	-14.435336266764272	-11.833126554779776	-4.190797805786133	46.0
7926	-14.793777057486812	-11.962252983959438	-4.271115779876709	46.0
7945	-15.364742931374392	-11.931818792023385	-4.260919094085693	46.0
7968	-15.636913457770342	-11.787213747504829	-4.5343475341796875	46.0
7986	-15.914032580561958	-11.818647857193511	-4.3842573165893555	46.0
8005	-16.201643468853703	-11.899824758020083	-4.507914066314697	46.0
8025	-16.201643468853703	-11.899824758020083	-4.507914066314697	46.0
8043	-16.42618172438358	-11.905188740724311	-4.558472633361816	46.0
8062	-16.604668859413046	-11.831160195621223	-4.354768753051758	46.0
8083	-16.950018823186497	-11.684388544902	-4.367497444152832	46.0
8103	-17.341379458833572	-11.66022449156321	-4.275852203369141	46.0
8120	-17.488652431511984	-11.591409746860151	-4.225892543792725	46.0
8140	-17.939920524954925	-11.390500823846088	-4.280667781829834	46.0
8160	-18.34315662454417	-11.298474285978479	-4.463248252868652	46.0
8178	-18.741729527777384	-11.328277228115994	-4.59844970703125	46.0
8198	-19.207784585847147	-11.297131312060674	-4.558366775512695	46.0
8218	-19.64661631626576	-11.388149158902992	-4.4793171882629395	46.0
8238	-20.085026596518002	-11.39275113394602	-4.165987491607666	46.0
8258	-20.499850207504544	-11.427321525232111	-4.059364318847656	46.0
8276	-21.05425404600096	-11.48680315323195	-3.996716022491455	46.0
8296	-21.52898005384939	-11.49913087518041	-3.9793615341186523	46.0
8317	-21.91189758114677	-11.320626177988087	-3.9899768829345703	46.0
8341	-22.54702129990282	-11.155246327242768	-3.7613701820373535	46.0
8355	-23.44564996000729	-10.886506038799824	-3.6466712951660156	46.0
8374	-24.196194802002395	-10.770743028636806	-3.6761364936828613	46.0
8394	-24.880800265156626	-10.701195809625222	-3.593341112136841	46.0
8413	-25.333643597821833	-10.525270784893419	-3.7329559326171875	46.0
8434	-25.95353578871452	-10.195620975618546	-3.818302631378174	46.0
8452	-26.6016586669534	-10.185194470820596	-3.603980302810669	46.0
8471	-27.059517876004016	-10.211864731510268	-3.465984344482422	46.0
8491	-27.64332975058154	-10.114526830312869	-3.446446180343628	46.0
8519	-28.039140737065598	-10.201379484933282	-3.122645854949951	46.0
8529	-28.586684814207004	-9.928636141686221	-2.758420705795288	46.0
8551	-29.311077659427987	-10.016463279134628	-2.3851234912872314	46.0
8568	-30.218952679552068	-9.86103175025195	-1.8050074577331543	46.0
8588	-30.897683140081746	-9.829866009272509	-1.4853954315185547	46.0
8607	-31.554738345931458	-9.63078172372201	-1.1716421842575073	46.0
8627	-32.52902129677984	-9.376976040781008	-0.8611929416656494	46.0
8645	-33.205411523802496	-9.16954704645498	-0.34864556789398193	46.0
8665	-33.78974173701355	-9.148292805012936	0.13596630096435547	46.0
8686	-34.18747670124054	-8.868532943877234	0.6997822523117065	46.0
8705	-34.64663282090278	-8.532247531624888	0.9772093296051025	46.0
8724	-34.64663282090278	-8.532247531624888	0.9772093296051025	46.0
8744	-35.14707540375941	-8.528729049217159	1.33022141456604	46.0
8764	-35.32934171992453	-8.28215001724075	2.1701736450195312	46.0
8782	-35.5909124788705	-8.218075139060124	2.534982681274414	46.0
8804	-35.63976039898909	-7.990727097846929	2.9795167446136475	46.0
8822	-35.81924547118586	-8.086686129583313	3.564516305923462	46.0
8841	-35.950788319027545	-7.905503594152664	4.050036430358887	46.0
8860	-36.16113661586014	-8.009149166350536	4.507455348968506	46.0
8880	-35.95893057583506	-7.81335131117579	5.405728816986084	46.0
8899	-35.629494672972605	-7.696916353235679	6.101764678955078	46.0
8918	-35.69158287750941	-7.5458218419781184	6.7565107345581055	46.0
8938	-35.44938430429954	-7.205676621054641	7.788718223571777	46.0
8957	-35.27279083859191	-7.320950927298744	8.429610252380371	46.0
8977	-34.83338618779075	-6.971342449293375	9.034133911132812	46.0
8997	-34.43161722574877	-6.645447283508878	9.526418685913086	46.0
9015	-34.07144972297418	-6.408187616001732	10.003969192504883	46.0
9035	-33.881099970331384	-6.278441765188321	10.28541088104248	46.0
9055	-33.408569243765704	-5.789001202226344	10.81380844116211	46.0
9075	-32.63064235649866	-5.540670255308682	11.1539306640625	46.0
9097	-32.24413106623111	-5.652044683736818	11.584456443786621	46.0
9112	-31.70459322394285	-5.2684935802339625	11.892867088317871	46.0
9132	-31.011670853159707	-5.127290895101903	12.00048828125	46.0
9153	-30.366207185598974	-4.979170064513803	12.672253608703613	46.0
9172	-29.80260175659828	-4.957763065716988	13.056632041931152	46.0
9191	-28.96720512008883	-4.809312858606501	13.403520584106445	46.0
9210	-28.43943123107968	-4.8077685886283765	13.799778938293457	46.0
9229	-27.950242486646633	-4.881399976449779	14.225613594055176	46.0
9249	-27.13387622050863	-4.675509210321952	14.401211738586426	46.0
9274	-26.579042293044736	-4.647203140059303	14.42251968383789	46.0
9287	-26.318411489747593	-4.5052298417896885	14.381393432617188	46.0
9307	-25.722630013800504	-4.401794572760238	14.27218246459961	46.0
9326	-25.145541955900196	-4.14563356242856	14.223373413085938	46.0
9345	-24.825907911536323	-3.9387440082270637	14.194433212280273	46.0
9366	-24.26888519974596	-3.7881593195393144	14.062420845031738	46.0
9385	-23.963460486373968	-3.545531020621842	13.825531959533691	46.0
9409	-23.707146528566756	-3.36823707349605	13.730125427246094	46.0
9424	-23.707146528566756	-3.36823707349605	13.730125427246094	46.0
9444	-23.287909943306662	-3.0914288518624646	13.612159729003906	46.0
9463	-23.058566923082832	-2.889625666593055	13.472448348999023	46.0
9482	-22.58392010601946	-2.9313694720074226	13.429911613464355	46.0
9502	-22.207187227985457	-2.6486079360029815	13.499234199523926	46.0
9523	-21.813328298024025	-2.332350575957997	13.551016807556152	46.0
9541	-21.544868253296553	-2.0638853718101413	13.568730354309082	46.0
9560	-21.475361906131262	-2.061920866934078	13.126116752624512	46.0
9580	-21.152192937661127	-1.8290105162557757	13.0933256149292	46.0
9598	-21.208447196022842	-1.772309176317867	13.05858325958252	46.0
9618	-20.917360632920712	-1.558658723748529	13.008609771728516	46.0
9639	-20.952476471425317	-1.1804933549336494	13.065417289733887	46.0
9657	-20.86178255183255	-1.0685491710848287	13.125327110290527	46.0
9678	-20.6424904781199	-0.9343364447601776	13.031530380249023	46.0
9697	-20.506059822500397	-0.7806074113925344	12.866219520568848	46.0
9716	-20.155338373390457	-0.3718905638123092	13.019377708435059	46.0
9735	-20.042212745503843	-0.2673127239032146	12.71311092376709	46.0
9759	-19.730624791487575	-0.2562589164068659	12.458229064941406	46.0
9774	-19.487618421320803	-0.03451061476117975	12.656718254089355	46.0
9794	-19.14078221333003	0.22552403038200525	12.681900024414062	46.0
9814	-18.917137678620325	0.31149384310739153	12.499174118041992	46.0
9833	-18.648756309504453	0.49172728692005163	12.684600830078125	46.0
9852	-18.59109792549033	0.565693626331928	13.054588317871094	46.0
9872	-18.094516231306603	0.6396721317613012	13.392928123474121	46.0
9894	-18.102242368571375	0.6496211604719899	13.726567268371582	46.0
9910	-17.950424837497238	0.9239957513605576	14.031791687011719	46.0
9929	-17.89701724344624	0.7958352706568521	14.054407119750977	46.0
9949	-17.79199637177652	0.8697505185889108	13.94074821472168	46.0
9969	-17.60506993232442	0.8220023597048565	13.851433753967285	46.0
9989	-17.486161169358468	0.8274174363919408	13.777702331542969	46.0
10009	-17.144535212454148	0.9062679202974644	13.639486312866211	46.0
10029	-17.16976473056504	0.9214987580702327	13.567204475402832	46.0
10046	-16.744686956098946	0.9655614985693812	13.509748458862305	46.0
10066	-16.280144919724854	1.115831011182276	13.565973281860352	46.0
10085	-16.012380040595655	1.2137726390506736	13.629194259643555	46.0
10106	-15.83907595207718	1.1673096172372774	13.761034965515137	46.0
10126	-15.50721427475702	1.254897953810718	14.146149635314941	46.0
10145	-15.294399062669935	1.2488140137607961	14.138350486755371	46.0
10163	-15.294399062669935	1.2488140137607961	14.138350486755371	46.0
10183	-15.223041158871782	1.2699270953349548	14.49105167388916	46.0
10202	-14.98898984232699	1.255902251489879	14.620309829711914	46.0
10222	-14.732498204689557	1.429011583944122	14.789862632751465	46.0
10242	-14.634367542142478	1.476571937295739	15.016911506652832	46.0
10261	-14.197667324002005	1.638052672527147	15.207064628601074	46.0
10279	-13.819185805183743	1.745948433090708	15.323866844177246	46.0
10299	-13.754058786249441	1.8176605924495988	15.137835502624512	46.0
10320	-13.611397414641637	1.9862292848682284	15.536758422851562	46.0
10338	-13.170063623720985	2.157826382977	15.487218856811523	46.0
10358	-13.211589725515879	2.226355959011995	15.523351669311523	46.0
10377	-12.75651659842187	2.5833537150974877	15.528013229370117	46.0
10396	-12.32726784017721	2.6100830982754375	15.423981666564941	46.0
10417	-12.133188751261777	2.559184605665744	15.25425910949707	46.0
10436	-11.833710013393302	2.5683465785670636	15.276836395263672	46.0
10458	-11.43462651269847	2.696992037067035	15.391194343566895	46.0
10480	-10.701486050709068	2.767021050816729	15.003994941711426	45.0
10494	-10.433981521349086	2.7710552563351802	14.715672492980957	45.0
10513	-9.912257261001441	2.8905063434628038	14.509520530700684	45.0
10532	-9.784802794191878	2.6495212876983962	14.453737258911133	45.0
10552	-9.497686105378971	2.7101436569358843	14.185708999633789	45.0
10572	-9.007598558567995	2.819745926243394	13.713580131530762	45.0
10592	-8.638382008311655	2.6202896292122473	13.311314582824707	45.0
10611	-8.147425296235175	2.660201676288893	12.952398300170898	45.0
10631	-7.737967488919158	2.520499014663546	12.709183692932129	45.0
10649	-7.106418929455905	2.418606233226453	12.453941345214844	45.0
10669	-6.292995459237178	2.415779536098135	12.09591293334961	45.0
10688	-5.391410175539375	2.4386022430828596	11.640268325805664	46.0
10712	-4.7311446285459615	2.2045491711871605	11.31482219696045	46.0
10728	-4.059552786305147	2.0556754546410416	11.121129989624023	46.0
10747	-3.3099485385675047	2.0926479713775934	10.777657508850098	46.0
10766	-2.6305807978277453	1.872850947113015	10.373724937438965	46.0
10785	-2.263728867062649	1.6771190928951445	9.816069602966309	46.0
10806	-1.6891292952081787	1.632284200663126	9.479507446289062	46.0
10825	-1.4774393106603272	1.3477777709692238	8.965836524963379	46.0
10846	-1.0469325225157944	1.045399016584421	8.510553359985352	46.0
10865	-0.4731706506542864	0.9449217560334129	7.998879432678223	46.0
10883	-0.4731706506542864	0.9449217560334129	7.998879432678223	46.0
10902	0.07690326249832254	0.8448964832234832	7.467508316040039	46.0
10922	0.49763027614058786	0.8882834885226985	7.023426055908203	46.0
10941	0.7486044343231587	0.9084129180899638	6.517794609069824	46.0
10960	1.1725144084800734	0.8841180639066022	6.029694557189941	46.0
10980	1.5561896073555002	0.6735204906896531	5.271859169006348	46.0
10999	2.263661903463781	0.8648505519772768	4.815248489379883	46.0
11019	2.433099552870607	1.0344517110412097	4.031518459320068	46.0
11038	2.3518797005491128	0.9275064317083833	3.186697006225586	46.0
11061	2.5256503910572268	1.1860867871978626	2.584031820297241	46.0
11080	2.8560861172124765	1.2115189601605278	1.8949757814407349	46.0
11097	3.053989724944045	0.9805365412789204	1.3195111751556396	46.0
11116	3.2881023210007383	1.1792243305218526	0.8054997324943542	46.0
11137	3.293589427482202	1.2750811479218136	0.4906079173088074	46.0
11155	3.0153094641867577	1.289499966405278	0.028352007269859314	46.0
11175	3.167392029776257	1.1491903097273355	-0.22886650264263153	46.0
11194	3.4311443162800463	1.3241303581569335	-0.5842185616493225	46.0
11215	3.2496194457307777	1.3361931184601121	-0.9615824222564697	46.0
11234	2.7725468112698297	1.4606815031937521	-1.350499153137207	46.0
11253	2.9071259626810755	1.7290301686791867	-1.7385934591293335	46.0
11272	2.668032848699801	1.5572381776486481	-2.177614212036133	46.0
11291	2.5132137564590695	1.8839050326239997	-2.689340114593506	46.0
11312	2.225852047587938	1.9148214311024248	-3.1154446601867676	46.0
11331	1.7087900305541106	2.155658759072464	-3.498901605606079	46.0
11349	1.155995186976269	2.1678029946285817	-3.58384108543396	46.0
11370	0.9365795577884688	2.2462465167049106	-3.9114725589752197	46.0
11388	0.8513055980606996	2.387753127773754	-4.30823278427124	46.0
11408	0.3959402491811156	2.6925838809835017	-4.588536739349365	46.0
11427	0.07992761882882309	2.790944643071213	-4.727581024169922	46.0
11447	-0.250257063282702	2.832759757139063	-4.826059818267822	46.0
11466	-0.6032403041096088	2.952452610233215	-5.15526008605957	46.0
11485	-0.963348389331714	3.069983583292508	-5.365283489227295	47.0
11505	-1.2990304469367786	3.5504387168852642	-5.661075115203857	47.0
11526	-1.6572616173888295	3.6547066640875574	-5.746310710906982	47.0
11545	-2.0243830011101145	3.8578151647514973	-5.802844524383545	47.0
11565	-2.5168247131899997	3.751667422622841	-5.808765411376953	47.0
11586	-2.5168247131899997	3.751667422622841	-5.808765411376953	47.0
11603	-2.9529223920161587	3.930686748360061	-5.850289821624756	47.0
11622	-3.2550819704621334	3.918652826173807	-6.047730922698975	47.0
11641	-3.4655760566187768	4.008258360738078	-6.007506847381592	47.0
11662	-3.731005667783246	4.048468464358907	-6.031367301940918	47.0
11682	-3.984165734125897	4.170515168629994	-5.931302070617676	47.0
11701	-4.2863255678621766	4.257839812039311	-5.928134918212891	47.0
11720	-4.697644508324887	4.170739118521684	-5.806445121765137	47.0
11739	-4.984338260253825	4.298080533539447	-5.814068794250488	47.0
11758	-5.012725459834759	4.243043247580001	-5.868502616882324	47.0
11778	-5.523270412251754	4.256083378382081	-5.722835540771484	47.0
11798	-5.788905384986253	4.12892568322245	-5.549603462219238	47.0
11822	-6.044118105725612	4.184463850054397	-5.524257659912109	47.0
11837	-6.2249464218933745	4.062457969458081	-5.54465913772583	47.0
11856	-6.373271973308444	4.011418869056004	-5.671599864959717	47.0
11876	-6.482694022100978	4.069826580865155	-5.807278633117676	48.0
11899	-6.559461470635942	4.096609377404043	-5.905696392059326	48.0
11915	-7.050578313806279	4.161671940379549	-6.078194618225098	48.0
11934	-7.060733943425803	4.263609866984153	-6.489230155944824	48.0
11953	-7.323998510511609	4.395181094505307	-6.6316022872924805	48.0
11973	-7.589275167362703	4.407451435664813	-6.72827672958374	48.0
11993	-7.647390399754103	4.47993562741501	-6.672236442565918	48.0
12012	-7.8109344620529955	4.634123119701079	-6.703662872314453	48.0
12031	-7.974275437516491	4.441833818983163	-6.699101448059082	48.0
12051	-8.249536588444355	4.390257628612464	-6.615373611450195	48.0
12070	-8.300350741235698	4.458947649868511	-6.580632209777832	48.0
12089	-8.542959255628203	4.394803084950159	-6.499327659606934	48.0
12108	-8.627885490217103	4.37955255919957	-6.695313453674316	48.0
12129	-8.589816342951828	4.449356753280047	-6.936409950256348	48.0
12149	-8.668900200484082	4.42979588473924	-7.333065986633301	48.0
12168	-8.79101185824512	4.389432916987885	-7.4073357582092285	48.0
12187	-9.028520943562132	4.520713988637073	-7.798061370849609	48.0
12205	-8.966924931943089	4.618847248660564	-8.293536186218262	48.0
12227	-9.076371239412675	4.704072555161926	-8.539190292358398	48.0
12246	-9.327665680627032	4.767461174755922	-8.868108749389648	48.0
12268	-9.400566518240607	4.928855373236086	-8.833036422729492	48.0
12288	-9.400566518240607	4.928855373236086	-8.833036422729492	48.0
12304	-9.477046277547897	5.110747014511685	-8.775437355041504	48.0
12322	-9.629273625563284	5.277865439062349	-9.025774002075195	48.0
12342	-10.007901120148023	5.355658144044646	-9.271671295166016	48.0
12362	-10.059882588994995	5.572578770551401	-9.445188522338867	48.0
12381	-10.285760056678512	5.52128384993254	-9.645395278930664	48.0
12402	-10.578513045035375	5.549136306868061	-9.795863151550293	48.0
12420	-10.747661451979527	5.5342171303893535	-9.984416007995605	48.0
12439	-11.028503356224741	5.56945765852239	-10.517376899719238	48.0
12459	-11.485817722988436	5.485137586928327	-11.06200122833252	48.0
12479	-11.716397854780107	5.6074052094726845	-11.409647941589355	48.0
12501	-11.918187631763065	5.781009930471737	-11.621634483337402	48.0
12516	-12.415004041633859	5.567670540425266	-11.782320022583008	48.0
12537	-12.981445684310758	5.547987210400263	-12.000420570373535	48.0
12556	-13.378515885403718	5.427554748836159	-12.40220832824707	48.0
12577	-13.510694965907613	5.547489021228186	-12.706354141235352	48.0
12595	-13.796875369387319	5.46007154922047	-12.767066955566406	48.0
12616	-14.046466090395352	5.520647319630838	-12.865540504455566	48.0
12638	-14.478342629827138	5.324387464408408	-12.938823699951172	48.0
12653	-14.840671277578604	5.20816049443081	-13.247398376464844	48.0
12672	-15.0573918823684	5.292006540401567	-13.492035865783691	48.0
12692	-15.36002918117199	5.127928758478985	-13.663185119628906	48.0
12711	-15.585810566334073	4.975127144759266	-13.668974876403809	48.0
12731	-16.030495865154524	4.661356737091328	-13.91279411315918	48.0
12750	-16.40327064032683	4.4344249717240505	-14.34434700012207	48.0
12771	-16.560526186284243	4.255896182708422	-14.628532409667969	48.0
12789	-16.923261559536293	4.334237571003018	-14.814582824707031	48.0
12809	-17.374997904537295	4.017866289903761	-15.013652801513672	48.0
12828	-17.702641108393575	3.617528368027772	-14.896001815795898	48.0
12848	-17.945531620406907	3.4481834357982817	-14.823626518249512	48.0
12867	-18.151660041650356	3.2958203816922205	-14.864730834960938	48.0
12887	-18.354085536164302	3.0866388430240854	-14.80008316040039	48.0
12906	-18.645388294319428	2.81941847336087	-14.777767181396484	48.0
12926	-19.069031602455	2.6617326043868985	-14.804396629333496	48.0
12944	-19.140069273361668	2.4855381149898537	-15.007794380187988	48.0
12965	-19.10995733831925	2.2266665146751876	-14.973282814025879	48.0
12987	-19.320686936887412	2.2146196005491565	-14.936134338378906	48.0
13006	-19.320686936887412	2.2146196005491565	-14.936134338378906	48.0
13023	-19.547614996875915	1.6503207381867888	-14.820905685424805	48.0
13042	-19.86799505946758	1.374241503106299	-14.802221298217773	48.0
13062	-20.071841156889423	1.3734125054839488	-14.743265151977539	48.0
13091	-20.012030642408014	1.1800427581739426	-14.417643547058105	47.0
13102	-20.142680096229654	0.6664873962691895	-13.98957347869873	47.0
13124	-20.426939537535354	0.20387749115589424	-13.601473808288574	47.0
13139	-20.72884342214283	-0.1224127076083122	-13.127524375915527	47.0
13159	-20.865818322242998	-0.5975098993650114	-12.816110610961914	47.0
13178	-20.893214168076767	-0.7217673257698819	-12.918862342834473	47.0
13197	-20.99883907367228	-1.159476608817555	-12.719342231750488	47.0
13218	-21.243858793923117	-1.5332184505644273	-12.363367080688477	47.0
13238	-21.737835428905782	-1.7482614089790949	-12.071638107299805	47.0
13256	-21.74096553833262	-2.1322709097600585	-11.796913146972656	47.0
13288	-21.565171694096023	-2.5445003736632867	-11.317939758300781	48.0
13296	-21.675943814448836	-2.8438251469871973	-10.908899307250977	48.0
13315	-21.508454527790843	-3.015588048297725	-10.742959976196289	48.0
13338	-21.42043360715377	-3.149914800959717	-10.407537460327148	48.0
13357	-21.2099413309598	-3.2572662760817814	-10.233495712280273	48.0
13373	-20.85852040683065	-3.414615976476716	-10.197766304016113	48.0
13392	-20.516960612269784	-3.2993887344634936	-9.869553565979004	48.0
13412	-20.496309451731115	-3.167894352086154	-9.4544095993042	48.0
13432	-20.281379733586892	-2.9565167117033884	-9.33927059173584	48.0
13450	-20.079392893054294	-2.8673656477923997	-9.193562507629395	48.0
13472	-19.907212556643593	-2.620155943321536	-8.853281021118164	48.0
13490	-19.777895991007153	-2.4523709384622245	-8.497840881347656	48.0
13509	-19.44278948160083	-2.2732574624909634	-7.946307182312012	48.0
13529	-18.94365357918852	-2.0061021262589698	-7.638123035430908	48.0
13548	-18.725447026423645	-2.02970339998568	-7.48998498916626	48.0
13568	-18.32954733614595	-1.8042083571639675	-7.460295677185059	48.0
13586	-18.286776400282317	-1.8660427397632235	-7.098395347595215	48.0
13606	-17.878027368711884	-1.754688224307669	-6.83053731918335	48.0
13626	-17.698843159685243	-1.9420055023041898	-6.333589553833008	48.0
13645	-17.22364677190129	-1.8522916027835288	-5.9952826499938965	48.0
13667	-16.871184811615304	-1.537758283506338	-6.02741813659668	48.0
13685	-16.83848487277097	-1.428480406640308	-5.69205379486084	48.0
13704	-16.468690130623617	-1.4462621853490605	-5.432698726654053	48.0
13725	-16.375581409682145	-1.3916908281769351	-5.230637550354004	48.0
13743	-16.375581409682145	-1.3916908281769351	-5.230637550354004	48.0
13762	-16.02184002103571	-1.2451604858225769	-5.16006326675415	48.0
13782	-15.739338720323754	-1.0560885422892512	-5.047670364379883	48.0
13800	-15.264420117301974	-0.5574452405027904	-5.281895160675049	48.0
13823	-15.00608433832791	-0.45768209532726023	-5.241147518157959	48.0
13843	-14.970275142896044	-0.4554402035695691	-5.0519022941589355	48.0
13859	-14.727317307091598	-0.406350009444434	-4.93640661239624	48.0
13879	-14.392312285503698	-0.228828957938253	-4.894996166229248	49.0
13899	-13.852669367528824	-9.817093264477832E-4	-4.923160552978516	49.0
13918	-13.511345718338777	0.08160308859409314	-5.036856651306152	49.0
13938	-13.348839263830177	-0.04904586365846352	-5.119244575500488	49.0
13957	-13.197510151785451	-0.17020492122465003	-5.094574928283691	49.0
13977	-13.138008000753041	-0.18537349576195325	-4.897719860076904	49.0
13996	-12.89983471645999	-0.042435512897523966	-4.88803768157959	49.0
14015	-12.835645495284577	0.1067295750448955	-5.045513153076172	49.0
14034	-12.766019326274336	-0.0532249774199237	-5.240728855133057	49.0
14059	-12.62103021142035	-0.05602102638255742	-5.11735725402832	49.0
14073	-12.47951966221713	0.13401038300150064	-5.116575241088867	49.0
14094	-12.174924799088958	0.3976073071151165	-4.834113121032715	49.0
14112	-12.269208727695156	0.22797330959283812	-4.846907615661621	49.0
14132	-12.194450976402296	0.1594136930497556	-4.926530838012695	49.0
14151	-11.984900320184938	0.15776809102133824	-4.924986839294434	49.0
14171	-11.683205680785367	0.1404772271418036	-4.7328410148620605	49.0
14190	-11.71083280026118	0.41465547199755637	-4.633284091949463	49.0
14210	-11.807414925151605	0.4245559450927198	-4.624562740325928	49.0
14229	-11.927082237266454	0.45850136981340894	-4.669605731964111	49.0
14248	-11.972490827771248	0.3216341579766784	-4.812601089477539	49.0
14268	-11.828684271171243	0.4823015370468926	-4.623617172241211	49.0
14290	-11.691241078140001	0.746756628789044	-4.914132118225098	50.0
14306	-11.6455188423982	0.7388393603332285	-4.891383171081543	50.0
14326	-11.750706512693675	0.7323450995849139	-4.845420837402344	50.0
14346	-11.619134997654538	0.9043473086063367	-4.778472423553467	50.0
14365	-11.550825688083275	0.7515698857488099	-4.717109680175781	50.0
14385	-11.34999206255222	0.6002734192316338	-4.322686195373535	50.0
14405	-11.520585217607287	0.8041541766238164	-4.37839412689209	50.0
14428	-11.520585217607287	0.8041541766238164	-4.37839412689209	50.0
14443	-11.702011993248323	0.8314324558243619	-4.2204508781433105	50.0
14463	-11.838275164316485	0.680550374181141	-3.8986287117004395	50.0
14482	-11.903331799154206	0.6205010194421954	-4.018257141113281	50.0
14501	-11.638884371311741	0.5738554273234939	-4.1680097579956055	50.0
14521	-11.531512186795865	0.4139557330156624	-4.2474589347839355	50.0
14543	-11.499650887037896	0.6455365764910644	-4.612985610961914	50.0
14559	-11.465605294804597	0.7184546757394943	-4.862648963928223	50.0
14578	-11.354703676932559	0.5943895353709489	-4.689895153045654	50.0
14598	-11.250888902803881	0.5122012273082344	-4.573573589324951	50.0
14618	-11.28449133143863	0.5011916447148749	-4.530121803283691	50.0
14637	-11.4189825050408	0.4872997270736866	-4.404233932495117	50.0
14658	-11.683550496796197	0.2507258268816982	-4.517636775970459	50.0
14677	-11.800786598588951	0.421459406064958	-4.500882148742676	50.0
14696	-11.919500551646573	0.35146746120021594	-4.248051643371582	50.0
14715	-11.946440197339854	0.37824012552630565	-4.170992851257324	50.0
14735	-11.907341239284968	0.4825278028524981	-4.208858489990234	50.0
14756	-11.759556794175609	0.470113446239798	-4.421072959899902	50.0
14775	-11.748222902469081	0.5655815683799414	-4.530630588531494	50.0
14793	-11.589725282218264	0.7481047927638054	-4.632291316986084	50.0
14813	-11.479943258972742	0.9919230357675021	-4.570718765258789	50.0
14832	-11.589803809013342	0.6709288244945558	-4.320838928222656	50.0
14852	-11.703244119800353	0.7075854763987667	-4.445723056793213	50.0
14871	-11.648172877947438	0.7283739701148508	-4.3675408363342285	50.0
14896	-11.670050705149	0.6363505204156678	-4.348103046417236	50.0
14910	-11.770103019275954	0.6670972603152767	-4.293961524963379	50.0
14929	-11.619650761998699	0.6706639165579205	-4.2833943367004395	50.0
14949	-11.754139897278769	0.7214240506713209	-4.384321689605713	50.0
14968	-11.639776388059921	0.7947215791088944	-4.15204381942749	50.0
14988	-11.642385258483916	1.0456572718967265	-4.314550876617432	50.0
15007	-11.409391347948496	1.0643225694150054	-4.116193771362305	50.0
15027	-11.49667481893106	1.1972900710690668	-4.273858070373535	50.0
15047	-11.504947782967218	1.1639388893036915	-4.322230815887451	50.0
15065	-11.470755544108851	1.3286557972726971	-4.136943817138672	50.0
15085	-11.384002492123116	1.2995931508697127	-4.041382789611816	50.0
15106	-11.328311822165972	1.0428341193291633	-4.270321846008301	50.0
15125	-11.328311822165972	1.0428341193291633	-4.270321846008301	50.0
15144	-11.332849192506462	0.9766916798728518	-4.519362926483154	50.0
15163	-11.352392607485562	0.7951007783786854	-4.6477274894714355	50.0
15183	-11.350435948730578	0.6412067416495518	-4.608381271362305	50.0
15202	-11.367674830654853	0.6438193221355999	-4.429781436920166	50.0
15221	-11.4042559788348	0.597376927990777	-4.490099906921387	50.0
15239	-11.534004590335902	0.49499485242955277	-4.593688011169434	50.0
15261	-11.571932597094634	0.7605125605846631	-4.608890056610107	50.0
15280	-11.42969193373947	0.9153532251960986	-4.332005023956299	51.0
15299	-11.51341529359868	1.0009161576315553	-4.3596625328063965	51.0
15318	-11.468118697572812	1.0250479406953998	-4.179415225982666	51.0
15338	-11.331866409521213	1.1324688613360736	-4.250363826751709	51.0
15357	-11.215385339320465	0.9910846988660948	-4.363637924194336	51.0
15377	-11.205642910216673	0.9926144582268462	-4.38824987411499	51.0
15397	-11.132310711616354	0.8422790003589488	-4.684828281402588	51.0
15418	-11.077474064030989	0.7722093571562014	-4.867778301239014	51.0
15436	-11.06706665263428	0.8540794212783969	-5.012205123901367	51.0
15455	-11.117516887246651	0.7424063860973764	-5.093110084533691	51.0
15474	-11.3182432494448	0.8586083649207221	-5.039646625518799	51.0
15494	-11.448298380977084	0.7682310386287393	-5.093664169311523	51.0
15513	-11.58012326072147	0.6600309528535648	-5.217084884643555	51.0
15532	-11.742605380886262	0.7022618565782298	-5.030219554901123	51.0
15552	-11.85196051392053	0.9024273654212479	-4.868916988372803	51.0
15571	-12.089206578176421	0.7216059968277879	-4.863282680511475	51.0
----------------도착----------------
15591	-12.030199624205748	0.6782857312814129	-4.900217056274414	51.0
15610	-12.148180057730817	0.7161209415479891	-4.7339606285095215	51.0
15631	-11.965224900020765	0.5721347138699822	-4.838208198547363	51.0
15649	-12.0459776573357	0.5728550261925703	-5.034887790679932	51.0
15668	-11.832379605343792	0.6020686928174794	-4.876331329345703	51.0
15688	-11.724512296044246	0.49735730012442186	-4.848141193389893	50.0
15708	-11.498948944099148	0.4058241878037919	-5.058455944061279	50.0
15730	-11.529539151191168	0.3362088788157337	-5.197257995605469	50.0
15746	-11.669854491492321	0.34744101986236814	-5.083620548248291	50.0
15766	-11.626871571206683	0.4490564658216122	-5.087151050567627	50.0
15784	-11.56946505668978	0.45473971587034023	-5.058183670043945	50.0
15805	-11.428528657977246	0.5220293265133946	-4.981800556182861	50.0
15826	-11.697614838935174	0.5529631934891123	-4.956600666046143	50.0
15845	-11.684904277299712	0.6887225337694546	-4.948471546173096	50.0
15864	-11.684904277299712	0.6887225337694546	-4.948471546173096	50.0
15883	-11.858269918530205	0.6698009272213832	-4.779123783111572	50.0
15902	-11.715055667883023	0.9435154124433441	-4.601020812988281	50.0
15921	-11.726353706632349	0.9831573905914226	-4.5961408615112305	50.0
15941	-11.570652630980781	1.0051020669167556	-4.527928829193115	50.0
15960	-11.591431081024238	1.0150895581769261	-4.3501176834106445	50.0
15979	-11.60398987414512	1.002043415414062	-4.428859710693359	50.0
15999	-11.530642308566687	1.2230024301282902	-4.603741645812988	50.0
16018	-11.439723093081989	1.2547619798729384	-4.581106185913086	50.0
16039	-11.444692488185071	1.0361285480470366	-4.696163177490234	50.0
16058	-11.318528696238268	0.8863104716445215	-4.72806453704834	50.0
16076	-11.521942931707889	0.5244788721806904	-4.3820414543151855	50.0
16097	-11.562403974020489	0.4592431461928057	-4.496706008911133	50.0
16116	-11.597423033115565	0.5043127858959459	-4.720951080322266	50.0
16135	-11.569622996599685	0.3773891660498535	-4.540304660797119	50.0
16157	-11.662902953008407	0.40836048435743033	-4.383969783782959	50.0
16175	-11.75114651716809	0.34613780511262154	-4.340836048126221	50.0
16193	-11.616282793429137	0.5592787399916755	-4.259866237640381	50.0
16213	-11.548129104780456	0.6768806694066414	-4.042689323425293	50.0
16233	-11.422148174794195	0.8100800813965595	-4.248587131500244	50.0
16252	-11.530655776845746	0.6346376800237578	-4.295772552490234	50.0
16271	-11.476681792183108	0.6079874973981734	-4.201539039611816	50.0
16291	-11.401569208038609	0.651254541121849	-4.214992046356201	50.0
16311	-11.319952298660944	0.6508478620242947	-4.230620384216309	50.0
16330	-11.48199012167658	0.6187212040414809	-4.361649513244629	50.0
16350	-11.46538559577869	0.555818148689613	-4.463508605957031	50.0
16368	-11.51982210123158	0.6469788119835116	-4.684261322021484	50.0
16388	-11.490848533725528	0.6191782875713384	-4.5404534339904785	50.0
16408	-11.36377561632153	0.7165908755534846	-4.342595100402832	50.0
16427	-11.334282141753349	0.7518655351046135	-4.34902286529541	50.0
16447	-11.580771358174328	0.6345236289635703	-4.142402648925781	50.0
16465	-11.601125986482826	0.5394068689589084	-4.147719860076904	50.0
16485	-11.609554438545615	0.5558149721487915	-4.099056720733643	50.0
16504	-11.858687975854599	0.7171771473815404	-4.0669846534729	50.0
16526	-11.927432289966088	0.5286934847995618	-4.217453956604004	50.0
16544	-11.927432289966088	0.5286934847995618	-4.217453956604004	50.0
16564	-11.879596740784592	0.6421804687239117	-4.649331092834473	50.0
16584	-11.977431048206116	0.5054918291156232	-4.7100396156311035	50.0
16601	-12.022907848514379	0.32280546512264235	-4.464682102203369	50.0
16621	-12.029328769298534	0.5901170465948705	-4.584246635437012	50.0
16641	-12.128691994802011	0.6945747735467929	-4.559771537780762	50.0
16660	-11.996098736437867	0.6962929618908847	-4.617385387420654	50.0
16681	-11.827071165516568	0.6292151022001051	-4.5388593673706055	50.0
16699	-11.88030934404273	0.7259599880174884	-4.538625717163086	50.0
16719	-11.815561717095594	0.6888885107039862	-4.435053825378418	50.0
16738	-11.69146702665744	0.657712064906301	-4.252418041229248	50.0
16758	-11.770967251364041	0.7596907339201611	-4.269715309143066	50.0
16777	-11.777887375039539	0.7046972555488069	-4.325442314147949	50.0
16796	-11.631366385060087	0.6377123117334286	-4.370443344116211	50.0
16817	-11.691890190883129	0.784691072265087	-4.347255706787109	50.0
16836	-11.761868739169806	0.5745526446671267	-4.48874044418335	50.0
16855	-11.758996082298001	0.5231913302655178	-4.355037212371826	50.0
16875	-11.840447587021126	0.6392973261907134	-4.456753253936768	50.0
16895	-11.923807995433295	0.8115319629915452	-4.60554313659668	50.0
16914	-11.864990330515528	0.7219468072421333	-4.8766326904296875	50.0
16935	-11.785779067537964	0.6074027969314023	-4.932610988616943	50.0
16952	-11.679793838196872	0.3477423665105423	-5.029537200927734	50.0
16972	-11.710685421667817	0.3034496649620714	-4.930627822875977	50.0
16991	-11.631114117211268	0.5639532752550817	-5.049043655395508	50.0
17011	-11.70758880777819	0.5985274580450077	-5.214853763580322	50.0
17031	-11.817793254786244	0.6400551198167976	-5.051827907562256	50.0
17051	-11.777444630148379	0.5640430743952728	-4.936676025390625	50.0
17069	-11.896254766192573	0.717048446756236	-4.689871311187744	50.0
17089	-11.851019851142999	0.766415585047401	-4.639156341552734	50.0
17108	-12.039380225306221	0.9550987776441882	-4.575441360473633	50.0
17127	-11.955919763869932	0.9240604523404445	-4.663473129272461	50.0
17147	-12.124146483640892	0.8825579831799523	-4.406351089477539	50.0
17169	-12.08493958266394	0.9319581185448291	-4.237685680389404	50.0
17185	-11.85602108360766	0.8535110328738549	-4.365928649902344	50.0
17205	-11.963889142595105	0.7400010088698342	-4.369753360748291	50.0
17225	-11.993252921987253	0.743178657284088	-4.56890344619751	50.0
17245	-12.036257078676261	0.737286279392121	-4.410633563995361	50.0
17266	-11.933834327297452	0.7591138162376204	-4.400557041168213	50.0
17291	-11.97259640447237	0.6258874104877806	-4.076491832733154	50.0
17306	-11.97259640447237	0.6258874104877806	-4.076491832733154	50.0
17322	-11.648469038575683	0.6024247861124897	-3.981013536453247	50.0
17341	-11.497423993105064	0.5953828204022703	-4.018122673034668	50.0
17373	-11.62584747121425	0.5920789713294853	-4.173122406005859	50.0
17380	-11.536610845692216	0.5483214269441078	-4.233227729797363	50.0
17399	-11.379024071194726	0.41057968605714384	-4.372917652130127	50.0
17419	-11.290191361229278	0.3595996784770165	-4.363449573516846	50.0
17439	-11.449577700140734	0.14066262821067083	-4.209344863891602	50.0
17457	-11.28032691824884	0.27494771701873694	-4.41403865814209	50.0
17478	-11.439060388749079	0.2820604733502169	-4.447593688964844	49.0
17498	-11.700072540401834	0.29607786565443406	-4.471975803375244	49.0
17517	-11.544966989836015	0.3318288126467064	-4.2086334228515625	49.0
17539	-11.614480497392625	0.4807090726590162	-4.355819225311279	49.0
17556	-11.74432650763701	0.580053511818899	-4.175196170806885	49.0
17575	-11.911851671714627	0.46772298623789693	-4.53615665435791	49.0
17595	-11.731104723957237	0.666267651557642	-4.627767562866211	49.0
17614	-12.005796945719178	0.6861939602441445	-4.56075382232666	49.0
17633	-11.829303573762898	0.848558964445166	-4.877121925354004	49.0
17652	-11.571640106779466	0.8399812314489661	-4.863443851470947	49.0
17673	-11.702938530690282	0.9457190880441335	-4.977565288543701	50.0
17695	-11.611073660770387	0.9070556527047218	-4.846255302429199	50.0
17711	-11.454956933137545	0.6562992233645999	-4.889947414398193	50.0
17731	-11.181045061357283	0.7389872065710207	-4.559348106384277	50.0
17750	-11.374347434202749	0.5629398110134496	-4.572286128997803	50.0
17769	-11.395114093073515	0.5347058872642472	-4.778439044952393	50.0
17789	-11.464189747141427	0.36745927769996045	-4.556609630584717	50.0
17808	-11.500489975027026	0.42370072920598495	-4.430420875549316	50.0
17827	-11.428869598092566	0.2970141170299512	-4.1815643310546875	50.0
17848	-11.569945030619337	0.3762804982806434	-4.061253547668457	50.0
17866	-11.566745824628043	0.7635710941652053	-3.9701545238494873	50.0
17888	-11.706629619414791	0.8564945853459719	-4.175402641296387	51.0
17905	-11.650326334865625	0.8451299002642713	-4.301140308380127	51.0
17926	-11.55351145634496	0.97560059597517	-4.169376373291016	51.0
17946	-11.539685718512319	1.1149783043479955	-4.2351460456848145	51.0
17964	-11.539685718512319	1.1149783043479955	-4.2351460456848145	51.0
17985	-11.684184837000059	1.0624338245938691	-4.315566539764404	51.0
18008	-11.841865553985972	1.0029076533247232	-4.614069938659668	51.0
18022	-11.843452787002166	0.8851473419686398	-4.620370388031006	51.0
18042	-11.845696374031245	0.7288799925649313	-4.6018147468566895	51.0
18061	-11.736434432779399	0.671622172304177	-4.445099353790283	51.0
18080	-11.686216271416	0.8445140393913535	-4.372942924499512	51.0
18100	-11.586159723334932	0.6978250499305452	-4.345643043518066	51.0
18124	-11.602848182553313	0.6580589868723355	-4.107227802276611	51.0
18138	-11.57239096832547	0.6213880906815349	-4.325647354125977	51.0
18159	-11.469682207495904	0.4376707822242194	-4.148761749267578	51.0
18177	-11.353248751393755	0.5069881965704003	-4.171809673309326	51.0
18197	-11.44445538471398	0.4341235266764849	-4.506527900695801	51.0
18218	-11.50781278625073	0.47949410116018615	-4.51649284362793	51.0
18236	-11.585454693225811	0.3389100526464386	-4.444586753845215	51.0
18256	-11.568872435412807	0.40637553763724954	-4.6757941246032715	51.0
18276	-11.783229391195944	0.29016026862551897	-4.546250820159912	52.0
18295	-11.7150747735386	0.43332029360257623	-4.394023418426514	52.0
18314	-11.802868836772953	0.6558735714878832	-4.275674819946289	52.0
18334	-11.707650292230916	0.6018071125999197	-4.343266010284424	52.0
18356	-11.342391483728207	0.7272803811230572	-4.23414421081543	52.0
18373	-11.40805975727496	0.600590544575798	-4.442054748535156	52.0
18391	-11.191613282881155	0.6394185971430031	-4.685931205749512	52.0
18412	-11.182508757505506	0.6702171797790102	-4.437648296356201	52.0
18439	-11.033875160036063	0.7325856967203863	-4.69022274017334	52.0
18450	-11.123694826330208	0.61885990500567	-4.6457953453063965	52.0
18470	-11.128529797140828	0.43240042794296735	-4.95029354095459	52.0
18490	-11.28670714370086	0.48900762006024967	-4.789287090301514	52.0
18510	-11.738247349848589	0.2698774757583982	-4.801353931427002	52.0
18529	-11.863212948218427	0.22498823714923452	-4.510524749755859	52.0
18548	-11.978692435863072	0.19774375356104779	-4.65102481842041	52.0
18568	-11.76771567611473	0.2392184927352067	-5.058021068572998	52.0
18586	-11.733381234704556	0.45693086021781226	-5.127504825592041	52.0
18606	-11.467455714724	0.6407477994439297	-5.0473222732543945	52.0
18627	-11.524189265787205	0.649046013637616	-5.016137599945068	52.0
18644	-11.373353180858107	0.5000291365211248	-5.103306770324707	52.0
18665	-11.373353180858107	0.5000291365211248	-5.103306770324707	52.0
18685	-10.998663086473583	0.7219791347541205	-5.045431137084961	52.0
18705	-10.998663086473583	0.7219791347541205	-5.045431137084961	52.0
18726	-11.137847107031494	0.8476650320189029	-4.563620090484619	52.0
18745	-11.250461464517741	0.9071363316701747	-4.517420291900635	52.0
18762	-11.26987213488289	0.6766558618567725	-4.351685523986816	52.0
18782	-11.558010744413634	0.6139660281731626	-4.569820404052734	52.0
18801	-11.469236499723047	0.6225532492543671	-4.594274997711182	52.0
18820	-11.543959080640255	0.6957371571400137	-4.786981582641602	52.0
18839	-11.935308399771737	0.6838474196829729	-4.862117767333984	52.0
18860	-11.952347277235097	0.5789925754029197	-5.1270575523376465	52.0
18879	-11.87676018887397	0.586946919737043	-5.594134330749512	52.0
18898	-11.949806641134856	0.5967692554733597	-5.551788330078125	52.0
18918	-11.949110451079582	0.8577922971388063	-5.717818737030029	52.0
18937	-11.85799643927548	0.7728645970533244	-5.712651252746582	52.0
18958	-11.590841180833857	1.0158158239296402	-5.44068717956543	52.0
18979	-11.68702407136049	0.93531184478441	-5.164185047149658	52.0
18995	-11.505837398052599	0.7039517442836152	-5.08345365524292	52.0
19016	-11.367841009947329	0.7624596994925813	-5.0013346672058105	52.0
19034	-11.311900191166956	0.6310919801161876	-4.861987113952637	52.0
19054	-11.290552346207908	0.7171077722865171	-4.832456588745117	52.0
19073	-11.276131274367945	0.8153033237811328	-4.827022552490234	53.0
19092	-11.239045328795932	0.8800790095722105	-4.757725238800049	53.0
19113	-11.38415152474602	0.8973447792327343	-5.0415425300598145	53.0
19131	-11.344303125638733	1.0652665023139836	-5.253664970397949	53.0
19151	-11.202319016790561	1.1905722673522654	-5.334737300872803	53.0
19170	-11.255563452895574	1.0331419718971178	-5.379739284515381	53.0
19194	-11.263002026813243	1.233041764126393	-5.58207893371582	53.0
19209	-11.38825879077188	1.2319625357312034	-5.480838775634766	53.0
19230	-11.392550434821782	1.1692751889810002	-5.399936199188232	53.0
19248	-11.399612187565557	1.4086327450256035	-5.224024772644043	53.0
19267	-11.517256370069635	1.32980618253121	-4.94472074508667	53.0
19287	-11.639487513719189	1.338045848237387	-5.005643844604492	54.0
19311	-11.88342979794104	1.2467929785894096	-4.993506908416748	54.0
19325	-11.761499006303861	1.4118393355143763	-4.9307541847229	54.0
19345	-11.847486581484054	1.3435527344719431	-4.740110874176025	54.0
19366	-11.713057018410483	1.214076204986761	-4.6877570152282715	54.0
19385	-11.838541958765278	1.1029205500180606	-4.90440559387207	54.0
19404	-11.838541958765278	1.1029205500180606	-4.90440559387207	54.0
19424	-11.879665625318252	0.8185027993808037	-5.0489068031311035	54.0
19443	-11.88581352079034	0.748767721538329	-4.957141876220703	54.0
19462	-11.75387095796052	0.6895230181857889	-4.893095016479492	54.0
19482	-11.682710991255378	0.7560466471638408	-4.893786430358887	56.0
19501	-11.69439069633751	0.6892886173863192	-4.896401405334473	56.0
19520	-11.677120395704167	0.5617575506133934	-4.814692497253418	56.0
19539	-11.588474013390085	0.4557781260211015	-5.1096038818359375	56.0
19559	-11.676012367795925	0.5274274892752836	-4.972912788391113	56.0
19578	-11.588753755289085	0.5901217648441294	-4.911921501159668	56.0
19598	-11.46243258207652	0.8013770375501733	-5.022875785827637	56.0
19617	-11.598105920320151	0.5892620315745333	-4.861815452575684	56.0
19638	-11.58900942861032	0.6273242900380769	-4.659182548522949	56.0
19657	-11.661292599243332	0.6256205967004187	-4.690829277038574	56.0
19676	-11.51346946386058	0.802873763764732	-4.611964225769043	62.0
19696	-11.753281863579815	0.7842046354333276	-4.421393871307373	62.0
19716	-11.427109634021985	0.7170451920413825	-4.322689533233643	62.0
19735	-11.443613771226081	0.7406052577035291	-4.403811931610107	62.0
19754	-11.395858903635263	0.46479225065908736	-4.305282115936279	62.0
19774	-11.197341259703999	0.6071994001280405	-4.352205753326416	62.0
19796	-11.34749767130611	0.5971547855683396	-4.326939105987549	62.0
19814	-11.267420187199297	0.5299925764831908	-4.252501964569092	62.0
19831	-11.366503843584503	0.47789475509902846	-4.401481628417969	62.0
19851	-11.18605917960948	0.5514438043496781	-4.489387035369873	62.0
19872	-11.381641573848361	0.5474616675698589	-4.593870162963867	62.0
19891	-11.385354167522772	0.6384300606875906	-4.584664344787598	76.0
19909	-11.659012658627658	0.8711541130117382	-4.881872653961182	76.0
19929	-11.699109835207025	0.8240883051276086	-5.017878532409668	76.0
19948	-11.605956286479406	0.7085373597421136	-5.127615451812744	76.0
19967	-11.647603178882706	0.8313415437126181	-4.982980728149414	76.0
19987	-11.629425179618307	0.8465710812445775	-4.910702705383301	76.0
20007	-11.643322933044178	1.0503021174300549	-4.6715521812438965	76.0
20026	-11.336342535020146	1.111779498074796	-4.708193302154541	76.0
20045	-11.56264852071505	0.9446593798564198	-4.6644978523254395	76.0
20064	-11.412533438865148	0.786772571853952	-4.720830917358398	76.0
20085	-11.342219137302544	0.7578012798862425	-4.697027206420898	91.0
20107	-11.269805537148937	0.7608085403370001	-4.544543266296387	91.0
20124	-11.269805537148937	0.7608085403370001	-4.544543266296387	91.0
20143	-11.397415868336385	0.6797738802465838	-4.562387943267822	91.0
20164	-11.343609709420504	0.5477954760440731	-4.670349597930908	91.0
20183	-11.453074934825326	0.5824333996158153	-4.969104766845703	91.0
20201	-11.732977162313402	0.6699357007268721	-4.846915245056152	91.0
20221	-11.446226762414998	0.9094801330636434	-4.9178361892700195	91.0
20239	-11.380592822409147	0.9296718561566638	-4.78018856048584	91.0
20259	-11.511440163610057	0.7588428704795473	-4.903205871582031	91.0
20279	-11.567046404442648	0.6973583964770028	-4.994187355041504	107.0
20298	-11.605465976735069	0.5463052394797155	-5.043049335479736	107.0
20317	-11.732671159359677	0.6767918057822503	-4.9739670753479	107.0
20337	-11.771708464410255	0.7446996499811925	-4.835321426391602	107.0
20357	-11.871161102554872	0.6383721977547229	-4.79028844833374	107.0
20377	-12.120028467384872	0.438837455403527	-4.621880054473877	107.0
20397	-12.227027049389978	0.5936152059557666	-4.531597137451172	107.0
20416	-12.093917485667447	0.6863664956470443	-4.39396333694458	107.0
