9	-65.23308798709188	1.0490378021197098	-28.971092224121094	174.0
30	-65.46586985400052	1.4181889638401928	-28.71036720275879	174.0
49	-65.45498336734235	1.0280100794021765	-28.512861251831055	174.0
69	-65.68515730063527	0.964103659975139	-28.781667709350586	172.0
87	-65.58051171329721	1.0117053129831795	-28.979263305664062	172.0
107	-65.69629185102515	1.0073267023996606	-29.011232376098633	172.0
127	-65.97255169935323	1.0601262758271384	-28.67913246154785	172.0
146	-66.57583850705375	0.7126913710185527	-28.087604522705078	172.0
168	-66.77747622211655	0.7160766291462153	-27.6978759765625	172.0
187	-66.94053316875508	0.5691456412609028	-28.00279998779297	172.0
205	-66.94053316875508	0.5691456412609028	-28.00279998779297	172.0
226	-66.89378575782588	0.2879567016900403	-27.74091148376465	172.0
245	-66.89378575782588	0.2879567016900403	-27.74091148376465	172.0
264	-66.95998083702136	0.5319303106007904	-27.94634246826172	172.0
286	-66.84570511460014	0.6621595274019342	-28.110958099365234	172.0
302	-66.69623008480166	0.9227447111336429	-28.422449111938477	172.0
322	-66.51820558215549	0.9145090141721327	-28.80466651916504	172.0
341	-66.50076148480306	0.8079303722440114	-29.10540008544922	172.0
361	-66.31520801400386	0.775500293545603	-29.457616806030273	172.0
379	-66.59711991669998	0.9724090548287652	-29.82553482055664	172.0
402	-66.73140738398811	1.4703161426602926	-29.57457160949707	172.0
419	-66.85837718854727	1.7165956583775208	-29.542455673217773	172.0
438	-67.01980257471013	1.8764592133870308	-29.46546745300293	172.0
459	-67.19360232786018	1.870972826583763	-29.110275268554688	172.0
478	-67.30045270291286	1.9153333958924794	-28.759347915649414	169.0
497	-67.31124258856285	1.8646727770939795	-28.50835609436035	169.0
517	-67.20341888759059	1.7019949477078062	-28.560794830322266	169.0
535	-67.10323179112734	1.8785966056209387	-28.134723663330078	169.0
556	-67.3583841217241	1.921976420726997	-28.140790939331055	169.0
575	-67.50897565455513	1.7912137925861977	-28.184368133544922	169.0
595	-67.54666069256557	1.9822743332918598	-28.017593383789062	169.0
613	-67.62182370906223	2.118182438282266	-28.14059066772461	169.0
633	-67.83111855305997	2.1943410029319255	-28.555438995361328	169.0
652	-68.25280593814992	2.1407677457080396	-28.536527633666992	169.0
673	-68.5577299946248	2.189377382259714	-28.020784378051758	167.0
692	-68.78826000034508	1.8712620840031744	-28.21564292907715	167.0
711	-68.8374678462902	1.7467031015974286	-28.29657745361328	167.0
729	-68.61250434998237	1.9791723335684006	-28.571855545043945	167.0
750	-68.64090839758978	2.0231282359725036	-28.897445678710938	167.0
768	-68.69366352828905	1.7232464384572503	-28.987497329711914	167.0
789	-68.49417009902548	1.8229389240701785	-29.17990493774414	167.0
808	-68.03504307019932	1.846748555957662	-29.37002182006836	167.0
828	-67.93368746315726	1.7757874274009002	-29.356159210205078	167.0
848	-67.86234721515198	1.7618390094996412	-29.0461368560791	167.0
868	-67.67383819796048	1.9304612898179345	-28.98739242553711	163.0
886	-67.9134690557923	1.9199463881627208	-28.96407699584961	163.0
904	-68.04808395546574	2.1205445115113086	-28.722856521606445	163.0
924	-67.85338017985697	2.259649638251743	-28.61673927307129	163.0
944	-67.85338017985697	2.259649638251743	-28.61673927307129	163.0
965	-68.00325153687209	2.017946884452971	-28.329133987426758	163.0
983	-68.00325153687209	2.017946884452971	-28.329133987426758	163.0
1005	-68.08032481735478	2.2293644512475184	-28.626178741455078	163.0
1021	-68.28773526168374	2.295452912368933	-28.595535278320312	163.0
1041	-68.17641790352536	2.0783149407312056	-28.810422897338867	163.0
1062	-68.03041220991805	2.00923639284727	-28.562395095825195	163.0
1081	-67.99433378074652	1.7598894554322557	-28.435752868652344	161.0
1100	-68.19031069135332	1.724258367317503	-28.335521697998047	161.0
1122	-68.13263051547997	1.77752647510848	-28.343778610229492	161.0
1138	-68.11696967862001	1.779697411737439	-27.995943069458008	161.0
1158	-67.95099702285351	1.6296720360426868	-27.516254425048828	161.0
1178	-67.83485997357865	1.6697612684445207	-27.795028686523438	161.0
1197	-67.628763348646	1.8421430950905948	-27.753063201904297	161.0
1216	-67.3336213308022	1.874676322893766	-27.94601821899414	161.0
1247	-67.29068557684815	1.8520819359209928	-27.905370712280273	161.0
1255	-67.27305536263167	1.7994720968050995	-27.765457153320312	161.0
1275	-67.0813012613641	1.772122328592402	-27.879257202148438	161.0
1295	-67.11573318261351	1.8651220729692404	-27.868406295776367	161.0
1314	-67.14353705703628	2.0913601220890667	-27.951519012451172	161.0
1333	-67.11380710177994	2.0928694239111536	-27.89682388305664	161.0
1353	-67.35733500963413	1.952926272885093	-27.962326049804688	161.0
1371	-67.72927349183195	1.8417293280324332	-27.806804656982422	161.0
1391	-67.72037252971599	1.9650174537482692	-27.72894859313965	161.0
1411	-67.61889489087243	1.7331247004298738	-27.704822540283203	161.0
1430	-67.64505904638494	1.6687218063647968	-27.39837646484375	161.0
1449	-67.49178256431931	1.5966588474810182	-27.386539459228516	161.0
1469	-67.52387624660817	1.4246622175027248	-27.62059211730957	161.0
1489	-67.46861342764849	1.4903852436721752	-27.513124465942383	161.0
1508	-67.49929900512325	1.4136973705589675	-27.510831832885742	161.0
1528	-67.19971764216267	1.3949216563425917	-27.532068252563477	161.0
1547	-67.15925901967312	1.196353513673331	-27.5653133392334	161.0
1567	-67.12734369625042	1.3775087611300292	-27.51093292236328	161.0
1586	-67.40375823465192	1.2575802074360614	-27.510196685791016	161.0
1608	-67.50918358131857	1.2631874388700788	-27.4040470123291	161.0
1624	-67.50918358131857	1.2631874388700788	-27.4040470123291	161.0
1646	-67.5379265658052	1.2779002280607106	-27.936119079589844	161.0
1665	-67.43980835554169	1.257678525406231	-27.853408813476562	163.0
1684	-67.43980835554169	1.257678525406231	-27.853408813476562	163.0
1703	-67.318631079844	1.3648524533175104	-27.795881271362305	163.0
1722	-67.19066618281965	1.244432652470258	-27.961584091186523	163.0
1744	-67.1336134327139	0.9118273960253488	-28.097017288208008	163.0
1761	-66.79994260860745	0.970930178206099	-28.19535255432129	163.0
1782	-66.91654708848327	0.8421955894360653	-28.007030487060547	163.0
1801	-66.8502512638471	0.5724687202642395	-27.499286651611328	163.0
1820	-66.63937217899633	0.45734142993104626	-27.736431121826172	163.0
1843	-66.62293115376174	0.22833419090861265	-27.85294532775879	163.0
1859	-66.81519208138472	0.19343226445298853	-28.14695930480957	163.0
1877	-66.7733682130646	0.45728676085298564	-28.1611270904541	164.0
1898	-66.84356197577772	0.548753262397271	-28.38184356689453	164.0
1917	-67.32971674276227	0.19151670301690232	-28.25147247314453	164.0
1937	-67.33774168892293	0.40683550705550997	-28.291154861450195	164.0
1955	-67.32952176654068	0.6099738789608437	-28.38762092590332	164.0
1975	-67.37941400818312	0.8012840102292335	-28.391002655029297	164.0
1996	-67.4132813143364	0.7266135529674357	-28.15477752685547	164.0
2014	-67.45472593758758	0.5849404066924803	-27.881765365600586	164.0
2033	-67.11862420548508	0.601255060821608	-28.165298461914062	164.0
2053	-67.02508016591653	0.6272596101656311	-28.22787857055664	164.0
2076	-66.75311414865796	0.5533959338409433	-28.171432495117188	166.0
2091	-66.84643139819907	0.276405068034215	-27.925994873046875	166.0
2112	-66.89403008846834	-0.03303324556058433	-27.969715118408203	166.0
2130	-66.94718558966754	-0.189556287974596	-27.831226348876953	166.0
2151	-66.73451565624674	-0.16142175538613016	-27.8762149810791	166.0
2169	-66.64322670977803	-0.07885674473625523	-27.981399536132812	166.0
2189	-66.84843278044569	0.06647555065164411	-28.110301971435547	166.0
2208	-66.89471353429747	0.008366780869057788	-28.094972610473633	166.0
2228	-67.00725311361545	0.042303182123418395	-28.56342315673828	166.0
2247	-66.75072437761773	-0.16149554447426673	-28.62299919128418	166.0
2267	-66.76006590094322	-0.24161335547585247	-28.600290298461914	167.0
2287	-66.62314079011291	-0.16312256357373844	-28.748733520507812	167.0
2306	-66.90648887495033	-0.24939315565666892	-28.620285034179688	167.0
2324	-66.99796740120912	-0.35816231464040293	-28.601139068603516	167.0
2347	-66.97762384601215	-0.4672364368192491	-28.498079299926758	167.0
2365	-67.17155488467499	-0.3703927155993763	-28.22296714782715	167.0
2385	-67.17155488467499	-0.3703927155993763	-28.22296714782715	167.0
2404	-66.95028223494461	-0.6428685079294395	-27.772281646728516	167.0
2423	-66.91640293299155	-0.6823901982534527	-27.92441177368164	167.0
2444	-66.81466381254758	-0.6936186207915965	-27.9377384185791	167.0
2461	-66.81172033353339	-0.8786551840410328	-27.766782760620117	167.0
2480	-66.79707608974597	-0.9259229939063485	-27.80657386779785	167.0
2500	-66.84361132387137	-0.9285789234820901	-27.939355850219727	167.0
2520	-66.73549351716127	-0.7831932720274513	-27.8646240234375	167.0
2539	-66.49244319192239	-0.9311163219093485	-28.065357208251953	167.0
2562	-66.59902108126073	-1.0430909588809092	-28.131214141845703	167.0
2578	-66.81323610758743	-0.9943631588122609	-28.19710350036621	167.0
2598	-66.88303561532685	-0.870951617963222	-28.156326293945312	167.0
2617	-66.80390128615751	-0.7116851861877226	-27.958444595336914	167.0
2636	-66.79274198004697	-0.4104356121350123	-28.13945770263672	167.0
2656	-66.64604780767499	-0.4589293729724861	-27.81110382080078	167.0
2679	-66.71883901144035	-0.5687067109425276	-28.01072120666504	167.0
2696	-66.73717350810544	-0.6921863989287934	-27.894006729125977	167.0
2715	-66.68941726576037	-0.699527674268672	-27.933143615722656	167.0
2734	-66.62831742217858	-0.7246652124538963	-28.08343505859375	167.0
2755	-66.68563800856582	-0.5787486406107365	-28.106739044189453	167.0
2772	-66.9378869607943	-0.46824636846170564	-28.1679630279541	167.0
2792	-66.752501151398	-0.39281645359019607	-28.040597915649414	167.0
2811	-66.59916878337224	-0.1763910587448741	-28.48784637451172	167.0
2831	-66.79200502243921	-0.3092394499124534	-28.338960647583008	167.0
2851	-66.83965078539431	-0.5595249942152722	-28.34856605529785	167.0
2870	-66.98583517658804	-0.5677974060430406	-28.122407913208008	168.0
2889	-67.03271943841632	-0.4839964607837107	-27.589632034301758	168.0
2909	-66.89453885985871	-0.44553119003187686	-27.49566650390625	168.0
2930	-66.62509289548662	-0.33370984454144753	-27.8447322845459	168.0
2948	-66.47408078602032	-0.12025640296369504	-28.136276245117188	168.0
2967	-66.57729012410674	0.005084052326366175	-28.049903869628906	168.0
2986	-66.46353161786621	0.042629940629875546	-27.699234008789062	168.0
3007	-66.40928053409428	0.09613275579362904	-27.818729400634766	168.0
3026	-66.55880872108494	0.07800013669400983	-27.589731216430664	168.0
3048	-66.86593471106733	-0.1545817683746044	-27.088098526000977	168.0
3064	-66.86593471106733	-0.1545817683746044	-27.088098526000977	167.0
3084	-66.62878899060563	-0.5771704688490404	-27.55766487121582	167.0
3105	-66.78712799127011	-0.5274560963848505	-27.667551040649414	167.0
3124	-66.60204217608165	-1.1657741543821536	-28.226301193237305	167.0
3143	-66.66590642990346	-0.9045495397314686	-28.31020164489746	167.0
3167	-66.59131693086037	-0.6850418394379348	-28.7901668548584	167.0
3181	-66.56387861987285	-0.35197318638886554	-29.393898010253906	167.0
3201	-66.33362401419262	-0.29075056015258044	-30.224212646484375	167.0
3220	-66.15129541921885	-0.012827961453446828	-30.414260864257812	167.0
3240	-66.96003036241532	-0.1917323428042148	-29.24950408935547	167.0
3259	-67.36129024362702	-0.38735964748264173	-28.12460708618164	167.0
3281	-67.47065959997032	-0.22786759474628557	-28.32518768310547	167.0
3299	-67.38464545059063	-0.23327288731745044	-28.381702423095703	167.0
3317	-67.50738918493867	-0.30084649918555	-27.957273483276367	167.0
3337	-67.48923200238309	-0.5593225881131383	-27.659820556640625	167.0
3356	-67.37182514913175	-0.4010286416832059	-27.37399673461914	167.0
3377	-67.41723426555838	-0.41803961119086513	-27.36138343811035	167.0
3397	-67.2423742112795	-0.2481603557020502	-27.483592987060547	167.0
3415	-67.01493058357437	-0.23258248917169097	-28.140417098999023	167.0
3434	-66.75578977027052	-0.07657778114085134	-28.428489685058594	167.0
3454	-66.59384077132259	-0.14671654303353912	-28.542634963989258	167.0
3473	-66.71453957772044	-0.4770369137256082	-28.071592330932617	167.0
3492	-66.97641457258484	-0.7862878535891134	-27.439695358276367	167.0
3514	-66.98639472448538	-0.8732723056928253	-27.527374267578125	167.0
3532	-66.64262908191759	-0.8606128346129237	-28.258804321289062	167.0
3551	-66.26399459107618	-0.9301508597821878	-28.65161895751953	167.0
3571	-66.4533805786593	-0.6754353283363093	-28.051774978637695	167.0
3590	-66.49200556226594	-0.8853466190461766	-27.930545806884766	167.0
3608	-66.50533263001168	-1.1264210582896381	-28.04421043395996	167.0
3632	-66.57744604961275	-1.1927257963033797	-27.89253807067871	167.0
3650	-66.52763917846605	-0.9910354621081454	-27.603906631469727	167.0
3667	-66.12371059398777	-0.9312393449689553	-27.580881118774414	166.0
3687	-66.14361294690877	-0.7236662187736527	-27.415332794189453	166.0
3707	-66.22025935780383	-0.6561655582133067	-27.1676082611084	166.0
3726	-66.20632118733398	-0.6704698791069882	-27.045957565307617	166.0
3746	-66.37716932528066	-0.502140170020504	-26.902297973632812	166.0
3766	-66.30929236483713	-0.558415663749129	-26.727886199951172	166.0
3785	-66.19017384089462	-0.3716626103390114	-27.021512985229492	166.0
3805	-65.71698880064035	-0.777974246955049	-28.05411720275879	166.0
3824	-65.71698880064035	-0.777974246955049	-28.05411720275879	166.0
3843	-65.46153687087863	-0.7315693562579725	-28.892135620117188	166.0
3863	-65.45756038764117	-0.6585173526409422	-29.20338249206543	166.0
3883	-65.62056358001695	-0.5397109643791965	-28.980857849121094	166.0
3901	-65.83096107908744	-0.4160479033470262	-29.01498794555664	166.0
3921	-65.62918181029137	-0.25168225864731153	-29.02398681640625	166.0
3940	-65.58914242162538	-0.1980937956393651	-28.890459060668945	166.0
3960	-65.60275215272452	0.021017884344448668	-28.926084518432617	166.0
3979	-65.68798984172005	0.1852384214378223	-29.273117065429688	166.0
4002	-65.97202488909411	0.3237144977996605	-28.740997314453125	166.0
4018	-66.16870641430326	0.389998151243588	-27.833284378051758	166.0
4038	-66.23869972309322	0.27855949410679826	-27.55479621887207	166.0
4057	-65.98806698760984	0.06859972327623465	-27.519994735717773	166.0
4077	-65.80087655075336	0.03831820526327503	-28.102876663208008	167.0
4096	-65.48997022010697	-0.07916780884013662	-28.851430892944336	167.0
4116	-65.34207279762309	-0.22741299631656453	-29.05771827697754	167.0
4136	-65.3243703533179	-0.19347913200823097	-28.180994033813477	167.0
4154	-65.66392219014905	-0.24741725495653058	-27.75571060180664	167.0
4173	-65.47063823786098	-0.37390612560515657	-28.100318908691406	167.0
4193	-65.23922430155534	-0.41254583903830366	-28.761058807373047	167.0
4212	-65.1445801263388	-0.37066645031406986	-28.66758918762207	167.0
4234	-65.05740035675775	-0.44743398286966957	-28.820972442626953	167.0
4252	-64.6985122273208	-0.2690839419181369	-29.54322624206543	167.0
4272	-64.56376245494111	-0.42004866108209316	-29.756139755249023	168.0
4289	-65.0425029256997	-0.4716904299863122	-28.9366512298584	168.0
4309	-65.37229545393075	-0.5568666259577574	-27.73929214477539	168.0
4328	-65.27298386919462	-0.6328417903468292	-27.836713790893555	168.0
4351	-64.80296135884767	-0.4378228897292143	-28.572513580322266	168.0
4369	-64.71117384892436	-0.5424166881894548	-28.778684616088867	168.0
4388	-64.60461138524296	-0.9324452231350371	-28.420589447021484	168.0
4408	-64.73112090504159	-0.9205162579434264	-28.406681060791016	168.0
4426	-64.8635111109253	-0.6051610354644749	-28.37027931213379	168.0
4445	-64.8380631294887	-0.6448584597712226	-28.372331619262695	168.0
4464	-64.73923257810011	-0.8330902138299494	-28.620838165283203	169.0
4485	-64.44697503308717	-0.7341061909070882	-29.28668975830078	169.0
4505	-64.39131738801372	-1.066617415590429	-29.87042999267578	169.0
4523	-64.39131738801372	-1.066617415590429	-29.87042999267578	169.0
4543	-64.80258153216941	-1.1728325039774625	-29.542438507080078	169.0
4562	-65.2660381907791	-0.9381931731169187	-28.801292419433594	169.0
4581	-64.81782434784678	-0.8864520049729709	-29.248092651367188	169.0
----------------출발----------------
4600	-64.38583803934878	-0.650228691648538	-29.781076431274414	169.0
4621	-64.6137633299799	-0.4461043181305477	-29.38336181640625	169.0
4639	-64.34253810756661	-0.3193734537731124	-30.06619644165039	169.0
4660	-63.944356070317745	-0.8483292537471591	-30.62229347229004	169.0
4679	-63.50652916335311	-0.7951775184559038	-31.294795989990234	169.0
4699	-63.386715116428114	-0.5499821600885964	-31.134496688842773	169.0
4718	-63.31588547562176	-0.6171768881807927	-30.63931655883789	169.0
4737	-63.436774294382104	-0.822186767747815	-30.66805076599121	169.0
4757	-63.589851561292036	-1.0103206628187527	-30.417766571044922	169.0
4777	-63.72817140152199	-1.0644493224506355	-30.154802322387695	169.0
4796	-63.6421048026793	-1.323236164473475	-30.343076705932617	169.0
4818	-63.506793507655956	-1.1765816761165984	-30.943063735961914	169.0
4837	-63.2589873668822	-1.2439976542343865	-30.99393081665039	169.0
4854	-63.02582805972291	-1.2579192998186135	-31.130138397216797	169.0
4874	-63.1682331499396	-1.3207789866362856	-31.370269775390625	169.0
4893	-63.15787379355557	-1.3421290899732166	-30.947956085205078	169.0
4913	-62.95544135417853	-1.366810770345446	-30.914718627929688	169.0
4932	-62.844084807793664	-1.4329132253450256	-30.961462020874023	169.0
4951	-62.66505158813159	-1.3276182641160983	-31.366037368774414	169.0
4971	-62.18517245500058	-1.2278513400874578	-31.967288970947266	169.0
4990	-62.07528389821672	-1.2741831199349942	-32.41635513305664	169.0
5009	-62.20870310195703	-1.4217868498167818	-32.41794204711914	169.0
5030	-62.064587593922106	-1.3700813906745184	-32.328311920166016	169.0
5049	-62.048185809229096	-1.2899321318954702	-32.71200180053711	169.0
5070	-62.01915736783581	-1.2547023325611808	-33.292999267578125	169.0
5087	-61.788251783926796	-1.197021068280032	-33.54420471191406	169.0
5107	-61.544475576516824	-1.195357069446579	-33.365177154541016	169.0
5126	-61.42785027725715	-1.442011395539196	-33.577884674072266	169.0
5146	-61.3147790214606	-1.3947095920931107	-33.7795295715332	169.0
5165	-61.35845703220196	-1.490659385866512	-33.355064392089844	169.0
5186	-61.478592463073554	-1.5264053040580898	-33.186031341552734	169.0
5205	-60.95025132062527	-1.584968909575395	-33.82268142700195	169.0
5225	-60.52827311618038	-1.5022831619521997	-34.39873123168945	169.0
5244	-60.28174214521478	-1.6470220020366597	-34.936134338378906	169.0
5263	-60.28174214521478	-1.6470220020366597	-34.936134338378906	169.0
5282	-59.96258221098264	-1.4510237497900165	-35.59147262573242	169.0
5302	-59.816062106246925	-1.4944661098601677	-35.9215087890625	169.0
5321	-59.72696053332706	-2.1558792808991094	-36.097835540771484	169.0
5341	-59.3571043409649	-2.465589848200004	-36.77952575683594	169.0
5359	-58.932503229988015	-2.716481285134178	-37.72035598754883	169.0
5379	-58.73422717866941	-2.9998601955371833	-38.042205810546875	169.0
5398	-58.53951293026612	-3.2757861568978788	-37.66492462158203	169.0
5419	-58.61585844297313	-3.4791349411985517	-37.338558197021484	169.0
5437	-58.776446292252565	-3.843909018466368	-36.96745300292969	169.0
5457	-59.00487849934544	-4.0410279843469405	-36.85442352294922	169.0
5477	-58.49513060173582	-3.820433079831413	-37.237022399902344	168.0
5497	-57.94580077370754	-3.8501632606984915	-38.09203338623047	168.0
5516	-57.28023158350668	-4.36990411106303	-38.86130142211914	168.0
5535	-56.88281115520474	-4.9631986168122015	-39.558963775634766	168.0
5554	-56.6942423880652	-5.078846655465846	-40.079071044921875	168.0
5575	-56.45759816296292	-4.98713433436886	-40.39216995239258	168.0
5594	-56.47795322596523	-5.117857407820032	-40.45545959472656	168.0
5613	-56.1772025751657	-4.9210949869338965	-40.6407470703125	168.0
5633	-56.044791525693626	-5.009645203738809	-40.79798126220703	168.0
5652	-55.80218502827808	-5.414574550936272	-40.88551712036133	168.0
5671	-55.25505651898967	-5.626531494179151	-41.493408203125	165.0
5691	-54.76757366431667	-5.81012794166978	-41.94397735595703	165.0
5711	-54.59346642693696	-6.192992640174748	-42.13279724121094	165.0
5729	-54.39980453041904	-6.595957464148911	-42.206214904785156	165.0
5749	-53.89737449809201	-6.858598114320066	-42.6293830871582	165.0
5769	-53.7005345353544	-7.2150901047709635	-42.85824203491211	165.0
5789	-53.429659301515535	-7.5762930475134205	-43.302757263183594	165.0
5807	-52.978207806622436	-8.104945917319373	-43.83953094482422	165.0
5827	-52.42023276331413	-8.613393466064561	-44.38103485107422	165.0
5846	-51.75656879835328	-9.112919848615318	-44.86716079711914	165.0
5866	-51.42136885802891	-9.896209908929539	-45.3172721862793	162.0
5885	-51.256805562168466	-10.42028373561102	-45.999107360839844	162.0
5906	-50.96221069914026	-10.794267036359058	-46.349430084228516	162.0
5924	-50.96221069914026	-10.794267036359058	-46.349430084228516	162.0
5943	-50.14754887856753	-11.750367751425319	-47.30628204345703	162.0
5964	-50.14754887856753	-11.750367751425319	-47.30628204345703	162.0
5983	-49.58868066448193	-12.303877864491932	-47.653221130371094	162.0
6002	-49.45235220871369	-12.772069237487745	-47.958961486816406	162.0
6022	-49.293765216223264	-13.444461558474904	-48.136810302734375	162.0
6040	-48.924671660485295	-14.12313638514444	-48.278770446777344	162.0
6061	-48.43958948887488	-14.606967918949495	-48.54235076904297	162.0
6081	-48.22124611238686	-15.047600327152313	-48.86237335205078	159.0
6099	-47.87631065470652	-15.673352605479213	-49.008583068847656	159.0
6119	-47.81833443634811	-16.37511673659536	-48.838314056396484	159.0
6140	-47.594477200134676	-17.220815898479128	-49.25495147705078	159.0
6158	-46.990721864850805	-17.9526326764976	-49.713890075683594	159.0
6177	-46.633018283505194	-18.49477254332381	-50.179046630859375	159.0
6197	-45.989115230167776	-18.870722815668913	-50.6054573059082	159.0
6216	-45.44564328519669	-19.343697928706025	-50.72394561767578	159.0
6235	-45.05258657198871	-20.059118097050252	-50.811954498291016	159.0
6256	-44.83790767999102	-20.854077990214222	-50.74464416503906	159.0
6275	-44.68840122599985	-21.364181200066913	-51.05744171142578	157.0
6295	-44.29717839555795	-21.875297735684992	-51.651466369628906	157.0
6313	-44.21036170844182	-22.392659356027266	-51.782623291015625	157.0
6332	-44.078499939582606	-23.234560413306298	-51.95564270019531	157.0
6352	-43.77395402560364	-23.864025087120947	-52.293922424316406	157.0
6371	-43.4212039248736	-24.532441349559974	-52.82490539550781	157.0
6394	-42.91333753840253	-25.147949995297143	-53.14303970336914	157.0
6410	-42.54503051576297	-25.62948243527927	-53.3281364440918	157.0
6430	-42.253024910081926	-26.534032079915892	-53.6849365234375	157.0
6449	-41.6520640744678	-27.29270326582916	-53.84586715698242	157.0
6469	-40.80388092896318	-27.641949680741618	-54.47271728515625	156.0
6488	-40.21446506313525	-28.069063960250627	-54.70292663574219	156.0
6508	-39.808275925600036	-28.791261100482156	-54.981956481933594	156.0
6527	-39.297609017354105	-29.633759419352568	-55.36505126953125	156.0
6547	-38.6225631258348	-30.44738891049699	-56.10052490234375	156.0
6566	-37.99682547640883	-31.10644829403963	-56.7562370300293	156.0
6586	-37.22618525199762	-31.987641911457942	-57.00775146484375	156.0
6607	-36.59157753626885	-32.655506685667554	-57.38386917114258	156.0
6631	-35.96861774429752	-33.655490641635005	-57.67858123779297	156.0
6646	-35.96861774429752	-33.655490641635005	-57.67858123779297	156.0
6664	-35.17706528391167	-35.40061919178883	-58.72203826904297	157.0
6683	-35.17706528391167	-35.40061919178883	-58.72203826904297	157.0
6704	-34.60672345442806	-36.56676727306463	-58.92033767700195	157.0
6722	-34.127254790025475	-37.897093887463825	-58.974491119384766	157.0
6741	-33.58495647634983	-39.16392923637033	-59.14014434814453	157.0
6761	-33.16873283199011	-40.03669334716508	-59.60017013549805	157.0
6781	-33.003897713051224	-41.26675828227621	-59.99324417114258	157.0
6799	-32.59549631891795	-42.58648034571883	-60.28761291503906	157.0
6819	-31.97174860749712	-44.01463104935782	-60.41300582885742	157.0
6839	-31.554668704157145	-45.54188998734478	-60.403568267822266	157.0
6859	-31.28630621776133	-46.96336903013949	-60.37055587768555	157.0
6878	-30.889013147184038	-48.58144607482022	-60.282508850097656	155.0
6896	-30.629527760860423	-49.9971876616045	-60.12101364135742	155.0
6916	-30.23780465929491	-51.30444938031146	-59.71002960205078	155.0
6936	-30.021134356503726	-52.2867926910776	-59.24201202392578	155.0
6955	-30.140512285784066	-53.21999331809276	-58.519832611083984	155.0
6987	-30.075277836287942	-54.20606153997688	-57.649295806884766	155.0
6994	-29.976139251732963	-55.09815047344758	-56.49757385253906	155.0
7014	-29.57281776509195	-55.97185658868843	-55.55247497558594	155.0
7033	-29.471944634708617	-56.494887147018545	-54.4951286315918	155.0
7052	-29.539770052143968	-57.222982640681856	-53.281002044677734	155.0
7073	-29.861216190266113	-57.9440202695997	-51.92501449584961	155.0
7094	-29.80872974139603	-58.46987696004881	-50.810298919677734	155.0
7115	-29.70833238590751	-58.60385107680018	-49.974178314208984	155.0
7130	-29.9490726578997	-58.459682966774565	-49.2962532043457	155.0
7150	-30.266137507014342	-58.29936860328556	-48.34053039550781	155.0
7169	-30.634354262969357	-58.16170476438624	-47.59205627441406	155.0
7188	-30.82308388415479	-58.02059526665352	-46.773067474365234	155.0
7208	-30.697550130719282	-57.88639514087373	-45.74109649658203	155.0
7228	-30.291571575003555	-57.18036285702023	-45.26292419433594	155.0
7247	-30.575156923313845	-56.609607198178814	-44.64480972290039	155.0
7266	-30.6813864856754	-56.10649605487243	-44.20360565185547	155.0
7286	-30.64056005191091	-56.1057347045556	-43.329750061035156	155.0
7306	-30.415776130237703	-55.87224483531646	-42.98887634277344	155.0
7326	-30.172860024350225	-55.5083196306026	-42.53534698486328	155.0
7347	-29.855289178311676	-54.86519902497778	-42.008453369140625	155.0
7368	-29.773689564068714	-54.41324424672588	-41.9774284362793	155.0
7383	-29.773689564068714	-54.41324424672588	-41.9774284362793	155.0
7402	-29.568090250046588	-53.82744711124907	-42.34772491455078	155.0
7422	-29.18360968628152	-53.29683306421009	-42.432098388671875	155.0
7441	-28.750542717840165	-53.34702874279556	-42.09307098388672	155.0
7465	-28.41809834214788	-53.00842897371877	-42.17362976074219	155.0
7480	-28.041867434575238	-53.063827578336124	-41.92803192138672	155.0
7501	-27.674215293701575	-53.00379461460749	-41.73204040527344	155.0
7521	-27.31485896382969	-52.84474218255037	-42.01069641113281	155.0
7540	-26.89225249212624	-52.261015691991346	-42.17216491699219	155.0
7558	-26.579105231083997	-52.10038315935878	-42.211181640625	155.0
7579	-26.042327874941694	-52.06583853271506	-42.17364501953125	155.0
7598	-25.622229877649705	-51.82698147199925	-42.22254943847656	155.0
7618	-24.960162746120556	-51.766109163628364	-42.25506591796875	155.0
7636	-24.129915950036136	-51.4863107988556	-42.44602966308594	155.0
7657	-23.541197888992897	-51.2614110145041	-42.63151931762695	155.0
7675	-23.09879268703363	-51.169920916019684	-42.81343078613281	155.0
7695	-22.64038169037999	-50.98881311252866	-42.96478271484375	155.0
7715	-22.091102976719178	-51.0002751675371	-42.9534797668457	155.0
7733	-21.63594644822756	-50.910015108119445	-42.90861129760742	155.0
7753	-21.42752819023026	-50.5277009334329	-42.685386657714844	155.0
7773	-21.385034744757625	-50.19068740326796	-42.60198211669922	155.0
7792	-21.001241349193293	-50.33188237582068	-42.536277770996094	155.0
7810	-20.346937552135202	-50.45828468672123	-42.302005767822266	155.0
7832	-20.07153799281405	-50.41171372241715	-42.33464431762695	155.0
7860	-19.848435910321705	-50.25877105206923	-42.32270050048828	155.0
7870	-19.689619252175756	-50.09914747755978	-42.18824768066406	155.0
7889	-19.36920541686571	-49.997777851618956	-42.595489501953125	155.0
7908	-19.11819483253286	-49.953676803993844	-42.749855041503906	155.0
7931	-18.686673328373814	-50.01721505573393	-42.72954559326172	155.0
7948	-18.200566428813893	-50.08469811374501	-42.640037536621094	155.0
7966	-18.006145867445984	-50.21252022993689	-42.697879791259766	155.0
7987	-17.700640090588685	-50.537933799953684	-42.73931884765625	155.0
8006	-17.584686617241182	-50.761846119309084	-42.717166900634766	155.0
8026	-17.599083142535044	-50.72369934085656	-43.06722640991211	155.0
8047	-17.550605954446723	-50.86329550050378	-42.88379669189453	155.0
8067	-17.157458097618065	-51.45431105201469	-42.81150817871094	156.0
8083	-17.157458097618065	-51.45431105201469	-42.81150817871094	156.0
8104	-16.76348547221867	-51.907704931226924	-42.39860534667969	156.0
8122	-16.685417818033013	-52.51364359359428	-41.717044830322266	156.0
8141	-16.43994473410063	-52.997364133701716	-40.948150634765625	156.0
8162	-16.082296613126307	-53.135272490127	-40.4856071472168	156.0
8185	-15.384978315562405	-53.28683987255098	-40.55744552612305	156.0
8201	-14.753245246422203	-53.32099766157237	-40.59727478027344	156.0
8219	-14.366898779357	-53.05893488919813	-40.38223648071289	156.0
8240	-13.928700234330966	-52.87884879041046	-40.0571174621582	156.0
8259	-13.635169925370377	-53.16966970356047	-39.25175857543945	156.0
8278	-13.106976403436152	-53.54330523634399	-38.28801345825195	156.0
8298	-12.694557070975977	-53.95673046919897	-37.39356994628906	156.0
8317	-12.375129782207269	-53.87780189372569	-36.76424789428711	156.0
8338	-12.091582944069296	-53.672803318313086	-36.037288665771484	156.0
8358	-11.710765818597036	-53.42776852647904	-35.36935806274414	156.0
8376	-11.17798154390021	-53.555338521630276	-34.566158294677734	156.0
8396	-11.068994538273511	-53.764445427690035	-32.965274810791016	156.0
8417	-10.464660295759458	-54.16444824009211	-31.411773681640625	156.0
8436	-9.803950390265301	-53.844755341543404	-30.63846206665039	156.0
8453	-9.127349521093768	-52.898884713936376	-30.710161209106445	156.0
8474	-8.517760824573564	-51.8899422157659	-30.72774887084961	156.0
8492	-8.04848342752141	-51.34163050544565	-30.653968811035156	156.0
8512	-7.522379507298032	-51.18393677716549	-29.599750518798828	156.0
8533	-6.820281170529069	-50.888974889511964	-28.376972198486328	156.0
8552	-6.111406260474737	-50.774014331899075	-27.87161636352539	156.0
8570	-5.59535637739416	-50.21259277165243	-27.546998977661133	156.0
8589	-5.148002706926799	-49.79901175663325	-26.688072204589844	156.0
8608	-4.510711430982898	-49.58518335826214	-25.816181182861328	156.0
8629	-3.7547685296573623	-49.42017942317354	-25.3343448638916	156.0
8647	-3.3375762407010194	-49.08584283814085	-24.503673553466797	156.0
8668	-3.057993520005503	-48.62175390544466	-23.678598403930664	156.0
8689	-2.779175810793741	-48.1809750020772	-23.120519638061523	156.0
8706	-2.1691182126789017	-47.41447365966854	-22.908893585205078	156.0
8725	-1.8520073031961	-46.80876369566559	-22.63032341003418	156.0
8745	-1.480470232360208	-46.45334985696731	-22.29892921447754	156.0
8766	-0.9047894194044733	-45.535670010180354	-22.0835018157959	156.0
8785	-0.825133727134099	-44.501503582874996	-22.012067794799805	156.0
8803	-0.825133727134099	-44.501503582874996	-22.012067794799805	156.0
8824	-0.5735875281374314	-43.451967664162815	-21.732860565185547	156.0
8845	-0.3921568869491638	-42.827229782272894	-21.348268508911133	156.0
8861	0.003817632723877867	-42.088981527317806	-20.793498992919922	156.0
8881	0.08872651593056087	-41.53648568689848	-19.351428985595703	156.0
8905	0.44594244463603777	-40.82233970346566	-17.976806640625	156.0
8919	0.6035573769641495	-39.80281855149134	-17.209869384765625	156.0
8940	0.8887071867107185	-38.862481896536934	-16.858917236328125	156.0
8959	1.0564587846173208	-37.702016999463346	-16.476726531982422	156.0
8980	1.2714988776434233	-36.696691792036354	-15.811450004577637	156.0
8998	1.6164580905833303	-35.607169393876944	-15.196956634521484	156.0
9018	1.9000556908463595	-34.65807560672941	-14.722467422485352	156.0
9041	2.3484237511099977	-33.36599969622457	-14.61619758605957	156.0
9058	2.841920796950348	-32.15947995465298	-14.220218658447266	156.0
9076	3.481963055616147	-31.118799613789196	-13.72087287902832	156.0
9096	3.6871760896604098	-30.025513184700998	-13.343561172485352	156.0
9116	4.084667911601221	-29.30296021175306	-13.266077041625977	156.0
9134	4.400809275076334	-28.180096161984338	-13.53028678894043	156.0
9154	4.641601329795935	-27.1422065918294	-13.538640975952148	156.0
9173	4.911107659478668	-26.055974636397497	-13.43797779083252	156.0
9193	5.313279421333444	-25.218480738284224	-13.37879753112793	156.0
9211	5.461507584023712	-24.677798989440525	-13.4915189743042	156.0
9232	5.5773482585197405	-23.96355553247995	-13.323257446289062	156.0
9253	5.800657393612767	-23.311966308505852	-13.110881805419922	156.0
9274	6.050123372669818	-22.27304546841097	-13.037368774414062	157.0
9289	6.2588284023642204	-21.845806550044564	-12.89515495300293	157.0
9310	6.629033782989644	-21.236237984436055	-12.737632751464844	157.0
9329	7.036255012592092	-20.60504451983724	-12.804153442382812	157.0
9349	7.194722870951338	-20.062431344834653	-12.818694114685059	157.0
9367	7.349962768021566	-19.46258276394046	-12.771565437316895	157.0
9388	7.518652550264354	-18.998614177932712	-12.96023178100586	157.0
9407	7.623974387992997	-18.43194147254058	-13.476154327392578	157.0
9426	7.645242951378198	-18.00752497517248	-13.39859390258789	157.0
9446	7.75264818395015	-17.640994763894756	-13.339744567871094	157.0
9467	7.797532767761414	-17.323474220247327	-13.459549903869629	158.0
9486	7.525019550967318	-16.963599951695205	-13.632837295532227	158.0
9505	7.525019550967318	-16.963599951695205	-13.632837295532227	158.0
9525	7.163249425221246	-16.390388204877322	-13.972492218017578	158.0
9542	7.163249425221246	-16.390388204877322	-13.972492218017578	158.0
9563	7.023341814530227	-15.948532417745445	-13.896299362182617	158.0
9581	6.44291520198665	-15.840517637889386	-13.723352432250977	158.0
9601	5.976748527942835	-15.986043914744082	-13.812406539916992	158.0
9623	5.235175368358438	-15.679446284414322	-13.971160888671875	158.0
9641	4.752093161655823	-15.256695479820149	-14.140779495239258	158.0
9659	4.096205540764582	-15.348747388012892	-14.308568954467773	158.0
9679	3.6491669539761658	-15.286373627686435	-14.466835021972656	160.0
9699	2.979474885912326	-15.277828673283965	-14.320013046264648	160.0
9717	2.1941506153117225	-15.403644449480387	-14.676427841186523	160.0
9737	1.642521558712586	-15.437393675822918	-14.902496337890625	160.0
9757	0.9312786033168804	-15.057862894254649	-15.25157642364502	160.0
9776	0.2758807540629687	-15.27649873172942	-15.257429122924805	160.0
9795	-0.7448601327685772	-15.470780301922169	-15.41561508178711	160.0
9815	-1.5321550217271183	-15.430059859900231	-15.583375930786133	160.0
9835	-2.3527281481496765	-15.696922203279286	-15.57597827911377	160.0
9855	-3.1016203498061743	-15.712379552249626	-15.840055465698242	160.0
9873	-3.876949894950722	-15.861460518714688	-15.850847244262695	162.0
9894	-4.571675540022984	-15.83171094637014	-15.737676620483398	162.0
9912	-5.2591822864828455	-16.08901281916071	-15.751083374023438	162.0
9932	-5.894376440557576	-16.19055898307595	-16.0689640045166	162.0
9951	-6.588597848690306	-16.63475037581084	-16.170032501220703	162.0
9974	-7.442084976889759	-16.828204155110456	-16.24867820739746	162.0
9991	-8.446435390550022	-16.918789900147516	-16.362150192260742	162.0
10009	-9.430432808885834	-17.093799544544563	-16.426809310913086	162.0
10029	-10.435466959667504	-17.40847541955214	-16.626140594482422	162.0
10049	-11.53298302541015	-17.926219738893636	-17.128625869750977	162.0
10068	-12.756738781328103	-18.247992194226253	-17.264137268066406	163.0
10089	-14.026548688493186	-18.520680051681033	-17.447364807128906	163.0
10107	-15.20711647953159	-18.73709379157828	-17.670225143432617	163.0
10126	-16.304615791017444	-19.216860133190327	-17.847537994384766	163.0
10146	-17.29300554962005	-19.45290803052408	-18.14518165588379	163.0
10165	-18.310185543938935	-19.803192669840577	-18.281286239624023	163.0
10185	-19.148109437777407	-19.891123019012124	-18.213132858276367	163.0
10205	-20.31133934897937	-20.13984208800001	-18.369544982910156	163.0
10223	-20.31133934897937	-20.13984208800001	-18.369544982910156	163.0
10243	-21.497898687483893	-20.39082387339923	-18.32415008544922	163.0
10265	-22.690268114972806	-20.74017505010974	-18.329221725463867	163.0
10282	-23.922622517587598	-20.96350748412518	-18.32314109802246	164.0
10301	-25.021887198523796	-21.06024916515396	-18.534988403320312	164.0
10321	-26.05573938299921	-21.570122842248324	-18.630369186401367	164.0
10340	-27.424425154292006	-21.855903337801013	-19.01090431213379	164.0
10359	-28.953394120071067	-22.342275458670063	-19.32862091064453	164.0
10379	-30.136569993133087	-22.460806405237147	-19.48384666442871	164.0
10399	-31.11488528542745	-22.6901903705627	-19.815235137939453	164.0
10418	-32.28029073890333	-22.992770015642495	-20.004819869995117	164.0
10438	-33.502336313800285	-23.46919601987337	-20.009838104248047	164.0
10456	-34.69939890724624	-23.908412870581238	-19.851837158203125	164.0
10478	-35.761287858779426	-24.20999980742765	-19.705669403076172	164.0
10496	-36.9171730323003	-24.399516100889777	-19.591859817504883	164.0
10515	-38.015341291357196	-24.457701445434946	-19.502979278564453	164.0
10535	-39.3517347218151	-24.475366990422973	-19.387285232543945	164.0
10554	-40.68935254269239	-24.599367617473202	-19.251285552978516	164.0
10574	-41.6390299710968	-24.72185087418051	-19.104082107543945	164.0
10595	-42.56425823965081	-24.649146578970605	-18.89031982421875	164.0
10612	-43.51882596064471	-24.648493505866856	-18.891864776611328	164.0
10632	-45.004677456774886	-24.496694857200936	-18.652429580688477	164.0
10650	-46.09146137204821	-24.349374339284825	-18.340917587280273	164.0
10671	-47.068459327421955	-24.039176893059853	-18.55777931213379	164.0
10692	-47.976359468411026	-23.63548484337491	-18.763635635375977	164.0
10713	-48.91116011279007	-23.490074996041532	-18.750776290893555	164.0
10729	-49.87562960860865	-23.149859145451206	-18.832178115844727	164.0
10749	-50.72497394136313	-23.01158129051281	-18.89301872253418	164.0
10768	-51.578136767280014	-22.716170413330897	-18.859630584716797	164.0
10787	-52.15061080836519	-22.3604990106559	-19.14618682861328	164.0
10809	-53.05019092715629	-21.949842253432926	-19.80929946899414	164.0
10828	-53.682418299371456	-21.617451160437348	-20.286052703857422	164.0
10846	-53.94017975417935	-21.421038557043623	-21.018444061279297	164.0
10866	-54.399171810805065	-21.163430949058764	-21.756011962890625	164.0
10885	-54.84706669446345	-21.278608647402734	-22.447172164916992	164.0
10906	-54.96524544888262	-21.44871770418335	-23.41806411743164	164.0
10925	-55.3363537875276	-21.70772198864695	-24.054046630859375	164.0
10944	-55.3363537875276	-21.70772198864695	-24.054046630859375	164.0
10964	-55.66917042517557	-22.29604248909521	-25.042625427246094	164.0
10982	-55.56556191429565	-22.970237374083847	-25.794870376586914	164.0
11001	-55.81547103183455	-23.57328178977969	-26.425743103027344	164.0
11021	-56.0192514284019	-24.18356057020031	-27.25200653076172	164.0
11040	-56.02170392765823	-24.989775697066648	-28.18950653076172	164.0
11060	-55.867431135337206	-25.78168270116725	-28.859498977661133	164.0
11080	-55.76494901290584	-26.522498171747888	-29.37755584716797	164.0
11099	-55.31681635071195	-27.247042357744682	-29.939258575439453	164.0
11118	-54.97409710408283	-27.684529079358338	-30.103668212890625	164.0
11138	-54.698144398572246	-28.15550032233125	-30.47072982788086	164.0
11158	-54.42656740190418	-28.89389834122534	-30.39897918701172	164.0
11177	-54.153198333219976	-29.45590994669126	-30.348770141601562	164.0
11197	-53.48271572866898	-29.877106124632636	-30.58252716064453	164.0
11216	-52.914368681124614	-30.508525782683915	-30.83218765258789	164.0
11236	-52.47216376318225	-31.308852288382084	-30.79745101928711	164.0
11255	-52.36017617852109	-31.832762058608576	-30.535736083984375	164.0
11274	-52.02293380107464	-32.47013548124345	-30.54876708984375	164.0
11293	-51.64460071205913	-33.35586462720459	-30.39571762084961	164.0
11313	-51.05025193759328	-33.86805677792016	-30.362537384033203	164.0
11332	-50.4464147625565	-34.60809469952966	-30.270349502563477	164.0
11352	-50.07407257728604	-35.443805909641625	-29.924274444580078	164.0
11371	-49.749040293888434	-35.66625753366084	-29.404495239257812	164.0
11391	-49.43757970601845	-35.62393206250667	-29.143234252929688	164.0
11415	-48.98635878106073	-35.877501568648974	-29.252300262451172	164.0
11429	-48.62038332542264	-36.03328815019653	-28.988698959350586	164.0
11449	-48.25881952778589	-36.09699467016943	-28.449398040771484	164.0
11468	-48.100094096631025	-36.251567572052885	-28.00196075439453	163.0
11488	-47.80107438494729	-36.21318238126936	-27.54668426513672	163.0
11507	-47.46978775334389	-35.914471896288156	-27.360450744628906	163.0
11528	-47.21066482528718	-35.7179524745719	-27.39991569519043	163.0
11551	-47.06876284101498	-35.45792295138873	-27.499446868896484	163.0
11565	-46.955511217279835	-35.04888217337342	-27.317293167114258	163.0
11585	-46.87461334366711	-35.02635338218757	-27.164127349853516	163.0
11605	-46.57962066680771	-34.73475666097953	-26.947742462158203	163.0
11625	-46.31511648815342	-34.54155091550165	-26.704147338867188	163.0
11644	-46.31511648815342	-34.54155091550165	-26.704147338867188	163.0
11665	-46.35119983087198	-34.29790467620515	-26.745126724243164	162.0
11682	-46.47952698764329	-34.08487529895962	-26.873201370239258	162.0
11702	-46.371655300236064	-34.07878389541704	-26.882307052612305	162.0
11722	-46.140452841681636	-33.693590191866	-26.73246955871582	162.0
11743	-46.32658098573176	-33.47929474936906	-26.529815673828125	162.0
11760	-46.46442257345181	-33.09841520480627	-26.309009552001953	162.0
11780	-46.7437557945196	-32.967104427850586	-26.371862411499023	162.0
11802	-46.87598141755997	-32.68108376638361	-26.535736083984375	162.0
11819	-46.786271366857285	-32.563346034218945	-26.743972778320312	162.0
11838	-46.83135134380152	-32.209412710642226	-26.641836166381836	162.0
11857	-46.86720066605457	-31.890886688180434	-26.691463470458984	162.0
11877	-47.041883860891026	-31.77656236006848	-27.100276947021484	161.0
11896	-46.9760848643645	-31.649267960293276	-27.523372650146484	161.0
11918	-46.70975763685038	-31.578680929452133	-27.651126861572266	161.0
11935	-46.49268042169697	-31.426029109277593	-28.022659301757812	161.0
11955	-46.4637411210123	-31.42987284756922	-28.374807357788086	161.0
11974	-46.10479495272452	-31.349378990174827	-28.885942459106445	161.0
11994	-45.83302153754531	-31.476764072810823	-29.284605026245117	161.0
12012	-45.456552955014494	-31.426262388394036	-29.849258422851562	161.0
12046	-45.011727559876675	-31.51996471683526	-30.57023811340332	161.0
12051	-44.439439100588274	-31.62114557090144	-31.111757278442383	161.0
12072	-43.86432982305659	-31.871060773426706	-31.92708969116211	159.0
12091	-43.29236792157705	-32.14873181548351	-32.344329833984375	159.0
12110	-42.51010458769497	-32.44038462333807	-32.764827728271484	159.0
12129	-41.937410319455104	-32.854146189938405	-32.98800277709961	159.0
12150	-41.15800336395508	-33.57074240481275	-33.483489990234375	159.0
12168	-40.3821789024762	-34.25399903564804	-33.65962600708008	159.0
12188	-39.576458188100794	-34.99492315939456	-33.80924606323242	159.0
12207	-38.70583041574044	-35.57632541060321	-33.810035705566406	159.0
12227	-37.90824328078437	-36.0863244292433	-33.62144470214844	159.0
12247	-37.26860593844781	-36.82075277584518	-33.34840393066406	159.0
12266	-36.6101964952286	-37.52986017677898	-33.00409698486328	158.0
12286	-35.75084220901321	-38.29653074118609	-32.32597351074219	158.0
12305	-34.83019910390673	-38.980764766655824	-31.7451114654541	158.0
12325	-34.01236877697364	-39.60753108518802	-31.301416397094727	158.0
12346	-33.18884179314913	-40.07207476209292	-30.801464080810547	158.0
12366	-33.18884179314913	-40.07207476209292	-30.801464080810547	158.0
12384	-32.479191894987025	-41.36747349962702	-29.4906005859375	158.0
12402	-32.479191894987025	-41.36747349962702	-29.4906005859375	158.0
12421	-31.710848903166664	-42.04167970375722	-28.8523006439209	158.0
12442	-30.75848628357238	-42.65630369662199	-27.9793701171875	158.0
12461	-30.156510126159606	-43.12765714731063	-27.44516372680664	158.0
12480	-29.580979689369343	-43.57251630516097	-26.49407958984375	157.0
12499	-28.739941271253453	-43.72013074699265	-25.8759765625	157.0
12519	-28.22700104065329	-43.77861574184521	-25.11309814453125	157.0
12540	-27.39061853320402	-43.77585084272135	-24.212635040283203	157.0
12558	-26.589027575914987	-43.511522509749305	-23.1229248046875	157.0
12578	-26.24030526127565	-43.54702122193916	-22.007274627685547	157.0
12597	-25.795733614689013	-43.3692610257835	-21.116395950317383	157.0
12618	-25.421227467881472	-42.98654674012168	-20.23485565185547	157.0
12637	-25.070587537306928	-42.35505264344603	-19.549158096313477	157.0
12655	-24.938416252244565	-41.89406008433904	-18.77600860595703	157.0
12676	-24.55799957324012	-41.29377584814641	-17.890987396240234	157.0
12694	-24.27008515268685	-40.75895876068604	-17.13739013671875	157.0
12722	-24.252392981134264	-40.32094807199798	-16.585941314697266	157.0
12733	-23.947212201955573	-39.566114494943506	-15.706648826599121	157.0
12752	-23.6865106151929	-39.06676313656762	-14.888998031616211	157.0
12771	-23.459926763329115	-38.31229776334467	-14.311124801635742	157.0
12792	-22.890998043118625	-37.4509032298062	-13.659626007080078	157.0
12810	-22.698875191864357	-36.524724968103655	-13.229459762573242	157.0
12833	-22.796963614687165	-35.92249966744988	-12.808528900146484	157.0
12852	-22.65845398643349	-35.03471148207272	-12.253511428833008	157.0
12870	-22.291922570434004	-34.32243546203777	-11.440767288208008	156.0
12888	-21.975065016404052	-33.70705925629216	-10.905301094055176	156.0
12908	-21.987888472229656	-32.680182174963164	-10.687088966369629	156.0
12927	-21.800968056229387	-31.78593932630066	-10.349715232849121	156.0
12947	-21.978995424354615	-30.892482056078304	-10.479010581970215	156.0
12967	-21.748135870355636	-29.959693055892714	-10.230047225952148	156.0
12988	-21.39982359360388	-29.029884326795216	-10.078899383544922	156.0
13006	-21.48321010597237	-28.272627575015246	-9.752883911132812	156.0
13025	-21.565772754078658	-27.278991962252903	-9.50922966003418	156.0
13045	-21.691701942274104	-26.387850805166202	-9.371078491210938	156.0
13066	-21.72467636721108	-25.619125698147123	-9.102359771728516	156.0
13088	-22.034473101665256	-24.888906118466803	-8.897462844848633	156.0
13106	-22.32520608780241	-24.020016624866656	-8.831750869750977	156.0
13122	-22.32520608780241	-24.020016624866656	-8.831750869750977	156.0
13141	-22.783913268819617	-23.347768195543473	-8.88725471496582	156.0
13161	-23.0270380955176	-22.497546891505973	-8.899593353271484	156.0
13181	-23.118434376117598	-21.85043910244399	-8.905643463134766	156.0
13200	-23.308243492082056	-21.39450131424441	-8.957794189453125	156.0
13220	-23.370885937597986	-20.56117397136684	-9.102694511413574	156.0
13239	-23.532718515217724	-19.74446191038974	-9.38973331451416	156.0
13258	-23.526569541973757	-19.178178834544788	-9.862154960632324	156.0
13279	-23.550874342619327	-18.711747881098447	-9.92349910736084	156.0
13297	-23.598407073183548	-18.339631440801842	-10.106822967529297	156.0
13316	-23.897707787953664	-17.84652035494096	-10.18433952331543	156.0
13338	-24.284298205870336	-17.37194126190491	-10.56206226348877	156.0
13355	-24.378761675310216	-16.764045669800932	-10.94070816040039	156.0
13374	-24.60713518555507	-16.430203519621557	-11.184642791748047	156.0
13395	-24.720099657409786	-16.198170008631376	-11.184820175170898	156.0
13415	-24.740119808075388	-15.789088453309308	-11.182900428771973	156.0
13436	-24.861593746746163	-15.70965203767487	-11.146554946899414	156.0
13456	-24.711024076512924	-15.441455027841418	-11.32107925415039	156.0
13473	-24.696172822134756	-15.15245674441859	-11.614123344421387	156.0
13492	-24.604626483426884	-14.862531966184882	-11.707415580749512	156.0
13511	-24.428708646957897	-14.625662302546543	-11.494654655456543	156.0
13531	-24.23453270698885	-14.547087491038026	-11.362300872802734	156.0
13550	-24.359131060809236	-14.497818764097836	-11.420711517333984	156.0
13571	-24.473136383653824	-14.46212447423197	-11.25992488861084	156.0
13589	-24.206014772652654	-14.312843053938161	-11.207104682922363	156.0
13609	-24.27459839113662	-14.20777589716864	-10.82051944732666	156.0
13628	-24.045522590175878	-14.386595270371172	-10.677322387695312	156.0
13648	-23.987000320388205	-14.528375429815235	-10.611047744750977	156.0
13667	-23.921057452034574	-14.406740836020035	-10.98478889465332	156.0
13687	-23.886341006334078	-14.251808642132069	-11.058605194091797	156.0
13707	-23.581694340154453	-14.019208588041426	-11.070743560791016	156.0
13725	-23.261100828541405	-14.00851332406695	-11.226795196533203	156.0
13746	-23.22947810181119	-14.085713663246889	-11.066414833068848	156.0
13765	-22.940138456452058	-14.06471748792695	-11.387210845947266	156.0
13784	-22.607468475323767	-13.78157234182602	-11.552345275878906	156.0
13805	-22.607468475323767	-13.78157234182602	-11.552345275878906	156.0
13822	-22.13549822163467	-13.633887055471503	-11.303339958190918	156.0
13843	-21.844333394450608	-13.943236264616074	-11.106983184814453	156.0
13862	-21.65893494597959	-14.088982482621608	-11.208465576171875	156.0
13881	-21.48113093485252	-14.187895477134079	-11.199607849121094	156.0
13901	-21.213287809943324	-14.17732059308794	-10.717304229736328	156.0
13924	-20.93039424770243	-14.02024841579276	-10.700156211853027	156.0
13939	-20.872865485314886	-14.117947910968404	-10.426129341125488	156.0
13959	-20.921351807314363	-14.249880660943614	-10.210695266723633	156.0
13980	-20.98800079201998	-14.238128801961238	-10.203556060791016	156.0
13998	-21.037266038052238	-14.206455361890562	-9.999390602111816	156.0
14018	-20.954473115037047	-14.15990673998639	-9.926080703735352	156.0
14040	-21.021289083922987	-14.251271477812692	-9.8908052444458	156.0
14057	-21.006855936550526	-14.271217782393405	-9.978273391723633	156.0
14076	-21.10179669421752	-14.475793803032358	-9.9133939743042	157.0
14095	-20.948652285952125	-14.481836173646176	-9.999004364013672	157.0
14115	-20.7477516729935	-14.613353967376495	-9.853544235229492	157.0
14134	-20.508462567201303	-14.385595562837265	-9.693437576293945	157.0
14154	-20.396819676297135	-14.241062014066245	-9.674266815185547	157.0
14173	-20.29251385281465	-14.285987029258987	-9.544845581054688	157.0
14192	-19.930486692602337	-14.318026890970634	-9.230084419250488	157.0
14212	-19.827444968985898	-14.534720050053757	-9.296327590942383	157.0
14231	-19.675182524379306	-14.529530661749774	-9.088767051696777	157.0
14250	-19.599902737862624	-14.556621241112596	-8.609663009643555	157.0
14273	-19.564576825978907	-14.475599191859809	-8.629121780395508	159.0
14292	-19.535143575675548	-14.67850724158521	-8.617254257202148	159.0
14309	-19.40823038061048	-14.547083529943757	-8.448049545288086	159.0
14328	-19.220135485467356	-14.55650883888774	-8.218358993530273	159.0
14348	-19.01029056768015	-14.64302552903923	-8.098883628845215	159.0
14367	-18.992102985981052	-14.600448303250143	-7.9577131271362305	159.0
14388	-18.736739622274346	-14.63257320423174	-8.127678871154785	159.0
14407	-18.67408793639911	-14.698895212849893	-8.069178581237793	159.0
14431	-18.638340871377913	-14.642318239680097	-7.9251556396484375	159.0
14444	-18.638853920453776	-14.640827440936514	-7.567034721374512	159.0
14466	-18.49018881211266	-14.79605082717106	-7.332581996917725	161.0
14485	-18.59073908335856	-14.679155776256186	-7.198919773101807	161.0
14504	-18.59073908335856	-14.679155776256186	-7.198919773101807	161.0
14527	-18.200520927013603	-14.648173758239523	-6.755847930908203	161.0
14542	-18.200520927013603	-14.648173758239523	-6.755847930908203	161.0
14562	-18.1827739246574	-14.69889981159674	-6.49159049987793	161.0
14581	-17.91461005876329	-14.520012361905891	-6.352489471435547	161.0
14601	-17.786248842705234	-14.532370383181032	-6.238389492034912	161.0
14620	-17.47849000259194	-14.355408007783653	-6.404091835021973	161.0
14639	-17.31876513939493	-14.427816761223784	-6.4541335105896	161.0
14660	-17.11883190689975	-14.647680704189625	-6.26521635055542	161.0
14679	-17.15571692388286	-14.87488620439125	-6.415792465209961	163.0
14698	-17.261539525837076	-14.993755870929201	-6.361642837524414	163.0
14718	-17.34324798622123	-14.961753079459651	-6.160313606262207	163.0
14737	-17.446356337774073	-15.05089113145115	-5.884589195251465	163.0
14756	-17.403311561446817	-15.169697009260924	-5.9575910568237305	163.0
14777	-17.55334354075878	-15.334244025711714	-5.639492988586426	163.0
14795	-17.651433383003777	-15.468805289352163	-5.373067855834961	163.0
14814	-17.624481317890627	-15.342175811433208	-5.265715599060059	163.0
14835	-17.324157174067587	-15.159084210865242	-5.298820495605469	163.0
14853	-17.283550745749388	-15.094773883867429	-5.20145320892334	163.0
14873	-17.04112671168199	-15.027805089588536	-5.123743057250977	163.0
14892	-17.061831977745317	-15.002461510012303	-5.1859002113342285	163.0
14913	-17.186036610794545	-15.113781686843048	-4.781367778778076	163.0
14930	-17.069739740101916	-15.270882466017145	-4.67812442779541	163.0
14951	-16.996461877450933	-15.175367976018531	-4.775722503662109	163.0
14970	-16.848309160000493	-15.078581134462059	-4.57062292098999	163.0
14990	-17.09574919277705	-14.962886309234284	-4.3612060546875	163.0
15012	-16.98478345846056	-14.92082908177948	-4.328234672546387	163.0
15029	-17.135640013274113	-14.851866502200952	-4.385043144226074	163.0
15048	-16.9990461328919	-14.989182146101447	-4.3681721687316895	163.0
15067	-16.85861657915781	-14.800361660468196	-4.441994667053223	163.0
15086	-17.020104770759318	-14.78284475828538	-4.451719284057617	163.0
15107	-16.82707015273652	-14.739578986063938	-4.277158737182617	163.0
15126	-16.87220722917589	-14.900644427636811	-4.686319828033447	163.0
15149	-16.686444004266917	-15.142267599120862	-4.813779830932617	163.0
15166	-16.601738680923685	-15.128134676713147	-4.631246089935303	163.0
15185	-16.315025120130493	-15.199962182809726	-4.661838531494141	163.0
15205	-16.267533529100252	-15.255885548558858	-4.37849235534668	163.0
15224	-16.267533529100252	-15.255885548558858	-4.37849235534668	163.0
15243	-16.205840913240788	-15.463320431112491	-4.191128730773926	163.0
15262	-15.863988250646347	-15.422560667004344	-4.060936450958252	163.0
15282	-15.961826035232864	-15.593867217840474	-3.8460373878479004	163.0
15301	-15.806563368491691	-15.627068151125085	-3.4262566566467285	163.0
15320	-15.95327308236953	-15.446121127484686	-3.4214584827423096	163.0
15342	-16.044062286825213	-15.30261948590331	-3.5882270336151123	163.0
15360	-16.11979458711889	-15.321448534889567	-3.4068965911865234	163.0
15379	-16.16628118850933	-15.091577582975445	-3.3889729976654053	163.0
15398	-16.060794095994417	-14.923590608442327	-3.2502405643463135	163.0
15418	-16.22594201382556	-15.081283891781958	-3.059774398803711	163.0
15438	-16.17560457892758	-14.995373203483961	-3.2659144401550293	163.0
15457	-16.14127118907327	-14.961035789609662	-3.228553533554077	163.0
15477	-15.932852079253472	-14.906595626904988	-2.928135871887207	162.0
15495	-15.782089849398044	-14.927974174333471	-2.9999637603759766	162.0
15515	-15.724676622431295	-14.802393436793254	-2.784397840499878	162.0
15535	-15.699444404714553	-15.04552121638499	-2.624552011489868	162.0
15555	-15.79288931894133	-15.15305219858979	-2.563326120376587	162.0
15573	-15.607556963647424	-14.992795828581105	-2.6868093013763428	162.0
15593	-15.490799241307156	-14.786193226325214	-2.50480580329895	162.0
15612	-15.60881715994121	-14.786009769268507	-2.5795199871063232	162.0
15633	-15.667105231468451	-14.808670052745239	-2.5518341064453125	162.0
15651	-15.68778934236827	-14.83473319058987	-2.5048630237579346	162.0
15671	-15.635153282691586	-14.943402924602571	-2.5951859951019287	161.0
15691	-15.524793886145622	-14.90883124631268	-2.552988052368164	161.0
----------------도착----------------
15709	-15.415352763147004	-14.748067231166585	-2.585637092590332	161.0
15729	-15.345317915438704	-14.585305819346317	-2.5251169204711914	161.0
15748	-15.363092708828976	-14.903523758968063	-2.4287121295928955	161.0
15768	-15.289490123742201	-14.87561820955815	-2.0386295318603516	161.0
15788	-15.240420952140546	-14.912285187189315	-2.0196807384490967	161.0
15807	-15.229780744901797	-14.686731780155922	-1.9071695804595947	161.0
15828	-15.28545495066607	-14.514721973742903	-1.833301305770874	161.0
15847	-15.261448390527528	-14.454457549291913	-1.674927830696106	161.0
15865	-15.349560583159306	-14.736652931093557	-1.609366536140442	160.0
15887	-15.542396383480904	-14.783565151962371	-1.6508086919784546	160.0
15905	-15.68233809795616	-14.591171048801815	-1.7410328388214111	160.0
15923	-15.68233809795616	-14.591171048801815	-1.7410328388214111	160.0
15943	-15.412493106893056	-14.48540797314401	-1.8516273498535156	160.0
15962	-15.4505971592035	-14.438578395917913	-2.082756280899048	160.0
15982	-15.448381480157849	-14.526346233626851	-2.0273966789245605	160.0
16001	-15.689808382346177	-14.794608461376049	-2.225707769393921	160.0
16021	-15.690162716865133	-14.941313680373012	-2.3490400314331055	160.0
16040	-15.360012880412592	-14.633370170337704	-2.3267874717712402	160.0
16060	-15.209023190506143	-14.853500339357744	-2.252617359161377	160.0
16079	-15.155365726952581	-14.848535647629728	-2.0567986965179443	160.0
16098	-15.38350311308306	-14.904118275647095	-2.059159517288208	160.0
16119	-15.202195675623134	-14.900844110382954	-1.9510120153427124	160.0
16137	-15.169074248845362	-14.853426891291097	-1.9806402921676636	160.0
16157	-15.114080875003527	-14.91733681104075	-1.7397736310958862	160.0
16177	-15.133180742637315	-14.896358913525368	-1.546539545059204	160.0
16196	-15.264343323404887	-14.947038929421424	-1.561266541481018	160.0
16215	-15.196852803216947	-14.877991185123676	-1.47824227809906	160.0
16235	-15.111669274581253	-14.670811601619935	-1.3948297500610352	160.0
16254	-15.169687319016875	-14.802801261545886	-1.356404423713684	160.0
16275	-15.342213410062854	-14.817577434610955	-1.3396635055541992	159.0
16293	-15.26982342051148	-14.840732577551357	-1.3792036771774292	159.0
16313	-14.960235375563737	-14.674246371419114	-1.4154223203659058	159.0
16331	-14.781443480363988	-14.563237111324929	-1.5632628202438354	159.0
16352	-15.082733372928045	-14.700848124442045	-1.64484703540802	159.0
16371	-15.125693028855391	-14.41880705909414	-1.600093126296997	159.0
16391	-15.183653875041639	-14.606590434214185	-1.490020513534546	159.0
16410	-14.926150660028227	-14.485420155585988	-1.5640283823013306	159.0
16429	-14.739705866071702	-14.273494758506606	-1.334415316581726	159.0
16448	-14.745294822748079	-14.165997730819758	-1.3957210779190063	159.0
16468	-14.859441141001097	-14.092669199472759	-1.4691275358200073	158.0
16488	-14.955092162083595	-14.082062719725322	-1.5020270347595215	158.0
16507	-14.566341845648813	-14.039098766988888	-1.3857388496398926	158.0
16528	-14.756185812152978	-14.143996880089878	-1.5504603385925293	158.0
16546	-14.645026541626928	-14.154168454023438	-1.8176372051239014	158.0
16565	-14.908291993189065	-14.02942379207821	-1.8980047702789307	158.0
16584	-14.975715095310894	-14.186643587789556	-1.6863882541656494	158.0
16605	-14.989592168335419	-14.352433013563493	-1.6073715686798096	158.0
16625	-15.044300389364214	-14.351544368617583	-1.5178369283676147	158.0
16643	-15.044300389364214	-14.351544368617583	-1.5178369283676147	158.0
16663	-15.078522850455279	-14.486027901000524	-1.4203537702560425	157.0
16683	-15.322360414140773	-14.600168279590589	-1.4178962707519531	157.0
16702	-15.200065369139633	-14.639870664538643	-1.073513150215149	157.0
16721	-15.326190794470989	-14.831433575241267	-0.9593573808670044	157.0
16741	-15.170900325782616	-15.065183252960042	-0.9462831020355225	157.0
16760	-15.059446118893826	-15.072720530986796	-1.228204369544983	157.0
16779	-15.170084840526112	-15.138289829409805	-1.1807657480239868	157.0
16799	-15.079369718041317	-15.143241582410836	-1.2428497076034546	157.0
16818	-15.059900352433917	-15.127988634256955	-1.2271090745925903	157.0
16837	-14.855157082105666	-14.800368734389124	-1.2584867477416992	157.0
16858	-14.85686834868261	-14.869278701006973	-1.515828251838684	157.0
16876	-14.651324324081662	-14.67037917782364	-1.4406334161758423	156.0
16897	-14.671847036902633	-14.491328591344113	-1.2608157396316528	156.0
16916	-14.714741887084102	-14.419319249366307	-1.2256333827972412	156.0
16936	-14.439023512605042	-14.227887192094897	-1.1934007406234741	156.0
16955	-14.24588498228924	-14.446782056696067	-0.8935360908508301	156.0
16975	-14.079755402199128	-14.292949212566766	-0.8877546787261963	156.0
16993	-14.21034767753803	-14.411111769177335	-0.8642427921295166	156.0
17013	-14.138065248060178	-14.302279183358701	-0.800933837890625	156.0
17032	-14.39217008754853	-14.21762403032179	-0.9118379354476929	156.0
17051	-14.289606566896724	-14.119900476066272	-1.081070065498352	156.0
17072	-14.255180633892362	-14.327472051354853	-1.163634181022644	156.0
17091	-14.277240536753789	-14.349887702390372	-1.1277754306793213	156.0
17110	-14.340091280151034	-14.044145017217744	-1.2326722145080566	156.0
17130	-14.448740853417204	-14.116236158102268	-1.1417938470840454	156.0
17149	-14.220235920211348	-14.09259941241694	-1.0382001399993896	156.0
17168	-14.106299189102137	-14.00135009182288	-0.8982696533203125	156.0
17188	-13.85936330782949	-14.210845432455647	-0.9022561311721802	156.0
17207	-13.906444981596753	-14.216455592883234	-0.6792588233947754	156.0
17227	-13.888916814894444	-13.973347271316262	-0.5608360767364502	156.0
17246	-13.952102132068996	-14.039557784252372	-0.8370970487594604	156.0
17266	-14.007462435455233	-14.240277965170872	-1.0177648067474365	156.0
17289	-13.949136552952117	-14.063669466183383	-0.9794819355010986	156.0
17306	-13.872887386297833	-14.091813185221755	-1.1861933469772339	156.0
17326	-13.872887386297833	-14.091813185221755	-1.1861933469772339	156.0
17344	-13.625159865986884	-13.89246251319044	-1.1618931293487549	156.0
17364	-13.625159865986884	-13.89246251319044	-1.1618931293487549	156.0
17382	-13.723462160770733	-14.08718327184513	-1.2337908744812012	156.0
17402	-13.829920493872535	-14.099649842364844	-1.1870040893554688	156.0
17421	-13.79940346628186	-14.022505600867191	-0.8927301168441772	156.0
17440	-13.997189480529839	-14.002322361360267	-0.8219748735427856	156.0
17462	-14.076060029756608	-13.991551093567399	-1.1172335147857666	156.0
17480	-14.165565807400306	-14.014076725718924	-0.7865530252456665	156.0
17499	-14.15146034460588	-13.908621787724584	-0.5033363103866577	156.0
17518	-14.408806907090328	-13.692202905616169	-0.7419865131378174	156.0
17539	-14.27376838672181	-13.70824422567322	-0.5932745933532715	156.0
17557	-14.33303375989218	-13.798317473941106	-0.5028269290924072	156.0
17577	-14.36162588414817	-13.791926279971063	-0.6449298858642578	156.0
17597	-14.136144942650663	-13.625972461973122	-0.36175990104675293	156.0
17616	-14.048085419792356	-13.642952817197774	-0.22624731063842773	156.0
17635	-13.885558599307661	-13.514553253433396	-0.48135149478912354	156.0
17655	-13.661898877432462	-13.66802914359775	-0.5472152233123779	156.0
17675	-13.512452457752756	-13.848130270942017	-0.36119890213012695	156.0
17695	-13.404950571630042	-13.884955889467287	-0.4615902900695801	156.0
17713	-13.317604037465179	-13.692318552264101	-0.550855278968811	156.0
17732	-13.287205600620222	-13.696194569573658	-0.7016979455947876	156.0
17752	-13.162104324759321	-13.781325109635073	-0.7156928777694702	156.0
17782	-13.054243761932751	-13.887118462989333	-0.7227916717529297	156.0
17792	-13.207392460648466	-13.933045938299708	-0.5364425182342529	156.0
17811	-13.38295504804457	-13.83793564719053	-0.5162087678909302	156.0
17830	-13.5742859165348	-13.742935507937263	-0.5083259344100952	156.0
17849	-13.575075809349368	-13.57307504957823	-0.3782094717025757	156.0
17872	-13.743714870505121	-13.621361857193676	-0.4151291847229004	156.0
17889	-13.761220206115672	-13.68391373520006	-0.3826836347579956	156.0
17909	-13.915305281852396	-13.731742229128951	-0.44863438606262207	156.0
17927	-14.163430181349648	-13.739363614804917	-0.40932750701904297	156.0
17946	-14.038921973168698	-13.64923006929328	-0.4493778944015503	156.0
17967	-14.00843570644472	-13.691089204844614	-0.4969620704650879	156.0
17986	-13.843208622068875	-13.775703430252218	-0.6595524549484253	156.0
18008	-13.955335185383522	-13.782594413431058	-0.6216434240341187	156.0
18025	-13.82361305474578	-13.792408576542742	-0.5478262901306152	156.0
18045	-13.842213004426089	-13.66865382482363	-0.26683318614959717	156.0
18064	-13.842213004426089	-13.66865382482363	-0.26683318614959717	156.0
18083	-13.920524761571498	-13.464026323937835	-0.14269506931304932	156.0
18102	-13.92365160750922	-13.483013703950322	-0.2556062936782837	156.0
18121	-13.975298469250758	-13.43822696606923	-0.22265636920928955	156.0
18141	-14.00335828412133	-13.300990424663459	-0.38415253162384033	156.0
18160	-14.10895689215065	-13.095340132769483	-0.12241899967193604	156.0
18180	-13.886812043215496	-12.840654573679348	0.05439496040344238	156.0
18199	-13.603876222532245	-12.737829915189806	-2.9098987579345703E-4	156.0
18219	-13.542885066624166	-12.70963264663233	-0.10876286029815674	156.0
18239	-13.555570594751757	-12.863781503159633	-0.06691598892211914	156.0
18259	-13.538318027322003	-12.68770720605566	-0.01197361946105957	156.0
18277	-13.678485367953856	-12.84071159501735	0.036956787109375	156.0
18297	-13.76765602191365	-12.802056489243952	0.049102067947387695	156.0
18316	-13.896233416804934	-12.65465485376199	0.22921180725097656	156.0
18339	-14.17348231476644	-12.612832651404194	0.45589375495910645	156.0
18358	-14.277918782682676	-12.59266585554218	0.3621635437011719	156.0
18375	-14.186671314128638	-12.362891193773013	0.32507967948913574	156.0
18395	-13.841351512631546	-12.288317872158993	0.26709794998168945	156.0
18413	-13.533670712433155	-12.344337115345889	0.06445908546447754	156.0
18433	-13.527497989749072	-12.190602047322127	-0.0041294097900390625	156.0
18454	-13.693811962586274	-12.381043242318173	0.0016198158264160156	156.0
18479	-13.52487319305444	-12.615058742884242	-0.2202749252319336	156.0
18491	-13.503324718240675	-12.996261013004546	-0.29713308811187744	156.0
18511	-13.518018231514459	-13.000979012105738	-0.18635380268096924	156.0
18531	-13.810430055845698	-13.288822049684244	-0.24130964279174805	156.0
18551	-14.033187408176184	-13.211367629789532	-0.29385459423065186	156.0
18569	-14.096391667401065	-13.129666369645184	-0.3188157081604004	156.0
18589	-13.99239051952266	-13.1313949616983	-0.383431077003479	156.0
18609	-13.923432593684478	-13.017176365003085	-0.36272895336151123	156.0
18630	-14.044050238196293	-13.10054292536769	-0.18713045120239258	156.0
18647	-13.87792477555842	-13.021013752957463	-0.15103554725646973	156.0
18667	-13.964151135520584	-13.039450951371848	-0.03368639945983887	156.0
18686	-13.82717382654442	-12.920292966130024	0.14061331748962402	156.0
18706	-13.613911927103866	-13.206761684255024	0.3931870460510254	156.0
18725	-13.666934845171387	-13.301894737960176	0.5034780502319336	156.0
18746	-13.614075046582064	-13.221521805183734	0.5958013534545898	156.0
18767	-13.614075046582064	-13.221521805183734	0.5958013534545898	156.0
18784	-13.405990411443378	-13.031353683781214	0.7289066314697266	156.0
18804	-13.397576029689358	-13.017263982380083	0.5488097667694092	156.0
18822	-13.397576029689358	-13.017263982380083	0.5488097667694092	156.0
18843	-13.374349599873973	-13.079507017976557	0.258603572845459	156.0
18861	-13.260116957885192	-13.09592664966422	0.22650361061096191	156.0
18881	-13.410931647108736	-12.865708758636702	0.1478567123413086	157.0
18900	-13.472808656059884	-12.792317067793354	0.33795762062072754	157.0
18919	-13.553961046073674	-12.86843012949214	0.13718843460083008	157.0
18941	-13.418428081020485	-12.952840931990933	0.026883840560913086	157.0
18958	-13.437262438155692	-12.967752731774857	-0.08171224594116211	157.0
18978	-13.807510992812837	-12.854531641225202	-0.1476726531982422	157.0
18997	-13.70522137188822	-12.801789350610436	0.18867278099060059	157.0
19018	-13.727451688502642	-12.820416932325488	0.413818359375	157.0
19037	-13.808195308887045	-12.88256076086219	0.5716066360473633	157.0
19056	-13.80315055233638	-12.71031224009461	0.6654922962188721	157.0
19075	-13.839902350191885	-12.657319086323868	1.111027717590332	158.0
19096	-13.819154745521963	-12.559971263659369	1.1107075214385986	158.0
19114	-13.765624289670365	-12.507823822906749	0.8486428260803223	158.0
19134	-13.380024952713118	-12.482010384376997	0.9210782051086426	158.0
19154	-13.617367574550883	-12.405128204792394	0.6097478866577148	158.0
19172	-13.559971838300248	-12.43763668534428	0.5350649356842041	158.0
19194	-13.403557159354595	-12.509857714148405	0.6593737602233887	158.0
19211	-13.418063384082688	-12.657017834594104	0.5855929851531982	158.0
19232	-13.394089754172763	-12.983413840613421	0.4842081069946289	158.0
19250	-13.312077839564447	-12.959573316360737	0.39820408821105957	158.0
19271	-13.272672802616665	-12.934909114205315	0.6329009532928467	159.0
19290	-13.402858151089799	-13.103897188589881	0.705590009689331	159.0
19312	-13.194367499917153	-13.10846398607164	0.7249405384063721	159.0
19330	-13.409020545485525	-13.028558546362339	0.5663225650787354	159.0
19347	-13.387889381139312	-12.882075482173706	0.4812934398651123	159.0
19368	-13.368028418485894	-12.794712561473695	0.7346227169036865	159.0
19386	-13.434822701333474	-12.445272894149472	0.6326379776000977	159.0
19406	-13.76906005327644	-12.467571351814556	0.8598506450653076	159.0
19427	-13.97126915942578	-12.367790736268116	1.0137510299682617	159.0
19446	-13.92904931855531	-12.2946027006673	0.8929324150085449	159.0
19464	-14.066119240595006	-12.386518850745281	0.7041053771972656	160.0
19485	-13.909736767921421	-12.309363484619636	0.8926193714141846	160.0
19506	-13.909736767921421	-12.309363484619636	0.8926193714141846	160.0
19523	-13.998274777336436	-12.244571604474798	1.060861349105835	160.0
19546	-13.912805814489394	-12.0997514931979	0.843543291091919	160.0
19564	-13.84753575923237	-12.143762821627877	0.6911766529083252	160.0
19581	-13.87552876780192	-12.077489466466924	0.6331427097320557	160.0
19600	-13.928236174259258	-12.260241225809414	0.45984482765197754	160.0
19620	-14.035661169100376	-12.061664700130224	0.6234524250030518	160.0
19639	-13.97787759361774	-11.875833367129527	0.858008861541748	160.0
19659	-13.79013236658613	-11.885881048853626	0.9071691036224365	160.0
19678	-13.903027469848485	-11.862074017277857	0.8562057018280029	160.0
19698	-14.106951917412763	-12.053775637903106	1.0416038036346436	160.0
19717	-14.140215087908409	-12.04944821364578	1.3275611400604248	160.0
19737	-14.11782320931508	-12.250239913089693	1.0787773132324219	160.0
19756	-13.869070402208635	-12.108513710513266	1.0241858959197998	160.0
19775	-13.86346720745682	-12.208887031686185	0.966099739074707	160.0
19795	-13.863951690044212	-12.150882623055008	0.8785979747772217	160.0
19815	-14.147067040940083	-12.018220247551755	0.7580478191375732	160.0
19834	-14.127666883866533	-11.866809522124127	0.5322000980377197	160.0
19853	-14.114124730603066	-11.920542362233043	0.5013189315795898	160.0
19873	-13.948799298181353	-11.786199680021124	0.39492058753967285	160.0
19891	-13.700460055588513	-11.544891266413067	0.7627954483032227	160.0
19912	-13.960515146148422	-11.66572115730837	0.5826008319854736	160.0
19931	-13.848359058217525	-11.737893041721723	0.7702630758285522	160.0
19951	-14.09187526874446	-11.817202403497703	0.8932332992553711	160.0
19970	-14.262324620295628	-12.069568701222828	1.0308303833007812	160.0
19989	-14.163590560204591	-12.208751520760165	1.1845207214355469	160.0
20009	-14.15749508580881	-11.939375724012237	1.1751223802566528	160.0
20029	-14.339041175947038	-12.043892044474488	0.9705561399459839	160.0
20049	-14.582123999005844	-12.23198968749444	0.7159357070922852	160.0
20067	-14.578666478377041	-12.13260346722561	1.1429208517074585	160.0
20087	-14.671479511818562	-12.055833754379814	1.15937077999115	160.0
20106	-14.55340492960267	-12.202194342114973	0.9198470115661621	160.0
20126	-14.41999810113402	-12.09648346466139	0.8399274349212646	160.0
20145	-14.524960948188994	-12.072673813205476	1.0622434616088867	160.0
20165	-14.72211707590228	-12.225257099990943	1.1075611114501953	160.0
20185	-14.750292037487506	-12.339983081331848	1.406612753868103	160.0
20204	-14.750292037487506	-12.339983081331848	1.406612753868103	160.0
20224	-14.729273129482095	-12.344354702233016	1.5389134883880615	160.0
20242	-14.566381731896959	-12.32035835330468	1.6185529232025146	160.0
20262	-14.55791511420399	-12.169745770354135	0.8044569492340088	159.0
20280	-14.534748127464214	-12.039650156457776	1.0427086353302002	159.0
20301	-14.394862043635902	-12.029638090193057	1.1233092546463013	159.0
20320	-14.350428042195038	-12.208215860645023	1.0003492832183838	159.0
20340	-14.11873688347404	-12.096631331771516	1.1564189195632935	159.0
20359	-14.098840713501726	-11.879754105810628	1.0749586820602417	159.0
20378	-14.113847144249963	-11.72802226447243	1.1102759838104248	159.0
20398	-14.350506483940435	-11.831393804484556	1.3555631637573242	159.0
20418	-14.444939217857028	-12.060832798576788	1.3858139514923096	159.0
20437	-14.445570790716879	-12.127097270185415	1.3591567277908325	159.0
20457	-14.558699717126862	-12.095975735698978	1.2481948137283325	159.0
20476	-14.50763186166172	-11.837424299578208	1.0631970167160034	158.0
20497	-14.544020243852007	-11.999601791367462	1.0180636644363403	158.0
20518	-14.55237771903086	-11.999306042096844	1.0711525678634644	158.0
20534	-14.447522727791785	-12.073835497154047	1.2150647640228271	158.0
20554	-14.179292642784773	-11.963152866312566	0.9169179201126099	158.0
20573	-14.113060684727175	-11.9151003570068	0.8006314039230347	158.0
20593	-13.952852089417577	-11.964669178171725	0.8162537813186646	158.0
20612	-13.893159932000234	-11.856062795107244	0.8736090660095215	158.0
20631	-13.859159459399436	-11.896000814608689	1.0567870140075684	158.0
20651	-13.795863524215585	-11.656742691815527	1.0547903776168823	158.0
20671	-13.820198301898134	-11.791680966376191	1.1620376110076904	157.0
20690	-14.197376072536636	-11.90726291883195	1.2188445329666138	157.0
20710	-14.41898536420613	-11.834580334885214	1.440168023109436	157.0
20728	-14.548328449050029	-11.666096801738664	1.6873583793640137	157.0
20749	-14.587597703235996	-11.73463498008294	1.5324934720993042	157.0
20768	-14.717797147835723	-11.793392695391015	1.5552273988723755	157.0
20787	-14.809292839942486	-12.016235325961198	1.7509163618087769	157.0
20807	-15.070261486165956	-12.046565133622755	1.9340054988861084	157.0
20826	-14.937541560936477	-12.101864455612393	1.96045982837677	157.0
20845	-14.678055410545147	-11.868061401662647	1.7052593231201172	157.0
20865	-14.603077893896248	-12.048595846559264	1.5214638710021973	157.0
20886	-14.422455615886301	-12.09548760118126	1.4919484853744507	157.0
20905	-14.29585163746886	-12.083780291171063	1.5629737377166748	157.0
20923	-14.288233676599804	-11.867432536362745	1.689832329750061	157.0
20943	-14.288233676599804	-11.867432536362745	1.689832329750061	157.0
20963	-14.181080294486545	-11.60141498772183	1.4127236604690552	157.0
20984	-13.97436844903242	-11.688154925496022	1.1519464254379272	157.0
21001	-13.980509706389942	-11.434880617132857	1.0803017616271973	157.0
21021	-13.870319413492801	-11.395798276063305	1.1403313875198364	157.0
21040	-13.926186103619077	-11.327334461054678	1.047283411026001	157.0
21060	-14.131197844815453	-11.459533908734816	1.1375513076782227	157.0
21092	-14.302179355655381	-11.471568860516667	1.5255978107452393	157.0
21099	-14.31877962455763	-11.88378719038624	1.52141535282135	157.0
21118	-14.520416059329575	-12.057372562499827	1.6824132204055786	157.0
21137	-14.487161054069446	-11.952573271526434	2.0514261722564697	157.0
21157	-14.55942587756059	-11.988267234116421	2.1158671379089355	157.0
21177	-14.701253736059268	-12.159209856061906	2.279216766357422	157.0
21196	-14.703337124132622	-12.052353208009464	2.500659465789795	157.0
21216	-14.571890003955279	-11.93764334742697	2.208890676498413	157.0
21235	-14.736670166937513	-11.982561629081493	2.018237590789795	157.0
21254	-14.793407037964366	-11.787249296862932	2.05557918548584	157.0
21274	-14.646963727644302	-11.772181531490718	2.0768580436706543	157.0
21292	-14.689313190310909	-11.708989264231066	1.9165310859680176	157.0
21313	-14.545121775830177	-11.883133014410307	1.65394926071167	157.0
21335	-14.393061691733045	-11.689746669854637	1.6090664863586426	157.0
21354	-14.30735884385171	-11.733771267982444	1.6717872619628906	157.0
21370	-14.270452976512043	-11.609923417738068	1.8897795677185059	157.0
21390	-14.172860196162267	-11.65150818769118	1.9481606483459473	157.0
21409	-14.150520489550502	-11.676371937271966	1.817920446395874	157.0
21431	-14.151865273761242	-11.649106452553129	1.6396702527999878	157.0
21448	-14.166281517112147	-11.822095406178	1.7715427875518799	157.0
21467	-14.462395461252976	-11.811496599279133	1.9681134223937988	158.0
21488	-14.621751201749644	-11.868154894503505	1.781190276145935	158.0
21507	-14.66329054685816	-11.70720925419963	1.649693250656128	158.0
21527	-14.653972157269601	-11.754583769068512	1.6479272842407227	158.0
21546	-14.65432134352896	-11.505741358257138	1.578304648399353	158.0
21569	-14.338095388193608	-11.401915245710752	1.4674513339996338	158.0
21587	-14.242534733406279	-11.338573922729037	1.5758923292160034	158.0
21605	-14.314661306554457	-11.333415729424202	1.4073765277862549	158.0
21625	-14.159794904106977	-11.143442862480503	1.6027755737304688	158.0
21643	-14.159794904106977	-11.143442862480503	1.6027755737304688	158.0
21663	-14.246671952937746	-11.16281269097001	1.6595996618270874	159.0
21681	-14.207673956912794	-11.257625654494117	1.7010914087295532	159.0
21706	-14.394004367491714	-11.501307929135368	1.5893181562423706	159.0
21720	-14.543409127553321	-11.634137865231082	1.5428593158721924	159.0
21740	-14.762647706408424	-11.537069257149136	1.6866755485534668	159.0
21760	-14.902854829820058	-11.543284747899852	1.7896232604980469	159.0
21779	-14.746560653382698	-11.577385333664527	2.1123244762420654	159.0
21798	-14.929604372848248	-11.666581377564906	1.8812910318374634	159.0
21819	-14.803691371573679	-11.643049595340429	1.8989852666854858	159.0
21839	-14.668135759132273	-11.717626436503663	2.160057544708252	159.0
21857	-14.629289542877707	-11.525568783872174	2.3180065155029297	159.0
21877	-14.434590422652223	-11.560201980589099	1.943993091583252	161.0
21896	-14.550904214422937	-11.806716655753354	1.856025218963623	161.0
21915	-14.623625059683139	-11.806839001998135	1.7075653076171875	161.0
21936	-14.824835627157402	-11.654569082195046	1.5587373971939087	161.0
21956	-14.708498328355073	-11.729882657156324	1.7097135782241821	161.0
21975	-14.645268983849554	-11.835207763705029	1.6839598417282104	161.0
21993	-15.008518713612462	-12.043630262175867	1.2853095531463623	161.0
22013	-14.896221141461654	-12.046458811041049	1.1115500926971436	161.0
22034	-14.854563492413936	-11.99354032968389	1.338782548904419	161.0
22051	-14.743057760059925	-11.90737009084151	1.256131649017334	161.0
22071	-14.741013707032714	-12.036972771382889	1.324172019958496	162.0
22090	-14.846356042251463	-12.05339921362383	1.6637202501296997	162.0
22110	-14.906581960808763	-11.945684496627752	1.8454686403274536	162.0
22129	-14.967338519194149	-11.905958012760399	1.956832766532898	162.0
22149	-14.761558596551378	-11.787981699758783	2.160338878631592	162.0
22169	-14.88395043883092	-11.906701147171475	2.1692585945129395	162.0
22188	-15.062202337988841	-11.938772166607922	2.0714516639709473	162.0
22208	-15.216180757314374	-11.878086889525477	2.0004665851593018	162.0
22226	-15.081311855183488	-11.876868520122514	2.0231995582580566	162.0
22246	-15.02337592489202	-11.904666787827079	1.741520643234253	162.0
22266	-14.989035613715028	-11.870085299601126	1.7450807094573975	163.0
22286	-15.103827938415831	-11.819236326019404	1.8423274755477905	163.0
22306	-15.127286858099794	-11.781619647100468	1.6989834308624268	163.0
22325	-15.098637418721154	-11.722988384618322	1.6133387088775635	163.0
22343	-15.098637418721154	-11.722988384618322	1.6133387088775635	163.0
22365	-15.156510195879347	-11.667182210359275	1.5386683940887451	163.0
22382	-14.875278147761472	-11.702200054823798	1.7388343811035156	163.0
22401	-14.892181565665531	-11.663896590449106	2.126765251159668	163.0
22426	-14.873950164772095	-11.654148287913888	2.441896915435791	163.0
22440	-14.907379113582008	-11.73649039151291	2.476902484893799	163.0
22460	-14.835131410548723	-11.876897871947392	2.4141056537628174	163.0
22480	-14.959250712591682	-11.891150058053803	2.4004926681518555	164.0
22499	-15.01339875923246	-11.935966112430789	2.312033176422119	164.0
22519	-14.681495157399436	-12.071861854211736	2.0463383197784424	164.0
22540	-14.9798598603763	-12.158746633743856	1.929776906967163	164.0
22557	-14.999663128993308	-12.130686621528762	1.7698378562927246	164.0
22578	-14.906591774621214	-12.296912119271639	1.9079034328460693	164.0
22597	-14.826676789581539	-12.32611158456335	1.8654072284698486	164.0
22616	-14.690376443321199	-12.221024289841107	1.7730469703674316	164.0
22636	-14.732963993570097	-12.177947441320192	1.750114917755127	164.0
22658	-14.808704499628108	-12.241451738638858	1.7620842456817627	164.0
22674	-15.18492407990294	-12.11422458675479	1.8986272811889648	164.0
22694	-15.007315203089812	-12.059819275534847	1.6566729545593262	164.0
22713	-14.881368131759237	-12.304716335674186	1.5710959434509277	164.0
22732	-14.81826286959096	-12.32756963353405	1.3776085376739502	164.0
22752	-14.9672487857351	-12.304362721061647	1.5691232681274414	164.0
22772	-15.002375925546529	-12.256447056350712	1.5612761974334717	164.0
22791	-14.85491566033208	-12.327264571512202	1.6472034454345703	164.0
22810	-14.617236437481807	-12.265808939987712	1.6311378479003906	164.0
22830	-14.392929397783368	-12.321584410075461	1.753655195236206	164.0
22849	-14.258559374375361	-12.331544424963797	1.9459295272827148	164.0
22869	-14.35262103520012	-12.061693184980825	1.9777050018310547	164.0
22892	-14.403438339218344	-11.983350065177124	2.091869592666626	164.0
22910	-14.321466094973488	-11.868846236542812	1.9681594371795654	164.0
22927	-14.400351490508074	-11.836375039243666	1.8793411254882812	164.0
22947	-14.411157623280161	-11.78634076899251	1.6322851181030273	164.0
22966	-14.36138480702611	-11.648574994667312	1.5391459465026855	164.0
22985	-14.405265574076713	-11.631490868435474	1.4783029556274414	164.0
23007	-14.57341746063333	-11.671675015322048	1.5051755905151367	164.0
23027	-14.598467115386512	-11.820470822372195	1.5324573516845703	164.0
23045	-14.448556790809599	-11.662422524171113	1.4738483428955078	164.0
23064	-14.448556790809599	-11.662422524171113	1.4738483428955078	164.0
23083	-14.522451555583853	-11.80415381321447	1.4431391954421997	164.0
23103	-14.617330493789558	-11.799394309686711	1.5536561012268066	164.0
23123	-14.595031572554454	-11.640847982403159	1.4469404220581055	164.0
23140	-14.661847684602282	-11.751086431411334	1.4997482299804688	164.0
23161	-14.611740167959903	-11.776038898810514	1.388777256011963	164.0
23181	-14.546046780623813	-11.788628731306387	1.551030158996582	164.0
23199	-14.569596898055746	-11.716012488031247	1.6482343673706055	164.0
23230	-14.691440754749992	-11.823280943825877	1.8213391304016113	164.0
23239	-14.506821708027157	-11.731961563109971	1.805511236190796	164.0
23259	-14.390060736496698	-11.798495423718618	1.915212631225586	164.0
23277	-14.425758697166092	-11.948134177829129	1.9684827327728271	164.0
23297	-14.516760848404104	-12.020508749876775	2.032970905303955	164.0
23316	-14.684548109844295	-11.938197712267694	2.1294057369232178	164.0
23336	-14.574230595059307	-11.97479057771497	2.228086471557617	164.0
23357	-14.262619212841676	-11.765270120650246	2.3317322731018066	164.0
23378	-14.07872108895073	-11.831675778913812	2.2035813331604004	164.0
23394	-14.193612917916575	-11.981121812774717	2.0325326919555664	164.0
23413	-14.375935226415152	-11.948615934257608	1.7175625562667847	164.0
23433	-14.486336437218888	-11.870032163387224	1.8424301147460938	164.0
23452	-14.30177748579853	-11.756418800386802	2.137890338897705	164.0
23472	-14.10257364414896	-11.88670950988618	2.0618231296539307	164.0
23491	-14.386574064845375	-11.840013400090747	1.8544718027114868	164.0
23520	-14.490726770141896	-11.936987851649642	1.996999979019165	164.0
23531	-14.477461278147015	-11.865752914814552	1.6772280931472778	164.0
23550	-14.310379781277804	-11.875087605785698	1.5892164707183838	164.0
23568	-14.168246922524256	-11.851670535270456	1.3699052333831787	164.0
23588	-14.08293431092781	-12.100129347190789	1.062518835067749	164.0
23609	-14.210458497767508	-12.19420154003641	0.6966249942779541	164.0
23629	-14.230759753025255	-12.12669901889388	0.8740205764770508	164.0
23647	-14.010535590791418	-12.105984179987964	0.8763320446014404	164.0
23666	-13.956309047647883	-12.25286433446884	0.7025940418243408	163.0
23686	-13.978218571356946	-12.28169092100042	0.7484726905822754	163.0
23705	-13.99541169074374	-12.242070171907177	0.6125636100769043	163.0
23727	-13.855061621470334	-12.241666487078586	0.6178419589996338	163.0
23745	-13.581590179408533	-12.177551542641375	0.6585292816162109	163.0
23764	-13.580714375637598	-12.020023380391114	0.796520471572876	163.0
23783	-13.580714375637598	-12.020023380391114	0.796520471572876	163.0
23803	-13.67614802194757	-11.861570921073591	0.8521027565002441	163.0
23822	-13.596795880146589	-11.913898032361894	0.7418177127838135	163.0
23841	-13.615207680342307	-11.917451521402715	0.8961179256439209	163.0
23861	-13.423122018021223	-12.008348141569723	0.8761074542999268	163.0
23880	-13.229955105656789	-11.97767178630428	0.8667373657226562	163.0
23900	-13.100198111999374	-11.858828036152962	0.7813973426818848	163.0
23919	-12.882562676619655	-11.765000427075224	0.6787681579589844	163.0
23938	-12.479754106276664	-11.932098232577287	0.6379272937774658	163.0
23958	-12.323284700556652	-11.971931566292849	0.5872883796691895	163.0
23977	-12.306487114719934	-11.897043830277955	0.5945069789886475	163.0
23997	-12.151944720352244	-11.738178594847614	0.4894152879714966	163.0
24017	-12.103114847042841	-11.526229305152533	0.542076587677002	163.0
24036	-11.87280535111236	-11.583927366282813	0.24715840816497803	163.0
24055	-11.531598149045093	-11.46315670086826	0.16120529174804688	163.0
24075	-11.44264028324692	-11.098209223413761	0.03568673133850098	161.0
24095	-11.291976403652749	-10.935657122000118	-0.24690139293670654	161.0
24114	-10.788936306096096	-10.601034085329914	-0.6275608539581299	161.0
24133	-10.259715714512003	-10.549539096680261	-0.5384351015090942	161.0
24153	-10.042254328043748	-10.204514159903368	-0.46523869037628174	161.0
