10	-2.2206062617466586	-22.794657943214066	-4.187417030334473	130.0
30	-2.0533907378629856	-22.863714511555628	-4.006186485290527	130.0
50	-2.2419015623584637	-22.80843419466677	-3.883580446243286	130.0
70	-2.3680827615151276	-22.787255446495763	-3.680666208267212	130.0
88	-2.490837486232767	-22.87276449573972	-3.727348804473877	130.0
108	-2.3149617179535467	-22.7557052830046	-3.9388980865478516	130.0
128	-2.511867742509604	-22.844199179778972	-3.8720245361328125	130.0
148	-2.749426519372903	-22.82762807238748	-4.068246841430664	130.0
167	-2.8377088178628957	-22.86960305886889	-4.228400230407715	130.0
186	-2.8377088178628957	-22.86960305886889	-4.228400230407715	130.0
208	-2.913871339740833	-22.852688320200986	-4.18461275100708	130.0
225	-2.913871339740833	-22.852688320200986	-4.18461275100708	130.0
245	-2.8052700466522444	-23.095968214872457	-4.089582920074463	130.0
264	-2.697051710079099	-23.016034304924172	-3.759392738342285	130.0
285	-2.8981494024749965	-22.8417554718082	-3.767059326171875	130.0
304	-2.6958767830997683	-22.758576092357032	-3.8096413612365723	130.0
323	-2.235747127581328	-22.763583841958944	-4.132655143737793	130.0
343	-2.369437938884483	-22.844528882482354	-4.115890979766846	130.0
362	-2.376751633145376	-22.721280331023426	-4.297553062438965	130.0
381	-2.3211613742581556	-22.676569585450622	-4.2259626388549805	130.0
400	-2.250525113384122	-22.575279318383014	-4.146399021148682	130.0
420	-2.329200235008932	-22.637957646532602	-4.444214820861816	130.0
440	-2.3707433268893596	-22.842186690988694	-4.57411527633667	130.0
459	-2.502483385532022	-22.818375497714555	-4.608672142028809	130.0
479	-2.719493927180225	-22.908850752368426	-4.176210403442383	130.0
499	-2.580166674653289	-22.89089198223401	-4.163225173950195	130.0
518	-2.6880557666061913	-23.134383781565447	-3.943302631378174	130.0
537	-2.8112130288783788	-23.253533733848553	-4.015973091125488	130.0
557	-2.820062505118912	-23.252650551223038	-4.2357683181762695	130.0
576	-2.6421270107591908	-23.104642504699314	-4.206673622131348	130.0
596	-2.5953935335075564	-23.027541049149228	-4.204936504364014	130.0
615	-2.509406562142846	-23.01788262759364	-4.258783340454102	130.0
635	-2.478578921519241	-22.883427620362383	-4.15818452835083	130.0
655	-2.653433058018087	-22.843295834164483	-4.164497375488281	130.0
673	-2.507318464574294	-22.761045061479955	-4.638664245605469	130.0
692	-2.5733990901124812	-22.68753343389542	-4.725438594818115	130.0
712	-2.642962555116613	-22.63532549837373	-4.509330749511719	130.0
732	-2.8042691426225375	-22.805059420283797	-4.451156139373779	130.0
751	-2.843868539483567	-22.82548396207715	-4.235734939575195	130.0
771	-2.723192246522747	-23.036830432112975	-4.225332260131836	130.0
790	-2.6749892366737575	-22.954937039797766	-4.383932590484619	130.0
808	-2.4426387484968215	-22.961328239643613	-4.231822967529297	130.0
827	-2.3885852606761744	-22.85707725509636	-3.812262535095215	130.0
849	-2.4463730351775537	-22.716850404003594	-3.736625909805298	130.0
868	-2.2815000811532604	-22.749204974569064	-3.8848843574523926	130.0
888	-2.2049578758436246	-22.82481831365292	-3.8801612854003906	130.0
906	-2.2049578758436246	-22.82481831365292	-3.8801612854003906	130.0
928	-2.3903426785198443	-22.455077260868492	-3.8055105209350586	130.0
946	-2.3903426785198443	-22.455077260868492	-3.8055105209350586	131.0
964	-2.5313828266381115	-22.83202752056232	-3.696985960006714	131.0
984	-2.44524705830285	-22.761103216623567	-3.8961007595062256	131.0
1005	-2.434794170297895	-22.62526765501586	-4.022118091583252	131.0
1023	-2.424597798387648	-22.747277930189163	-4.201426982879639	131.0
1043	-2.5803249702741677	-22.683663935968088	-4.117379665374756	131.0
1062	-2.6596076133816577	-22.580290008983827	-3.9289886951446533	131.0
1081	-2.6460825434009583	-22.64819842413112	-3.9752612113952637	131.0
1100	-2.839930681674109	-22.798305797930425	-3.979314088821411	131.0
1121	-2.6917458169871145	-22.467468408897364	-4.146535396575928	131.0
1140	-2.7327052643982714	-22.396144597079925	-4.108278751373291	131.0
1160	-2.6778930912783854	-22.351680971344393	-4.367957592010498	131.0
1180	-2.362523772205135	-22.26776079845645	-4.199493408203125	131.0
1198	-2.2171869652426976	-22.187361970966716	-4.234450340270996	131.0
1218	-2.092089650936695	-22.140755736567282	-4.2871856689453125	131.0
1239	-2.1737635005739318	-22.121691656405645	-4.497532367706299	131.0
1256	-2.1010267931396314	-21.949965051863874	-4.386692523956299	131.0
1277	-2.1389071393313004	-22.069298785805238	-4.469667434692383	131.0
1296	-2.104186649768035	-22.097565579729142	-4.190486431121826	131.0
1315	-2.070040018726097	-22.11209851587811	-3.8784334659576416	131.0
1334	-2.333834277335664	-22.227071278799546	-3.8619041442871094	131.0
1354	-2.3339462818910355	-22.331068933265843	-3.6919796466827393	131.0
1374	-2.6907824223175356	-22.403498810798506	-3.8116209506988525	131.0
1393	-2.540251845970651	-22.46420984469242	-3.7969889640808105	131.0
1412	-2.594392766309268	-22.378852459581104	-3.850818395614624	131.0
1432	-2.536075802689404	-22.45732034056262	-3.6126928329467773	131.0
1451	-2.7389235989262546	-22.442235237511795	-3.812307357788086	131.0
1471	-3.0555438785012883	-22.3798355014978	-4.058866024017334	131.0
1491	-3.185734218592485	-22.296675380618904	-4.092482089996338	131.0
1509	-3.129084708388042	-22.232425897333094	-4.245529651641846	131.0
1528	-2.717300609647989	-22.202546344756353	-4.215786933898926	131.0
1548	-2.8680631114158768	-22.106211569790037	-4.1092848777771	131.0
1580	-2.7015227877384786	-22.33327185849788	-4.352423667907715	131.0
1587	-2.7171580944027367	-22.1965991798759	-4.255341529846191	131.0
1607	-2.600753356819602	-22.186462620356856	-4.321073532104492	131.0
1627	-2.600753356819602	-22.186462620356856	-4.321073532104492	131.0
1646	-2.2969542156665272	-22.423252094491808	-4.172196388244629	131.0
1665	-2.295284872499856	-22.376697779828895	-4.11215353012085	131.0
1684	-2.369893948229436	-22.324222927457953	-3.8569443225860596	131.0
1704	-2.687017414859487	-22.148290265679595	-3.988596200942993	131.0
1726	-2.5190858915797674	-22.180761690742077	-3.915088653564453	131.0
1744	-2.556217521303566	-22.159627102236918	-3.6977908611297607	131.0
1763	-2.61110326780699	-22.176182931085208	-3.711423635482788	131.0
1781	-2.6838469169184327	-22.18516095722584	-3.543058395385742	131.0
1802	-2.7757273220778056	-22.080081969013023	-3.601057291030884	131.0
1825	-2.6065180216915254	-22.200931267796843	-3.680481433868408	131.0
1841	-2.7008551946715667	-22.525911454733492	-3.781106472015381	131.0
1860	-2.6787169520374876	-22.503773644860082	-3.803189516067505	131.0
1879	-2.805302217896544	-22.509644029701647	-3.7667109966278076	131.0
1899	-2.7260306144982316	-22.397032730722188	-3.8782706260681152	131.0
1919	-2.5916811449590575	-22.287280782147377	-3.8593528270721436	131.0
1939	-2.513555784035722	-22.25099712336065	-3.738767623901367	131.0
1959	-2.5100948809432326	-22.378149677567635	-3.777416706085205	131.0
1976	-2.504771456407981	-22.38924822104985	-3.712399482727051	131.0
1996	-2.5374731035622164	-22.415675648341985	-3.55403995513916	131.0
2015	-2.4423658528505605	-22.674822706762786	-3.3669838905334473	131.0
2036	-2.3097507352380213	-22.803652911951875	-3.5152666568756104	131.0
2054	-2.439322607964032	-22.897742367263508	-3.5193495750427246	131.0
2075	-2.2879069949000184	-23.04431587939829	-3.672245740890503	131.0
2093	-2.2105328870800562	-23.155430802847892	-3.9230856895446777	131.0
2112	-2.223675634116181	-23.058374493278897	-3.823452949523926	131.0
2131	-2.348635473293205	-22.995242078409408	-3.7470059394836426	131.0
2152	-2.305659295524696	-22.683042239350605	-4.137931823730469	131.0
2171	-2.299718911337062	-22.590643338246018	-4.125245094299316	131.0
2191	-2.385851524302944	-22.432435590665257	-4.16034460067749	131.0
2210	-2.3202929622129322	-22.35133069416846	-4.082461833953857	131.0
2228	-2.495544778826044	-22.535984637669166	-4.0101318359375	131.0
2248	-2.5751700246087674	-22.496676597513687	-4.025080680847168	131.0
2269	-2.373765709024741	-22.087365905964983	-4.201979637145996	131.0
2289	-2.287924658701206	-22.212554098061148	-4.478143215179443	131.0
2308	-2.284340463951347	-22.240889492232863	-4.217475891113281	131.0
2327	-2.284340463951347	-22.240889492232863	-4.217475891113281	131.0
2347	-2.438404777900138	-22.32887963751738	-4.378904819488525	130.0
2367	-2.2565145022227475	-22.52689412514433	-4.224956035614014	130.0
2385	-2.2990917939270115	-22.453827930678223	-4.326126575469971	130.0
2405	-2.173955568733844	-22.25841352929689	-4.362111568450928	130.0
2424	-2.49753475297162	-22.217652370555545	-4.395829677581787	130.0
2443	-2.7604707726594517	-22.515069410558397	-4.345522880554199	130.0
2463	-2.5157155630336168	-22.61884441562648	-4.080087661743164	130.0
2482	-2.417424566503729	-22.72049936921515	-4.0547261238098145	130.0
2501	-2.1118246073110076	-22.82039037379332	-4.140372276306152	130.0
2521	-2.185438072812989	-22.612859504679225	-4.148046493530273	130.0
2543	-2.158453795661501	-22.799296741343422	-3.848886013031006	130.0
2560	-2.2734865741379036	-22.8686191075692	-3.9052908420562744	130.0
2578	-2.0763738690540787	-22.788261933954804	-3.924259901046753	130.0
2599	-2.0277926393499266	-22.931099873195844	-4.090566158294678	130.0
2619	-2.0751269332079336	-22.728957724059526	-4.275697231292725	130.0
2639	-1.8948165201341363	-22.790096431684464	-4.352745532989502	130.0
2657	-1.774046153273084	-22.69850926850101	-4.112353324890137	130.0
2679	-1.861040783512345	-22.807560707135522	-4.152291297912598	130.0
2696	-1.652216638422815	-22.752771720664622	-4.235544681549072	130.0
2715	-1.7421404509347318	-22.76169299464932	-4.193242073059082	130.0
2735	-1.71588379828583	-23.053831004240948	-4.155219554901123	131.0
2755	-1.7696925652229032	-22.93467967799009	-3.860562324523926	131.0
2773	-1.8619310365342865	-22.957961159201233	-3.9539663791656494	131.0
2793	-2.0897920396800616	-22.84195794493445	-4.19797420501709	131.0
2812	-2.3160825311578472	-22.92121768304586	-4.413670539855957	131.0
2832	-2.073792627604593	-22.981185670069056	-4.379720687866211	131.0
2852	-2.3030107632819603	-22.964317165690513	-4.38516092300415	131.0
2871	-2.2138166472774135	-22.81925487731017	-4.440280437469482	131.0
2891	-2.240459435181911	-22.55200916903714	-4.542418479919434	131.0
2909	-2.1154216696822137	-22.574809281171127	-4.6116108894348145	131.0
2930	-2.1009613666831894	-22.59145860392453	-4.622864246368408	131.0
2948	-2.135000184606507	-22.771878797714596	-4.470400333404541	131.0
2968	-2.169966542273057	-22.822213318905405	-4.19152307510376	131.0
2988	-2.4332357669689175	-22.903148621548233	-4.075437068939209	131.0
3009	-2.41894216590526	-22.914355910682186	-4.1157121658325195	131.0
3032	-2.41894216590526	-22.914355910682186	-4.1157121658325195	131.0
3046	-2.503809496898924	-22.903039203894988	-4.071435928344727	131.0
3067	-2.56444589846192	-22.87121898180631	-3.928515672683716	131.0
3085	-2.56444589846192	-22.87121898180631	-3.928515672683716	131.0
3104	-2.662302706578143	-22.734461427409105	-3.8438704013824463	131.0
3124	-2.53481426567514	-22.56591603687893	-3.6011714935302734	131.0
3145	-2.5215912328598398	-22.375864181498248	-3.4891316890716553	130.0
3163	-2.4715992397431736	-22.155444685117295	-3.5496115684509277	130.0
3185	-2.3058568115135127	-22.205338157940872	-3.58365797996521	130.0
3203	-2.2512932079240677	-22.238467352440694	-3.394841194152832	130.0
3221	-2.3996829392404697	-22.461502204835472	-3.3152012825012207	130.0
3240	-2.3442607395162653	-22.439932577817697	-3.3213796615600586	130.0
3264	-2.3615405019362465	-22.54358269671006	-3.387017250061035	130.0
3280	-2.3439411126211303	-22.603879065269723	-3.6939444541931152	130.0
3299	-2.4585247739490517	-22.768989404939763	-4.0534210205078125	130.0
3319	-2.1956317730523973	-22.85250005553136	-3.8918328285217285	130.0
3338	-2.440683947344039	-22.8131123700727	-3.805675506591797	131.0
3358	-2.4215184338363613	-22.907579930018006	-3.911626100540161	131.0
3377	-2.2895564360475995	-22.80267669902734	-3.8495094776153564	131.0
3396	-2.1778069082152376	-22.79366112604462	-4.004327297210693	131.0
3416	-2.237994902879123	-22.615043335378022	-3.9405388832092285	131.0
3435	-2.391546489376393	-22.614298671285038	-4.058358192443848	131.0
3454	-2.187114597996172	-22.448398535769456	-3.808480739593506	131.0
3475	-2.545948170572284	-22.421082745580964	-3.974632740020752	131.0
3493	-2.4341012786484644	-22.576860934478656	-4.160402297973633	131.0
3515	-2.5083071971669897	-22.57434660445708	-4.072720050811768	131.0
3532	-2.523873246641402	-22.77218175441758	-3.9263296127319336	131.0
3552	-2.5632884598625694	-22.80432450592912	-3.9601597785949707	131.0
3571	-2.4882039267893794	-22.990299856852953	-4.0872273445129395	131.0
3591	-2.5209214776374655	-22.943373202785605	-3.7260591983795166	131.0
3613	-2.70785567591324	-23.021187428676523	-3.8314599990844727	131.0
3632	-2.5354876933215036	-23.039353419867183	-3.7230629920959473	131.0
3654	-2.4765982166483895	-22.899935009903963	-3.6495583057403564	131.0
3669	-2.3615840799968684	-22.918034514861798	-3.7528977394104004	131.0
3687	-2.2680237930439064	-22.74663561956923	-3.8502464294433594	131.0
3710	-2.3217891144527494	-22.643921477879076	-3.680333137512207	131.0
3729	-2.1820652690732882	-22.805848992093207	-3.62247633934021	131.0
3749	-2.1820652690732882	-22.805848992093207	-3.62247633934021	131.0
3768	-1.9196101492637505	-22.896153728295328	-4.066704750061035	131.0
3786	-1.9196101492637505	-22.896153728295328	-4.066704750061035	131.0
3805	-1.8432862582068652	-23.027513151311243	-4.071960926055908	131.0
3825	-1.6733703692300823	-22.997343686265705	-4.015550136566162	131.0
3844	-1.7628716908523439	-23.024224649081926	-3.8699114322662354	131.0
3863	-1.9474227648542177	-22.970959084477723	-3.861996650695801	131.0
3882	-2.0758609823762035	-23.1158797982411	-4.021655082702637	131.0
3902	-2.116208829367591	-22.87602017079282	-4.086948394775391	131.0
3922	-2.038318801833193	-23.043965849172764	-4.207150459289551	131.0
3941	-1.8855856877085646	-23.02429178180729	-4.305516242980957	131.0
3961	-1.8074763973031416	-22.937077341907674	-4.36210823059082	131.0
3979	-2.1177366820709285	-23.187054914271215	-4.1661458015441895	131.0
3999	-1.873171952972567	-22.987635225152076	-4.094549179077148	131.0
4019	-1.8468791399669229	-23.136281321636734	-3.9035143852233887	131.0
4038	-1.7145346810038797	-22.891213547989484	-3.8842201232910156	131.0
4060	-1.6908422195242165	-22.980317933365278	-4.025669574737549	131.0
4078	-1.559373231033745	-22.723906560740502	-3.860405206680298	131.0
4097	-1.8745163954498487	-22.773709991204857	-3.7160723209381104	131.0
4116	-2.171608188117553	-22.80023092681877	-3.6933200359344482	131.0
4135	-2.000399753469626	-22.550174999330533	-3.594785690307617	130.0
4156	-2.2956443192833764	-22.759451528778452	-3.522892475128174	130.0
4174	-2.338960032557774	-22.67050568599587	-3.7999467849731445	130.0
4194	-2.1687731608331235	-22.745552772667505	-3.6885859966278076	130.0
4212	-2.057102852779488	-22.65179122793273	-3.463085412979126	130.0
4233	-2.1890218647649893	-22.733785978696815	-3.6500473022460938	130.0
4252	-1.9662536822416474	-22.54692508968684	-3.8222124576568604	130.0
4271	-1.8167638159301611	-22.504486494670996	-3.628175735473633	130.0
4291	-1.8187760197469391	-22.535383374209427	-3.6602392196655273	130.0
4310	-1.69275195535765	-22.489831951878713	-3.689121961593628	130.0
4331	-1.7177379560828774	-22.51394741696273	-3.973731517791748	130.0
4349	-1.8702213341813683	-22.76830319585464	-4.1533050537109375	129.0
4369	-1.8553338434111817	-22.828594745560057	-4.234990119934082	129.0
4388	-1.7283175654747294	-22.731526429413904	-4.131025791168213	129.0
4409	-1.8386220454534161	-23.057154579406156	-4.022632598876953	129.0
4429	-1.823604878603088	-22.94921997089538	-3.9836745262145996	129.0
4449	-1.8847929456667467	-23.139545170110605	-4.19904899597168	129.0
4470	-1.8847929456667467	-23.139545170110605	-4.19904899597168	129.0
4488	-1.8896631886673367	-23.184343430779197	-4.364727973937988	129.0
4505	-1.492729303350128	-23.374332909891745	-4.0322957038879395	129.0
4524	-1.4204884749944202	-23.11745130362105	-3.9714317321777344	129.0
4543	-1.3852631069855459	-23.015019884498447	-4.116713523864746	129.0
4564	-1.522580400760477	-22.76129160496792	-4.3578081130981445	129.0
4582	-1.4689531347864822	-22.52658970624184	-4.2842278480529785	129.0
4602	-1.6338877354750951	-22.764817083661814	-4.24809455871582	129.0
4622	-1.690389215399757	-22.667749875426	-4.0531744956970215	129.0
4641	-1.8265745048830067	-22.498261723148115	-3.829472064971924	129.0
4660	-2.135726872458542	-22.38260198336752	-3.742889404296875	129.0
4681	-2.034184990609947	-22.4264866473647	-4.024808883666992	129.0
4702	-2.4006034372057634	-22.45771673410363	-4.282022953033447	129.0
4719	-2.554601190535412	-22.664804274476865	-4.303286552429199	129.0
4739	-2.3861238591614615	-22.834708348967713	-4.101784706115723	129.0
4759	-2.2388119949512824	-22.731668028026355	-3.918822765350342	129.0
4778	-2.276352454031837	-22.797244148835713	-3.8659253120422363	129.0
4798	-2.117676742376006	-23.094292096016993	-3.679351568222046	129.0
4818	-2.0042684797898516	-23.022441725178165	-3.649014949798584	129.0
4837	-2.0085488900799287	-23.041076474016336	-3.872504949569702	129.0
4857	-1.9112967517951331	-23.206659500684463	-3.7979965209960938	129.0
4875	-1.795974987992023	-23.276635508121903	-3.732588768005371	129.0
4893	-1.8152304522095661	-23.133882568971785	-3.794663906097412	129.0
4913	-2.168951299863305	-23.07200027179323	-3.731678009033203	129.0
4933	-2.047911407271655	-23.053425487104743	-3.502697467803955	129.0
4952	-2.135431526543337	-22.919742334882436	-3.501983642578125	129.0
4971	-2.3358026638428844	-22.909386327942535	-3.5690345764160156	129.0
4991	-2.436702025956282	-22.862596410032133	-3.194267511367798	129.0
5010	-2.2536981342843103	-22.61549102794706	-3.4150230884552	129.0
5030	-2.332045394449421	-22.430404373138387	-3.6136996746063232	129.0
5051	-2.498842096234022	-22.478649631736808	-3.677942991256714	129.0
5069	-2.2913179495780995	-22.650888919809805	-3.7610831260681152	129.0
5088	-2.3837752561954493	-22.746258499839325	-3.649141550064087	129.0
5108	-2.3656783087545055	-22.801030564679724	-3.6544547080993652	129.0
5128	-2.1968878516113657	-22.735850601194212	-3.6952123641967773	129.0
5148	-2.4415695235810864	-22.69288877181427	-3.853065013885498	129.0
5167	-2.4415695235810864	-22.69288877181427	-3.853065013885498	129.0
5186	-2.5313497633416215	-22.701162063495037	-3.5859086513519287	129.0
----------------출발----------------
5208	-2.551767706056812	-22.677921866979748	-3.60723876953125	129.0
5224	-2.4393046404440244	-22.76039966916254	-3.6803081035614014	129.0
5244	-2.2200592534908385	-22.67612461459121	-3.608126640319824	129.0
5264	-2.0575880808189884	-22.52349117594054	-3.705590009689331	129.0
5283	-2.0044267920889713	-22.476326691540546	-3.752472400665283	129.0
5302	-2.0399510789124036	-22.547707355700215	-3.681511163711548	129.0
5322	-1.9283794254179154	-22.498821801417975	-3.737715721130371	129.0
5341	-1.892906888005052	-22.503925705775274	-3.912172555923462	129.0
5361	-1.7774973260346516	-22.676520125494378	-3.8957629203796387	129.0
5381	-1.6825255594459516	-22.680145931539386	-3.8674979209899902	129.0
5400	-1.7021217943509814	-22.658448764330068	-3.8833835124969482	129.0
5419	-1.8899104921506094	-22.832525170505075	-3.878066301345825	129.0
5439	-1.9662939037556508	-22.912491145912387	-3.8594512939453125	129.0
5458	-2.0983525299357426	-23.12000869928787	-4.092804431915283	129.0
5478	-2.0039617544558683	-23.05555573211491	-4.129099369049072	129.0
5497	-2.131342078555411	-23.087369447914305	-4.066988468170166	129.0
5516	-2.1449059648518656	-22.91173686134042	-3.877835988998413	129.0
5538	-2.289123922040214	-22.670458915396836	-3.747499704360962	129.0
5555	-2.1507897190189125	-22.529496626951296	-3.7907893657684326	129.0
5576	-2.12507338320281	-22.408968906324134	-3.7247488498687744	129.0
5595	-1.9297471772291703	-22.293141488121172	-3.617375373840332	129.0
5613	-1.7347120793288475	-22.094232771224927	-3.547640323638916	129.0
5633	-1.8385283765275706	-22.149358373765185	-3.56878662109375	129.0
5658	-1.807734785884272	-22.29220470142957	-3.5134875774383545	129.0
5672	-1.7613958865807715	-22.242147587914808	-3.4712443351745605	129.0
5692	-1.5862169721779587	-22.27041696050975	-3.6265134811401367	129.0
5711	-1.8212775973838642	-22.31256230956461	-3.516818046569824	129.0
5731	-1.6510356188238873	-22.19938425281714	-3.608057737350464	129.0
5750	-1.595670347723959	-22.02829440817605	-3.603367567062378	130.0
5769	-1.4653144800363735	-21.911686883055488	-3.7170495986938477	130.0
5789	-1.3515857132784603	-21.74849324336222	-3.6629345417022705	130.0
5808	-1.1404592115483738	-21.54504781527868	-3.3991951942443848	130.0
5828	-1.1158003107240082	-21.530293220745165	-3.3747739791870117	130.0
5848	-1.262697614051776	-21.46939256205636	-3.4084548950195312	130.0
5868	-1.2608990656683845	-21.37382048764975	-3.4103477001190186	130.0
5887	-1.2910331178667105	-21.252010466263645	-3.1282479763031006	130.0
5906	-1.2910331178667105	-21.252010466263645	-3.1282479763031006	130.0
5924	-1.3129542112072112	-21.11547272978465	-3.041008949279785	130.0
5945	-1.3855019809255529	-21.10286106356285	-2.6842751502990723	130.0
5964	-1.4625341472263973	-21.02316794348648	-2.612959861755371	130.0
5983	-1.5592420410188517	-20.993551116280308	-2.7994651794433594	130.0
6003	-1.581081110023622	-20.75396307106564	-2.756929874420166	130.0
6025	-1.4693483841874337	-20.616116363102634	-2.5482864379882812	130.0
6042	-1.3640018291783673	-20.38074284280725	-2.573045492172241	130.0
6060	-1.3506978790271231	-20.274594580023887	-2.6397433280944824	130.0
6081	-1.3726168139254624	-20.255691183160213	-2.6473517417907715	130.0
6101	-1.5509190782887174	-19.986257714639958	-2.78230357170105	130.0
6122	-1.6707955362731952	-19.90795691054664	-2.910562515258789	130.0
6141	-1.6577821407470548	-19.768624828744958	-2.835428476333618	130.0
6159	-1.5621802185373375	-19.868787678748205	-2.6845109462738037	130.0
6179	-1.7316978180194795	-19.82054506493314	-2.6471316814422607	130.0
6197	-1.8007332617332648	-19.863611050607936	-2.309445381164551	130.0
6217	-1.8002531090930065	-19.828941734297615	-2.284273624420166	130.0
6237	-2.0084132796841083	-19.67183564395088	-2.3214545249938965	130.0
6258	-1.8732334755899702	-19.683370355896702	-2.1489365100860596	130.0
6275	-1.782237032669107	-19.637561097686426	-2.207099437713623	130.0
6295	-1.7500197097725996	-19.348210008846294	-2.229802131652832	130.0
6314	-1.8818123206208073	-19.16485573937948	-2.0956804752349854	130.0
6343	-1.6738344139200927	-18.935810128945672	-1.8607733249664307	130.0
6353	-1.7870779232322909	-18.834166814623018	-1.8854635953903198	129.0
6372	-1.6782584396034277	-18.513852731473982	-1.7294808626174927	129.0
6392	-1.8809614494812967	-18.409314079061488	-1.4735299348831177	129.0
6412	-2.0317870050900155	-18.200479081013782	-1.398645281791687	129.0
6430	-2.1426174498479615	-18.004292263732363	-1.162361979484558	129.0
6450	-2.117791117011824	-17.932982427452583	-0.8545916080474854	129.0
6471	-2.3750887252979775	-17.908659667029692	-0.5899419784545898	129.0
6489	-2.6777877948271263	-17.7258444299323	-0.6612069606781006	129.0
6508	-2.6071462587835237	-17.350276101223958	-0.6013884544372559	129.0
6528	-2.92460136613455	-17.407345141380745	-0.4962642192840576	129.0
6548	-2.5472224458525305	-17.306246522481583	-0.39584898948669434	129.0
6569	-2.6074833400678386	-17.102855300725867	-0.48309755325317383	129.0
6588	-2.4993094107701497	-16.860400223475168	-0.5324070453643799	129.0
6607	-2.4993094107701497	-16.860400223475168	-0.5324070453643799	129.0
6625	-2.771870679613695	-16.58929940391706	-0.7759482860565186	129.0
6646	-2.7139269795949654	-16.196011287171054	-1.1555359363555908	129.0
6663	-2.6925689202800447	-16.20104206888477	-1.0384100675582886	129.0
6683	-2.9328965158489173	-16.18939075191279	-0.9440603256225586	129.0
6703	-3.0096789129937878	-15.977424179214738	-0.9770463705062866	129.0
6723	-3.235387717997065	-15.678351961167273	-0.9634448289871216	129.0
6745	-3.2412331939500527	-15.667781081902401	-0.5042171478271484	129.0
6763	-3.3145231108551783	-15.520736419094323	-0.3718883991241455	129.0
6781	-3.306537774966634	-15.41540873478229	0.062476158142089844	129.0
6801	-3.3613664320390773	-15.331492519479818	0.38172006607055664	129.0
6821	-3.482193001382733	-15.10043815461802	0.40815186500549316	129.0
6840	-3.5949663137827845	-15.004229829200177	0.5537247657775879	129.0
6860	-3.6003942697524423	-14.720173092473049	0.7657272815704346	129.0
6880	-3.8287483206943174	-14.58166223202139	1.048624038696289	129.0
6898	-3.9261053838370565	-14.45191609886551	0.845475435256958	129.0
6918	-4.267637443578012	-14.55590156695138	0.9480111598968506	129.0
6937	-4.682403289686701	-14.617291089544599	0.9267773628234863	129.0
6956	-4.934784051961833	-14.586760213359879	1.1610338687896729	129.0
6979	-5.254956904231204	-14.690307565367181	1.1963670253753662	129.0
6995	-5.249501056051169	-14.359375928837958	1.077141284942627	129.0
7015	-5.794916001791764	-14.374112758070433	1.211719036102295	129.0
7035	-6.078850014225906	-14.405848220530164	1.2207350730895996	129.0
7053	-6.326601610029458	-14.268169733793432	1.2419929504394531	129.0
7073	-6.743208682070034	-14.061771406647477	1.3930587768554688	129.0
7094	-6.840623922727227	-13.814045610413979	1.5852875709533691	129.0
7116	-6.979685960799782	-13.406739345658675	1.7696452140808105	129.0
7131	-7.15333756384889	-13.043477576512108	1.9499399662017822	129.0
7150	-7.50651862005556	-13.029969638617537	2.249741554260254	130.0
7171	-7.569504622271408	-12.861705099789042	2.1356866359710693	130.0
7191	-7.636124419275438	-12.617449459911816	1.9622858762741089	130.0
7209	-7.979097696313162	-12.387180031690525	2.0657153129577637	130.0
7229	-8.040326462097878	-12.106793195199675	1.8729228973388672	130.0
7248	-8.15424443931932	-11.927953988084107	1.8540397882461548	130.0
7269	-8.312542433026195	-11.73991465008118	1.9075608253479004	130.0
7287	-8.4712913234968	-11.530818974702191	1.9032001495361328	130.0
7307	-8.4712913234968	-11.530818974702191	1.9032001495361328	130.0
7327	-8.629452873765432	-11.409197049329524	1.8730177879333496	130.0
7349	-8.773274247829036	-11.130602078831078	2.171936511993408	129.0
7365	-9.034415719131855	-11.06308594253475	2.368424892425537	129.0
7384	-9.095597998726143	-10.906144103596311	2.4614615440368652	129.0
7404	-9.274419572120228	-10.672114899424798	2.9124317169189453	129.0
7423	-9.490250315353169	-10.358591025746806	3.0598442554473877	129.0
7442	-9.719456765526386	-10.299878553632547	2.981752395629883	129.0
7462	-9.767848510501274	-10.231060218206041	3.2021381855010986	129.0
7482	-9.903005442274116	-10.014414198790499	3.3760275840759277	129.0
7502	-10.131876730212667	-9.859313436595562	3.2454609870910645	129.0
7521	-10.276312562658639	-9.789009622365246	3.3076744079589844	129.0
7540	-10.434916110255637	-9.638816901404228	3.394813060760498	129.0
7560	-10.366757072483685	-9.377433403703606	3.4125914573669434	129.0
7583	-10.424916860822398	-9.43739651165711	3.323150634765625	129.0
7599	-10.539594607211795	-9.38475689738634	3.613006353378296	129.0
7618	-10.775951079581144	-9.133572998653882	3.5995736122131348	129.0
7638	-11.001622788784369	-9.090292514673473	3.4781930446624756	129.0
7657	-11.044166068717244	-9.062120667149498	3.609771966934204	129.0
7680	-11.200265107317744	-8.781015770172552	3.953430652618408	129.0
7701	-11.389344311118936	-8.523943794297853	3.946650266647339	129.0
7715	-11.596773758672372	-8.342299402240663	3.9898016452789307	129.0
7735	-11.788579096337056	-8.125745378566869	4.587342262268066	129.0
7754	-11.828413680563283	-7.840705448140238	4.572231769561768	129.0
7773	-11.970096191766347	-7.722435523345968	4.7224931716918945	129.0
7792	-11.926325010465469	-7.421268770903385	4.874271392822266	129.0
7812	-11.963917933157303	-7.286378148970902	4.802281379699707	129.0
7832	-11.938574301082383	-7.255468626119553	4.615202903747559	129.0
7851	-11.927799086299311	-7.310236744542441	4.760553359985352	129.0
7870	-11.944563183474058	-7.167186949891798	4.768796920776367	129.0
7890	-12.141773260238136	-7.11990309815339	4.7317304611206055	129.0
7910	-12.455646473417486	-7.117939785529169	4.827389240264893	129.0
7928	-12.581040773636657	-7.186075712311593	4.838329315185547	129.0
7948	-12.782308255966566	-7.112719165468401	4.9228315353393555	130.0
7969	-12.782308255966566	-7.112719165468401	4.9228315353393555	130.0
7988	-12.871061487098364	-6.743123888447027	5.016746520996094	130.0
8010	-13.176358429766942	-6.20353954491092	4.880457401275635	130.0
8028	-13.227702309331733	-6.223076372930633	5.160126209259033	130.0
8050	-13.227702309331733	-6.223076372930633	5.160126209259033	130.0
8069	-13.098081514218077	-5.822618820812947	5.032481670379639	130.0
8085	-13.117050063622402	-5.702881795172971	5.02940559387207	130.0
8103	-13.225295125590128	-5.285064061649001	5.155228137969971	130.0
8123	-13.217102723050248	-5.1106251487346475	5.153020858764648	130.0
8142	-13.494489590396638	-5.100524968523704	5.3854594230651855	130.0
8166	-13.468431703611662	-4.798534424215798	5.670431137084961	130.0
8184	-13.626563828794211	-4.602340400770965	5.952075481414795	130.0
8202	-13.667801983968351	-4.32179199678652	6.190812110900879	130.0
8220	-13.842300729011308	-4.26109167738652	6.504892826080322	130.0
8240	-13.832689842857459	-3.9846579528908976	6.616438388824463	130.0
8260	-13.607315702455388	-3.819509838336928	6.81115198135376	130.0
8280	-13.810902779958708	-3.63595614576533	7.023189544677734	130.0
8302	-13.902843991466776	-3.482234701343129	7.093905925750732	130.0
8319	-13.807926393032654	-3.427706923948995	7.343746185302734	130.0
8338	-13.931459614374996	-3.1282621566454476	7.467766284942627	130.0
8357	-14.252892972599499	-2.983147554228254	7.507082939147949	130.0
8376	-14.131455410811869	-2.7009609257023772	7.716080665588379	130.0
8396	-14.18193241473883	-2.534591938757706	8.044708251953125	130.0
8415	-14.53743801877995	-2.448525185957567	8.161510467529297	130.0
8436	-14.521819601751895	-2.3056994264685837	8.197022438049316	130.0
8454	-14.707037371317352	-2.3104925609790765	8.34540843963623	130.0
8473	-14.883798688292213	-2.2921560486774384	8.279134750366211	130.0
8494	-14.89678073771493	-2.1078888064515597	8.347550392150879	130.0
8513	-14.957495002034987	-2.170043597362441	8.41836166381836	130.0
8534	-15.26707393460008	-2.144813381924061	8.248462677001953	130.0
8556	-15.48824272686201	-2.173844901563704	8.473483085632324	130.0
8570	-15.5119906641403	-2.0695250730871786	8.593537330627441	130.0
8590	-15.592504504891798	-1.948941424411377	8.628418922424316	130.0
8610	-15.527502604881873	-1.7466575303777792	8.723729133605957	130.0
8629	-15.580163920772105	-1.6937610481655436	8.708100318908691	130.0
8648	-15.849415732511734	-1.4118924438710543	8.775399208068848	130.0
8669	-15.811625740216249	-0.8131064995834444	8.964715003967285	130.0
8689	-15.736828492182712	-0.5704318646605389	9.318660736083984	130.0
8707	-15.720665119237253	-0.34259985198379156	9.364832878112793	130.0
8727	-15.965184413374631	-0.2760979364842098	9.50018310546875	130.0
8746	-15.965184413374631	-0.2760979364842098	9.50018310546875	129.0
8766	-15.844080935575738	-0.0639957010982931	9.575261116027832	129.0
8788	-16.021520768976785	0.26906947128013725	9.621971130371094	129.0
8804	-16.265871858050506	0.5823419106793544	9.555628776550293	129.0
8823	-16.252419054816208	0.6270105247547477	9.355839729309082	129.0
8844	-16.31734719011187	0.48706791085231893	9.35654067993164	129.0
8862	-16.539219192140298	0.48817169516301845	9.300426483154297	129.0
8882	-16.7266241640108	0.34593419252219604	9.317811965942383	129.0
8901	-16.416637719330154	0.4671309701134052	9.19604206085205	129.0
8922	-16.708318302505273	0.45133860378893953	9.200292587280273	129.0
8941	-16.54719600521561	0.6008718097846888	9.267406463623047	129.0
8961	-16.54107892346219	0.693560921718438	9.576019287109375	129.0
8980	-16.60775537832885	0.8354277047693397	9.767996788024902	129.0
8999	-16.590590560217837	1.0493553903874904	9.687459945678711	129.0
9019	-16.550950654724172	1.2782750398304716	9.599807739257812	129.0
9038	-16.379173072852243	1.4883529899889503	9.493154525756836	129.0
9058	-16.397940086368628	1.6107865432325539	9.544434547424316	129.0
9077	-16.339172648838606	1.5905348135147517	9.65237045288086	129.0
9096	-16.37190353636147	1.4899616605128227	9.660520553588867	129.0
9116	-16.45995813287522	1.7624436999332413	9.617704391479492	129.0
9135	-16.439267420222254	1.8763291920450895	9.375076293945312	130.0
9154	-16.41925087582753	1.8849953779837492	9.508289337158203	130.0
9175	-16.41868581705011	1.6529892907528432	9.58282470703125	130.0
9193	-16.47722583441686	1.6782883750817474	9.538161277770996	130.0
9213	-16.756994063555997	1.7719829627086625	9.503841400146484	130.0
9232	-16.9985894717997	1.9891253801973003	9.285162925720215	130.0
9255	-16.99459047293468	2.1955769917321106	9.223624229431152	130.0
9270	-16.976438259248074	2.258690779844909	9.017745971679688	130.0
9290	-17.15259944956422	2.14023353637597	9.275531768798828	130.0
9310	-17.294362898408604	2.1569384680635215	9.30354118347168	130.0
9329	-17.242601088770456	2.506959209397152	9.300289154052734	130.0
9349	-17.245862048117747	2.641346972297453	9.449241638183594	129.0
9369	-17.18323244013972	2.5087662803475292	9.699204444885254	129.0
9389	-16.95261177500053	2.4874119065285467	9.704408645629883	129.0
9410	-16.946350986769012	2.534899699252107	9.592589378356934	129.0
9428	-17.136950850232978	2.6110939903232655	9.595216751098633	129.0
9448	-17.090625437123222	2.6788463957529824	9.381999969482422	129.0
9467	-17.090625437123222	2.6788463957529824	9.381999969482422	129.0
9485	-17.06829637975505	2.7939406259798787	9.271838188171387	129.0
9505	-17.17022775977017	2.74731670887626	9.192209243774414	129.0
9525	-17.222209909037694	2.8855355625978603	9.166685104370117	129.0
9544	-17.197491770216885	3.0359659483056154	9.023710250854492	129.0
9563	-17.263718002340333	2.9726170217280536	9.079484939575195	129.0
9582	-17.296488224841504	2.9233536286539605	9.056915283203125	129.0
9608	-17.086581980327843	2.8658738832244084	9.145228385925293	129.0
9622	-17.201685379871293	3.0339591043081904	9.103506088256836	129.0
9641	-17.349267091388562	3.1215045250371785	8.906883239746094	129.0
9660	-17.37938276726091	3.2958626907759387	8.814859390258789	129.0
9679	-17.340387712494614	3.1066324096299827	8.652583122253418	129.0
9700	-17.30358143932494	3.123776958051472	8.547794342041016	129.0
9722	-17.429674294676623	3.28147421707228	8.430416107177734	129.0
9741	-17.54185404266369	3.2132193918722125	8.483997344970703	130.0
9758	-17.43363794167723	3.164893207337066	8.477604866027832	130.0
9777	-17.38523434303428	3.2275198528995475	8.330634117126465	130.0
9798	-17.252923574709	3.2825761659952657	8.40963077545166	130.0
9816	-17.16759916848479	3.4366003128286655	8.47356128692627	130.0
9837	-16.99084203464612	3.680398226205057	8.350995063781738	130.0
9855	-16.88649742715937	3.580955966543538	8.370378494262695	130.0
9874	-16.885153881513677	3.5498053700319154	8.503630638122559	130.0
9893	-17.04055780974134	3.6522257148441826	8.488810539245605	130.0
9914	-17.040982670700156	3.822850683866254	8.407513618469238	130.0
9934	-16.74965480935844	3.5932855115033377	8.475642204284668	130.0
9952	-16.794561347259844	3.47600411521792	8.527324676513672	130.0
9971	-16.84088311684485	3.285359307201316	8.498784065246582	130.0
9992	-16.934658229236028	3.195524576386585	8.333756446838379	130.0
10010	-17.1746611287966	3.2151472742444613	8.127204895019531	130.0
10029	-17.297631040709764	2.935751122778986	7.800747394561768	130.0
10050	-17.27846337602977	2.8751048037292812	7.49244499206543	130.0
10069	-17.22986379319453	2.959516382360207	7.459604740142822	130.0
10089	-17.317303555765346	3.0877689140208675	7.4685444831848145	130.0
10107	-17.188544965401835	3.2611066204121673	7.28993558883667	130.0
10130	-17.201069904491312	3.221503715602449	6.7831501960754395	130.0
10147	-17.201069904491312	3.221503715602449	6.7831501960754395	129.0
10167	-17.164101813202667	3.312942603069019	6.679376125335693	129.0
10191	-16.982021340412658	3.273848483051877	6.6835126876831055	129.0
10208	-16.67792928633978	3.523423278658423	6.496867656707764	129.0
10224	-16.708884456308244	3.5374791453751206	6.28133487701416	129.0
10244	-16.934275744465147	3.4346099091475226	6.034499645233154	129.0
10263	-17.132342233480884	3.551802986320403	5.942842483520508	129.0
10282	-17.048439228539145	3.515780856857237	5.991852760314941	129.0
10302	-16.964431929625427	3.638406190702456	6.263256549835205	129.0
10321	-17.0763131472568	3.3538981942572783	6.302365779876709	129.0
10341	-17.17433056134059	3.2909216547969486	6.049388885498047	130.0
10361	-17.2527699363308	3.238936396671367	6.128178596496582	130.0
10380	-17.197674636842326	3.168226887766595	5.923118591308594	130.0
10399	-16.92611250551588	3.1087851958265156	5.651111602783203	130.0
10419	-16.72809081326495	2.8829742516045633	5.418922424316406	130.0
10444	-16.642842784915082	2.561583788502757	5.0113525390625	130.0
10458	-16.667460644342164	2.3195556348817292	4.68642520904541	130.0
10477	-16.792402832983807	2.3887265928936654	4.2485032081604	130.0
10497	-16.730244692532043	2.339989490519137	4.058028221130371	130.0
10516	-16.83419360046812	2.196871581589715	3.9067392349243164	130.0
10536	-16.711904292509537	2.0323106425066	3.9495885372161865	130.0
10555	-16.94201557313339	1.8865509924042954	3.8553519248962402	130.0
10574	-16.945676912479	1.8094199764415453	3.828728199005127	130.0
10595	-17.14438248620812	1.8364066569917992	4.0335774421691895	130.0
10614	-17.200184272166076	1.861946854744184	3.8318614959716797	130.0
10632	-16.919070719835148	1.6856970086955623	3.718658924102783	130.0
10653	-16.82400996938337	1.7304144372721284	3.5672614574432373	130.0
10675	-16.732727161108386	1.5647742433570808	3.4467883110046387	130.0
10694	-16.83963301586072	1.44961898609617	3.2555582523345947	130.0
10721	-16.70116777765563	1.3168274838907748	3.192171335220337	130.0
10729	-16.77619248591839	1.0892505506503347	2.948753833770752	130.0
10750	-16.673728069332192	0.8677031692614017	2.629365921020508	129.0
10769	-16.7005701986135	0.6522223850541543	2.6266636848449707	129.0
10789	-16.77000509429974	0.5740036382012434	2.7015721797943115	129.0
10809	-16.897813704293768	0.3085199140663698	2.664339065551758	129.0
10828	-16.90019454722814	-0.007235769248279557	2.4112186431884766	129.0
10848	-16.90019454722814	-0.007235769248279557	2.4112186431884766	129.0
10867	-16.631411357073375	-0.06372851799342891	2.4927167892456055	129.0
10887	-16.592386253660024	-0.36963421859267276	2.459702491760254	129.0
10905	-16.406255000103	-0.45618481977406017	2.4006333351135254	129.0
10925	-16.46703196586432	-0.7092383893230968	2.2455177307128906	129.0
10943	-16.372886257249064	-0.9372289869760926	2.258439779281616	130.0
10963	-16.26105998302538	-1.0486705534903475	2.161961317062378	130.0
10982	-16.186782200182602	-1.3533205677374924	2.0535409450531006	130.0
11002	-16.244062901457987	-1.2006916870261466	1.9734755754470825	130.0
11021	-16.26410625858538	-1.2867618580011082	1.8167849779129028	130.0
11041	-16.229029675191445	-1.289456096640453	1.5979198217391968	130.0
11061	-16.396965022161005	-1.5735556754015623	1.4463564157485962	130.0
11080	-16.548845093082438	-1.7930485702942676	1.2301380634307861	130.0
11101	-16.719009878656657	-2.0223846560097036	1.058349609375	130.0
11119	-16.702032922442783	-2.2492546680299768	0.9959378838539124	130.0
11139	-16.743433244325534	-2.2795771865163257	0.9157062768936157	130.0
11157	-16.62995640677407	-2.824350014142327	0.9815734028816223	130.0
11178	-16.8025620504608	-3.06983805390354	0.7846817970275879	130.0
11197	-17.02780352689026	-3.383867234728793	0.6308264136314392	130.0
11217	-16.988258621103594	-3.4907291307551915	0.430695116519928	130.0
11236	-16.83395361911423	-3.651663425965503	0.5087114572525024	130.0
11255	-16.68587314393838	-3.729173332126856	0.23391324281692505	130.0
11277	-16.738012519575193	-4.030349744316762	0.15370044112205505	130.0
11298	-16.769190674873403	-4.397409049189978	0.11629435420036316	130.0
11314	-16.938310531817226	-4.607538117153089	-0.15786173939704895	130.0
11332	-16.883960327292527	-4.775801888010572	-0.5552166104316711	129.0
11352	-16.766929759043673	-5.062616421746641	-0.5986426472663879	129.0
11372	-16.761018599019568	-5.3995038930673145	-0.5719817876815796	129.0
11390	-16.799390263008476	-5.504712379423495	-0.8763447999954224	129.0
11410	-16.834968660504224	-5.929639450169262	-1.197952151298523	129.0
11430	-17.113416742821286	-6.061652458009241	-1.5715525150299072	129.0
11450	-17.234139772585056	-6.085191089803404	-2.3391151428222656	129.0
11470	-17.2115860025796	-6.256183450217196	-2.7970550060272217	129.0
11489	-17.45133076207969	-6.598841568830714	-2.8073110580444336	129.0
11509	-17.557357340449276	-7.017589843127034	-2.9476571083068848	129.0
11528	-17.656253250074897	-7.43221862528388	-3.2092950344085693	129.0
11549	-17.823216849354232	-7.6534880753612695	-3.455395221710205	129.0
11567	-17.823216849354232	-7.6534880753612695	-3.455395221710205	129.0
11586	-17.84764083148947	-7.888092661607092	-3.47066068649292	129.0
11607	-17.802664432000064	-8.373986792600327	-3.836819648742676	129.0
11624	-17.45784814364297	-8.692741921406919	-3.668550491333008	129.0
11648	-17.192500728691105	-8.755349101520721	-3.9878551959991455	129.0
11668	-16.875578569775016	-8.938446300748053	-4.286100387573242	129.0
11683	-16.682160364790033	-9.25942622372106	-4.706469535827637	129.0
11702	-16.430121457930134	-9.41100786032963	-5.327855110168457	129.0
11722	-15.923336887901874	-9.890175118558878	-5.746767044067383	129.0
11742	-15.78482347002996	-10.16748501276764	-6.541872501373291	130.0
11762	-15.546640024629959	-10.320724178666966	-6.980711936950684	130.0
11780	-15.631925076934479	-10.739686361610666	-7.5457353591918945	130.0
11800	-15.609450951193033	-11.27187711157692	-7.67838191986084	130.0
11820	-15.586384674712804	-11.967968177915822	-7.977804183959961	130.0
11840	-15.435351181670336	-12.172303198228276	-8.084946632385254	130.0
11860	-15.49680401347807	-12.513414965967604	-8.219135284423828	130.0
11885	-15.555818066854275	-12.76669534073794	-8.69035530090332	130.0
11897	-15.335514105486546	-13.035640440324403	-8.779241561889648	130.0
11917	-15.017495916908473	-13.36908232205769	-8.931159973144531	130.0
11936	-14.861723519521021	-13.844004081870201	-8.993245124816895	130.0
11955	-14.901049293345874	-14.321698226402335	-9.198040008544922	130.0
11976	-14.627322597676796	-14.413964880025594	-9.347177505493164	130.0
11995	-14.468932359338607	-14.442647929692242	-9.860036849975586	130.0
12016	-14.09301555115075	-14.632063453814505	-10.2251558303833	130.0
12033	-13.882541504595368	-14.803057128265252	-10.546972274780273	130.0
12053	-13.557674102897403	-15.162936692357492	-10.75145149230957	130.0
12073	-13.621709725397414	-15.605821791223619	-11.151458740234375	130.0
12092	-13.469728367133385	-15.868825108120118	-11.857524871826172	130.0
12111	-13.141788685980375	-16.22742415031127	-12.179566383361816	130.0
12131	-12.898617261944063	-16.451937571130753	-12.721561431884766	130.0
12151	-12.698298924052406	-16.89393346030222	-12.999215126037598	130.0
12169	-12.507301563194536	-17.199818140260337	-13.423517227172852	130.0
12188	-12.306229147576001	-17.515632014129796	-13.5826416015625	130.0
12209	-12.23816526649861	-17.950685639960835	-13.83322811126709	130.0
12229	-11.695639078126678	-18.19079648129759	-13.763803482055664	130.0
12249	-11.388163992370226	-18.274405772347368	-13.64608383178711	130.0
12268	-11.1046526221349	-18.205548735963394	-13.695304870605469	130.0
12288	-11.01060106916351	-18.17270550431257	-13.64373779296875	130.0
12308	-10.765077607614389	-18.24731736082241	-13.771690368652344	130.0
12326	-10.765077607614389	-18.24731736082241	-13.771690368652344	130.0
12346	-10.427607659156344	-18.152953817723184	-13.715499877929688	130.0
12368	-10.170077831970467	-18.11557919460993	-13.61794376373291	130.0
12385	-10.109735891866679	-17.9010702785676	-13.345459938049316	130.0
12403	-9.990053064919719	-17.759333677451	-12.98581600189209	130.0
12423	-9.980065146079236	-17.736445329202905	-12.749007225036621	130.0
12441	-9.896452664394841	-17.50242524403134	-12.448381423950195	130.0
12461	-9.961151581445908	-17.587141929985783	-12.238251686096191	130.0
12480	-9.971614830960545	-17.45339978838071	-11.782840728759766	130.0
12504	-10.10644910586211	-17.454478227342225	-11.515057563781738	130.0
12520	-10.19248064693086	-17.36450892380947	-11.181537628173828	130.0
12540	-10.240453966806625	-17.36729938648164	-10.920275688171387	130.0
12559	-10.470015870656265	-17.244943022516644	-10.979222297668457	130.0
12578	-10.475581642293294	-16.963303789286748	-10.917052268981934	130.0
12599	-10.615981598089633	-17.012896579820236	-10.723423957824707	130.0
12618	-10.727622043092088	-16.957576975300796	-10.34421157836914	130.0
12637	-10.806768098996148	-16.84160110238141	-10.167919158935547	130.0
12657	-10.845591935411484	-16.649977630526184	-9.813617706298828	130.0
12675	-10.975641169499362	-16.378159660252678	-9.723018646240234	130.0
12695	-11.158658073463894	-15.920015198662604	-9.70527172088623	130.0
12716	-11.271617110823982	-15.731204170146967	-9.437202453613281	130.0
12739	-11.28562580434132	-15.693600447500161	-9.131824493408203	130.0
12754	-11.573961520282209	-15.532147417740841	-8.864139556884766	130.0
12773	-11.653941589667264	-15.17341156461074	-8.643108367919922	130.0
12792	-11.76839783658925	-15.113006034599684	-8.421478271484375	130.0
12812	-11.871309762813775	-14.834890506243449	-8.456707000732422	130.0
12836	-12.005647070332493	-14.609526190580123	-8.580912590026855	130.0
12850	-11.936963161518236	-14.36586727574268	-8.505125999450684	130.0
12871	-12.013402712955628	-14.138015220991267	-8.357481002807617	130.0
12890	-12.279806923997628	-13.855973591101895	-8.375265121459961	130.0
12910	-12.336240832109416	-13.404602178788716	-8.497023582458496	130.0
12928	-12.670858021679374	-13.231043519832154	-8.406167030334473	130.0
12948	-12.990038827091036	-12.810249855676576	-8.424741744995117	130.0
12969	-13.237003211773832	-12.610927490723293	-8.144405364990234	130.0
12987	-13.427437813340047	-12.483312827522926	-8.11121654510498	130.0
13006	-13.427437813340047	-12.483312827522926	-8.11121654510498	130.0
13026	-13.813653167002823	-12.411329337534822	-7.687961578369141	130.0
13046	-14.351502020105457	-11.99139636062819	-7.538424015045166	130.0
13065	-14.526517684064602	-11.719509647818278	-7.309722423553467	130.0
13086	-14.799240078123017	-11.44233581610308	-7.0356011390686035	130.0
13104	-14.853311360479193	-10.991192638860532	-6.801609039306641	130.0
13122	-14.825152180957259	-10.762056723072167	-6.292311191558838	130.0
13142	-14.885170632578244	-10.479353831453569	-6.278406143188477	130.0
13162	-15.086616263892541	-10.084359784072554	-5.817476749420166	130.0
13181	-15.02380967161262	-9.624420465558654	-5.761659145355225	130.0
13203	-14.894763176149883	-9.356091352274277	-5.665544509887695	130.0
13220	-15.001818305693693	-8.96343247567733	-5.387331962585449	130.0
13240	-14.977029723895019	-8.580321683388467	-5.299693584442139	130.0
13259	-15.04741566856443	-8.329192878432725	-4.961523056030273	130.0
13278	-15.361426562389937	-7.939226948842907	-5.172952651977539	130.0
13300	-15.687681176589287	-7.497095829248427	-4.951056003570557	130.0
13322	-15.701503171376146	-7.296094947528975	-4.817302703857422	130.0
13337	-16.15309473446561	-7.390662463633898	-4.516867637634277	131.0
13357	-16.614467177389518	-7.222221124349187	-4.364020824432373	131.0
13376	-16.902989902833365	-7.048005637449351	-4.366809844970703	131.0
13395	-17.216584172827208	-6.804520335344104	-4.164866924285889	131.0
13416	-17.56796844290268	-6.555628279897587	-4.0588226318359375	131.0
13434	-17.92485903651505	-6.1897402648934	-4.0522894859313965	131.0
13455	-17.911134937036984	-5.892841347874227	-3.9426894187927246	131.0
13473	-18.080737898997846	-5.581178034690346	-3.948374032974243	131.0
13493	-18.03398644867107	-5.073803330689531	-4.000508785247803	131.0
13512	-18.101805476012586	-4.7468628523504375	-4.032154560089111	131.0
13532	-18.086534105788022	-4.287718162307836	-4.067230701446533	131.0
13550	-18.412264407700853	-4.125574098541453	-4.295520782470703	130.0
13571	-18.392747078146993	-3.762425274278623	-4.437477111816406	130.0
13589	-18.330910456312655	-3.5211526611904764	-4.0385942459106445	130.0
13610	-18.627604739458043	-3.3931689637903277	-4.012506484985352	130.0
13629	-18.69967268748366	-3.1674644118696165	-3.960306406021118	130.0
13648	-18.942431103666767	-2.9425737495322606	-4.045418739318848	130.0
13668	-19.07482469498494	-2.6507776316072102	-3.9318809509277344	130.0
13691	-19.277868812981975	-2.3516783437194237	-3.816661834716797	130.0
13707	-19.37159249288387	-2.0342492839721014	-3.645754814147949	130.0
13727	-19.6605714516278	-2.017640508869529	-3.64973521232605	130.0
13746	-19.6605714516278	-2.017640508869529	-3.64973521232605	130.0
13765	-19.690844618532182	-1.866191243655878	-3.8089826107025146	130.0
13785	-19.836148504750696	-1.6442869074372615	-3.873053789138794	130.0
13803	-20.089338929098112	-1.4714416783194664	-3.989353656768799	130.0
13824	-20.29486796399405	-1.450461777924964	-3.783062219619751	130.0
13842	-20.157274083215782	-1.3986274792222628	-3.824289321899414	130.0
13862	-20.36863407370932	-1.2600746754115453	-3.762497663497925	130.0
13881	-20.207585995544118	-1.0902421133017828	-3.910358190536499	130.0
13901	-19.991791900191423	-0.9130804864245151	-3.8144848346710205	130.0
13921	-20.166571749056008	-0.7142158255751619	-3.7406792640686035	130.0
13941	-20.060448307710217	-0.5224026911193733	-3.6087355613708496	131.0
13960	-20.075317381384842	-0.2782987400460644	-3.5830445289611816	131.0
13979	-19.991367346588973	0.04800643492839771	-3.765650987625122	131.0
13999	-20.342654971357856	0.37479602878300095	-3.8644704818725586	131.0
14019	-20.291135678692306	0.17949030646652642	-3.8985064029693604	131.0
14038	-20.433059191595394	0.2369700858808711	-3.629993200302124	131.0
14057	-20.870946462106108	0.3038701754360676	-3.55329966545105	131.0
14076	-21.098698566405055	0.22103677162930277	-3.733808755874634	131.0
14096	-21.175306597460708	0.22590347015696613	-3.782961368560791	131.0
14115	-21.128983926653447	0.2619834327966326	-3.9432671070098877	131.0
14134	-21.03070806231235	0.34114872479880237	-3.8713626861572266	131.0
14155	-20.978863347877702	0.26233365555337135	-3.904236316680908	131.0
14175	-20.937050971350015	0.5249831860544362	-3.855910301208496	131.0
14192	-20.987573507988436	0.5108006556233501	-3.9908461570739746	131.0
14213	-20.781293155485677	0.5440994737351762	-4.323861598968506	131.0
14232	-20.754345661089623	0.6658038015531063	-4.381281852722168	131.0
14251	-20.90997689725884	0.6056618882657396	-4.54255485534668	131.0
14271	-20.896585005671025	0.6343263907896138	-4.696896553039551	131.0
14291	-21.10847764186133	0.5908465452871544	-4.974766731262207	131.0
14310	-20.91135129178694	0.5553355248706492	-4.709051132202148	131.0
14330	-20.983936048870287	0.6462274554884588	-4.671557903289795	131.0
14349	-20.969320315184834	0.7179540626775893	-4.77976131439209	130.0
14368	-20.92504934842372	0.9191966468166355	-4.755989074707031	130.0
14389	-20.755842633153907	0.8254999771357274	-4.675142288208008	130.0
14411	-20.812933304761785	0.947353190073037	-4.689939022064209	130.0
----------------도착----------------
14426	-20.770261040778312	1.114501069350723	-4.560530185699463	130.0
14446	-20.547078482433562	1.2130968968715816	-4.537334442138672	130.0
14466	-20.547078482433562	1.2130968968715816	-4.537334442138672	130.0
14485	-20.746674108526886	1.238624065948636	-4.783368110656738	130.0
14503	-20.772520697638335	0.9512411055797237	-4.864037990570068	130.0
14530	-20.70148935061839	0.8752832876901191	-4.620859146118164	130.0
14542	-20.72845058838258	0.789387767706565	-4.558642387390137	131.0
14562	-20.774214297612	1.0660171285768127	-4.508956432342529	131.0
14582	-20.451120802669855	1.261321329402467	-4.389126777648926	131.0
14601	-20.61113286083845	1.1071576536402998	-4.1165547370910645	131.0
14623	-20.657818351761257	1.1727827628505318	-4.024393558502197	131.0
14640	-20.586334861965092	1.2893749624007378	-4.039639472961426	131.0
14659	-20.637792754525616	1.2406325109130998	-4.134424686431885	131.0
14680	-20.796341753389687	1.2914405259616242	-4.182989597320557	131.0
14699	-20.85714959956551	1.3117813129814324	-4.008175849914551	131.0
14717	-20.95151154060098	0.9669318519578575	-4.174173355102539	131.0
14740	-21.079407056627787	0.7249035424763107	-4.152641773223877	131.0
14757	-20.905722292865953	0.8050923613312807	-4.343452453613281	131.0
14777	-20.95443401478452	0.7014198062047523	-4.371297359466553	131.0
14796	-20.90380910412167	0.43357092920507795	-4.420971393585205	131.0
14816	-20.560489227040243	0.6642134979728196	-4.357172966003418	131.0
14834	-20.606628329958127	0.678489712166547	-4.582921981811523	131.0
14854	-20.69247355663256	0.562129260864167	-4.879232406616211	131.0
14875	-20.669840027678955	0.8030750627563715	-4.573562145233154	131.0
14893	-20.654742871942496	0.9092858219076462	-4.299887657165527	131.0
14912	-20.826163039194864	0.9643675623857642	-4.2019429206848145	131.0
14932	-20.97566049412928	0.9005112115833643	-4.347440242767334	131.0
14951	-20.950251807945648	1.2222188130764162	-4.44525671005249	131.0
14971	-20.99168195036541	1.1826005475644075	-4.310610771179199	131.0
14991	-20.891664703999247	1.183294925577024	-4.329887390136719	131.0
15010	-20.894092135810386	1.0806543483985398	-4.083108425140381	131.0
15029	-20.735222894700353	0.9344793490979357	-4.2324748039245605	131.0
15048	-20.861603691465653	0.8147651916588423	-4.094081878662109	131.0
15068	-20.739083916089466	0.8399321535329558	-3.884127378463745	131.0
15087	-20.54250021235951	0.9435513801985477	-3.645723581314087	131.0
15108	-20.525511520851403	0.8611747797569859	-3.7173221111297607	131.0
15127	-20.759840298912838	0.838214321064985	-3.7631778717041016	131.0
15146	-20.759840298912838	0.838214321064985	-3.7631778717041016	132.0
15167	-20.89032541924038	0.942084139783438	-3.2831177711486816	132.0
15185	-20.945909647253075	1.1453816008903939	-3.4030628204345703	132.0
15204	-21.1301926350527	1.2885995628676503	-3.7106497287750244	132.0
15224	-21.124256839515382	1.3757877067145288	-3.9461405277252197	132.0
15242	-21.256612830631617	1.0405276707842248	-3.7832980155944824	132.0
15263	-21.22534183143285	0.9978745709214855	-4.046728134155273	132.0
15282	-21.378956044505458	0.9259648887263113	-4.265867710113525	132.0
15303	-21.278186442765534	0.9291669221331922	-4.463566780090332	132.0
15320	-21.116499925216832	0.7318193593413126	-4.563238620758057	132.0
15342	-20.85642510394988	0.837577876140868	-4.463502407073975	132.0
15359	-20.86383854894153	0.9161261243017523	-4.315262794494629	132.0
15379	-20.972349120434664	1.029947538712267	-4.138787746429443	132.0
15399	-20.805828399120152	1.1527448468330017	-4.119587421417236	132.0
15418	-20.889138920737686	1.2015477782564732	-4.102733135223389	132.0
15439	-20.922539350327764	1.1854665384959389	-4.069943904876709	132.0
15458	-21.143606313374168	1.137830067793344	-4.003931999206543	132.0
15478	-21.20762230402565	1.1893540291610696	-3.8504581451416016	132.0
15497	-21.353952691841133	0.998879956981202	-3.809396743774414	132.0
15516	-21.165580247583037	1.0717388328507864	-3.903001308441162	132.0
15535	-21.05276053736161	0.8821582713332365	-4.052103042602539	132.0
15555	-21.17218243865567	0.9084779147538142	-4.306629180908203	132.0
15573	-21.034280565478575	0.9914854828422859	-4.451263904571533	132.0
15593	-20.874696340167297	1.294408990795182	-4.5404887199401855	132.0
15613	-20.778948627503816	1.3820768443910538	-4.322973251342773	132.0
15633	-20.9882073237154	1.4487008887983073	-4.45041561126709	132.0
15652	-20.77416614018776	1.667740283248187	-4.207200050354004	132.0
15671	-20.77602511466684	1.4658169984694196	-4.133358001708984	132.0
15690	-20.916363354236754	1.4443355745806157	-3.9841501712799072	132.0
15711	-20.994784462448376	1.3560387206844104	-3.871263027191162	132.0
15730	-21.13137545994522	1.138736698908365	-3.9300131797790527	132.0
15749	-21.16807173265852	0.8075859544423316	-3.889874219894409	133.0
15769	-21.34554355534893	0.668598631260732	-3.9561591148376465	133.0
15789	-21.213472376855933	0.7184066652324304	-3.9298062324523926	133.0
15808	-21.444889488008023	0.5596385013850618	-4.2184014320373535	133.0
15827	-21.48157477628498	0.45530996698708287	-4.019140243530273	133.0
15849	-21.418095973661714	0.43384792898125796	-4.206191062927246	133.0
15867	-21.418095973661714	0.43384792898125796	-4.206191062927246	133.0
15886	-21.46192671361235	0.5421254642166925	-4.28810977935791	133.0
15905	-21.61894633908243	0.5966868163428195	-4.111865043640137	133.0
15924	-21.629611933977138	0.7256815369731048	-4.188133239746094	133.0
15943	-21.430272295065034	0.9833107583399093	-4.277010917663574	133.0
15963	-21.269581069203266	0.784338765995787	-4.2405877113342285	133.0
15983	-21.136415525227218	0.876796263284458	-4.068548202514648	133.0
16002	-21.29954183118599	1.0752868488872755	-4.012663841247559	133.0
16022	-21.267048600414647	1.2634802506086942	-3.8624510765075684	133.0
16041	-21.13198910882423	1.251225377886464	-3.622490167617798	133.0
16060	-20.963207478802715	1.0658810431295525	-3.50164532661438	133.0
16081	-20.92106661860045	0.9591360598652925	-3.472325563430786	133.0
16100	-20.97446212142977	0.7200563824042967	-3.2993836402893066	133.0
16119	-20.934759346340854	0.7120503453526421	-3.2750766277313232	133.0
16139	-21.130470097146652	0.638445088065312	-3.25712251663208	134.0
16159	-20.97314873938313	0.6700799191814641	-3.3026506900787354	134.0
16177	-21.018945424065986	0.6474683542557088	-3.4852981567382812	134.0
16198	-21.1959032703243	0.5130868286752033	-3.609619140625	134.0
16216	-21.310884459392188	0.668608421204573	-3.914365768432617	134.0
16236	-21.248130792242875	0.7967431942554191	-4.0056939125061035	134.0
16256	-21.245804051919723	0.9118711754724499	-4.157494068145752	134.0
16275	-21.44841293194092	1.0627231909577521	-4.12105131149292	134.0
16295	-21.409659389255943	1.0591903248867913	-4.108432769775391	134.0
16313	-21.506121161992734	0.9860461480107405	-4.149524211883545	134.0
16334	-21.637852341527722	0.7747551024930499	-4.005627155303955	134.0
16363	-21.451741944529264	0.8945845210758688	-3.9342029094696045	133.0
16372	-21.28822157306541	0.8886974256115874	-3.8058555126190186	133.0
16391	-21.152128704488952	1.0019531016703476	-3.707155227661133	133.0
16410	-20.8976716717072	1.1750897282948014	-3.7336630821228027	133.0
16431	-20.75822715193889	1.2102808036230983	-3.547919750213623	133.0
16450	-20.830859248638475	1.184045736974909	-3.4846107959747314	133.0
16468	-20.81224218014152	1.333067710089778	-3.6152467727661133	133.0
16488	-20.60883691971064	1.5427679238425587	-3.5964159965515137	133.0
16508	-20.74110341944871	1.5241926569459892	-3.696179151535034	133.0
16528	-20.94143959903439	1.4974611042037655	-3.4767024517059326	133.0
16546	-20.94143959903439	1.4974611042037655	-3.4767024517059326	132.0
16568	-21.060464242217336	1.3502114463158008	-3.664015769958496	132.0
16588	-21.060464242217336	1.3502114463158008	-3.664015769958496	132.0
16606	-21.17894531254874	1.2187796727514728	-3.9445881843566895	132.0
16624	-20.935717043053785	1.3624804881048596	-4.011173725128174	132.0
16643	-20.953961291814924	1.3243612540656673	-3.84106183052063	132.0
16663	-21.052507405172808	1.3260960092312473	-3.8133749961853027	132.0
16683	-20.92420272795751	1.3005119965753196	-3.626561403274536	132.0
16702	-20.783377048490355	1.3889636022809884	-3.6757731437683105	132.0
16721	-21.164028822095922	1.2818202873553215	-3.5328757762908936	132.0
16741	-21.356827756834758	1.0310542894148433	-3.5766353607177734	133.0
16760	-21.17990027779275	1.0053896595074545	-3.6122210025787354	133.0
16782	-21.310755499798116	1.039879197120984	-3.8333754539489746	133.0
16800	-21.46441407042536	1.1485925403154982	-3.8895363807678223	133.0
16819	-21.39152135395722	1.186405793725163	-3.809129476547241	133.0
16839	-21.537293082723505	1.1634369694538196	-4.093950271606445	133.0
16858	-21.590693912282745	1.1830007460785372	-3.9017913341522217	133.0
16877	-21.294324189500543	1.1178398465904675	-4.0094075202941895	133.0
16900	-21.41988920040813	1.2361945963928236	-4.133302211761475	133.0
16916	-21.608235811936144	1.3878453513367757	-4.205771446228027	133.0
16937	-21.516885206202367	1.2897793774959478	-4.392100811004639	134.0
16955	-21.35512689276834	1.1521477904296584	-4.501438140869141	134.0
16975	-21.29865011150221	1.124752958458208	-4.587667942047119	134.0
16994	-21.017552736558162	1.3269702133949715	-4.642416000366211	134.0
17014	-21.067256057030445	1.2620161834665224	-4.739675521850586	134.0
17033	-21.061794500803817	1.4069016858296948	-4.791402816772461	134.0
17053	-20.756107406703155	1.5852532107642114	-4.562722206115723	134.0
17072	-20.82826903848163	1.4981317608759541	-4.570818901062012	134.0
17091	-20.791539307253082	1.4575924267159965	-4.576703071594238	134.0
17111	-20.73074807636505	1.490967438003137	-4.649297714233398	134.0
17136	-20.86332669164468	1.529019423412642	-4.712734699249268	134.0
17149	-21.09372705849198	1.3643423401093544	-4.522335052490234	135.0
17169	-20.98737608367602	1.316088963875707	-4.585968971252441	135.0
17188	-20.946316938896597	1.4981707269208635	-4.3425140380859375	135.0
17208	-21.152946150352857	1.3377693391329832	-4.434844970703125	135.0
17228	-21.080189466504482	1.3059313546099087	-4.3501434326171875	135.0
17248	-21.184983731778537	1.3843865740711065	-4.028629779815674	135.0
17266	-21.222917551013026	1.3077120011024994	-3.981771469116211	135.0
17287	-21.232847778770875	1.0634610781127098	-3.903038740158081	135.0
17306	-21.232847778770875	1.0634610781127098	-3.903038740158081	135.0
17325	-21.2005779881049	1.0583764474496615	-3.8365638256073	135.0
17344	-21.237315110147907	1.0363451442608236	-3.751295328140259	134.0
17364	-21.35856810428576	0.8389703556378687	-3.8926584720611572	134.0
17383	-21.263252789835256	0.6524111766911453	-4.078858375549316	134.0
17403	-21.26805601770064	0.6867142651664075	-3.950005292892456	134.0
17421	-21.208981921728792	0.7854155612637114	-4.174930572509766	134.0
17441	-21.342911585143995	0.7410729202228018	-4.255471706390381	134.0
17461	-21.32674275545039	0.8241362910315309	-4.0646257400512695	134.0
17480	-21.200092017726664	0.7428898287883053	-4.019590854644775	134.0
17501	-21.18424432396524	0.9050416987854709	-4.181071758270264	134.0
17520	-21.115468222723145	0.9216579717612566	-4.37149715423584	134.0
17539	-21.15801969361267	1.1319571849856473	-4.180549144744873	134.0
17558	-21.29104787380921	1.2236071215778561	-4.149600505828857	134.0
17577	-21.36510910191316	0.9521963346786118	-3.7316081523895264	134.0
17597	-21.25965020423057	1.1466800067877085	-3.4071707725524902	134.0
17625	-21.272663986114576	1.3463745328971468	-3.3693838119506836	134.0
17637	-21.459161324673968	1.2826935995044157	-3.3604867458343506	134.0
17657	-21.4826952785533	1.3214710342835048	-3.632193088531494	134.0
17675	-21.464517876730138	1.3975309923247996	-3.6779403686523438	134.0
17695	-21.32073639464574	1.2982782595777649	-4.023419380187988	134.0
17714	-21.104126638776467	1.3205766266260677	-4.147396087646484	134.0
17733	-21.122164935901385	1.4573267594269992	-4.453189849853516	134.0
17752	-21.140463215883877	1.4021301404648283	-4.280958652496338	134.0
17773	-21.210260410526534	1.366494557394407	-4.221530437469482	134.0
17792	-21.148761460410363	1.3548615963554047	-3.839709997177124	134.0
17812	-21.209947038349448	1.0814113941274548	-3.606074333190918	134.0
17831	-21.176884010298	0.9810353082219155	-3.6933095455169678	134.0
17850	-21.28206965048393	1.1430549179380376	-3.670612096786499	134.0
17870	-21.18202102164265	1.1755451715613903	-3.8246583938598633	134.0
17889	-21.1287484012047	1.1807881496250887	-3.4953067302703857	134.0
17908	-21.13358481910237	1.1609443903277714	-3.622140407562256	134.0
17927	-21.17351158718311	0.9616069251562551	-3.7212605476379395	134.0
17947	-21.303045921798542	0.923035741198387	-3.9033150672912598	134.0
17969	-21.2732154449352	1.1413214046105205	-3.771841049194336	134.0
17990	-21.2732154449352	1.1413214046105205	-3.771841049194336	134.0
18007	-21.373087519190882	1.1266024876230174	-3.5000040531158447	134.0
18025	-21.35111932035953	1.0129053205663237	-3.528637170791626	134.0
18044	-21.386847519803773	1.0185045472935053	-3.5795516967773438	134.0
18063	-21.380634191504967	1.0952253251629505	-4.007637023925781	134.0
18083	-21.186719263874316	1.1101118709537596	-4.039996147155762	134.0
18103	-21.14619476877498	1.3106105229928404	-3.7642745971679688	134.0
18123	-21.21891338976822	1.408880005229975	-3.686643600463867	134.0
18143	-21.09886571553113	1.2629770700857323	-3.7707033157348633	135.0
18161	-21.10231673206054	1.3705526483812476	-3.962641716003418	135.0
18181	-21.154219649373573	1.3474511327281875	-3.9621405601501465	135.0
18200	-21.12276839247244	1.2482729232273277	-4.268059730529785	135.0
18223	-21.09165286711323	1.1952805582040347	-4.333191871643066	135.0
18239	-21.14079733680424	1.3007737843326137	-4.341402053833008	135.0
18259	-21.020299867643157	1.3710739308597395	-4.232710838317871	135.0
18278	-21.05127731283966	1.3470317399944733	-4.083860874176025	135.0
18298	-21.288015893499633	1.2990863991950534	-3.5743441581726074	135.0
18318	-21.28167750817677	0.9841584554590379	-3.5408401489257812	135.0
18337	-21.15490346266772	1.066379729338042	-3.6273484230041504	135.0
18357	-21.232968514913928	1.1230155508733464	-3.6188602447509766	135.0
18375	-21.203924589266112	1.0550461812609069	-3.777617931365967	135.0
18395	-21.321637305650608	0.7327613541289799	-3.9103810787200928	135.0
18414	-21.49733697499605	0.5018938459685052	-4.278735160827637	135.0
18434	-21.407157790354198	0.5383973884512903	-4.566396236419678	135.0
18455	-21.30624626373304	0.7234366966075959	-4.631077766418457	135.0
18472	-21.295682993923336	1.1248711383368444	-4.356655597686768	135.0
18493	-21.584795024701833	0.9313295998887088	-4.056748867034912	135.0
18511	-21.514719839566645	0.8328794819380582	-3.7896997928619385	135.0
18531	-21.50367945344457	0.8486143822230683	-3.243056297302246	135.0
18550	-21.60499065930239	0.9844094721557979	-3.276707649230957	135.0
18573	-21.58502582996351	1.0797070028725047	-3.382359504699707	135.0
18589	-21.381672469921387	1.1987124472781396	-3.6079251766204834	135.0
18608	-21.252319797264956	1.3087541185493765	-3.7382655143737793	135.0
18628	-21.205571006527556	0.9842062927193761	-3.611243486404419	135.0
18647	-21.131615143271727	1.0161020192062682	-3.1763594150543213	135.0
18668	-21.396470942949268	0.8769537147356552	-2.9356422424316406	135.0
18689	-21.556084963824606	0.7860000837713097	-3.68234920501709	135.0
18707	-21.425843608539907	0.8514491856718279	-4.034604072570801	135.0
18727	-21.33023145571682	0.9260442134920633	-3.9327189922332764	135.0
18744	-21.33023145571682	0.9260442134920633	-3.9327189922332764	135.0
18764	-21.512324309187303	0.7033006647470034	-3.698542833328247	135.0
18784	-21.65323021387993	0.636984580385304	-3.6225414276123047	135.0
18802	-21.79365807763307	0.6898551574228559	-3.4950084686279297	135.0
18822	-21.86749538456538	0.7424753389438166	-3.3231236934661865	135.0
18842	-21.856001436865224	0.8180604266778903	-3.3784725666046143	135.0
18862	-21.60431075465772	0.9609618630756435	-3.4915661811828613	135.0
18881	-21.591078825772794	0.8572213726825635	-3.539522886276245	135.0
18900	-21.60654344381069	0.8058967286511298	-3.6014301776885986	135.0
18920	-21.549917272762897	0.9475833228424572	-3.410135507583618	135.0
18940	-21.54250923097975	0.893064470493652	-3.417875289916992	136.0
18959	-21.536388018975288	0.9607525063156334	-3.6947813034057617	136.0
18978	-21.592525055510162	1.1370689649075645	-4.250209331512451	136.0
18998	-21.5455795461843	1.1918765734385601	-4.45635986328125	136.0
19017	-21.664262534981003	1.1965098271946473	-4.631874084472656	136.0
19038	-21.842369907248695	1.33318151600712	-4.674427032470703	136.0
19056	-21.989942410034356	1.259303324379268	-4.715385437011719	136.0
19076	-22.203507727793294	1.2531011975000361	-4.782408714294434	136.0
19095	-22.149777385701015	1.3088904168182944	-4.899186611175537	136.0
19114	-22.060059209423095	1.3334315896735083	-4.774089336395264	136.0
19134	-21.974520873262655	1.1433220309080603	-4.515119552612305	136.0
19154	-21.88073439203412	1.182416198261737	-4.507312774658203	136.0
19175	-21.99225447861145	1.0673012870418384	-4.456467628479004	136.0
19192	-21.98336832795258	0.9768174095638806	-4.4198198318481445	136.0
19212	-21.817336135903577	0.9312083221128592	-4.5291571617126465	136.0
19231	-21.622643569206982	1.0162714196454852	-4.789024829864502	136.0
19250	-21.696107114831513	1.1410288103574	-4.778451442718506	136.0
19271	-21.633815703795996	1.3044813616703799	-4.977738857269287	136.0
19293	-21.592506086310333	1.496595408726707	-4.734878063201904	136.0
19309	-21.545342156305562	1.4516348292082446	-4.419083595275879	136.0
19328	-21.34578001832238	1.5002506080147486	-4.165069580078125	136.0
19348	-21.152883688244334	1.5016479093784352	-4.103464126586914	136.0
19369	-21.18789894008394	1.5139534153105347	-4.011196613311768	136.0
19388	-21.181109918096126	1.4601516944449924	-3.8093245029449463	136.0
19408	-21.086482084375568	1.2601583510167544	-3.6308836936950684	136.0
19426	-21.086482084375568	1.2601583510167544	-3.6308836936950684	136.0
19447	-21.205875950331095	1.1846004398640642	-3.544034481048584	136.0
19464	-21.33954694242895	1.0961119229153014	-3.5709333419799805	136.0
19484	-21.31091301936895	0.9683921520109502	-3.6579322814941406	136.0
19504	-21.052231222935507	0.9081101452779776	-3.8649046421051025	136.0
19523	-20.946457168059588	1.031552441415706	-4.191704750061035	136.0
19543	-20.937763830495243	0.9657391036109123	-4.3047285079956055	136.0
19562	-20.947083916553566	0.9320223791794053	-4.193464279174805	136.0
19581	-21.147643429755636	1.0026972611605882	-4.336268424987793	136.0
19601	-21.22288450567004	1.1729063808223816	-4.292574405670166	136.0
19620	-21.147743917390457	1.243568104151783	-4.185734748840332	136.0
19640	-21.340079417658107	1.5058417455258102	-3.895439386367798	136.0
19661	-21.60283506813272	1.5650312732865312	-3.954150438308716	136.0
19679	-21.840372173310026	1.4140967963705169	-3.986168146133423	136.0
19699	-21.81201308429198	1.4612652470263883	-3.9253969192504883	136.0
19718	-21.79635500920823	1.5786699050143322	-3.968423843383789	136.0
19737	-21.672178237076416	1.5125717135814765	-4.125739097595215	136.0
19757	-21.6723238994606	1.3212213844067187	-4.320557594299316	136.0
19776	-21.669238927477185	1.2132058773484735	-4.4858598709106445	136.0
19796	-21.722097454816538	1.04361779933208	-4.632556915283203	136.0
19816	-21.6894769402229	0.9121433442255017	-4.764342784881592	136.0
19835	-21.64166787399559	0.994414523813883	-4.551243305206299	136.0
19854	-21.60570738565827	1.062964442174685	-4.398975372314453	136.0
19873	-21.81437268846696	0.9054730120565085	-4.12398099899292	136.0
19892	-21.75532581150348	1.0113466724882638	-3.5546364784240723	136.0
19912	-21.636902516626964	0.8967487742867032	-3.3778772354125977	136.0
19932	-21.57036286986738	0.7591442662882922	-3.241633653640747	136.0
19951	-21.448479453877685	0.7766377227938736	-3.403787136077881	136.0
19970	-21.328033391520638	0.7542040970483092	-3.5959367752075195	136.0
19990	-21.076774139769032	0.7372125872073981	-4.216179847717285	136.0
20009	-21.09598837886133	0.8156051093025565	-4.351753234863281	136.0
20028	-20.962552195268188	0.9496751932453744	-4.394847393035889	136.0
20048	-21.04406049475539	1.0047694734467745	-4.509991645812988	136.0
20068	-21.07707370029005	1.1291852133534297	-4.301541328430176	136.0
20088	-21.17667468511588	1.4795612493923977	-4.186408042907715	136.0
20106	-21.14965024434885	1.4708093180750905	-3.780015707015991	136.0
20127	-21.30934651309007	1.4554905920598105	-3.6619410514831543	136.0
20146	-21.30934651309007	1.4554905920598105	-3.6619410514831543	135.0
20165	-21.220633408117358	1.3497613166163867	-3.414865493774414	135.0
