8	-52.01996390782927	-0.21799364098437568	-18.7381591796875	163.0
28	-52.09591253254412	-0.23345852005100717	-18.443519592285156	163.0
47	-52.29179890767045	-0.35818430101403154	-17.73558807373047	163.0
67	-52.346477520393286	-0.5330345580014432	-17.280920028686523	163.0
86	-52.446692501473436	-0.6936982647803839	-16.78836441040039	166.0
106	-52.253143268046	-0.6699610183163082	-17.12158203125	166.0
125	-52.21025110448754	-0.8321231506676079	-17.51042938232422	166.0
145	-52.23894564081977	-0.6731857956079469	-18.270545959472656	166.0
164	-52.169729532093854	-0.5566692639634845	-18.608644485473633	166.0
183	-52.04340890568343	-0.5683216994441028	-18.87053871154785	166.0
202	-52.23957176115643	-0.544837869792542	-18.91250991821289	166.0
223	-52.2773357978292	-0.3002582767667935	-18.887983322143555	166.0
244	-52.35750654198975	-0.2099990702462012	-18.53239631652832	166.0
262	-52.576644947658984	-0.36249517252800484	-17.696393966674805	166.0
280	-52.52534145139052	-0.21829752260107554	-17.09400177001953	169.0
300	-52.557083424631514	-0.38225677102121525	-16.99508285522461	169.0
320	-52.43235985439288	-0.42962466831168683	-16.882404327392578	169.0
339	-52.39894045783066	-0.2629998672903957	-16.847806930541992	169.0
362	-52.17646705790371	-0.15952621402242348	-17.133283615112305	169.0
379	-52.081647296166594	-0.18698443632126438	-17.39071273803711	169.0
399	-52.03120113084026	-0.008718139255775505	-17.875581741333008	169.0
417	-51.67985714137581	-0.018284558235622802	-18.27680778503418	169.0
437	-51.67985714137581	-0.018284558235622802	-18.27680778503418	169.0
456	-51.6556326081251	-0.11899998946327532	-18.807125091552734	169.0
476	-51.8373084381936	-0.21052939977880045	-18.5249080657959	172.0
497	-52.25317288327753	-0.07926955107246038	-18.43235969543457	172.0
514	-52.27878050580349	-0.06591980619439108	-18.099777221679688	172.0
534	-52.1221765344128	0.07673520030188316	-17.7871150970459	172.0
553	-51.996823227875545	0.06580693275827908	-17.6984920501709	172.0
573	-51.98425472547974	-0.039504179100404956	-17.680145263671875	172.0
592	-52.35396817062698	0.01750291206249421	-17.728466033935547	172.0
613	-52.46722327493955	0.04615354109386847	-17.8330078125	172.0
631	-52.379670097598584	0.1530626062483101	-17.92838478088379	172.0
650	-52.05952343758934	0.10122839898724334	-18.241506576538086	172.0
669	-52.2334928673909	0.010634216877113311	-18.61379623413086	172.0
690	-52.59027462614541	-0.024937511550445112	-19.070693969726562	172.0
710	-52.681289678797455	0.14083914493332098	-19.309385299682617	172.0
730	-52.859427147458945	0.011988102829531834	-19.40901756286621	172.0
747	-52.570898946204046	-0.07309255322577951	-19.210670471191406	172.0
769	-52.73612667709025	-0.13604377037113186	-18.68515968322754	172.0
787	-52.82981951411239	-0.02503733445241768	-18.145292282104492	172.0
806	-52.97744715403678	-0.15306648787500338	-18.003135681152344	172.0
828	-52.75855691801518	-0.2554238778258565	-17.879213333129883	172.0
847	-52.538125049990654	-0.31667924694912297	-17.79034423828125	172.0
867	-52.326697215003136	-0.27449670582170815	-17.95052719116211	172.0
884	-52.06308870489035	-0.05287536804964747	-18.07693099975586	172.0
904	-52.09932757372739	0.13209338822361735	-17.936206817626953	172.0
923	-51.98343135158656	0.07592421157200678	-17.80567169189453	172.0
942	-51.894300453748635	-0.06959864795845629	-17.819730758666992	172.0
963	-51.76459319042115	0.09546989029523835	-17.56757354736328	172.0
981	-51.80265371096345	0.04082059096291616	-17.626853942871094	172.0
1000	-51.86520785490781	-0.04902383616738292	-17.55278968811035	172.0
1020	-51.952552784379336	-0.06259150442589165	-17.5622501373291	172.0
1039	-51.939031119464424	0.017488303499550262	-17.555204391479492	172.0
1060	-52.04272783458172	-0.17456699585082633	-17.749685287475586	172.0
1078	-51.73146391801925	-0.16320121424071002	-17.868114471435547	172.0
1099	-51.651250617614465	-0.20549558780379668	-17.743423461914062	172.0
1117	-51.92451523121929	-0.4565576718494965	-17.686264038085938	172.0
1136	-52.079414857725524	-0.36600300218590304	-17.514429092407227	172.0
1157	-51.97815556270566	-0.2463582709759403	-17.74382781982422	172.0
1176	-51.97815556270566	-0.2463582709759403	-17.74382781982422	172.0
1196	-52.029068664410175	-0.3755290901616429	-17.917484283447266	172.0
1215	-51.97820748799305	-0.48765565204547984	-18.169864654541016	172.0
1234	-52.0039590997689	-0.6117209708456619	-18.179636001586914	172.0
1253	-52.20292055835647	-0.579145017588547	-18.292295455932617	172.0
1273	-52.18858655269124	-0.5247664192027582	-18.135540008544922	172.0
1293	-52.016563503731355	-0.46659237144197685	-18.263309478759766	172.0
1312	-51.914245671686366	-0.5344248987702314	-18.43437385559082	172.0
1332	-51.78477222057556	-0.6963382801226428	-18.483572006225586	172.0
1350	-51.787778288218576	-0.6780371580152956	-18.54684829711914	172.0
1370	-51.836581310452594	-0.793199133666808	-18.472898483276367	172.0
1390	-51.831863275176694	-0.5254595515313658	-18.419078826904297	172.0
1409	-52.03382694534607	-0.426700948527206	-18.22455596923828	172.0
1436	-52.22413672181474	-0.32514436048902695	-18.352703094482422	172.0
1448	-52.220106520888564	-0.2423156814691559	-18.237560272216797	172.0
1468	-52.19313796145922	-0.25882617951408365	-18.291616439819336	169.0
1487	-52.13936269588494	-0.015147850886796594	-18.344945907592773	169.0
1508	-52.0838907933571	0.13224115008011866	-18.43758201599121	169.0
1527	-51.806697341319094	0.45170709363208755	-18.49884033203125	169.0
1546	-51.8582280838976	0.40907615117010043	-18.45310401916504	169.0
1567	-51.726974802801024	0.4011063889628442	-18.237173080444336	169.0
1585	-51.796949985501286	0.28776356016698995	-18.04361343383789	169.0
1604	-51.93400391120602	0.18129858883323968	-18.090917587280273	169.0
1623	-51.99685469574334	0.1560524090908974	-18.069725036621094	169.0
1643	-52.054801517604155	0.12522660461189158	-18.416473388671875	169.0
1663	-51.855806786328216	0.023071996783862615	-18.47500991821289	169.0
1683	-52.10815281956396	-0.08931887115430377	-18.683486938476562	166.0
1701	-52.17032489321768	0.020825465439746043	-18.781818389892578	166.0
1720	-52.15363937657101	0.21082105927158193	-18.73602867126465	166.0
1740	-52.18943641389572	0.14849040268782424	-18.574373245239258	166.0
1760	-52.03852362599886	0.015138204275949689	-18.432720184326172	166.0
1778	-52.0459651252181	0.061999952999507904	-18.42300033569336	166.0
1798	-51.94419670883276	0.08072084819158025	-18.221345901489258	166.0
1817	-51.78885607273995	0.26220770334657506	-18.402664184570312	166.0
1837	-51.67431715411251	0.22086217759369844	-18.302433013916016	166.0
1856	-51.67431715411251	0.22086217759369844	-18.302433013916016	166.0
1876	-51.59886840440884	-0.0214434988619104	-18.6744441986084	163.0
1896	-51.59886840440884	-0.0214434988619104	-18.6744441986084	163.0
1916	-51.59832131830992	0.02849049873507854	-18.508996963500977	163.0
1934	-51.60086519963606	0.15755766013617536	-18.392852783203125	163.0
1953	-51.42581129335854	0.08759307945925553	-18.414806365966797	163.0
1973	-51.50178355221339	0.11384833559508582	-18.334091186523438	163.0
1992	-51.65395409941243	0.013722100754515824	-18.06931495666504	163.0
2012	-51.640417894396116	0.23718691391233207	-17.97628402709961	163.0
2032	-51.4011277507834	0.20411719317258767	-18.388368606567383	163.0
2052	-51.256375726965544	0.46061109262838335	-18.452360153198242	163.0
2070	-51.22028150578412	0.6435939617542845	-18.47688865661621	163.0
2091	-51.19210484322676	0.6034627024538582	-18.33866310119629	163.0
2110	-51.188565177450165	0.9306013947307575	-18.291934967041016	163.0
2129	-51.062698193234425	0.8183779252400682	-18.692916870117188	163.0
----------------출발----------------
2148	-51.26546793631515	0.7194695357165047	-18.600078582763672	163.0
2167	-51.60717359096834	0.8885396267684137	-18.108863830566406	163.0
2188	-51.59080680032216	1.2797381368855127	-18.163490295410156	163.0
2207	-51.396682618186595	1.1643616037136808	-18.384044647216797	163.0
2226	-51.4133476638034	0.9662680521231586	-18.59269142150879	163.0
2246	-51.38623745118351	0.9225798175577823	-18.731670379638672	163.0
2268	-51.463116132618275	0.7803046269610588	-18.587427139282227	163.0
2293	-51.461595464982686	1.0849019385147156	-18.54982566833496	163.0
2304	-51.30255324890891	1.2855853034141769	-18.71159553527832	163.0
2323	-51.08162191953712	1.5172881577164075	-18.95473289489746	163.0
2343	-51.06140688682156	1.3989817153871014	-19.0447998046875	163.0
2362	-51.16678989092637	1.2700864522640776	-19.18806266784668	163.0
2382	-50.950466523418584	1.412906460118522	-19.208599090576172	163.0
2403	-51.08200839247043	1.3536473840810794	-19.33780860900879	163.0
2421	-51.00566707231942	1.516554705885009	-19.15262794494629	163.0
2440	-51.17656148866518	1.5127032258035047	-19.071929931640625	163.0
2460	-51.33836593101013	1.7271503600568079	-18.89674186706543	163.0
2479	-51.3977549609499	1.6366378700624735	-18.806276321411133	160.0
2497	-51.38994946874274	1.6318067607719358	-18.944889068603516	160.0
2517	-51.419870869043024	1.7834422132061127	-19.196788787841797	160.0
2537	-51.497303170662335	1.820096348828336	-19.195859909057617	160.0
2557	-51.350706541936795	2.0073915191024594	-19.283042907714844	160.0
2577	-51.29934816949323	1.9042458236805915	-19.459821701049805	160.0
2598	-51.0828145280787	1.9820100608387208	-19.19752311706543	160.0
2616	-51.0828145280787	1.9820100608387208	-19.19752311706543	160.0
2639	-51.14015612634956	1.814882695652175	-19.17742347717285	160.0
2653	-50.97631121952477	1.8814212421074754	-19.230016708374023	160.0
2673	-50.8335933931739	2.074516050064078	-19.15675163269043	163.0
2701	-50.66727270492452	2.137040170278044	-19.025070190429688	163.0
2712	-50.671535898181745	1.979323785869341	-19.30403709411621	163.0
2733	-50.69418180001873	1.9164997394962822	-19.343902587890625	163.0
2752	-50.828981106753744	1.9193855655123226	-19.5021915435791	163.0
2773	-50.87543097723097	2.0455852108949752	-19.7094669342041	163.0
2791	-50.89993374817902	2.2222168783774965	-19.668127059936523	163.0
2809	-51.013321453367254	2.1606751260104624	-19.63800048828125	163.0
2830	-50.96165387950951	2.2675049701966126	-19.655364990234375	163.0
2849	-51.014868088326935	2.1572318616036803	-19.5300235748291	163.0
2868	-51.2021571310765	2.1158758907408406	-19.195934295654297	166.0
2887	-51.254347488594235	2.211733982025494	-19.213380813598633	166.0
2908	-51.14019183203748	2.401484113055145	-19.46296501159668	166.0
2927	-51.18813581319476	2.477401375159309	-19.60492706298828	166.0
2946	-51.04347794656251	2.3133480914320854	-19.596473693847656	166.0
2965	-51.16146916840822	2.2994038074167724	-19.739517211914062	166.0
2986	-51.48850326523343	2.192370364410899	-19.7277774810791	166.0
3004	-51.663855687673	2.3735108731824273	-20.06168556213379	166.0
3024	-51.47603453577495	2.5588391227699985	-20.405839920043945	166.0
3043	-51.53243630947317	2.5190320793933	-20.578868865966797	166.0
3063	-51.57793630403717	2.574103618970648	-20.644651412963867	166.0
3082	-51.710775886380794	2.3952733345479196	-20.792190551757812	169.0
3102	-51.739190693842524	2.499119930070102	-21.033985137939453	169.0
3120	-51.55912846084103	2.629631076878343	-21.247236251831055	169.0
3141	-51.631655898008916	2.4902267837192915	-21.54657745361328	169.0
3161	-51.62316044403804	2.2587962467617673	-21.34967613220215	169.0
3180	-51.71482081549756	1.9944236399888542	-21.177684783935547	169.0
3199	-51.7615956575966	1.8426720731150648	-21.108091354370117	169.0
3218	-51.84429155035309	1.5928786071307137	-21.108686447143555	169.0
3237	-51.97637547546198	1.6262805887784157	-21.279199600219727	169.0
3256	-51.89166243092103	1.5936202464949893	-21.556066513061523	169.0
3276	-52.028982021950966	1.500787351875527	-21.508573532104492	172.0
3297	-51.80950133662265	1.6474789599916415	-21.28037452697754	172.0
3316	-51.80950133662265	1.6474789599916415	-21.28037452697754	172.0
3336	-51.926153321472135	1.5004829889401974	-21.55804443359375	172.0
3358	-51.81103952099503	1.5449907035958603	-21.697446823120117	172.0
3374	-51.90311425919653	1.675040439490547	-22.020029067993164	172.0
3393	-51.77224271850906	1.9288674477653447	-22.394622802734375	172.0
3413	-51.52383062285416	1.9364600985665088	-22.63225746154785	172.0
3432	-51.45742172448133	1.9868350238432033	-22.488666534423828	172.0
3452	-51.37575167558427	1.874261067470753	-22.269397735595703	172.0
3475	-51.518033272852364	1.543866900182765	-22.81439781188965	172.0
3491	-51.17108511963636	1.626691532053321	-22.60200309753418	172.0
3509	-51.27777679709752	1.5448540671723328	-22.909011840820312	172.0
3529	-51.070108722565045	1.5307612131517878	-23.0535888671875	172.0
3550	-51.26715614247182	1.171919898461782	-23.0391902923584	172.0
3568	-51.228218232173	1.2031283440963962	-23.055509567260742	172.0
3590	-51.41432245662417	0.8019691261081406	-23.16684913635254	172.0
3607	-51.5128159710045	0.760755016638744	-23.265249252319336	172.0
3627	-51.48903126584251	0.7086570702772356	-22.76812171936035	172.0
3647	-51.46711887917748	0.6213488728696545	-23.139209747314453	172.0
3666	-51.44237962552224	0.5916410399349066	-23.168609619140625	172.0
3685	-51.423179751109885	0.5270927662693884	-23.3564510345459	172.0
3707	-51.09582140924395	0.6737740355904633	-23.756038665771484	172.0
3726	-50.648305287054924	0.6250276990183176	-23.948511123657227	172.0
3744	-50.25807916072981	0.8015111746027828	-24.0485897064209	172.0
3763	-50.186892177309595	0.6165837774679501	-24.066152572631836	172.0
3783	-50.16919067713784	0.39850118806897666	-24.13724708557129	172.0
3802	-50.35492272517994	0.3392561431938367	-23.965579986572266	172.0
3821	-50.03632740919648	0.17451589357465014	-24.147762298583984	172.0
3841	-49.64972295772253	0.13415571032351506	-24.130033493041992	172.0
3860	-49.43217985939691	0.23731818246339034	-24.111557006835938	172.0
3879	-49.69780418791688	0.1067657244033901	-24.114110946655273	169.0
3899	-49.756749336936075	-0.11841885356628813	-24.40182876586914	169.0
3919	-49.58471264040015	-0.2958246000942087	-24.570383071899414	169.0
3938	-49.312774266046546	-0.5258688575931898	-24.628494262695312	169.0
3957	-48.95648039918581	-0.7117075478517917	-24.74268341064453	169.0
3980	-48.94856029823664	-0.8065719424924176	-24.86704444885254	169.0
3998	-48.757475071155	-1.1845532150103129	-25.40567398071289	169.0
4017	-48.414274425930266	-1.3441501799883726	-25.905061721801758	169.0
4036	-48.414274425930266	-1.3441501799883726	-25.905061721801758	169.0
4056	-48.316812543520165	-1.317953322770032	-26.014223098754883	169.0
4080	-48.35043032453579	-1.3978140305811217	-25.58355712890625	172.0
4094	-48.45992931696913	-1.5013255992554857	-25.423328399658203	172.0
4113	-48.57180715952187	-1.4134465762741706	-25.5406436920166	172.0
4132	-48.6036511826272	-1.7945272497421132	-25.770511627197266	172.0
4154	-48.344695404204764	-2.045438310059663	-26.035812377929688	172.0
4172	-48.287790303345574	-1.9462723778822053	-26.401472091674805	172.0
4194	-48.39935849168404	-2.2445918192692385	-26.78298568725586	172.0
4210	-48.15451497629493	-2.6865505430379857	-26.98080825805664	172.0
4229	-48.123691120758764	-2.919593666018884	-27.258892059326172	172.0
4249	-48.134835989636855	-3.072931666124924	-27.374874114990234	172.0
4270	-48.01423978211424	-3.390029056900433	-27.812068939208984	172.0
4288	-48.08100169002108	-3.4055203130869396	-28.276763916015625	172.0
4307	-48.228345447704825	-3.5117359491162876	-28.737382888793945	172.0
4327	-48.31280019933801	-3.666501719020992	-28.82710075378418	172.0
4347	-48.23706092408083	-3.772831867131292	-28.788896560668945	172.0
4366	-48.39576512855294	-3.7090896456378966	-28.880672454833984	172.0
4386	-48.60964845305561	-3.965768227908335	-28.849424362182617	172.0
4406	-48.35134420518956	-4.228959214923918	-29.31056022644043	172.0
4427	-48.068902827647214	-4.371278226331601	-29.636568069458008	172.0
4446	-47.864326615541955	-4.480225895036219	-29.565528869628906	172.0
4464	-47.92022227425148	-4.470437658540219	-29.457761764526367	172.0
4483	-47.88182641076112	-4.75351355386009	-29.385421752929688	169.0
4502	-48.17852983453175	-5.002338604545789	-29.24437141418457	169.0
4521	-48.14774378277634	-5.090889636031348	-29.56422233581543	169.0
4542	-47.95365602760947	-5.272319862649409	-30.0529842376709	169.0
4560	-48.03958010250171	-5.404382823057493	-30.339679718017578	169.0
4580	-48.153644688125	-5.476112889446669	-30.314115524291992	169.0
4599	-48.275575327160624	-5.73940192329442	-30.365148544311523	169.0
4618	-48.41106039619456	-5.955883645425055	-30.64694595336914	169.0
4638	-48.49039443294708	-5.967275499850436	-30.954071044921875	169.0
4657	-48.3138936972067	-6.061077157641722	-31.490694046020508	169.0
4677	-48.331475934931596	-6.339554573234178	-31.72709083557129	166.0
4697	-48.62750458069746	-6.231148615352812	-31.607450485229492	166.0
4718	-48.88462827354527	-6.319406188114895	-31.564430236816406	166.0
4737	-48.88462827354527	-6.319406188114895	-31.564430236816406	166.0
4757	-49.17137092340352	-6.8287634430117405	-31.732078552246094	166.0
4776	-49.27767852951483	-7.187686727850859	-32.21006774902344	166.0
4798	-49.11505920656364	-7.564552215493801	-32.25595474243164	166.0
4815	-49.206547543323964	-7.61678542766367	-32.39319610595703	166.0
4833	-49.33070000208942	-7.650269745426091	-32.46434783935547	166.0
4853	-49.60982670571846	-7.754412136864798	-32.5001220703125	166.0
4872	-49.845606327865255	-8.003934794492583	-32.32151794433594	163.0
4891	-50.09810523617371	-8.515861575427271	-32.2327880859375	163.0
4910	-50.34699569139767	-8.691178966305213	-31.99744987487793	163.0
4931	-50.56985519942751	-8.875098830994867	-31.789098739624023	163.0
4952	-50.79117256776657	-9.160494901367265	-31.81661605834961	163.0
4970	-50.79385056436475	-9.453008496438809	-31.607019424438477	163.0
4989	-50.77439050448436	-9.782023832564665	-31.350688934326172	163.0
5008	-50.89440122739231	-10.04089347388025	-31.25266456604004	163.0
5030	-51.01980949786335	-10.524066326099932	-31.17926597595215	163.0
5048	-51.09906310159775	-10.722032997249288	-30.837141036987305	163.0
5068	-51.05571554833514	-11.137530882651241	-30.914653778076172	163.0
5085	-50.93390278190741	-11.25341464597495	-31.101478576660156	163.0
5106	-50.98221814490914	-11.277689853311486	-30.931806564331055	163.0
5125	-51.305118837691275	-11.41649146762633	-30.502872467041016	163.0
5147	-51.85874595634141	-11.597376889850468	-29.849552154541016	163.0
5165	-52.071232932985936	-11.991638077415347	-28.98974609375	163.0
5184	-52.25489680004316	-12.4057198339791	-28.158184051513672	163.0
5203	-52.42041922482857	-12.563418142650074	-27.470474243164062	163.0
5223	-52.36904715207795	-12.81530741997509	-26.919343948364258	163.0
5242	-52.120438353158654	-13.034384124327907	-26.272830963134766	163.0
5262	-51.79145656232313	-13.289027310885034	-25.93791389465332	163.0
5281	-51.238373653668596	-13.357309045913727	-25.8042049407959	160.0
5300	-50.827407616672765	-13.594889053625506	-25.55846405029297	160.0
5319	-50.60078909951126	-13.836926650035245	-25.126218795776367	160.0
5339	-50.12308467719303	-13.930723637777096	-24.597023010253906	160.0
5358	-49.72261873986475	-14.30463257314923	-23.919466018676758	160.0
5377	-49.23085046321065	-14.283741908488286	-23.915660858154297	160.0
5397	-48.78731030693844	-14.225610603879025	-23.791458129882812	160.0
5417	-48.61871364337071	-14.268721303006291	-23.369571685791016	160.0
5437	-48.281361534964105	-14.477409296846453	-22.935100555419922	160.0
5456	-48.281361534964105	-14.477409296846453	-22.935100555419922	160.0
5476	-48.002041697452576	-14.735406238317072	-22.456783294677734	160.0
5495	-47.55291389436807	-14.931596875553003	-22.18372917175293	160.0
5516	-47.10287037745045	-15.0538884910831	-22.176706314086914	160.0
5533	-46.31908327302085	-15.315532713764592	-22.357900619506836	160.0
5553	-45.899777491602144	-15.315177504799523	-22.438934326171875	160.0
5572	-45.61318676546513	-15.437124841466668	-22.684432983398438	160.0
5591	-44.9190783578139	-15.710946268837729	-22.661386489868164	160.0
5611	-44.84114179797925	-16.14310606247474	-22.247697830200195	160.0
5633	-44.550543097704264	-16.218158498088716	-22.008575439453125	160.0
5654	-44.27424999352582	-16.0637351826088	-22.118589401245117	160.0
5670	-44.06670365602516	-16.274612807131213	-22.327880859375	160.0
5690	-43.87284848061639	-16.078697713858848	-22.57811737060547	160.0
5709	-43.381889244646615	-16.05505559151116	-22.5851993560791	160.0
5729	-43.082097509804456	-15.998308238348821	-22.461713790893555	160.0
5751	-43.04125396111048	-16.06432021880708	-22.17861557006836	160.0
5766	-42.89362158191386	-16.0219223607266	-22.277000427246094	160.0
5787	-42.66116383353568	-15.988621316387544	-22.34728240966797	160.0
5806	-42.161501328253344	-15.902544755840859	-22.414533615112305	160.0
5826	-41.7062978066392	-15.440395584722463	-22.49349594116211	160.0
5845	-41.34257338279024	-15.299196495915014	-22.862817764282227	160.0
5863	-40.891556633852574	-15.145973045625897	-23.247934341430664	160.0
5885	-40.508692340950276	-15.266245606073477	-23.41287612915039	160.0
5904	-40.18235504058402	-15.1093387007989	-23.436927795410156	160.0
5923	-39.86702276439595	-14.965847023943445	-23.48299789428711	160.0
5941	-39.45259891770969	-14.727375287399598	-23.638233184814453	160.0
5961	-38.904154694629874	-14.59088141202546	-23.730297088623047	160.0
5982	-38.57310165231071	-14.659911040201798	-24.063444137573242	160.0
6002	-38.57363506164345	-14.494909587537354	-24.401857376098633	160.0
6019	-38.47794692033024	-14.332093805584364	-24.328214645385742	160.0
6038	-38.142606592758085	-14.023590597415406	-24.09513282775879	160.0
6058	-37.893483084999104	-14.033073317962275	-24.04472541809082	160.0
6078	-37.54185080613937	-13.89731585946545	-23.959840774536133	160.0
6106	-37.24881663444516	-13.761624023383103	-23.92160987854004	160.0
6121	-37.162743269126885	-13.453022055892438	-24.360488891601562	160.0
6138	-36.61422881375415	-13.170487698142757	-24.50860023498535	160.0
6156	-36.61422881375415	-13.170487698142757	-24.50860023498535	160.0
6176	-35.49229897213481	-12.441835641497827	-24.564640045166016	160.0
6195	-35.49229897213481	-12.441835641497827	-24.564640045166016	160.0
6215	-35.64393027459468	-12.424401450477337	-24.18955421447754	160.0
6234	-35.64358910321736	-11.90093509104623	-24.23609161376953	160.0
6253	-35.331458830018455	-11.54005403347307	-24.348217010498047	160.0
6273	-34.837876116713325	-11.256077976510326	-24.47943115234375	160.0
6292	-34.512556186572134	-10.876358490071976	-24.286117553710938	160.0
6312	-34.624224075975285	-10.342759519512532	-24.06041717529297	160.0
6331	-34.645212910105805	-10.008170491992466	-23.75130271911621	160.0
6349	-34.39990520081988	-9.666233342184366	-23.27591323852539	160.0
6370	-33.97998631077727	-9.253770982346952	-22.8621883392334	160.0
6389	-33.250919946423544	-8.87588398836726	-22.410633087158203	160.0
6411	-32.650232422952456	-8.283439172694319	-22.12532615661621	160.0
6428	-32.07486159140318	-7.531415368618874	-22.165382385253906	160.0
6448	-31.51317402867475	-6.871338958930878	-21.84317970275879	160.0
6469	-31.169145428258354	-6.806926742706765	-20.937761306762695	160.0
6487	-31.104408908251017	-6.726687999480832	-19.68239402770996	160.0
6506	-30.822967639102405	-6.553407947720644	-18.75832748413086	160.0
6525	-30.757336095999836	-6.373524553137527	-17.783889770507812	160.0
6545	-30.861252248336317	-6.313356444555994	-17.127262115478516	160.0
6565	-31.089305322884346	-6.340033712719473	-16.54671859741211	160.0
6585	-31.552507659979938	-6.239264563943022	-15.750985145568848	160.0
6603	-32.20094716249374	-6.380562337274171	-15.033672332763672	160.0
6622	-32.83944610650922	-6.5250505000299155	-14.029378890991211	160.0
6643	-33.52666347724155	-6.685353864809393	-13.159059524536133	160.0
6661	-34.526889296492406	-6.8683136955258455	-12.53762149810791	160.0
6680	-35.519363373746955	-7.2351432589130695	-12.252706527709961	160.0
6702	-36.23392280459479	-7.536447413810817	-11.935973167419434	160.0
6720	-36.80147681440693	-7.739007887619971	-11.56959056854248	160.0
6739	-37.61371351502956	-8.22016367124289	-11.07285213470459	160.0
6759	-38.26865096501322	-8.456102016294892	-10.59415054321289	160.0
6778	-39.0388303350409	-8.671590053717985	-10.425785064697266	160.0
6797	-39.817168822954145	-8.960340042527287	-10.059171676635742	160.0
6817	-40.62928408204669	-9.395955501968187	-9.418116569519043	160.0
6836	-40.62928408204669	-9.395955501968187	-9.418116569519043	160.0
6857	-41.99008155589233	-9.788370717121186	-9.476067543029785	160.0
6875	-41.99008155589233	-9.788370717121186	-9.476067543029785	163.0
6896	-43.566245055467945	-10.518947584037248	-8.466340065002441	163.0
6914	-43.566245055467945	-10.518947584037248	-8.466340065002441	163.0
6935	-44.66855996794561	-10.842521709191782	-7.972434997558594	163.0
6954	-45.47311789835483	-10.991494103750385	-7.712181091308594	163.0
6974	-46.25061270621585	-11.454867469906894	-7.5450897216796875	163.0
6991	-47.10072831847189	-11.785632421125882	-8.028778076171875	163.0
7012	-47.9379860622736	-12.054113489040635	-8.56379508972168	163.0
7032	-48.75245046969556	-12.326808298137932	-8.821130752563477	163.0
7050	-49.71013345842844	-12.615202310109215	-9.073580741882324	163.0
7071	-50.758206315882816	-12.930224771645273	-8.961664199829102	163.0
7091	-51.31110098513372	-13.334785307890542	-8.931699752807617	163.0
7109	-52.08918778305047	-13.66184462374117	-9.136341094970703	163.0
7129	-52.91009511080202	-13.785053952734462	-9.766979217529297	163.0
7149	-53.471176209471096	-14.012836361738787	-10.024940490722656	163.0
7170	-54.027498375890566	-14.232309737822902	-9.888177871704102	163.0
7192	-54.93301397796433	-14.245185238502344	-9.561151504516602	163.0
7209	-55.7235651531752	-14.56933484842819	-9.337568283081055	163.0
7225	-56.176926516721316	-14.553727689084043	-9.215288162231445	163.0
7245	-56.688887021426105	-14.421705553790463	-9.2785062789917	163.0
7266	-57.214207962452065	-14.395419739019701	-9.517885208129883	163.0
7285	-57.620883412941176	-14.489483091729804	-9.217862129211426	163.0
7306	-58.11949099582073	-14.551533887487862	-9.210060119628906	163.0
7324	-58.550619997754595	-14.35019577018504	-9.474370002746582	163.0
7342	-58.7299735634761	-14.434340028516269	-9.530220031738281	163.0
7362	-58.8995055385554	-14.234428153187087	-9.551597595214844	163.0
7382	-59.27315500546026	-14.247563167711396	-9.90129280090332	163.0
7401	-59.67478133687201	-14.306659167475884	-10.402299880981445	163.0
7426	-59.86482167331212	-14.216801174704628	-10.942975997924805	163.0
7440	-59.801328726027535	-13.924165369225683	-11.733405113220215	163.0
7459	-59.51892996560958	-13.3212031572774	-12.420878410339355	163.0
7479	-59.62062765547975	-12.994661963770138	-12.681076049804688	160.0
7497	-59.853803385451485	-12.775271241135584	-12.275774955749512	160.0
7517	-60.01047366317145	-12.655525879630135	-11.558226585388184	160.0
7537	-60.018642734508056	-12.411032226373376	-11.013446807861328	160.0
7560	-59.850172322686134	-12.09911083052036	-10.589828491210938	160.0
7576	-59.85302400592252	-11.652526816539812	-10.160380363464355	160.0
7596	-59.85302400592252	-11.652526816539812	-10.160380363464355	160.0
7615	-60.07861968272427	-11.470539052053248	-10.177349090576172	160.0
7634	-60.248794217273925	-11.30368080539574	-10.162862777709961	160.0
7659	-60.299899371588054	-11.3375812040976	-9.81608772277832	160.0
7673	-60.387394486269216	-11.160301940678853	-9.70565414428711	160.0
7693	-60.448005436831444	-11.005545140762978	-9.85384464263916	160.0
7712	-60.63112412015609	-10.972930794649187	-9.926690101623535	160.0
7731	-60.89752204512732	-10.929294745184203	-10.052220344543457	160.0
7751	-61.0919072076527	-11.236184641782293	-10.067200660705566	160.0
7774	-61.36814254389052	-10.987790545397553	-9.838186264038086	160.0
7795	-61.67017303084387	-11.188353441318126	-9.402206420898438	160.0
7811	-61.77346742357373	-11.126912502593784	-9.279020309448242	160.0
7828	-61.94365492127064	-11.313911491557525	-9.096209526062012	160.0
7850	-62.276594773416335	-11.5798442863681	-8.957223892211914	160.0
7868	-62.431254307842885	-11.679142568720586	-8.720598220825195	160.0
7887	-62.62838436118329	-12.070875373224201	-8.280981063842773	160.0
7906	-62.77604323061845	-12.3521144472613	-8.12623405456543	160.0
7927	-62.75261640551977	-12.763649261288684	-8.214040756225586	160.0
7954	-63.09895131286518	-12.955076714753229	-8.043825149536133	160.0
7964	-63.30493899505939	-13.34335296441391	-7.770907878875732	160.0
7984	-63.376793932379	-13.58403808943634	-7.812963008880615	160.0
8004	-63.3341822672642	-14.01277111856135	-7.820835113525391	160.0
8023	-63.4133543391891	-14.350063010702716	-7.795816421508789	160.0
8044	-63.62526754848879	-14.762882867569811	-8.044930458068848	160.0
8063	-63.84428486464823	-14.964442407746079	-8.120250701904297	160.0
8082	-63.91506977935994	-15.483949281753778	-8.263102531433105	163.0
8100	-64.01846280572002	-16.061430667456275	-8.404312133789062	163.0
8121	-64.07546347277616	-16.65399518397433	-8.637399673461914	163.0
8140	-64.09498711846625	-17.09663435961273	-9.072077751159668	163.0
8163	-64.13275692154461	-17.521807168647292	-9.425457000732422	163.0
8179	-63.898726403007856	-18.002402787182024	-9.942181587219238	163.0
8198	-63.69188129941693	-18.198418922438414	-10.501992225646973	163.0
8218	-63.5436453780567	-18.489645969025826	-10.971643447875977	163.0
8237	-63.46953234839654	-18.710177760311147	-11.187337875366211	163.0
8257	-63.20546764157507	-18.704921167680673	-11.523306846618652	163.0
8280	-62.70687170564531	-18.71677953620512	-12.19110107421875	163.0
8296	-62.525436460369605	-18.807703694631293	-13.27125358581543	163.0
8316	-62.525436460369605	-18.807703694631293	-13.27125358581543	163.0
8334	-61.850942155750936	-18.620401055738068	-13.710265159606934	163.0
8355	-61.45370905016353	-18.46782701756697	-13.591316223144531	163.0
8373	-60.91468473080609	-18.54933276964303	-13.439746856689453	163.0
8395	-60.16211640892875	-18.452397574752027	-13.336917877197266	163.0
8412	-59.61769256738595	-18.19520613815146	-13.54210090637207	163.0
8432	-58.90333241092296	-18.035414197333584	-13.511787414550781	163.0
8451	-58.39751491441883	-17.783641759249786	-13.544818878173828	163.0
8471	-57.6079246927166	-17.370576778778958	-13.659152030944824	163.0
8492	-57.2943931653578	-17.27788277171984	-13.829605102539062	163.0
8511	-56.87124966490817	-17.333262100819823	-14.084705352783203	163.0
8531	-56.39461147510695	-17.21339778861722	-14.162605285644531	163.0
8549	-55.804475663456955	-16.984957827029383	-14.377690315246582	163.0
8568	-55.4983798205317	-17.03093571077611	-14.065130233764648	163.0
8588	-55.34103998722395	-17.10779592176244	-14.072175979614258	163.0
8607	-55.11168509522438	-17.31623648171291	-14.17501449584961	163.0
8634	-54.513757309044585	-17.22656276533456	-14.544438362121582	163.0
8647	-53.980370073498584	-16.979089402406725	-14.800643920898438	163.0
8666	-53.93262714694313	-16.744927260271538	-14.74085807800293	166.0
8686	-53.705637524745434	-16.781619863026624	-14.678043365478516	166.0
8705	-53.516529204539594	-16.94792251992998	-14.804576873779297	166.0
8725	-53.24170329452571	-16.962533032989953	-14.90707015991211	166.0
8747	-52.92613269743303	-17.129081796753038	-15.04481029510498	166.0
8765	-52.568705329052655	-16.947635621570672	-14.889716148376465	166.0
8783	-52.651594924694884	-16.90493979845061	-14.765300750732422	166.0
8803	-52.56272707292447	-16.976834805910215	-14.815299034118652	166.0
8820	-52.04118797122379	-17.14149448194977	-15.140639305114746	166.0
8840	-51.64304303465635	-17.14626393226753	-15.58976936340332	166.0
8861	-51.37532917216577	-16.97258567479225	-16.06169891357422	166.0
8886	-50.74767376452035	-16.824365503192293	-16.98452377319336	169.0
8899	-50.193653179124816	-16.51656283187063	-17.510128021240234	169.0
8918	-49.94346798563775	-16.495970995933483	-18.13542938232422	169.0
8937	-49.59694268755696	-16.633541484568074	-18.400550842285156	169.0
8957	-49.416079177620986	-16.607606893827167	-18.217519760131836	169.0
8977	-49.22829394404703	-16.734725465165223	-17.90686798095703	169.0
8997	-48.93560501626184	-16.813092478156317	-17.974885940551758	169.0
9016	-48.93560501626184	-16.813092478156317	-17.974885940551758	169.0
9035	-48.50028997847524	-16.931932255732303	-18.265485763549805	169.0
9054	-48.05862447669589	-16.803736022866342	-18.90614128112793	169.0
9075	-47.84904616940834	-16.644604322149487	-19.44682502746582	172.0
9096	-47.05123791304966	-16.437401554542795	-19.83242416381836	172.0
9115	-46.51980757887729	-16.29618325152633	-20.130962371826172	172.0
9132	-46.08091901890303	-16.136214320653973	-20.56349754333496	172.0
9152	-45.73190174015769	-15.876948492033645	-21.239206314086914	172.0
9171	-45.442517783878	-15.668240057155687	-21.12822723388672	172.0
9190	-44.84265731522912	-15.305899068819677	-21.559513092041016	172.0
9210	-44.23917062275685	-14.976481212298204	-22.028465270996094	172.0
9229	-43.400705778624584	-14.705628142607116	-22.4492130279541	172.0
9250	-43.29895822677603	-14.716991099176221	-22.67166519165039	172.0
9270	-42.98256513428066	-14.359289996282767	-22.7844295501709	172.0
9289	-42.658327644570015	-14.283287302429601	-22.821565628051758	172.0
9308	-42.190402946565875	-14.192899815699075	-22.770549774169922	172.0
9326	-41.827751206858224	-13.979459246869121	-23.179162979125977	172.0
9346	-41.54898171349651	-13.861781573820299	-23.237668991088867	172.0
9366	-40.999346346357505	-13.875805059919838	-23.549732208251953	172.0
9386	-40.62718195707763	-13.750670295991267	-24.110431671142578	172.0
9407	-40.10194876256712	-13.348963243648145	-24.60036849975586	172.0
9425	-39.68850489674849	-13.336024299945636	-24.836904525756836	172.0
9443	-39.12553006899847	-12.994866062333676	-25.273664474487305	172.0
9463	-38.76671392547795	-12.856430986201143	-25.351253509521484	172.0
9482	-38.278147143098415	-12.649169213997936	-25.604454040527344	172.0
9502	-37.974438099696066	-12.772494823033101	-25.946983337402344	172.0
9522	-37.77524255721074	-12.438905127654579	-26.221134185791016	172.0
9540	-37.31787856832306	-12.203355707843425	-26.115379333496094	172.0
9560	-36.93794507849128	-12.035989637578854	-26.323612213134766	172.0
9579	-36.52201155555237	-11.860576899487292	-26.576820373535156	172.0
9602	-35.99941876130738	-11.600680360459032	-26.656816482543945	172.0
9618	-35.34829302108625	-11.137688172277867	-27.03396987915039	172.0
9638	-34.673526368491046	-10.938746846976043	-27.16619873046875	172.0
9656	-34.027381416412084	-10.468768491004695	-27.517539978027344	172.0
9677	-33.44892300829418	-10.260572432651976	-27.34087371826172	169.0
9701	-32.93330077050839	-10.232684914035822	-27.455766677856445	169.0
9717	-32.384123669318136	-10.167848399906504	-27.533935546875	169.0
9735	-32.384123669318136	-10.167848399906504	-27.533935546875	169.0
9754	-31.243457112128816	-9.81965229447332	-27.732925415039062	169.0
9774	-30.64528203495954	-9.671605151165954	-27.91458511352539	169.0
9794	-30.01685731899419	-9.54888860457556	-27.82723045349121	169.0
9814	-29.46417640369627	-9.092456110713517	-27.716663360595703	169.0
9836	-28.849811860630474	-8.981282259176554	-27.547046661376953	169.0
9852	-28.149867599264542	-8.71185087762816	-27.584918975830078	169.0
9871	-27.581781327419836	-8.230455528846996	-27.52761459350586	172.0
9901	-26.73784808973171	-7.777509236247403	-27.451316833496094	172.0
9909	-26.360501753167004	-7.4913783085945935	-27.466136932373047	172.0
9929	-25.65243495539506	-7.139097279663515	-27.48725700378418	172.0
9949	-25.1378935771974	-6.701265705124349	-27.60722541809082	172.0
9969	-24.83115762937398	-6.774485245600385	-27.49272346496582	172.0
9988	-24.529144184162654	-6.498679677423903	-27.112289428710938	172.0
10008	-24.09216186310722	-6.458845437292912	-27.156841278076172	172.0
10027	-23.65523665732403	-6.206873833583251	-27.136186599731445	172.0
10051	-23.14236569504392	-5.932248375791762	-27.08643341064453	172.0
10066	-22.38110601829862	-5.5580366112551465	-27.318225860595703	172.0
10095	-21.89840687051411	-4.873583039989505	-27.311100006103516	169.0
10109	-21.231974696062974	-4.500711667994042	-27.228567123413086	169.0
10124	-20.90193365588186	-3.971413940364697	-26.983129501342773	169.0
10144	-20.495586074663944	-3.591224580411083	-26.990325927734375	169.0
10164	-20.00955459588901	-3.329723490444602	-26.476171493530273	169.0
10182	-19.346967638228424	-3.1706589311675546	-26.40498924255371	169.0
10202	-18.46461009599214	-2.6944007620258628	-26.509469985961914	169.0
10221	-18.010676911794665	-2.060158233231314	-26.197439193725586	169.0
10240	-17.491772771446648	-1.6076520279514241	-25.996381759643555	169.0
10260	-17.152239412695188	-1.0862530647955382	-25.67521095275879	169.0
10280	-16.644328679377068	-0.8424612862533233	-25.42171287536621	169.0
10299	-16.164466634260055	-0.6645520090693954	-25.019107818603516	169.0
10318	-15.692212487527662	-0.19092648269193463	-25.106319427490234	169.0
10338	-15.354893436839522	0.40529631028583973	-25.040254592895508	169.0
10358	-15.041758506189801	0.9588643255065743	-24.803789138793945	169.0
10377	-14.503395720238569	1.6943992369241534	-24.957786560058594	169.0
10397	-14.14440815926588	2.255573096279569	-24.77400779724121	169.0
10418	-14.043085901726391	2.698672838797734	-24.384601593017578	169.0
10438	-14.140481071604384	3.388422209249985	-23.911479949951172	169.0
10455	-14.140481071604384	3.388422209249985	-23.911479949951172	169.0
10475	-13.858115446266362	3.8657946459464636	-23.589263916015625	169.0
10493	-13.745813698494688	4.329413279135931	-23.36827278137207	169.0
10513	-13.216984030121429	4.8008445266790485	-23.003253936767578	169.0
10534	-12.866864691359138	5.2536307343272295	-22.809690475463867	169.0
10556	-12.259534844933203	5.804321056912715	-22.451841354370117	169.0
10572	-11.798509246876865	6.501415715158823	-22.110809326171875	169.0
10592	-11.834683076452851	7.121446605840728	-21.8987979888916	169.0
10610	-11.820219833848165	7.5066121247521425	-21.525619506835938	169.0
10631	-11.751639945738667	7.843328696068442	-21.132076263427734	169.0
10649	-11.527709024597703	8.242756573377156	-20.60417938232422	169.0
10670	-11.281418081115532	8.590929649486736	-20.24388885498047	169.0
10689	-10.969543081106995	9.27817145556696	-19.797958374023438	169.0
10709	-11.154079426183475	9.654830553858348	-19.062089920043945	169.0
10728	-11.523201772663285	10.111047232427428	-18.378881454467773	169.0
10746	-11.524244246792193	10.466458888235053	-17.74623680114746	169.0
10770	-11.78680615532409	10.476201733581057	-17.39716911315918	169.0
10785	-11.933514191121892	10.642080956267286	-16.93423080444336	169.0
10805	-12.085232644640321	10.65259471666006	-16.560644149780273	169.0
10825	-12.184975952000388	10.839095278076881	-16.06229019165039	169.0
10844	-12.200482725078441	11.031920408295562	-15.824934959411621	169.0
10864	-11.95793234673355	11.229572677178297	-15.61452865600586	169.0
10885	-11.790662034945198	11.295018177869737	-15.257691383361816	169.0
10902	-11.998200672924012	11.413881296906805	-14.703398704528809	169.0
10922	-12.065623441620193	11.681437292017758	-14.093124389648438	169.0
10941	-12.307057440885824	11.888483240920669	-13.87116813659668	169.0
10960	-12.543660238661554	12.180220014052061	-13.418858528137207	169.0
10980	-12.761685549305568	12.383367800731149	-13.21742057800293	169.0
11000	-12.537331952949483	12.554468208848139	-12.9920015335083	169.0
11019	-12.425037885826667	12.675481550419525	-12.969709396362305	169.0
11040	-12.406375144891706	13.052578427325255	-12.975473403930664	169.0
11057	-12.436913896652657	13.472625155528778	-12.486199378967285	169.0
11077	-12.500104422645606	13.68338298212483	-11.877897262573242	166.0
11097	-12.541377412391098	13.81978438658492	-11.341970443725586	166.0
11117	-12.550259296535794	13.98074895074293	-11.308420181274414	166.0
11136	-12.336961939983532	13.893601732265912	-11.162544250488281	166.0
11157	-12.43515133929773	13.98856816649947	-11.035377502441406	166.0
11175	-12.458667214593326	14.244880050388053	-10.653813362121582	166.0
11195	-12.458667214593326	14.244880050388053	-10.653813362121582	166.0
11214	-12.583995106689109	14.20131118578384	-10.372462272644043	166.0
11233	-12.770786803540359	14.207944836075288	-10.454103469848633	166.0
11255	-12.987721419292262	14.25961622825451	-10.399369239807129	166.0
11272	-13.223072577539503	14.328261428631095	-10.274286270141602	169.0
11293	-13.430559368194075	14.237774199528813	-10.045157432556152	169.0
11311	-13.55147019757922	14.474950950621972	-9.819784164428711	169.0
11330	-13.500379164712868	14.722936723874827	-9.596566200256348	169.0
11350	-13.793784185636913	14.888018583609899	-9.474241256713867	169.0
11371	-13.9464197462646	15.017626448128865	-8.874993324279785	169.0
11388	-13.803679102044242	15.100524628584195	-8.435989379882812	169.0
11408	-13.80050875907186	15.307917752117271	-8.068906784057617	169.0
11428	-13.973784723784362	15.527669657004397	-7.868998050689697	169.0
11447	-14.078717097320938	15.50815315518023	-7.392806053161621	169.0
11466	-14.403502176159332	15.453629457610992	-6.864729881286621	169.0
11485	-14.756203732318564	15.393639942095767	-6.298569679260254	169.0
11506	-14.708119590633753	15.328024224685848	-5.936781883239746	169.0
11525	-14.984955822001309	15.369939497262845	-6.199838638305664	169.0
11545	-15.368402213828416	15.360635562672783	-6.064077377319336	169.0
11564	-15.397568722641823	15.233596269460193	-5.921141147613525	169.0
11583	-15.322982267568793	15.190620912002256	-5.743331432342529	169.0
11602	-15.421225909305061	15.355312057661532	-5.5974531173706055	169.0
11622	-15.555463918938498	15.473731780457024	-5.232848644256592	169.0
11642	-15.799312082690514	15.40867006973557	-4.881509780883789	169.0
11661	-15.85530342910526	15.301705256862862	-4.503241539001465	169.0
11681	-15.77272004813375	15.27008728773312	-4.166757106781006	172.0
11699	-15.621387256025914	15.233017835161341	-4.147233009338379	172.0
11719	-15.817160610655705	15.30379782184672	-4.134244441986084	172.0
11739	-15.823421867312755	15.370579604558515	-3.687026262283325	172.0
11760	-15.806782822243045	15.394794296335553	-3.552262306213379	172.0
11777	-15.795718936067802	15.350107693753303	-3.4635887145996094	172.0
11798	-15.865680980024422	15.424082592480756	-3.392559289932251	172.0
11816	-15.951910350004235	15.510085148756946	-3.2392196655273438	172.0
11837	-15.961254235188742	15.508777790150374	-2.919820547103882	172.0
11857	-15.961254235188742	15.508777790150374	-2.919820547103882	172.0
11876	-15.90902826872944	15.736268242414463	-2.9523985385894775	172.0
11895	-15.806110951071625	15.687372527716681	-2.689162015914917	172.0
11914	-15.980967481164303	15.696147794501577	-2.4599242210388184	172.0
11933	-16.18720563118985	15.592954649389531	-2.2550580501556396	172.0
11953	-16.26564016754993	15.594489666879737	-2.101381301879883	172.0
11972	-16.153217813741374	15.707783249838187	-1.9492712020874023	172.0
11991	-16.42573768434406	15.808865640615567	-1.5402629375457764	172.0
12012	-16.378878481037216	15.82767178952364	-1.399362325668335	172.0
12031	-16.399793736406505	15.775302317892399	-1.3448857069015503	172.0
12051	-16.379839721394582	15.937451624176427	-1.198894739151001	172.0
12072	-16.572051357104254	15.801465707391214	-1.336965560913086	172.0
12093	-16.251665976444635	15.76758398324421	-1.0822436809539795	172.0
12110	-16.110734973429008	15.804715979107959	-0.6757965087890625	172.0
12128	-15.969958799450142	15.725947538879865	-0.20437121391296387	172.0
12148	-15.878562017294138	15.71295755032718	-0.2063889503479004	172.0
12167	-15.93947220856527	15.57716201503087	-0.03547859191894531	172.0
12187	-16.017788936512925	15.432216309544467	0.16066086292266846	172.0
12205	-15.981146084875899	15.291058880934193	0.30728864669799805	172.0
12234	-15.682556499988518	15.360380606733528	0.6110957860946655	172.0
12245	-15.85286768118929	15.355278578494854	0.9286335706710815	172.0
12264	-15.968607625456496	15.251889729150323	1.1135272979736328	172.0
12283	-16.213906172900508	15.03651768700286	0.9983110427856445	172.0
12303	-16.177246328684458	14.912300981203876	1.0485635995864868	172.0
12322	-16.1199439573018	14.944250495837617	1.0909385681152344	172.0
12345	-16.194743474553924	14.842573900454767	1.1536626815795898	172.0
12361	-16.32626021114353	14.725799971410229	1.1919350624084473	172.0
12381	-16.348842147236244	14.51206995881171	1.3742905855178833	172.0
12400	-16.276605323096174	14.308971125974878	1.4704203605651855	172.0
12419	-16.351147122798253	14.218794974646888	1.288886547088623	172.0
12443	-16.182230120665647	14.173114374040932	1.337833285331726	172.0
12459	-16.182015376374586	14.096843009004981	1.492470145225525	172.0
12478	-16.352894409847643	14.080649084644556	1.7616990804672241	172.0
12497	-16.224003801918467	13.867019874272932	2.074819564819336	172.0
12517	-16.264327952720915	13.804205146357253	2.243631362915039	172.0
12536	-16.302496330231133	13.758012974738651	2.1674299240112305	172.0
12556	-16.380085995776053	13.774889366059268	2.31195330619812	172.0
12577	-16.642999632714695	13.644998023228338	2.279287338256836	172.0
12595	-16.642999632714695	13.644998023228338	2.279287338256836	172.0
12614	-16.666648716763934	13.635778607927572	2.4579195976257324	172.0
12634	-16.909977304525995	13.525457633327692	2.4369897842407227	172.0
12653	-16.965428775101895	13.292588092257528	2.4761695861816406	172.0
12673	-17.23296277584953	13.428731372028391	2.5774459838867188	172.0
12696	-17.333919661893624	13.356244880977226	2.5582947731018066	172.0
12711	-17.44799741495417	13.320602225626892	2.540867328643799	172.0
12731	-17.445312698212774	13.35661667144366	2.5401458740234375	172.0
12751	-17.390948452585572	13.417286730856341	2.8949015140533447	172.0
12771	-17.51957148538051	13.316281954017766	2.797907590866089	172.0
12789	-17.406509150024828	13.156570606742555	2.7350246906280518	172.0
12809	-17.54427397540507	13.11503435690311	2.7638020515441895	172.0
12830	-17.56632729075043	12.916664625049364	2.7017874717712402	172.0
12848	-17.487707760963087	12.977286607644459	2.7923388481140137	172.0
12868	-17.504583476035112	12.793069111540987	2.991636276245117	172.0
12886	-17.61709529687069	12.665718912967549	3.0756630897521973	172.0
12906	-17.56260575876336	12.540985466054755	3.016261100769043	172.0
12925	-17.61085064150311	12.30984667414042	3.0190911293029785	172.0
12946	-17.61320114702768	12.329663716302365	3.346047878265381	172.0
12965	-17.536032268185906	12.205757908707549	3.3771047592163086	172.0
12984	-17.559485228587498	12.319411328948169	3.1368935108184814	172.0
13004	-17.525426219808683	12.210638812243587	3.0808863639831543	172.0
13023	-17.58742949111447	12.28106032786224	3.0836987495422363	172.0
13042	-17.79844867645766	12.114460505940972	3.129931926727295	172.0
13062	-17.846073121965663	12.03056879653024	3.0205183029174805	172.0
13082	-17.96885554746917	12.15470427558035	3.109241008758545	172.0
13101	-18.19055930981473	12.200459672516514	3.1809515953063965	172.0
13120	-18.20601960542693	12.245467125004092	3.2271456718444824	172.0
13139	-18.105653891083758	12.177883868790177	3.280803680419922	172.0
13160	-18.323548176430464	12.109770321947464	2.954421043395996	172.0
13178	-18.45661270815234	11.970561682781645	2.711634397506714	172.0
13198	-18.386998884212982	11.96234019599451	2.590710163116455	172.0
13217	-18.324594313950875	11.993256275943642	2.7492542266845703	172.0
13236	-18.250628918952394	11.908896049924593	2.7955641746520996	172.0
13256	-18.24445329417693	11.78662399198254	2.842590808868408	172.0
13275	-18.259582582216407	11.565146318580409	2.702622413635254	169.0
13295	-18.247600640564844	11.50062667917228	2.6952929496765137	169.0
13317	-18.247600640564844	11.50062667917228	2.6952929496765137	169.0
----------------도착----------------
13336	-18.24693275423517	11.56331038327119	3.0041403770446777	169.0
13353	-18.144881165530673	11.494797399208439	3.488356590270996	169.0
13373	-18.298660211822977	11.510720122129387	3.5520787239074707	169.0
13392	-18.57383422792587	11.461363771067132	3.342682123184204	169.0
13412	-18.459918043334007	11.560019534563986	3.2911112308502197	169.0
13430	-18.29637103825763	11.384456096426756	3.0956969261169434	169.0
13451	-18.315409002035523	11.713703573042565	3.302591562271118	169.0
13470	-18.365819450230905	11.58002695103697	3.248950481414795	166.0
13489	-18.216183362314972	11.482707051729976	3.372741222381592	166.0
13509	-18.15866288113233	11.560863951036804	3.379276752471924	166.0
13529	-18.027354352631892	11.558196356584366	3.1570868492126465	166.0
13548	-17.8793359722509	11.574600620322755	3.044975757598877	166.0
13567	-18.011845416287656	11.535775309248432	2.8966078758239746	166.0
13588	-18.03894654371713	11.744315917415474	3.0012047290802	166.0
13606	-17.963365748417107	11.598153048334115	2.799654960632324	166.0
13629	-17.87231797270676	11.698935157178171	2.889092206954956	166.0
13645	-18.038248912293874	11.68566874368729	2.7134158611297607	166.0
13666	-18.14728165819459	11.591204074407463	2.580319881439209	166.0
13684	-18.18760170299306	11.70872662567821	2.841263771057129	166.0
13704	-18.33936488275455	11.718389512399549	3.0274498462677	166.0
13723	-18.07242249221926	11.637601320222393	2.9144136905670166	166.0
13745	-17.921069942180054	11.54625016033253	2.8950507640838623	166.0
13763	-18.07393481309941	11.515817664364768	3.117307424545288	166.0
13781	-17.99596227013365	11.683017001811494	3.173590660095215	166.0
13801	-17.845912040404297	11.563724119383133	3.264702320098877	166.0
13820	-17.62197170586652	11.61818086516459	3.3108718395233154	166.0
13840	-17.63600950223503	11.395603471900873	3.1414411067962646	166.0
13860	-17.2592366135947	11.115244414273702	3.1332221031188965	166.0
13879	-17.63699726899363	11.133859727589742	3.2487545013427734	163.0
13898	-17.786779316320423	11.201082909523388	3.0437138080596924	163.0
13917	-17.74184853335747	11.166817744600936	3.049295425415039	163.0
13937	-17.88797675061053	11.167695969670811	3.087712049484253	163.0
13957	-18.11360152908861	11.33492996304281	3.011559009552002	163.0
13976	-18.122399981089174	11.245117757220354	2.9399356842041016	163.0
13998	-18.122399981089174	11.245117757220354	2.9399356842041016	163.0
14015	-17.803419941112846	11.247072309893264	3.0187745094299316	163.0
14035	-17.953649937755113	11.464677091775735	2.9536349773406982	163.0
14054	-17.846596802653348	11.472636778607706	3.006662607192993	163.0
14073	-17.812298434799377	11.513789629815278	3.0932984352111816	163.0
14093	-17.67715163891705	11.492664618420429	2.8427958488464355	163.0
14112	-17.750734083979903	11.334182362042002	2.6323838233947754	163.0
14131	-17.751430435694115	11.393108041731466	2.488565444946289	163.0
14151	-17.771089455284415	11.458922768661067	2.4239988327026367	163.0
14170	-17.642217697285254	11.691304718835411	2.3762667179107666	163.0
14189	-17.732486210114544	11.696734801235662	2.320175886154175	163.0
14210	-17.769017033244296	11.590006599564644	2.390369415283203	163.0
14229	-17.959900773694088	11.36236847817247	2.3876078128814697	163.0
14249	-17.985199901470697	11.57806073259796	2.6190285682678223	163.0
14268	-17.97238842340258	11.461611398456535	2.6255335807800293	166.0
14287	-17.934853032370476	11.381300375679736	2.6415441036224365	166.0
14306	-18.049554334266023	11.30114972933468	3.0742335319519043	166.0
14326	-18.385384752026553	11.098730359263994	3.2803096771240234	166.0
14347	-18.154317412050577	11.135409844260142	3.444676399230957	166.0
14373	-17.977490483080757	11.23466333054559	3.19638729095459	166.0
14384	-17.853715573743425	11.626016649547246	2.9776740074157715	166.0
14404	-17.90358064198728	11.432091087770324	2.9847846031188965	166.0
14424	-17.795523457953166	11.59705343302214	3.004774570465088	166.0
14443	-17.684878248709193	11.580036102596766	3.129948139190674	166.0
14462	-17.771798618225027	11.691454517526548	2.8547677993774414	166.0
14482	-17.810169671119915	11.54589906111287	2.825195789337158	169.0
14501	-17.851577376935893	11.529552992012283	2.979313850402832	169.0
14521	-17.984630214771812	11.59952677921904	3.2084970474243164	169.0
14540	-18.152300040448843	11.492136140439413	3.3356101512908936	169.0
14559	-18.141770810211565	11.498627130136166	3.2738208770751953	169.0
14579	-18.286995742279395	11.449962218775767	3.2073662281036377	169.0
14599	-18.287043103952733	11.496542014788606	3.1784510612487793	169.0
14617	-18.280608170062997	11.401570744281194	3.2098135948181152	169.0
14638	-18.18046966595579	11.679656161637705	3.2759108543395996	169.0
14656	-18.342309579402116	11.666217540341313	2.9765048027038574	169.0
14677	-18.41701878624848	11.718882703742853	2.8795676231384277	169.0
14697	-18.230767021049683	11.542450320981892	2.809680938720703	169.0
14715	-18.30525475566006	11.566573485672969	2.6373677253723145	169.0
14737	-18.30525475566006	11.566573485672969	2.6373677253723145	169.0
14754	-18.400380511571086	11.593917878873466	2.8700969219207764	169.0
14773	-18.375945886344763	11.594950420075714	2.7295210361480713	169.0
14793	-18.261634485329477	11.717192500103485	2.670865058898926	169.0
14812	-18.389482008619783	11.630620182621598	2.4706525802612305	169.0
14832	-18.35106494512509	11.642217192846681	2.5499520301818848	169.0
14852	-18.313962423464602	11.535302485719146	2.6963512897491455	169.0
14870	-18.291933822742415	11.80292789492617	2.719494342803955	172.0
14890	-18.160608661264064	11.855150357287048	2.905841827392578	172.0
14910	-17.8962929420884	11.925329742931956	2.944157600402832	172.0
14930	-17.85961063534331	11.722741603959602	3.0562314987182617	172.0
14953	-18.16162101517372	11.7439730261245	3.2075400352478027	172.0
14969	-18.183638499595926	11.73257379714794	3.4362919330596924	172.0
14988	-18.33341824648702	11.734086350570202	3.3965911865234375	172.0
15007	-18.180654101023674	11.85811913222525	3.3137574195861816	172.0
15027	-18.3126658678815	11.713033719596378	3.139552593231201	172.0
15047	-18.403349446005507	11.768783623345932	2.8729617595672607	172.0
15065	-18.590584830440765	11.773329094378257	2.834115505218506	172.0
15087	-18.644044239014708	12.032017071243127	2.89064359664917	172.0
15104	-18.35658873133184	11.995011769894097	3.0431783199310303	172.0
15124	-18.22154709166813	11.955075676611965	2.9453747272491455	172.0
15143	-18.108994774869714	12.050178121724713	2.8283016681671143	172.0
15162	-18.21971465432692	12.006353745429458	2.7621867656707764	172.0
15182	-18.145644400401906	12.021783363557876	2.801948070526123	172.0
15203	-18.088023667509937	11.886988607337065	2.945176601409912	172.0
15221	-17.964727389390852	11.925468194442516	2.950529098510742	172.0
15240	-18.01983277977115	11.861891506490565	2.876762866973877	172.0
15259	-17.910175941680073	11.774836455882475	2.5261149406433105	172.0
15280	-17.984254881949397	11.945854767963882	2.358672857284546	172.0
15299	-17.911954184713213	11.959179648494981	2.508356809616089	172.0
15319	-18.085040449837752	12.014990291194884	2.6427059173583984	172.0
15337	-17.957431340047478	12.058839644950783	2.732968330383301	172.0
15357	-17.9566574701391	12.119117076713433	2.6969408988952637	172.0
15377	-17.89973754919918	11.940236683826242	2.6110904216766357	172.0
15397	-17.86285693433066	11.871665082560543	2.553398609161377	172.0
15417	-17.997755934968605	11.916366438740168	2.6402363777160645	172.0
15437	-17.997755934968605	11.916366438740168	2.6402363777160645	172.0
15456	-18.038165931907145	11.690294012493721	2.519590377807617	172.0
15474	-18.038165931907145	11.690294012493721	2.519590377807617	172.0
15493	-17.958613949779007	11.575630384569381	2.4070520401000977	172.0
15513	-17.935686831481473	11.619922795623424	2.2405009269714355	172.0
15532	-17.95080654982076	11.739282055779388	2.1128225326538086	172.0
15552	-18.15113876063993	11.738007255166801	2.340880870819092	172.0
15572	-18.01011001968255	11.84660732485607	2.422607421875	172.0
15591	-17.947557050802384	12.041091625383364	2.3969645500183105	172.0
15610	-18.172274163466298	12.170925686481768	2.814082622528076	172.0
15630	-17.924958553613514	12.059093841354876	2.937377452850342	172.0
15650	-17.939509456612264	12.248421542883959	2.7215657234191895	172.0
15670	-17.96343176114509	12.239048144687768	2.668776035308838	172.0
15688	-18.035786233700716	12.105395791215035	3.053393840789795	172.0
15707	-17.83143380650872	12.214934274098393	2.9110970497131348	172.0
15727	-17.778349241416212	12.097498196768205	2.9344546794891357	172.0
15746	-17.763032869100233	11.74312761478666	2.9000742435455322	172.0
15766	-17.640229909723065	11.76697389783086	2.4526586532592773	172.0
15788	-17.59856054667744	12.004822006938381	2.370803117752075	172.0
15804	-17.581093056007955	11.976672868498406	2.5870273113250732	172.0
15825	-17.463318239236294	12.099329627355566	2.5279269218444824	172.0
15843	-17.366244216095847	12.209008040354789	2.3885324001312256	172.0
15862	-17.40498293461795	12.31073426586798	2.4644813537597656	172.0
15883	-17.54281780622806	12.447021189028398	2.7133731842041016	172.0
15904	-17.73275939896246	12.717448180411449	2.5792160034179688	172.0
15922	-17.737283082361326	12.646033937803702	2.7560102939605713	172.0
15942	-17.90154427452481	12.70345112380037	2.931766986846924	172.0
15961	-17.82440405587193	12.631075608227174	2.9173123836517334	172.0
15981	-17.87601002596528	12.619071244493174	3.049156427383423	172.0
15999	-17.861727348669888	12.51127808532649	2.754906177520752	172.0
16019	-17.872807142576107	12.369826808047113	2.563251495361328	172.0
16038	-17.994942430967896	12.390640398115202	2.302300214767456	172.0
16060	-17.887227490806552	12.303155928840617	2.2598164081573486	172.0
16076	-17.872429586933617	12.303838779778577	2.415208339691162	169.0
16095	-17.605659252557317	12.172596744481968	2.535897731781006	169.0
16117	-17.37827521305111	12.37548029180864	2.5820815563201904	169.0
16136	-17.616158056348848	12.210234122605275	2.4866080284118652	169.0
16155	-17.616158056348848	12.210234122605275	2.4866080284118652	169.0
16175	-17.621841779339203	12.366660478072069	2.7095367908477783	169.0
16195	-17.611283598616797	12.471543897893563	2.8775367736816406	169.0
16223	-17.479313819752193	12.408044759952984	2.660432815551758	169.0
16232	-17.477704309330147	12.482160702653681	2.5598678588867188	169.0
16252	-17.47161554440939	12.536622814823994	2.4540278911590576	169.0
16271	-17.48904132423549	12.757887241737102	2.6314496994018555	166.0
16292	-17.6381324268293	12.624874006810664	2.6433005332946777	166.0
16310	-17.390387163873672	12.894258440747423	2.73356294631958	166.0
16331	-17.39442384549377	12.770647179716962	2.929704427719116	166.0
16350	-17.246240463430365	12.954431749121662	2.971276044845581	166.0
16369	-17.25217025922336	13.147666525452237	3.2150776386260986	166.0
16392	-17.175210835274445	13.317829909860077	3.068180799484253	166.0
16408	-17.32786718405987	13.207370800574166	2.906606912612915	166.0
16427	-17.493032660628735	12.811116295384835	2.6406803131103516	166.0
16447	-17.378569722687484	12.825815491158655	2.8068439960479736	166.0
16466	-17.47129468563205	12.678952109603504	2.7930116653442383	163.0
16486	-17.409166828402302	12.701824547148233	2.512310028076172	163.0
16505	-17.577279906135576	12.541672341522832	2.4621639251708984	163.0
16526	-17.765707279765603	12.316275095552154	2.471440315246582	163.0
16544	-17.78777203257321	12.15204384750963	2.5762648582458496	163.0
16564	-17.65307778322363	12.455289665965436	2.5843615531921387	163.0
16583	-17.597367275527688	12.776426279632732	2.7193222045898438	163.0
16603	-17.516624408270175	12.901397842294521	2.6265220642089844	163.0
16623	-17.612444917911603	12.785142616250333	2.6556270122528076	163.0
16642	-17.597383240181706	12.86766626402517	2.754528045654297	163.0
16661	-17.630966197537983	12.919873354194962	2.6649022102355957	163.0
16680	-17.499587813085878	12.905969711304685	2.766298770904541	160.0
16699	-17.521401293840587	12.776856287897525	3.018705368041992	160.0
16720	-17.558069498866516	12.673162262109905	2.970961809158325	160.0
16740	-17.54011900932464	12.710549784783987	2.8446555137634277	160.0
16758	-17.600572722000443	12.540893288739563	2.847011089324951	160.0
16777	-17.503174768573725	12.607349541856259	2.8037900924682617	160.0
16796	-17.469304842721783	12.60704182653343	3.095076084136963	160.0
16817	-17.460438541035707	12.594919886126403	3.1929125785827637	160.0
16837	-17.46190702988174	12.589654536082575	3.1515371799468994	160.0
16856	-17.46190702988174	12.589654536082575	3.1515371799468994	160.0
16876	-17.364367367554873	12.767724149127655	3.08232045173645	160.0
16894	-17.335188663647113	12.900983426299527	3.335838794708252	160.0
16913	-17.396684385608292	12.826689051844205	3.438467502593994	160.0
16933	-17.36664755896239	12.887830937141873	3.1897101402282715	160.0
16952	-17.475081158755994	13.000414038820267	3.2401909828186035	160.0
16972	-17.4505094611731	12.952271583348848	2.922969102859497	160.0
16991	-17.3192710006167	13.030444264799769	3.0273265838623047	160.0
17011	-17.28172507308272	13.026274193323562	3.179863929748535	160.0
17030	-17.152650628364626	13.086071442526434	3.2776918411254883	160.0
17050	-17.2112837227994	12.987045517160334	3.0595717430114746	160.0
17070	-17.135583227562666	13.116597376367478	2.96321964263916	160.0
17089	-17.181304363480336	13.075568752469168	3.2634124755859375	160.0
17109	-17.02863057536844	13.075066018651686	3.3920376300811768	160.0
17128	-17.153948882181204	13.172899460814461	3.2877535820007324	160.0
17147	-17.035416637105218	13.122170477809496	3.3224105834960938	160.0
17167	-17.095048108009433	13.297704598151492	3.3632473945617676	160.0
17186	-17.428483681754244	13.326181801341008	3.402985095977783	160.0
17205	-17.371628606138426	13.21244152150846	3.4481964111328125	160.0
17226	-17.316125590829664	12.923422730835357	3.347907066345215	160.0
17245	-17.332321774702518	12.867290166894792	3.003326416015625	160.0
17264	-17.544214442699836	12.830330845851623	2.910642623901367	160.0
17283	-17.496546657442376	12.922343233612503	3.1846718788146973	160.0
17302	-17.587591233383787	13.00983524130629	3.2318239212036133	160.0
17322	-17.603318661220243	12.955671853267859	3.072780132293701	160.0
17343	-17.37798009082055	13.002802394416156	3.106739044189453	160.0
17361	-17.398522096123585	13.184430573281208	3.1579678058624268	160.0
17380	-17.496992298684507	13.291176713975993	3.3499629497528076	160.0
17399	-17.55231822389002	13.400522784150782	3.3742923736572266	160.0
17419	-17.268830356325665	13.56112590382084	3.2711148262023926	160.0
17439	-17.27186700028214	13.322239190337266	3.086016893386841	160.0
17458	-17.388085919260106	13.195148999851796	3.184926986694336	160.0
17480	-17.198175805133094	13.271359931944996	3.297184944152832	160.0
17497	-17.36788744093445	13.280404470385067	3.2510287761688232	160.0
17517	-17.268659415321334	13.312919172784794	3.1342928409576416	160.0
17537	-17.16834678523666	13.305427811504815	3.0997395515441895	160.0
17556	-17.0591848622195	13.304793615947652	3.3604555130004883	160.0
17575	-17.0591848622195	13.304793615947652	3.3604555130004883	160.0
17596	-17.292378508695673	13.18129886858231	3.4241983890533447	160.0
17614	-17.201316675766776	13.317412739090999	3.4996144771575928	160.0
17633	-17.17527341839606	13.402707994614689	3.3042826652526855	160.0
17652	-17.23615386801264	13.440629208636802	3.447601318359375	160.0
17673	-17.05503407290901	13.41071613967189	3.50449800491333	160.0
17692	-17.24503139490881	13.281233451293597	3.6085262298583984	160.0
17715	-17.261164869832587	13.426905424600651	3.6564271450042725	160.0
17731	-17.376247713103517	13.456043082840088	3.6206438541412354	160.0
17750	-17.36097948852714	13.575949346782103	3.8543949127197266	160.0
17770	-17.436693443105124	13.378758604881634	3.7640233039855957	160.0
17790	-17.354840328321515	13.344824843305158	4.07360315322876	160.0
17809	-17.376200812668213	13.167558820904425	4.079301357269287	160.0
17829	-17.46526182187492	13.103148582250977	4.146690845489502	160.0
17847	-17.371178607221772	13.154905576482518	4.341754913330078	160.0
17867	-17.144858479147647	13.19386857745734	4.2219557762146	160.0
17886	-16.91333465969276	13.232846635566307	4.075060844421387	160.0
17906	-16.90789384700996	13.17505615290118	3.691634178161621	160.0
17925	-16.965613888737842	13.468996000375844	3.7806363105773926	160.0
17945	-16.928655016618503	13.599148486569428	3.6638588905334473	160.0
17965	-16.800505814840378	13.6287111958321	3.8135275840759277	160.0
17983	-16.914686265631296	13.545132149328813	3.8347723484039307	160.0
18004	-16.879077196244292	13.560733233356363	3.8489537239074707	160.0
18022	-17.130252277896094	13.323479194131354	3.929443120956421	160.0
18041	-17.22739263279854	13.383759203300741	3.929687738418579	160.0
18062	-17.30518361670822	13.403933959928933	4.220743179321289	160.0
18080	-17.25070655450529	13.373499512919807	4.417266368865967	160.0
18100	-17.294489116577786	13.355965279172821	4.520604610443115	160.0
18120	-17.290890543523115	13.418924099048118	4.324334621429443	160.0
18139	-17.1956751707476	13.600244446783762	4.397645473480225	160.0
18159	-17.097092496604265	13.541416312438725	4.298508167266846	160.0
18177	-17.09912359788738	13.696069789121394	4.551801681518555	160.0
18199	-17.121174924676083	13.755942348799334	4.664988040924072	160.0
18217	-16.876646609988107	13.711265346076226	4.550764083862305	160.0
18236	-17.02500191406163	13.61765268208182	4.2506537437438965	160.0
18257	-17.09749567823743	13.453395744813738	4.188385486602783	160.0
18276	-17.09749567823743	13.453395744813738	4.188385486602783	160.0
18295	-17.193348137289043	13.483822536508907	4.362359046936035	160.0
18313	-17.180192970969376	13.515634781169421	4.28830623626709	160.0
18333	-17.196324979462112	13.605447393278151	4.208841323852539	160.0
18353	-17.21290897031862	13.598912241081345	4.105340480804443	160.0
18372	-17.256096233431897	13.477792404196201	4.015600681304932	160.0
18393	-17.409196738030136	13.549577271306902	4.22865104675293	160.0
18412	-17.23809610970347	13.699652661321176	4.282530784606934	160.0
18432	-17.42228125196619	13.686147629690268	4.256279945373535	160.0
18450	-17.5292638231397	13.50483802549534	4.029048919677734	160.0
18470	-17.656015630699763	13.390207722050551	3.7689952850341797	160.0
18491	-17.63672635485303	13.340563334982281	3.7443313598632812	160.0
18509	-17.517371231918474	13.298801900884202	3.650505781173706	160.0
18528	-17.624889203807626	13.358600754183612	3.780606746673584	160.0
18548	-17.467930099793165	13.363718717064296	3.4445533752441406	160.0
18567	-17.411033358875407	13.479648410751368	3.2802581787109375	160.0
18586	-16.949778925058762	13.701231396179386	3.43349027633667	160.0
18606	-16.821889372391368	13.824317629245096	3.6462299823760986	160.0
18626	-16.481506436919943	13.97604291501313	4.028735637664795	160.0
18647	-16.49645688551272	14.230511891023193	4.089280605316162	160.0
18668	-16.570041511074294	14.377873420701727	4.259706497192383	160.0
18686	-16.449896733677388	14.301723172010249	4.296673774719238	160.0
18703	-16.56217284979147	14.316311847041256	4.360772132873535	160.0
18723	-16.421675220142696	14.063445413232136	4.4044623374938965	160.0
18742	-16.63397012100353	13.917417562667714	4.241913795471191	160.0
18762	-16.489001862699272	13.963680678583414	4.168569087982178	160.0
18784	-16.549035535401078	13.836485524403582	4.108784198760986	160.0
18800	-16.47751819090762	13.594617277772095	4.071303367614746	160.0
18820	-16.398258452046136	13.638780720773388	3.9065651893615723	160.0
18839	-16.509538236293835	13.739982157593667	4.019109725952148	160.0
18859	-16.586912422016642	13.790225136862954	4.070723056793213	160.0
18878	-16.70449215120037	13.859149143215387	4.2501606941223145	160.0
18897	-16.73429177514317	13.923645965853506	4.037792205810547	160.0
18918	-16.864252719270517	13.80157304779589	4.277218818664551	160.0
18936	-16.946189190188463	13.865839839111052	4.267726898193359	160.0
18956	-17.039872009729258	13.849674606712732	4.417540550231934	160.0
18976	-17.001218973870916	13.740434515398038	4.2585954666137695	160.0
18996	-17.001218973870916	13.740434515398038	4.2585954666137695	160.0
19016	-16.848397176217997	13.796362411002825	4.078481197357178	160.0
19035	-16.910365964857128	13.636515837313045	4.2835822105407715	160.0
19053	-17.042484088306068	13.567724518570463	4.112780570983887	160.0
19072	-17.026460532379296	13.568311249367621	4.257417678833008	160.0
19093	-17.114738211854892	13.659582910981394	4.01506233215332	160.0
19112	-17.168643464065468	13.708087478729743	3.967520236968994	160.0
19135	-17.08067011728332	13.962678106578068	3.7701478004455566	160.0
19153	-17.086510835304704	13.945422631979104	3.907839298248291	160.0
19169	-17.22015881118889	13.888084413627087	3.9246981143951416	160.0
19189	-17.096517568115637	14.127126978565942	3.68259859085083	160.0
19210	-17.22474898547575	14.223549824251648	3.8318657875061035	160.0
19229	-17.219561365237816	14.22840599751155	3.815469980239868	160.0
19251	-17.01797086356067	14.31508879456515	3.8737828731536865	160.0
19268	-17.02420193533735	14.269855913237905	3.9290781021118164	160.0
19287	-17.29434412855239	14.092695886293251	4.118549346923828	160.0
19307	-17.540636703084626	14.001042104111104	4.2131171226501465	160.0
19326	-17.33058891273046	13.965820158752623	4.300167560577393	160.0
19345	-17.36944450163515	13.736754906731607	4.366327285766602	160.0
19365	-17.387959678632996	13.60699537023945	4.2340497970581055	160.0
19384	-17.352773731469433	13.662382219143073	4.375330924987793	160.0
19404	-17.468278013951853	13.566519372212655	4.294602394104004	160.0
19424	-17.3766627397904	13.704474293555208	4.294981002807617	160.0
19443	-17.392162169642276	13.653026033175268	4.277579307556152	160.0
19462	-17.44182756869311	13.740932970069926	4.426433086395264	160.0
19481	-17.659903002270095	13.6859081567346	4.498682022094727	160.0
19501	-17.689665617469416	13.667267210476938	4.6334757804870605	160.0
19520	-17.540209104621248	13.81477471652486	4.563179969787598	160.0
19539	-17.58765672535185	13.704025654226372	4.321657180786133	160.0
19560	-17.552952562780966	13.737402483898979	4.2266364097595215	160.0
19579	-17.707129352058157	13.760073500960512	4.336803436279297	160.0
19598	-17.541619882347945	13.830978673422443	4.471619129180908	160.0
19617	-17.390551713831673	13.81382713534101	4.4165754318237305	160.0
19637	-17.240628208487323	13.807780872800063	4.576895713806152	160.0
19656	-17.217830061205444	13.838913457653778	4.542949676513672	160.0
19677	-17.128198485185994	13.990900660428808	4.566006183624268	160.0
19696	-17.18715372015782	14.103141774331423	4.661061763763428	160.0
19716	-17.18715372015782	14.103141774331423	4.661061763763428	160.0
19734	-17.118371271639973	14.039268144757639	4.950217247009277	160.0
19755	-16.99914684667131	13.87752327976958	4.759542465209961	160.0
19774	-17.072798686967218	13.878963374621852	4.7865190505981445	160.0
19793	-16.79329662280715	13.815050416225732	4.687068939208984	160.0
19812	-16.848131234667438	13.807929134269486	4.595996379852295	160.0
19832	-16.74689009192152	14.00776612868395	4.224579811096191	160.0
19851	-16.730020399048072	13.98994021294575	4.235732078552246	160.0
19870	-16.697041863599473	13.853244457932822	4.274016380310059	160.0
19890	-16.67843726279092	13.995300509956293	4.051268100738525	160.0
19910	-16.793399699967825	13.993618427962211	4.073110580444336	160.0
19930	-16.777864909133317	13.988620310893067	3.8510189056396484	160.0
19948	-17.089920603372345	14.181580842372853	3.858299493789673	160.0
19970	-17.301059077989326	14.053756237577774	3.7308425903320312	160.0
19989	-17.398650561325038	13.94619344648716	4.000425815582275	160.0
20007	-17.47320719899874	13.826066890598597	4.048049449920654	160.0
20026	-17.49483619781844	13.966558793270291	4.100129127502441	160.0
20046	-17.636801780117587	13.813591874790166	4.242021083831787	160.0
20065	-17.54233113562316	13.809751767464686	4.267337322235107	160.0
20085	-17.2775764327727	13.708213927930434	4.301708221435547	160.0
20104	-17.046083606936033	13.653525523433352	4.397619724273682	160.0
20123	-17.009121203632823	13.637306239514208	4.646965980529785	160.0
20143	-16.93001965664063	13.535231864270346	4.827510356903076	160.0
20162	-16.95928862675592	13.575746213489628	4.640033721923828	160.0
20182	-16.817734361336754	13.382328754795934	4.465028285980225	160.0
20204	-16.796466575291767	13.463807954837387	4.250408172607422	160.0
20222	-16.8219132925282	13.566481096679505	4.350170135498047	160.0
20241	-16.861035837384858	13.548751048102176	4.45565128326416	160.0
20259	-16.92953762170215	13.633195833205837	4.431598663330078	160.0
20280	-16.8880102798166	13.538446904300525	4.2283525466918945	160.0
20298	-16.897505879354735	13.538742993688201	4.089879512786865	160.0
20320	-16.822886820826287	13.506640361613934	4.1794023513793945	160.0
20340	-17.049833723762568	13.380731757018712	4.406628131866455	160.0
20357	-17.061966352984808	13.357971233750495	4.455697059631348	160.0
20376	-16.887532804289663	13.362390047286691	4.205692291259766	160.0
20397	-16.851672108222136	13.56218327534498	4.23341178894043	160.0
20415	-16.851672108222136	13.56218327534498	4.23341178894043	160.0
20437	-16.853909788452853	13.391809455224191	4.644298076629639	160.0
20454	-16.713073728833876	13.56880408334457	4.864527225494385	160.0
20473	-16.771060366145335	13.818876696342631	4.653806686401367	160.0
20492	-16.72980724984577	13.806302633593202	4.553652763366699	160.0
20512	-16.691250422710738	13.97933643986221	4.36353874206543	160.0
20532	-16.70432627248836	14.092998517042298	4.254905700683594	160.0
20552	-16.917880259929948	13.9618391618947	4.317406177520752	160.0
20572	-17.040575202192827	13.707488135886544	4.562469959259033	160.0
20590	-16.99059015076834	13.683138341651862	4.6192779541015625	160.0
20611	-16.896886744462083	13.843360338812662	4.849734306335449	160.0
20630	-16.82814023971908	13.859598081863563	4.907257080078125	160.0
20649	-17.128086018904398	13.627473889204284	4.65968656539917	160.0
20669	-17.26512379307687	13.710475008407414	4.479277610778809	160.0
20689	-17.094434070060267	13.633103147933603	4.525154113769531	160.0
20707	-16.799677347755892	13.831984794862493	4.586663246154785	160.0
20726	-16.81219269046328	13.912226351637605	4.599753379821777	160.0
20746	-17.037934216805326	14.022312354738988	4.672599792480469	160.0
20766	-17.047665949394993	13.95136240001071	4.69343376159668	160.0
20785	-17.154946910125194	13.818268231149366	4.902230262756348	160.0
20804	-17.047929034558774	14.357910799894462	5.023700714111328	160.0
20824	-17.179091368574742	14.33761570516015	4.858808517456055	160.0
20843	-17.46163979655933	14.364409611119978	4.842895030975342	160.0
20862	-17.830357661484754	14.387818929548244	4.810142517089844	160.0
20883	-18.001391257951333	14.263388935293007	4.924572944641113	160.0
20902	-17.92305069134542	14.302597138753333	4.8171491622924805	160.0
20921	-18.112194006004223	14.354980058662884	4.654691696166992	160.0
20941	-18.188842195937298	14.27538122815692	4.377542972564697	160.0
20959	-18.229537374371287	14.242205560253474	4.166641712188721	160.0
20979	-17.967995222066246	14.065864132013436	4.262580871582031	160.0
20999	-17.802718257224175	13.791738940674643	4.5687150955200195	160.0
21018	-17.638913386003605	13.558040370171806	4.531124114990234	160.0
21038	-17.465294660297513	13.75292052786175	4.55360221862793	160.0
21058	-17.339244983540322	13.621038545806549	4.721619606018066	160.0
21076	-17.257227107746832	13.48700152218586	4.923714637756348	160.0
21096	-17.27370973504817	13.545978144504774	4.446065425872803	160.0
21115	-17.27370973504817	13.545978144504774	4.446065425872803	160.0
21135	-17.200156562238703	13.268084041207967	4.432446479797363	160.0
21155	-17.307067822013003	13.256917471563009	4.6985955238342285	160.0
21182	-17.39421742870858	13.26921448735901	4.8378005027771	160.0
21194	-17.41473838954117	13.206507500924918	5.139506816864014	160.0
21213	-17.419321251840728	13.06140316764866	5.29465389251709	160.0
21233	-17.261392247028454	13.059500054838661	5.455355644226074	160.0
21253	-17.249129248680067	13.432211111546998	5.161457061767578	160.0
21271	-17.16636746242033	13.509374501290594	5.269251823425293	160.0
21294	-17.20304846225377	13.848864866884204	4.780017852783203	160.0
21310	-17.20287964595294	13.749113626365192	4.479620933532715	160.0
21329	-17.160169458885008	13.708625636771679	4.339613914489746	160.0
21349	-17.040972548541557	13.965817306136463	4.552908897399902	160.0
21369	-17.0038403644604	13.87932041592202	4.344057083129883	160.0
21388	-17.18971972082438	13.846797118952292	4.3200860023498535	160.0
21409	-17.2407658563034	13.470399323153313	4.449041366577148	160.0
21431	-17.21149852429096	13.413409766680044	4.393028736114502	160.0
21446	-17.190579535005806	13.134798994599224	4.608964920043945	160.0
21466	-17.143133993979234	13.368938034944946	4.589479446411133	160.0
21485	-17.242334656211856	13.583326382658006	4.55828857421875	160.0
21505	-17.384718802880318	13.72045357603013	4.2735161781311035	160.0
21523	-17.580141906564734	13.81805139086925	4.400745391845703	160.0
21544	-17.378846952773717	13.94022153547591	4.509581565856934	160.0
21563	-17.348033232789298	13.963471370830662	4.44765567779541	160.0
21582	-17.494297551913682	13.888539149796099	4.3550262451171875	160.0
21602	-17.742191314013787	13.93825058729643	4.15843391418457	160.0
21621	-17.980180440211207	14.02524211401872	4.2293243408203125	160.0
21643	-17.81855486400258	13.845173034329774	4.313485145568848	160.0
21659	-17.93621041634595	13.731482269856143	4.267481803894043	160.0
21680	-17.804279889165233	13.768304450200848	4.279460906982422	160.0
21699	-17.722239823360407	13.772082960050957	4.3294572830200195	160.0
21718	-17.509929979494434	13.899576150041828	4.138547897338867	160.0
21738	-17.34817977299286	14.021708521617796	4.142800331115723	160.0
21757	-17.310419263757954	14.151733150535833	4.191839218139648	160.0
21782	-17.31753343706189	14.085145907546433	4.120563983917236	160.0
21797	-17.321864205901214	14.071326067193937	4.280421257019043	160.0
21817	-17.11486366131839	14.113670495782308	4.272258758544922	160.0
21836	-17.11486366131839	14.113670495782308	4.272258758544922	160.0
21855	-17.146518573627603	14.084110084679656	4.232532024383545	160.0
21875	-17.293471688060347	13.925722750463427	4.260122299194336	160.0
21897	-17.651231050276166	13.954689955166138	4.276181697845459	160.0
21913	-17.95670719359331	13.886137738156803	3.96124267578125	160.0
21932	-17.74483266073122	13.873444240193763	3.713341474533081	160.0
21951	-17.54660187750961	13.884734474143606	4.028010368347168	160.0
21971	-17.535386604734402	13.792493058464725	4.221775531768799	160.0
21991	-17.655869029445796	13.606609268261835	4.556035041809082	160.0
22010	-17.44060556354556	13.753730467848317	4.813360214233398	160.0
22029	-17.497584268648968	13.722041177092615	5.116466045379639	160.0
22050	-17.29351105039596	13.472247974717888	5.0862274169921875	160.0
22069	-17.154177956178664	13.607681455128851	4.904244422912598	162.0
22089	-17.375898685307863	13.676301350853425	4.717100620269775	162.0
22107	-17.310668542327882	13.613528072615267	4.277194976806641	162.0
22127	-17.40771206072416	13.775483542101469	4.49615478515625	162.0
22147	-17.366917396534042	13.850008427047994	4.786498069763184	162.0
22166	-17.369470604338485	13.792005146901866	5.155261516571045	162.0
22186	-17.391784410867842	13.841328622424028	5.4646453857421875	162.0
22205	-17.459738579651475	14.096102572142252	5.362639904022217	162.0
22224	-17.535189384074254	14.150196690118477	5.357726097106934	162.0
22245	-17.685439028553738	13.970145542787362	5.068151473999023	162.0
22265	-17.88697960570889	14.251157713906467	4.6645002365112305	162.0
22283	-17.80470107799106	14.17261085926459	4.243797302246094	162.0
22302	-17.785856750825833	14.171941537540992	3.925095319747925	162.0
22322	-17.664405829992887	14.128997716781154	4.068628311157227	162.0
22342	-17.454594539476584	14.050016770919795	4.332338809967041	162.0
22366	-17.43384960732117	13.967370799538774	4.783858299255371	162.0
22379	-17.40254916325177	13.801172003111422	4.737514495849609	162.0
22400	-17.371409190956097	13.78491852886825	4.718010902404785	162.0
22419	-17.7175269777321	13.34966448278739	4.808849334716797	162.0
22439	-17.7539423258846	13.339362077474483	4.876506328582764	162.0
22457	-17.66209290388535	13.215950465663248	4.96433687210083	162.0
22477	-17.76378924076771	13.134429916544985	4.953660011291504	162.0
22497	-17.880612698421743	13.16267603489808	4.724920272827148	162.0
22516	-17.86867459157673	13.2270179064993	4.700908660888672	162.0
22538	-17.794207957510444	13.419933590056413	4.646583080291748	162.0
22556	-17.794207957510444	13.419933590056413	4.646583080291748	162.0
22575	-17.814994120067194	13.359392049259618	4.305113792419434	162.0
22594	-17.672967952600835	13.741773817942581	3.923832893371582	162.0
22615	-17.88540654654744	13.78763647752582	3.8112573623657227	162.0
22634	-17.92157849934351	13.775219559364691	3.8707592487335205	162.0
22652	-17.896015598821037	13.744651057816625	3.7865207195281982	162.0
22671	-17.844435150169666	13.830347234445673	3.8769454956054688	162.0
22691	-17.93806441302003	13.705600519146898	3.8865537643432617	162.0
22711	-18.147322932102693	13.659072440681053	4.073827743530273	162.0
22730	-17.998843349124208	13.873019686122648	4.475201606750488	162.0
22749	-17.793555406839676	13.596562376147423	4.853144645690918	162.0
22770	-17.65854607830681	13.657143118484381	4.9055376052856445	162.0
22789	-17.700030679598296	13.682807142521819	4.656510353088379	162.0
22809	-17.731619488788027	13.88933467726211	4.299777030944824	162.0
22827	-17.610964871792426	14.015510764511827	3.8843650817871094	162.0
22847	-17.54587133673439	13.999479291149015	3.842635154724121	162.0
22866	-17.28576295510742	13.996410843332791	4.10246467590332	162.0
22886	-17.535392326810147	13.897427624327989	4.053908824920654	162.0
22905	-17.57749011179432	14.009048920507942	4.045063018798828	162.0
22926	-17.492287274896885	13.952107217926537	4.0557050704956055	162.0
22944	-17.452643026528005	14.106514427189627	3.9968533515930176	162.0
22964	-17.60039843730473	14.101635539585777	4.252357006072998	162.0
22983	-17.76627437283928	13.902112625477905	4.8108720779418945	162.0
23003	-17.666478263201817	14.01770450402871	5.18192720413208	162.0
23022	-17.640832146079596	13.890972432759993	5.337868690490723	162.0
23042	-17.56564806736756	13.97285734238674	5.250794410705566	162.0
23060	-17.527014161210836	14.032717735473044	5.255039215087891	162.0
23082	-17.70561645859233	14.02602121268213	5.145537376403809	160.0
23099	-17.828768467817323	13.990055694555354	4.985400676727295	160.0
23119	-17.769576027727545	13.848510293160587	4.676138401031494	160.0
23138	-17.83695385412717	13.93914726575647	4.305946350097656	160.0
23158	-17.932672349453547	13.624060336173144	4.381796836853027	160.0
23177	-18.139333764687358	13.611661604961927	4.292400360107422	160.0
23199	-17.938838233163384	13.451473861771722	4.226726531982422	160.0
23216	-17.934665121049637	13.399742500538439	4.129916667938232	160.0
23237	-17.851418350516873	13.495827822839699	4.251511096954346	160.0
23256	-17.851418350516873	13.495827822839699	4.251511096954346	160.0
23275	-17.87065196102206	13.39706284788186	4.422623157501221	160.0
23294	-17.808900829269167	13.489288999977065	4.826629161834717	160.0
23320	-17.57009268236866	13.427076923244408	5.080914497375488	160.0
23333	-17.698183119473473	13.74643110919415	5.001345634460449	160.0
23353	-17.545666796365325	13.689426290145471	4.657044887542725	160.0
23372	-17.830964047781464	13.781844565341034	4.891763687133789	160.0
23391	-18.0082161808482	13.799838299383998	4.848909378051758	160.0
23411	-18.076666054485944	13.809212774839233	4.526844501495361	160.0
23432	-17.98188820032098	13.87538676411006	4.477410316467285	160.0
23449	-17.98790698482466	13.914309299857273	4.532847881317139	160.0
23470	-18.09930919901324	13.939823837922702	4.809256553649902	160.0
23489	-17.793367535319298	13.856401603012893	4.999423980712891	160.0
23508	-17.868029095387534	13.973034440929464	5.48016357421875	160.0
23528	-17.84214332628414	13.899868351092756	5.374810695648193	160.0
23548	-17.92275377335241	13.974208938240299	5.1506667137146	160.0
23567	-17.865377474960745	13.766405091882028	4.908242702484131	160.0
23586	-17.881091186355274	13.807517179546112	4.641026496887207	160.0
23605	-18.028643442245418	13.726489894407738	4.116866111755371	160.0
23625	-18.01772749025031	13.599257474970546	3.8013954162597656	160.0
23646	-17.955725844359403	13.675255857394434	3.9392001628875732	160.0
23664	-17.946559400542263	13.517759942592537	4.2557373046875	160.0
23683	-17.769463317097806	13.505233755541438	4.671575546264648	160.0
23703	-17.533381393782722	13.65260420856095	4.61488151550293	160.0
23722	-17.5831152899046	13.867841195292835	4.678516387939453	160.0
23742	-17.6814402351641	13.739874353344263	4.659176826477051	160.0
23761	-17.533950766788927	13.951900115954956	4.886624336242676	160.0
23781	-17.811316311845324	13.86239832756637	4.883801460266113	160.0
23801	-17.757345357442432	13.639861457026107	5.0552825927734375	160.0
23819	-17.615410958575065	13.644293878480461	5.181968688964844	160.0
23839	-17.665677855580434	13.659615556739178	5.354490280151367	160.0
