7	5.2332764482522744	-14.031355914771172	0.14095056056976318	134.0
27	5.2332764482522744	-14.031355914771172	0.14095056056976318	134.0
46	5.173924900929783	-13.97172723926583	-0.24162757396697998	134.0
65	5.157866555733945	-14.001983335205272	-0.28593742847442627	134.0
86	4.88315494669264	-14.251835088957298	-0.10925233364105225	134.0
105	5.056993264538013	-14.18473989929171	0.0972287654876709	134.0
124	5.124428600343114	-14.118246958770285	0.1427905559539795	134.0
143	4.921815195354362	-13.984265230714302	0.25008249282836914	134.0
163	4.938754169726172	-13.932489399816491	0.247383713722229	134.0
184	4.895800918114125	-14.039995052378961	0.27165162563323975	134.0
202	4.882374184928023	-14.186339828567782	0.18989098072052002	138.0
222	5.01879882529882	-14.259988944778286	-0.18103623390197754	138.0
241	5.163918000494982	-14.011829112008275	-0.37044405937194824	138.0
260	5.095818060506188	-14.083035640478624	-0.2851370573043823	138.0
280	4.949903082213613	-14.168177291661738	-0.0791693925857544	138.0
299	5.153386530723616	-14.323137289508459	-0.20443081855773926	138.0
319	5.0392248343828925	-14.257017177983787	-0.08561921119689941	138.0
339	4.97997900766468	-14.40687419396277	-0.026288151741027832	138.0
358	4.864631100941475	-14.335393464661848	0.018946290016174316	138.0
376	5.029368751568293	-14.345616695606546	0.3213679790496826	138.0
397	5.114454591978847	-14.360900048188105	0.20520079135894775	138.0
417	5.133398483003083	-14.328737590247684	0.0923318862915039	143.0
438	5.129659918693653	-14.413322968937068	0.16989374160766602	143.0
456	4.9617222820024605	-14.367662666697761	0.5465608835220337	143.0
474	5.03390208615891	-14.453492673528185	0.43654608726501465	143.0
494	5.280328891094889	-14.431050257830632	0.34075164794921875	143.0
514	5.122802028056692	-14.571029704265312	0.21710073947906494	143.0
533	4.95695189281871	-14.52428487456522	0.3673374652862549	143.0
553	5.044529191421173	-14.58029137948287	0.7567132711410522	143.0
571	5.148201642870206	-14.684075886933234	0.6652910709381104	143.0
591	5.260191016203181	-14.687027227813275	0.3501877784729004	143.0
611	5.313311793930684	-14.546761643096124	0.08750104904174805	147.0
630	5.148853669786022	-14.658142747042524	0.18777406215667725	147.0
649	4.954425737102744	-14.599417893141283	0.46758973598480225	147.0
668	5.026281268262147	-14.53250325509477	0.5820950269699097	147.0
689	4.74671160078211	-14.540194721469563	0.5197646617889404	147.0
709	4.326006375988057	-14.620789505685565	0.34134984016418457	147.0
728	4.399583401274604	-14.414064003554095	0.30484211444854736	147.0
747	4.399583401274604	-14.414064003554095	0.30484211444854736	147.0
766	4.2008559689950555	-14.345945566840033	0.3366612195968628	147.0
788	4.0522153647362895	-14.420431788951452	0.4259423017501831	147.0
805	3.9947606224396366	-14.57938608025945	0.46050024032592773	152.0
824	4.0103081953171476	-14.486918100438107	0.2929795980453491	152.0
844	4.1595436125287195	-14.528086955117868	0.1970372200012207	152.0
862	4.511907228526154	-14.488229638196396	-0.11076223850250244	152.0
882	4.795548592719811	-14.50889335123948	-0.02138686180114746	152.0
902	4.671670042595461	-14.753575697838318	-0.017852067947387695	152.0
921	4.860037966713983	-14.893853801524433	0.20291352272033691	152.0
941	5.152561819887096	-14.844949730409914	0.16650712490081787	152.0
960	5.3064263447791165	-14.709081350540067	-2.0432472229003906E-4	152.0
980	5.348520301245903	-14.599340094809358	0.0012362003326416016	152.0
1000	5.361709174443022	-14.684723304467944	-0.0795515775680542	155.0
1019	5.364930650185442	-14.684179944334888	0.27503037452697754	155.0
1038	5.26638823149721	-14.60726853062248	-0.09427022933959961	155.0
1058	5.177961051965011	-14.476730190957397	-0.10662698745727539	155.0
1078	5.211024139909523	-14.262725718352357	-0.454168438911438	155.0
1097	5.258890443149211	-14.292368578962867	-0.17230618000030518	155.0
1117	5.370544872967602	-14.335309561353153	0.22732436656951904	155.0
1138	5.201855536525655	-14.528846599349466	0.005719900131225586	155.0
1157	5.067056884903114	-14.35111009746992	0.10947823524475098	155.0
1174	4.841521441513991	-14.355082584168494	-0.008118987083435059	155.0
1194	4.908191136220953	-14.172781900853744	0.22522211074829102	155.0
1214	5.026483652939874	-14.102102079164048	0.303494930267334	158.0
1233	4.713939670525833	-14.156045364788975	0.37384259700775146	158.0
1255	4.3929771354043154	-14.141369331703503	0.15692293643951416	158.0
1272	4.22192337341358	-13.994489910981086	-0.1069648265838623	158.0
1291	4.3704191545677356	-13.911857057646463	0.1263747215270996	158.0
1310	4.568766494511412	-13.989429971546192	0.10185360908508301	158.0
1330	4.573645147129682	-14.079453622125078	-0.09779644012451172	158.0
1348	4.4671951544416375	-14.234737018240537	-0.0712357759475708	158.0
1369	4.453345391103719	-14.333312576674032	-0.014511466026306152	158.0
1388	4.754641763887191	-14.299646694496232	0.2530301809310913	158.0
1408	4.829812993207951	-14.418111981033613	0.40422630310058594	160.0
1428	4.829812993207951	-14.418111981033613	0.40422630310058594	160.0
1448	4.695973248344802	-14.455434963237346	0.38873207569122314	160.0
1467	4.711147832132849	-14.451713961709894	0.14498865604400635	160.0
1485	4.6288756818123105	-14.425681407780885	0.25218403339385986	160.0
1505	4.700750016431469	-14.279691580306869	0.3278278112411499	160.0
1525	4.700755081677786	-14.38457663366883	0.13371491432189941	160.0
1544	4.80973039558054	-14.184184827937502	-0.05987262725830078	160.0
1563	4.696910246706667	-14.225804110647289	-0.12250447273254395	160.0
1584	4.615746144564343	-14.151746487507609	0.13316941261291504	160.0
1603	4.997063202272994	-14.059511102221853	0.014211773872375488	162.0
1622	4.8581207149086865	-14.06498496219782	0.02367401123046875	162.0
1641	4.629468362536712	-14.067628845260211	-0.17047321796417236	162.0
1661	4.712339849432371	-14.113155007505993	-0.24961280822753906	162.0
1680	4.821599494150595	-13.983802550458728	-0.033373117446899414	162.0
1701	4.734644221817724	-14.107780946212888	0.10133779048919678	162.0
1719	4.762632751004587	-14.081004018236824	0.26728057861328125	162.0
1741	4.825786825997682	-14.019500236086312	0.21023976802825928	162.0
1758	4.475056322666289	-14.083663968208272	0.3271665573120117	162.0
1779	4.525853211196307	-14.012349939731902	0.27311527729034424	162.0
1799	4.77527958559653	-14.049160228848987	0.3231658935546875	162.0
1817	4.581696751146403	-14.118535517888768	0.6652551889419556	163.0
1836	4.58579658186224	-14.073448088300795	0.7945071458816528	163.0
1856	4.76491595327388	-14.1575867258859	0.9312691688537598	163.0
1875	4.7561647356159575	-14.17848481769494	0.6619957685470581	163.0
1895	4.733189098180676	-14.245818127458357	0.5116571187973022	163.0
1913	4.8751711723481925	-14.261124611646409	0.4929264783859253	163.0
1934	5.094159406848578	-14.21664651136873	0.4758460521697998	163.0
1952	5.058924673094476	-14.14581378086878	0.5210007429122925	163.0
1972	5.033912938465784	-14.051591186975667	0.34286606311798096	163.0
1992	5.052365546339284	-14.059553208890872	0.49656832218170166	163.0
2012	4.877428417581521	-13.932843716398878	0.43017148971557617	164.0
2031	4.924252572677563	-13.847041841722989	0.6489309072494507	164.0
2050	4.905713668029451	-13.934496743432486	0.6988623142242432	164.0
2069	4.844104137084102	-14.061890552676866	0.6634089946746826	164.0
2089	4.649748925855099	-13.97534581260501	0.7468080520629883	164.0
2113	4.649748925855099	-13.97534581260501	0.7468080520629883	164.0
2131	4.661510487804729	-14.018295417294567	1.102115511894226	164.0
2148	4.661510487804729	-14.018295417294567	1.102115511894226	164.0
2167	4.621033146359966	-13.891779158692879	0.8785922527313232	164.0
2186	4.57910988473522	-13.79060070916723	0.6343696117401123	164.0
2206	4.671520109738586	-13.963347803692002	0.5082281827926636	165.0
2228	4.773574536583133	-13.846301304203005	0.623993992805481	165.0
2245	5.062639400989821	-13.826105093996325	0.8204481601715088	165.0
2264	4.981452055722592	-13.885625917057508	0.5465019941329956	165.0
2284	4.962762917642782	-13.965362323582498	0.20997285842895508	165.0
2303	4.971340828231608	-13.991359397268852	0.05172264575958252	165.0
2324	5.028776364498483	-14.057753525084077	0.10889875888824463	165.0
2341	4.928115635417134	-14.203928897336848	0.3980679512023926	165.0
2361	4.896991994186339	-13.94599632721609	0.253253698348999	165.0
2382	4.81251157309214	-13.908633195865818	0.06752181053161621	165.0
2400	4.743568171496988	-13.847040211004986	-0.15433692932128906	165.0
2420	4.994313138851086	-14.13780047041616	0.12357175350189209	166.0
2440	4.9452090368813115	-14.028028259758594	0.16696715354919434	166.0
2458	4.9650951177246885	-14.100337900204037	0.09417259693145752	166.0
2478	4.853238121149751	-14.061146140329878	0.05152547359466553	166.0
2497	4.967343310490611	-14.025212234397594	0.0646446943283081	166.0
2517	4.859881772710759	-14.304831941309077	0.24163997173309326	166.0
2536	4.799009791308694	-14.352033263085962	0.018160104751586914	166.0
2557	4.525828621603931	-14.259566221565715	0.04270339012145996	166.0
2576	4.357668928837632	-14.102107701605837	-0.02676844596862793	166.0
2594	4.211773044780502	-14.08733721826983	0.03578925132751465	166.0
2614	4.46097228813182	-13.86247213496872	0.1261528730392456	166.0
2634	4.376555721624285	-13.96909826733915	-0.06546711921691895	166.0
2653	4.145689663784315	-14.021967079865968	-0.29483330249786377	166.0
2672	4.216737533857642	-13.883685868388243	-0.18609285354614258	166.0
2692	4.374804517525245	-13.83125419896533	-0.019649386405944824	166.0
2711	4.488989989290318	-13.841264674389578	0.03342628479003906	166.0
2730	4.5193386156314	-13.716404574093517	-0.21933305263519287	166.0
2749	4.807142784727531	-13.70961067140342	-0.0894092321395874	166.0
2769	4.528650346798667	-13.827202893716318	-0.23237192630767822	166.0
2789	4.727515987398301	-13.74450587886889	-0.12623000144958496	166.0
2809	4.899719283843908	-13.686239861474315	-0.1057666540145874	168.0
2831	4.886426212630396	-13.662282041699777	-0.2968384027481079	168.0
2849	4.871501767628386	-13.665067645369312	0.03874838352203369	168.0
2868	4.871501767628386	-13.665067645369312	0.03874838352203369	168.0
2886	5.0138954225040155	-13.666718320384227	0.3328601121902466	168.0
2905	4.943927660067695	-13.758727702929002	0.4699825048446655	168.0
2926	4.905034276534759	-13.874475964372834	0.16114425659179688	168.0
2947	4.805258935993035	-13.886700497277046	0.25533735752105713	168.0
2965	4.625741387678348	-13.939848171205107	0.2647700309753418	168.0
2983	4.666194572973162	-13.959363213796491	0.476776123046875	168.0
3003	4.688638132910537	-13.99341733648031	0.5269076824188232	168.0
3023	4.592466825786095	-14.099399733513712	0.36823606491088867	168.0
3043	4.290765888204735	-14.207764864348416	0.19638168811798096	168.0
3068	4.446345565242504	-14.075743198065222	0.34346044063568115	168.0
3081	4.44607330099159	-14.090674461865264	0.5935535430908203	168.0
3101	4.679020086732013	-14.209064355468664	0.4195457696914673	168.0
3120	4.736500065221915	-14.381038171835753	0.4242403507232666	168.0
3140	4.735566856778231	-14.644353875815963	0.4202544689178467	168.0
3160	4.6444771626026435	-14.68795363324198	0.6781373023986816	168.0
3177	4.685347993216492	-14.494501934029579	0.5422708988189697	168.0
3197	4.7530578043612035	-14.556892340697527	0.35127556324005127	168.0
3217	4.498440856034179	-14.838802780363293	0.3831702470779419	168.0
3236	4.637534174625271	-14.669608552049748	0.275736927986145	168.0
3256	4.61497172702818	-14.529400756634692	0.4698917865753174	168.0
3275	4.526215965789362	-14.600125989929161	0.2119138240814209	168.0
3295	4.4604652918624295	-14.360799572132699	0.02386188507080078	168.0
----------------출발----------------
3319	4.461679068806645	-14.19839180278822	-0.08395421504974365	168.0
3334	4.448256825958779	-14.193615012167617	0.19296693801879883	168.0
3353	4.4739381975431245	-14.023441351987165	0.21099162101745605	168.0
3374	4.6719740225035675	-13.840003655870692	-0.03876161575317383	168.0
3392	4.408693622235733	-13.937030636314127	-0.15749812126159668	168.0
3411	4.3014632274328575	-13.986363420993928	-0.19657444953918457	169.0
3431	4.417242676244526	-13.680238163358231	-0.10177409648895264	169.0
3455	4.421126324071171	-13.53999378049477	0.0888286828994751	169.0
3470	4.322834996479981	-13.746115937411012	0.008679986000061035	169.0
3489	4.027208406058601	-13.863031209033243	-0.33800172805786133	169.0
3508	3.9086178343884437	-13.960148233628962	-0.31595635414123535	169.0
3528	3.6997295307090274	-14.006866291400994	-0.008055925369262695	169.0
3550	3.644882498238338	-14.10609264031966	-0.2795604467391968	169.0
3568	3.644882498238338	-14.10609264031966	-0.2795604467391968	169.0
3587	3.698676910688031	-13.975971691493028	-0.2990400791168213	169.0
3606	3.547160785148957	-14.132159649207182	-0.10209250450134277	169.0
3625	3.636307698654265	-14.261415210697947	0.06220817565917969	169.0
3644	3.7791055761354593	-14.086919012034619	0.3111966848373413	169.0
3667	3.8073680003194625	-14.09622124369901	0.4588737487792969	169.0
3684	3.8881901682447344	-14.108247282718322	0.4565737247467041	169.0
3703	3.751190605872379	-14.1640360752924	0.29009175300598145	169.0
3723	3.6802301190135736	-14.10307325410162	0.5428106784820557	169.0
3743	3.6856810847548376	-13.939608368940302	0.35810673236846924	169.0
3761	3.689961483412068	-13.814899008011302	0.2065584659576416	169.0
3782	3.7716164534904744	-13.777750197241204	-0.10596239566802979	169.0
3802	3.7161886206719124	-13.744287942669947	-0.2130284309387207	169.0
3820	3.9033161912062546	-13.639097763036206	-0.1908966302871704	169.0
3839	4.155719069773247	-13.375331376079798	-0.44996678829193115	169.0
3859	4.227520958242683	-13.20564162282192	-0.6436883211135864	169.0
3879	4.402719302170943	-13.127351817504959	-0.8742178678512573	169.0
3897	4.400527163360782	-13.33969621432043	-0.6934167146682739	169.0
3918	4.503869758178169	-13.276470428994461	-0.7490189671516418	169.0
3937	4.119827808627386	-13.284412004395124	-0.8175661563873291	169.0
3957	4.119449675551865	-13.305875304320365	-1.1545768976211548	169.0
3977	3.9280923026360557	-13.230869184819735	-1.135223388671875	169.0
3994	3.5932158834933134	-13.447295288293065	-1.0160715579986572	169.0
4015	3.7225720764262746	-13.332057469922887	-1.064429759979248	169.0
4035	3.4056831882791205	-13.27003076913811	-0.9188428521156311	169.0
4054	3.2627319769801417	-13.259224339053798	-1.1799782514572144	169.0
4073	3.054834214168289	-13.303341795239202	-1.094918966293335	169.0
4093	3.336005938106975	-13.080431959932643	-1.1023507118225098	169.0
4112	3.198190051424492	-13.056760803539095	-1.1621602773666382	169.0
4131	3.2007017249722773	-13.06706351048275	-1.4346566200256348	169.0
4151	2.964855155971891	-12.760050290179064	-1.6411478519439697	169.0
4170	2.8590729262120576	-12.807134890466758	-1.7364972829818726	169.0
4190	3.0667635347110402	-12.662591422966532	-1.918308973312378	169.0
4209	2.864988728611159	-12.456522208938761	-2.086764097213745	169.0
4228	2.772348483084241	-12.416900753699817	-2.300074815750122	169.0
4250	2.448813254411982	-12.58565064570574	-2.2755379676818848	169.0
4270	2.308058165502622	-12.6130310474871	-2.141014575958252	169.0
4287	2.308058165502622	-12.6130310474871	-2.141014575958252	169.0
4307	2.1687187070003255	-12.427296021286802	-2.5615696907043457	169.0
4326	2.2565000604977836	-12.422442310077166	-2.896519660949707	169.0
4345	1.9049665884945661	-12.262392673026495	-3.0888776779174805	169.0
4366	1.677692000256647	-12.37799263497273	-3.2434935569763184	169.0
4386	1.8820349174350033	-12.363306166110894	-3.340118169784546	169.0
4403	1.661340871233008	-12.42474982051477	-3.198446273803711	169.0
4423	1.6203527172552834	-12.402552450767768	-3.4789750576019287	169.0
4442	1.3767660957561654	-12.344299266044812	-3.8734118938446045	169.0
4462	1.4530888680735834	-12.380919666953556	-3.9352779388427734	169.0
4481	1.1991186298724659	-12.537255564737865	-3.974179744720459	169.0
4500	1.3267415225449486	-12.694567943488865	-4.174777030944824	169.0
4521	1.0337942808632987	-12.573737596695636	-4.456454277038574	169.0
4540	0.928745797061547	-12.614783345193594	-4.558921813964844	169.0
4559	1.0352490235777798	-12.567721560488673	-5.062995910644531	169.0
4578	0.8641115330657371	-12.46618809657221	-5.432286739349365	169.0
4599	0.8299680690647065	-12.377634299518622	-5.7467193603515625	169.0
4618	0.573656479235539	-12.558418618757932	-5.767769813537598	169.0
4638	0.6500878791345931	-12.599715134183315	-6.056899070739746	169.0
4657	0.4881001819648204	-12.441194130032384	-6.3397440910339355	169.0
4677	0.666511415133174	-12.598907735693174	-6.558661937713623	169.0
4696	0.6261244112267149	-12.728335665745584	-6.870999336242676	169.0
4717	0.49774188800127567	-12.906588217203904	-6.970707416534424	169.0
4736	0.40667802536103476	-12.847412877224796	-6.879255294799805	169.0
4754	0.5814632702064935	-12.95491692379844	-7.059882164001465	169.0
4774	0.37125252387027197	-13.1339355696445	-7.488308906555176	169.0
4793	0.1753262482608105	-13.204768501855526	-7.728604316711426	169.0
4811	0.2065001229050762	-13.224885332076331	-7.996060371398926	169.0
4831	0.08732531236881297	-13.171721147201303	-8.322309494018555	169.0
4851	-0.17426241271995543	-13.047902791151744	-8.747781753540039	169.0
4871	-0.5603554563299917	-13.246575729314282	-9.07145881652832	169.0
4891	-0.734130393243564	-13.598403215242197	-9.18618106842041	169.0
4909	-0.9965504590985282	-13.843374414871231	-9.132417678833008	169.0
4928	-0.8625701193021118	-13.80836408814723	-9.242379188537598	169.0
4949	-0.7222930618211826	-13.87539364553241	-9.5147705078125	169.0
4969	-0.7803271473656092	-14.209845806403088	-9.824636459350586	169.0
4987	-0.7803271473656092	-14.209845806403088	-9.824636459350586	169.0
5007	-1.1259431999569243	-15.28674252773248	-9.797633171081543	169.0
5026	-1.1259431999569243	-15.28674252773248	-9.797633171081543	169.0
5046	-1.016461264707788	-15.394081379511835	-9.89620590209961	169.0
5065	-0.9960046906027784	-15.712412467784262	-10.115760803222656	169.0
5085	-1.1471280675898206	-16.149963517988326	-10.294013977050781	169.0
5106	-1.4672333899773284	-16.456486451839876	-10.542381286621094	169.0
5124	-1.5501305791027875	-16.79083360285271	-10.902022361755371	169.0
5143	-1.8552315728679296	-17.107624630879393	-11.088621139526367	169.0
5163	-2.0287541104221893	-17.482033129000527	-11.65869140625	169.0
5182	-1.9877129774732871	-17.70941342519048	-11.870448112487793	169.0
5205	-2.257540434017948	-18.299668589470926	-11.705991744995117	169.0
5223	-2.631312154960571	-18.689745442421138	-11.622892379760742	169.0
5240	-2.6991184280304514	-19.09989993232866	-11.5160551071167	169.0
5260	-2.8922334827465077	-19.685121321566676	-11.554895401000977	169.0
5279	-3.178446758253955	-20.27443311460422	-11.518680572509766	169.0
5299	-3.101056203810307	-20.878580995151587	-11.442521095275879	169.0
5318	-3.3130961296947086	-21.24278379070893	-11.244537353515625	169.0
5341	-3.5249428267191636	-21.695032640511936	-11.1690034866333	169.0
5357	-3.7926672859698445	-22.143424733992912	-11.266373634338379	169.0
5377	-3.7125830855842996	-22.75838987162824	-11.034953117370605	169.0
5397	-3.9761323795793477	-23.325529383802433	-10.762977600097656	169.0
5416	-4.15497949742335	-23.647888361275815	-10.180599212646484	169.0
5434	-4.49882859432286	-23.983063474336053	-9.536649703979492	169.0
5454	-4.963655910736019	-24.326332947290002	-8.839617729187012	169.0
5474	-5.1323666607169	-24.86065974733035	-8.368816375732422	169.0
5494	-5.117798681692992	-24.843349892863394	-7.815860748291016	169.0
5514	-5.149583953406696	-25.14435297146561	-7.092571258544922	169.0
5532	-5.4841778703611395	-25.263012439555716	-6.914106845855713	169.0
5551	-5.677105172054183	-25.41415593768151	-6.575294494628906	169.0
5572	-5.655721951647894	-25.555797212048272	-6.186628818511963	169.0
5593	-5.784126266950816	-25.855155085316763	-5.876896858215332	169.0
5611	-5.741785657314962	-26.046942016996855	-6.086803436279297	169.0
5629	-5.870213356306348	-26.08374101401404	-6.1261372566223145	169.0
5648	-6.203574472457648	-26.472480104792854	-5.888791084289551	169.0
5669	-6.239153544378109	-26.683671903183978	-5.643082141876221	169.0
5692	-6.209759520085846	-27.12331207680304	-4.819817066192627	169.0
5712	-6.340942193260823	-27.39797551393676	-4.510232925415039	169.0
5727	-6.340942193260823	-27.39797551393676	-4.510232925415039	169.0
5745	-6.610481049416237	-27.827079338052478	-3.8862433433532715	169.0
5766	-6.584708287953592	-27.925576142548604	-3.1245815753936768	169.0
5785	-6.557668530081686	-27.8886637599144	-2.3621606826782227	169.0
5804	-6.560045798817239	-28.045587099218306	-1.534041166305542	170.0
5824	-6.649448627906787	-28.08055154331677	-1.2281429767608643	170.0
5843	-6.805325147222873	-28.130052440669015	-0.6332566738128662	170.0
5863	-6.944216098870742	-28.148489563489544	0.22196674346923828	170.0
5882	-7.0828941157252014	-28.038191380891018	0.815981388092041	170.0
5902	-7.313038189699833	-27.938400819003895	1.6208338737487793	170.0
5921	-7.52167928753544	-27.773527692576874	2.114686965942383	170.0
5940	-7.584957965627579	-27.56652245939957	2.810978889465332	170.0
5961	-7.704545130464592	-27.274249873575823	3.0883090496063232	170.0
5979	-7.787409229979461	-27.040735531844977	3.4495441913604736	170.0
5999	-8.06561487803455	-26.645669343648745	4.2166876792907715	170.0
6019	-8.1599615406959	-26.116857819397357	4.711141586303711	170.0
6038	-7.792240120591541	-25.670756522329032	5.348862648010254	170.0
6058	-7.584168477705242	-25.09586792154663	5.566989421844482	170.0
6077	-7.655793987789419	-24.658814713062476	5.778656959533691	170.0
6097	-7.7370160860979125	-24.505120943109745	6.001462459564209	170.0
6115	-7.639133073658539	-23.950462688847463	6.531309127807617	170.0
6135	-7.457625269227345	-23.32126002849593	7.330968856811523	170.0
6155	-7.28478408104302	-22.878788782578983	7.37678337097168	170.0
6175	-7.371988527261866	-22.55441292560438	7.355431079864502	170.0
6193	-7.662489799465	-22.15084069941539	7.3387451171875	170.0
6212	-7.725722817020905	-21.725981147960326	7.785853385925293	170.0
6232	-7.715154000159852	-21.26085325769613	8.167205810546875	170.0
6252	-7.713991371838972	-20.71749452087629	8.473081588745117	170.0
6271	-7.896501269930701	-20.382155277590524	8.390108108520508	170.0
6290	-8.081978087322286	-20.17850187644979	7.946568012237549	170.0
6309	-7.9829570485429135	-19.708025818901703	7.911602020263672	170.0
6330	-8.166795894146317	-19.284021400725926	7.766851425170898	170.0
6348	-8.040880730219488	-18.72997929341893	7.666545867919922	170.0
6370	-8.076142167946841	-18.29249041613716	7.719159126281738	170.0
6389	-7.949585976402648	-18.04009119690454	7.844407558441162	170.0
6410	-7.949585976402648	-18.04009119690454	7.844407558441162	170.0
6427	-8.022433679248511	-17.78319396916289	7.453033447265625	170.0
6448	-7.841740324396447	-17.39782521386052	7.5898661613464355	170.0
6466	-7.85236551393547	-16.850847661773507	7.635891437530518	170.0
6485	-7.924488448789466	-16.453500034270654	7.327188491821289	170.0
6505	-7.771271495043241	-16.185288531405813	7.41743803024292	170.0
6527	-7.929556271928127	-15.987784079832785	7.459063529968262	170.0
6548	-8.099651174334886	-15.676356911741463	7.209569454193115	170.0
6563	-8.131205548854574	-15.379405816306438	7.044488906860352	170.0
6582	-8.154938089041417	-15.154931466840434	6.931260108947754	170.0
6602	-8.350255328027684	-15.237062121037516	6.527583122253418	171.0
6621	-8.462427186840314	-15.253235568130863	6.505113124847412	171.0
6644	-8.524852922070341	-15.323001263280366	6.775571823120117	171.0
6660	-8.555312860295547	-15.233595330966745	6.800381183624268	171.0
6680	-8.547262798757183	-15.125386397840522	6.851498126983643	171.0
6700	-8.298671309456491	-15.025430643930259	7.164515018463135	171.0
6719	-8.516509089134924	-14.83899602620329	7.147666931152344	171.0
6738	-8.581315461477903	-14.807448668711709	7.047347068786621	171.0
6757	-8.662255996252414	-14.65222383840967	7.00359582901001	171.0
6776	-8.82534987205164	-14.699497746305752	6.928433895111084	171.0
6799	-8.8998690755229	-14.672182228080533	6.595506191253662	171.0
6816	-9.084328520627741	-14.931621358500948	6.404541015625	171.0
6835	-9.030180452284709	-15.292176614176064	6.073786735534668	171.0
6855	-9.06133609836823	-15.30572670756798	5.731809139251709	171.0
6875	-8.843190472934696	-15.394909670546017	5.659432888031006	171.0
6895	-8.774340141512583	-15.292499529361908	5.9338836669921875	171.0
6913	-8.529524535282773	-15.459291813604159	6.036219596862793	171.0
6933	-8.23531120445364	-15.674078602921904	5.975249767303467	171.0
6952	-8.250028154322854	-15.78412027891086	5.853224754333496	171.0
6971	-7.931765337254818	-15.711962407373099	6.043837547302246	171.0
6993	-7.890295543407313	-15.829426197867912	6.162753105163574	171.0
7011	-8.127735994909676	-16.307845217398224	5.955704689025879	170.0
7030	-8.08563989482524	-16.569278166614822	6.09890079498291	170.0
7049	-7.785211634134465	-16.56184681059828	6.8312153816223145	170.0
7067	-7.617508667084376	-16.242344701348983	7.958828449249268	170.0
7089	-7.376429411947359	-15.73425684069491	8.897261619567871	170.0
7110	-6.916324447117464	-15.5079587364437	9.95645809173584	170.0
7133	-6.916324447117464	-15.5079587364437	9.95645809173584	170.0
7146	-6.71244302456508	-15.828016836606908	9.614481925964355	170.0
7165	-6.567136925853527	-15.930903051159873	8.993237495422363	170.0
7185	-6.417788733221298	-15.829393505334874	8.631957054138184	170.0
7205	-6.6845818354200714	-15.71489851793447	8.51170539855957	170.0
7224	-6.495563826222891	-15.470303524780403	8.594815254211426	170.0
7243	-6.327940527626965	-15.090151603336567	9.043380737304688	170.0
7263	-6.20135208866976	-14.83766324407082	9.351320266723633	170.0
7283	-6.070250009693747	-14.609588878581993	9.428614616394043	170.0
7305	-6.024157106331164	-14.280376400945984	9.486437797546387	170.0
7322	-5.785370831565935	-13.916392525467348	10.018415451049805	170.0
7342	-5.749677288679629	-13.68074153559117	10.268263816833496	170.0
7364	-5.609374967310066	-13.191421867267138	10.305054664611816	170.0
7380	-5.607415826640477	-13.08830408403385	10.299042701721191	170.0
7399	-5.510418998904285	-13.187725524656587	9.768186569213867	171.0
7418	-5.224040650272524	-13.29892644160867	9.177680015563965	171.0
7438	-5.025503930921738	-13.08721985198007	9.054338455200195	171.0
7459	-4.88567627130282	-12.790956501568953	9.257584571838379	171.0
7478	-4.995486396236646	-12.58957380655404	9.268387794494629	171.0
7498	-4.854655873201483	-12.604803437694587	8.954941749572754	171.0
7517	-4.589879290697363	-12.697874308950501	8.651498794555664	171.0
7536	-4.352276555409212	-12.787091377256907	8.771061897277832	171.0
7555	-4.198729322044293	-12.752487171070706	8.996150016784668	171.0
7575	-4.308989825899357	-12.666089813264438	9.125421524047852	171.0
7598	-4.388905768698022	-12.655063387663754	8.874882698059082	171.0
7616	-4.464210757627219	-12.527765071630856	8.774871826171875	171.0
7633	-4.535292194313248	-12.551742847098659	8.460831642150879	171.0
7652	-4.727698288963102	-12.35379481177269	8.152606964111328	171.0
7671	-4.934514068645406	-12.470739643602352	8.082235336303711	171.0
7691	-4.875802361165668	-12.429316019297952	7.509521961212158	171.0
7711	-4.846405044469559	-12.610985755301277	7.22407865524292	171.0
7731	-4.818890839018644	-12.732096713658455	6.867488861083984	171.0
7750	-4.725673941744449	-12.58718279015384	6.937049865722656	171.0
7770	-4.746068961086401	-12.564964322122675	7.216152191162109	171.0
7789	-4.5461635882612255	-12.375719138987737	7.422977924346924	171.0
7810	-4.454848637738343	-12.536155671757397	7.72629451751709	172.0
7829	-4.410539458640783	-12.58778083951983	7.675323963165283	172.0
7851	-4.410539458640783	-12.58778083951983	7.675323963165283	172.0
7868	-4.5646319519997025	-12.65096434165351	7.7437744140625	172.0
7886	-4.5646319519997025	-12.65096434165351	7.7437744140625	172.0
7905	-4.647310431022486	-12.756525292428018	7.6570000648498535	172.0
7925	-4.880994417136091	-12.970276369484091	7.440402507781982	172.0
7945	-5.159371432967293	-12.842682287181269	7.362007141113281	172.0
7965	-5.333887609038405	-12.754170261367465	7.341244697570801	172.0
7983	-5.312639286376424	-12.744061762667167	7.146424293518066	172.0
8003	-5.349674248780562	-12.854549614945613	6.9444756507873535	172.0
8022	-5.456021893957612	-12.832326826130808	6.774473190307617	172.0
8041	-5.32742652453389	-12.69327669009782	6.833693027496338	172.0
8061	-5.069086458630498	-12.65042715428935	6.9110822677612305	172.0
8080	-5.023596658849981	-12.574668983383047	6.751301288604736	172.0
8101	-4.692037268936007	-12.56150333131357	6.686452865600586	172.0
8119	-4.804976896960416	-12.412309794999167	6.775563716888428	172.0
8139	-4.698860601806129	-12.267595013719525	7.105513572692871	172.0
8159	-4.628126775174555	-12.072247038823512	7.164129734039307	172.0
8177	-4.797897811851727	-12.048530636618208	6.97133731842041	172.0
8197	-4.659553414723582	-11.952876511930905	6.698965072631836	172.0
8217	-4.951393477655522	-12.026530423930675	6.4289727210998535	172.0
8236	-4.910372836992456	-12.096867509109524	6.16544246673584	172.0
8256	-5.026324065133182	-12.110073446653667	5.93100118637085	172.0
8276	-5.074501564626793	-12.071959842707907	5.8575897216796875	172.0
8295	-5.189729547867518	-11.859235104125533	5.402340412139893	172.0
8316	-5.182559055466791	-11.69317633651579	5.047979831695557	172.0
8333	-5.015404969239033	-11.501778471269194	4.8883209228515625	172.0
8354	-5.253641129513165	-11.668993296354765	4.7193922996521	172.0
8373	-5.122361899860842	-11.528005184588702	4.2096405029296875	172.0
8391	-5.128462382374565	-11.329215343435989	4.080755710601807	172.0
8411	-4.900352945409829	-11.270480065594901	4.101246356964111	173.0
8429	-4.519465540056047	-11.114023594080793	3.869072675704956	173.0
8450	-4.263184372331645	-11.100769884948523	3.8772807121276855	173.0
8469	-4.1799985063796425	-11.230244976532738	3.5773227214813232	173.0
8489	-4.152474889419688	-11.179174251819958	3.0577313899993896	173.0
8508	-3.8859107518887392	-11.217389973743591	2.729593515396118	173.0
8529	-3.522470526018981	-11.204165800921315	2.427682399749756	173.0
8548	-3.522470526018981	-11.204165800921315	2.427682399749756	173.0
8571	-3.4337840897707266	-11.299360324901146	2.24261212348938	173.0
8586	-3.2744300207231714	-11.209416128588702	1.6110661029815674	173.0
8606	-3.177091848526411	-11.226759773812436	1.300020694732666	173.0
8625	-3.1252508467783344	-11.307769350426293	0.7302954196929932	173.0
8644	-2.8927915366172985	-11.271102730784841	0.4940037727355957	173.0
8664	-2.5628133421561916	-11.449812020388745	0.33861243724823	173.0
8683	-2.492338288575426	-11.41868691522581	0.15704846382141113	173.0
8702	-2.609699439692585	-11.574802188654274	0.3173302412033081	173.0
8722	-2.3969516191962703	-11.778216021366774	0.1858046054840088	173.0
8743	-2.293329198842517	-11.920948402960779	-0.06462538242340088	173.0
8761	-2.0787177523540414	-12.09875183055428	-0.38282740116119385	173.0
8783	-1.8805796175533864	-12.177617326224661	-0.6474524736404419	173.0
8803	-1.7077856004109742	-12.204250459344076	-0.9432855844497681	174.0
8819	-1.6812455203515486	-12.40397759785314	-0.886322021484375	174.0
8839	-1.4218502327350768	-12.66851858901023	-0.7618075609207153	174.0
8858	-1.3526032084567094	-12.71481460640942	-0.8855620622634888	174.0
8878	-1.2481530119821753	-12.770827574310832	-0.837232232093811	174.0
8897	-1.0625932889652216	-12.95464468848145	-0.4455554485321045	174.0
8922	-1.3479874042784517	-13.015091006409078	-0.29976212978363037	174.0
8936	-1.412315375998777	-13.150674139924144	-0.24483966827392578	174.0
8956	-1.388992553807509	-13.148263548297509	-0.12811529636383057	174.0
8975	-1.4014818911477749	-12.980344173101338	-0.12660062313079834	174.0
8994	-1.5342940247590042	-12.81338608974027	-0.22503304481506348	174.0
9015	-1.4399392453452893	-12.848017151957643	-0.153983473777771	174.0
9035	-1.5033068796868279	-12.590786334952206	-0.2529715299606323	174.0
9056	-1.6303545141585125	-12.390569223760494	-0.3560612201690674	174.0
9073	-1.5073496466842589	-12.180013312070294	-0.2982900142669678	174.0
9092	-1.649471922635646	-11.939847028258514	-0.47808194160461426	174.0
9111	-2.0192584747870357	-11.74472499179791	-0.6772085428237915	174.0
9131	-1.9724567340776245	-11.451917996648618	-0.8515813946723938	174.0
9151	-1.855235095340555	-11.245928019725865	-0.8410916328430176	174.0
9169	-1.939939835030638	-11.018412774312438	-0.9324866533279419	174.0
9190	-1.9302101674409955	-10.823120018268384	-0.9667521715164185	174.0
9208	-1.8745285618660459	-10.70031856429303	-1.3229342699050903	174.0
9229	-1.7777981211118137	-10.529653854535733	-1.7239969968795776	174.0
9248	-1.646801640238386	-10.343690258152387	-1.4833102226257324	174.0
9267	-1.646801640238386	-10.343690258152387	-1.4833102226257324	174.0
9288	-1.5626625421105578	-10.109664512279025	-1.3969460725784302	174.0
9305	-1.5626625421105578	-10.109664512279025	-1.3969460725784302	174.0
9325	-1.7471260786657576	-9.89022359412373	-1.2580393552780151	174.0
9345	-1.7898231518952326	-9.633173491281504	-1.3195891380310059	174.0
9364	-1.7374347136559103	-9.383065688762079	-1.368903398513794	174.0
9388	-1.6816542342130598	-8.969367489018683	-1.3834054470062256	174.0
9411	-1.6551449632283508	-8.830453428001736	-1.4672572612762451	174.0
9425	-1.669275587139226	-8.553208317441241	-1.8745269775390625	174.0
9442	-1.6813201695852245	-8.439208661160254	-2.2849016189575195	174.0
9462	-1.6600855474570466	-8.516732833307751	-2.2489089965820312	174.0
9481	-1.725896200862873	-8.493351980248525	-2.379143238067627	174.0
9500	-1.7272164809350286	-8.27722115183873	-2.545346736907959	174.0
9519	-1.8062771156138726	-8.33571253305084	-2.681051731109619	174.0
9539	-2.051695691474929	-8.447373721189685	-2.6734542846679688	174.0
9560	-2.0676074706067555	-8.254173624834884	-2.700918197631836	174.0
9579	-2.2093169858390778	-8.158911965550027	-2.6914920806884766	174.0
9598	-2.145893855420256	-8.050139458258803	-2.7021660804748535	174.0
9617	-1.8692947304956775	-7.745889824181645	-2.790823221206665	174.0
9638	-1.818529653349871	-7.487053232814525	-2.9000279903411865	174.0
9656	-1.8247451430335757	-7.383916578043143	-2.665696620941162	174.0
9675	-1.8309883476298199	-7.072381214903438	-2.726039171218872	174.0
9695	-1.5460995828565622	-6.865074497197007	-2.79331374168396	174.0
9715	-1.6257354280222949	-6.6919658032225176	-2.807185173034668	174.0
9733	-1.3620436004765124	-6.373313672617019	-2.8374674320220947	174.0
9753	-1.3511188652912198	-6.157836680930352	-2.7800045013427734	174.0
9773	-1.42326540326059	-5.846205481945319	-2.760794162750244	174.0
9792	-1.13456456353818	-5.561230026564638	-2.8997461795806885	174.0
9812	-0.8383441823571153	-5.165875986287086	-2.9829747676849365	174.0
9830	-0.6110775772932316	-4.881795611426902	-2.7285118103027344	174.0
9850	-0.5526558558749953	-4.353350044108231	-2.58792781829834	174.0
9869	-0.25795858095014607	-3.9494198926552593	-2.438964366912842	174.0
9890	-0.09764653640653309	-3.7343603921110358	-2.4081034660339355	174.0
9908	0.0012849177829875149	-3.2492089624957585	-2.234806537628174	174.0
9929	0.0012849177829875149	-3.2492089624957585	-2.234806537628174	174.0
9949	0.25459381752105426	-2.4637624775184133	-1.9281071424484253	174.0
9968	0.2882608174641385	-1.923892201083273	-2.094076156616211	174.0
9987	0.2882608174641385	-1.923892201083273	-2.094076156616211	174.0
10006	0.2942687505387166	-1.3366426859044085	-2.417860746383667	174.0
10026	0.40860021563200605	-0.9017437963697239	-2.753453493118286	174.0
10045	0.7331659316779839	-0.4921688791873918	-3.010061740875244	174.0
10064	1.0081901380158136	0.10779234528625309	-3.3105685710906982	174.0
10084	1.501553745577028	0.6231638835365996	-3.7538955211639404	174.0
10105	1.585774771533516	1.2616294335198661	-4.042727947235107	174.0
10122	1.8907118384997648	1.9240575878436807	-4.5949201583862305	174.0
10143	2.283849929789156	2.3679320546094957	-5.026726722717285	174.0
10162	2.7242664503748193	2.8748299299760944	-5.4783148765563965	174.0
10181	2.8878488749164934	3.5974625368290147	-5.93674373626709	174.0
10202	2.9086942448269637	4.304429154116468	-6.64320182800293	174.0
10220	2.8952166055286614	4.690513260102505	-7.401803016662598	174.0
10242	2.85717862703033	5.089325545200821	-8.080658912658691	174.0
10259	3.0148829393984458	5.589349017932309	-8.848164558410645	174.0
10280	3.278168022379155	5.826754659690207	-9.370153427124023	174.0
10298	3.3444738807234415	6.204375838208736	-10.02998161315918	174.0
10317	3.3957160883326276	6.3723978852685015	-10.734131813049316	174.0
10338	3.5624650980125505	6.539433858046328	-11.496675491333008	174.0
10360	3.75383847088006	6.607331042969398	-12.150863647460938	174.0
10376	3.8068518139791734	6.918832307117322	-12.918964385986328	174.0
10396	3.860432063686167	7.16824867320695	-13.642454147338867	174.0
10414	4.006606322332245	7.244874868572793	-14.136351585388184	174.0
10435	4.101969769141332	7.418409495947748	-14.875679016113281	174.0
10454	4.3043895902566955	7.50419829184507	-15.74040699005127	174.0
10475	4.282291747700198	7.587189570525418	-16.678247451782227	174.0
10493	4.374608272412035	7.241575746187489	-17.644163131713867	174.0
10512	4.8440687901408355	7.3123283787710704	-18.3880558013916	174.0
10531	5.29711216742429	7.281851069314737	-19.03272819519043	174.0
10551	5.740814825222737	7.116208935403689	-20.047048568725586	174.0
10570	6.395222340954491	6.793728128424434	-21.2005615234375	174.0
10592	6.914603254931359	6.2247758470241985	-22.50733757019043	174.0
10611	7.303892521590537	5.220080589466813	-23.767589569091797	174.0
10628	7.871008161037297	4.139054044621258	-24.868711471557617	174.0
10648	8.467864565460243	3.217132774027952	-25.84899139404297	174.0
10668	8.924343433343552	2.0636593816259627	-26.696470260620117	174.0
10688	9.126060013844342	0.7405969310615674	-27.431245803833008	174.0
10713	9.571513133461515	-0.6597752976807543	-27.858736038208008	174.0
10728	9.571513133461515	-0.6597752976807543	-27.858736038208008	174.0
10745	9.53388563203077	-2.2581030489228167	-28.188034057617188	174.0
10765	9.786960327085431	-3.8309967912831224	-28.12001609802246	174.0
10786	10.043874119125357	-4.97226171685085	-27.77337074279785	174.0
10803	10.319101636787273	-6.117272657214848	-27.373809814453125	174.0
10826	10.577308558069095	-7.193140559836501	-26.900835037231445	174.0
10843	10.356016555526294	-8.398124616307712	-26.37367057800293	174.0
10862	10.19923959219995	-9.541940060540398	-25.654115676879883	174.0
10881	10.126081151067112	-10.386687734858713	-24.739904403686523	174.0
10902	10.391024019791105	-11.238613315264086	-23.834888458251953	174.0
10921	10.148574881127292	-11.963180820513236	-23.120403289794922	174.0
10940	10.090591304801563	-12.730087041477452	-22.489418029785156	174.0
10961	9.844034964847568	-13.067399647229486	-21.923479080200195	174.0
10978	9.679456164040747	-13.319948322846624	-21.332420349121094	174.0
10999	9.749755860800322	-13.841263358119576	-20.631378173828125	174.0
11018	9.656883040153224	-14.381601608054012	-19.990856170654297	174.0
11037	9.466682922676064	-15.018404284453604	-19.417171478271484	174.0
11057	9.21186371397694	-15.495273903976326	-18.976909637451172	174.0
11076	9.235413671759629	-15.806585893216784	-18.391508102416992	174.0
11095	9.363383216835688	-15.867818115695158	-17.85403060913086	174.0
11115	9.239371891515914	-15.853465433328212	-17.45213508605957	174.0
11134	8.896522227466894	-16.174659415373576	-16.91883087158203	174.0
11154	8.442484840867301	-16.185859713417116	-16.654743194580078	174.0
11173	8.369218173254938	-16.28594569208117	-16.351909637451172	174.0
11193	8.13873152935527	-16.30744674941333	-16.0154972076416	174.0
11211	7.788191604970704	-16.692958199002643	-15.48304557800293	174.0
11231	7.435156307683297	-16.804863611770788	-15.091545104980469	174.0
11250	6.817097144385562	-16.714646858684237	-14.764201164245605	174.0
11270	6.467138086510681	-17.174061992986893	-14.35044002532959	174.0
11289	6.605028796687396	-17.08027042048214	-14.011235237121582	174.0
11309	6.539813678256633	-17.152444529874177	-13.701642990112305	174.0
11330	6.469271351128727	-17.034661162861614	-13.407665252685547	174.0
11348	6.2468313861535645	-16.965156203415404	-13.159862518310547	174.0
11369	6.065001019580477	-16.896189684939028	-12.919754028320312	174.0
11388	5.957634310100542	-17.23783011476007	-12.490949630737305	174.0
11410	5.957634310100542	-17.23783011476007	-12.490949630737305	174.0
11430	5.736348054704247	-17.57442140927853	-12.16175365447998	174.0
11446	5.753026109678748	-17.403124713602487	-11.98331069946289	174.0
11465	5.397923978746695	-17.43301831992386	-11.749839782714844	174.0
11485	5.46376115688717	-17.301422137612583	-11.376740455627441	174.0
11504	5.29775350676442	-17.403382791852657	-11.183138847351074	174.0
11524	5.235662977736408	-17.452785116691253	-10.89365005493164	174.0
11543	4.919100191123943	-17.358275795714437	-10.688909530639648	174.0
11564	4.525692793234788	-17.135129707444644	-10.620058059692383	174.0
11583	4.573537538524648	-16.946765179173926	-10.418050765991211	174.0
11601	4.326714674375933	-17.044505746987507	-10.171793937683105	174.0
11621	4.137242885558884	-17.150952289225454	-10.01421070098877	174.0
11641	3.984349334695249	-17.197900339876913	-10.13568115234375	174.0
11659	3.9472863050621934	-17.371293191563183	-10.058268547058105	174.0
11679	3.758493290745002	-17.527894228780198	-9.941734313964844	174.0
11700	3.8160055934582977	-17.609844389244255	-9.667793273925781	174.0
11720	3.8149328291337925	-17.73502371828595	-9.393953323364258	174.0
11737	3.6559973011222358	-17.873235987190085	-9.021169662475586	174.0
11757	3.77631365868361	-17.836621663385476	-8.87581729888916	174.0
11776	3.8143317580673175	-17.893212955388595	-8.562501907348633	174.0
11796	3.6795084285989557	-17.95131219018051	-8.148931503295898	174.0
11815	3.5721260936287913	-17.72835752168935	-8.0219087600708	174.0
11835	3.592791645702246	-17.676819824166472	-7.7979736328125	174.0
11854	3.58666995165747	-17.649343237043833	-7.689812660217285	174.0
11873	3.4510584076213813	-17.753022791486043	-7.5401411056518555	174.0
11894	3.4430508348494206	-17.988689266162087	-7.480104446411133	174.0
11913	3.283312004314477	-18.000726443703932	-7.153244972229004	174.0
11934	3.0743228509451614	-17.99020297101401	-7.0638017654418945	174.0
11950	2.909890645060036	-18.12773684159195	-6.910317420959473	174.0
11971	2.939816310171323	-18.363575584536697	-6.616514205932617	174.0
11989	2.8955270158294666	-18.37323704108893	-6.524224281311035	174.0
12010	2.7836145103527183	-18.219791325392563	-6.788246154785156	173.0
12031	2.6950464115723913	-18.156875362321674	-6.6473236083984375	173.0
12049	2.7570861243020968	-18.04396662354733	-6.50847053527832	173.0
12068	2.7143348293389797	-18.1317354770953	-6.589295387268066	173.0
12090	2.761800995190498	-18.06914889126262	-6.605075836181641	173.0
12107	2.649142425784935	-17.91323671724799	-6.7177629470825195	173.0
12127	2.649142425784935	-17.91323671724799	-6.7177629470825195	173.0
12145	2.371411588839158	-17.845996289330852	-6.722117900848389	173.0
12165	2.3902995651768983	-17.815664379296496	-6.765962600708008	173.0
12185	2.233093057232927	-17.8101310936675	-6.465267181396484	173.0
12205	2.3063384996318432	-17.73017947815699	-6.464438438415527	173.0
12224	2.0898518043402925	-17.684699709394145	-6.461353302001953	173.0
12245	2.0013783136219923	-17.53885288159051	-6.417026519775391	173.0
12268	1.9924321505121183	-17.48915613658513	-6.1180853843688965	173.0
12283	1.999352036079644	-17.3651450567286	-5.8486857414245605	173.0
12302	1.8513436045722462	-17.45023048794945	-5.9364237785339355	173.0
12320	1.6290981911255598	-17.532964407375182	-6.108587265014648	173.0
12341	1.7665041605715648	-17.626185241268832	-5.995957374572754	173.0
12361	1.7726051531954754	-17.5585627443612	-5.901021480560303	173.0
12380	1.8287604972561327	-17.587044044665962	-5.960611343383789	173.0
12400	1.821697567529446	-17.441216017227077	-5.92564582824707	173.0
12419	1.7314468691317673	-17.454212077877912	-6.130220413208008	173.0
12438	1.7097488551816902	-17.64866078695473	-6.18514347076416	173.0
12458	1.7710698140317829	-17.488310228122373	-6.108336448669434	173.0
12477	1.9891300101644598	-17.37275739820431	-5.795575141906738	173.0
12498	1.8130981484380564	-17.446160003629654	-5.884848117828369	173.0
12516	1.632844157517743	-17.47330462843469	-5.988704681396484	173.0
12535	1.6135176206835367	-17.355023330503936	-5.80548095703125	173.0
12554	1.5934873708921637	-17.515645291448966	-5.492344379425049	173.0
12574	1.5035678774317218	-17.439122250687475	-5.512266635894775	173.0
12594	1.6545903182628767	-17.407479289935445	-5.31447172164917	173.0
12613	1.7344741014898757	-17.404434630168115	-4.835384368896484	173.0
12632	1.7216089725194939	-17.550575019684594	-4.991508483886719	173.0
12652	1.7901316562047156	-17.375796380100972	-4.920403957366943	173.0
12671	1.6599933310362083	-17.38128643535682	-4.984306812286377	173.0
12690	1.5712168845298833	-17.28709833607256	-5.030501365661621	173.0
12709	1.5901008947684234	-17.309119333302164	-5.192822456359863	173.0
12730	1.7748804888530942	-17.296422634568685	-5.137084007263184	173.0
12748	1.7036037803858775	-17.336453436861884	-5.233752250671387	173.0
12772	1.7204763683731197	-17.28378991876562	-5.422070026397705	173.0
12788	1.6291759196955284	-17.054660118955177	-5.438666820526123	173.0
12808	1.8218139396213446	-17.184851648651584	-5.576241493225098	173.0
12828	1.870540390070426	-17.134928720800715	-5.496895790100098	173.0
12847	1.870540390070426	-17.134928720800715	-5.496895790100098	173.0
12867	1.8763941740884065	-17.21132524777753	-5.582533836364746	173.0
12885	1.883299695636437	-17.226543537638182	-5.626175880432129	173.0
12904	1.8673291825765632	-17.386715650086707	-5.549532413482666	173.0
12924	1.9705344209642752	-17.20557433150097	-5.700067043304443	173.0
12944	1.6792956455006511	-17.425511469842945	-5.8975934982299805	173.0
12963	1.7062705536991267	-17.514443365633156	-5.788203239440918	173.0
12986	1.5963138807399342	-17.373411872039075	-5.896291732788086	173.0
13003	1.8019724615958637	-17.416647182618558	-6.026900768280029	172.0
13021	1.8477347410832963	-17.578526414116553	-6.038299560546875	172.0
13041	1.848503222264384	-17.465039246325336	-6.0875654220581055	172.0
13061	1.8412259588577702	-17.55258078450115	-6.216874122619629	172.0
13079	1.8073323767735916	-17.75702731461031	-6.018057823181152	172.0
13100	1.9952601860731287	-17.622199111369813	-5.752857208251953	172.0
13119	1.7589637160516776	-17.79056724981324	-5.854733467102051	172.0
13139	1.6688613412381317	-17.860094807487503	-5.736385822296143	172.0
13158	1.695321026367474	-17.873393239481064	-5.727471351623535	172.0
13177	1.6848435559470638	-17.873326391450124	-5.835507392883301	172.0
13201	1.6100443123045864	-17.840677764267788	-5.602173805236816	172.0
13215	1.4207085072753014	-17.64053460650125	-5.766853332519531	171.0
13235	1.3106030853445725	-17.62256542624379	-5.7764997482299805	171.0
13255	1.2174790236506818	-17.52601372426414	-5.756280422210693	171.0
13274	1.6454516119076528	-17.351097074232896	-5.777151107788086	171.0
13294	1.6380500819223176	-17.402323719652415	-5.546065330505371	171.0
13313	1.4290348663465942	-17.47699524786309	-5.456345081329346	171.0
13333	1.5461835690205963	-17.409867193558036	-5.534012794494629	171.0
13352	1.531727607356458	-17.563834591241317	-5.79486083984375	171.0
13371	1.5927053526707358	-17.563845611869557	-5.540863990783691	171.0
13390	1.7616120605036976	-17.462503761482537	-5.572630405426025	171.0
13411	1.69370858265844	-17.582254477730004	-5.685773849487305	171.0
----------------도착----------------
13429	1.4486817682692155	-17.70771081882355	-5.371407985687256	171.0
13451	1.4791812499142056	-17.699973402506235	-5.369321823120117	171.0
13470	1.6358830509583175	-17.57112636819116	-5.46109676361084	171.0
13488	1.6358830509583175	-17.57112636819116	-5.46109676361084	171.0
13508	1.6143402850316197	-17.24197035255351	-5.646053314208984	171.0
13527	1.725181577748366	-17.223114422060913	-5.561315536499023	171.0
13547	1.725181577748366	-17.223114422060913	-5.561315536499023	171.0
13566	1.6787628620522808	-17.210823826282486	-5.561129570007324	171.0
13586	1.7726608572282683	-17.215357661568305	-5.483597755432129	171.0
13604	1.8147653560262447	-17.06622002215682	-5.568756103515625	171.0
13624	1.7031752078221538	-17.138155435127832	-5.59303092956543	171.0
13645	1.5648725845856648	-17.23459685222205	-5.549790859222412	171.0
13663	1.4157640557426474	-17.35532963097043	-5.2125563621521	171.0
13683	1.5966499292293452	-17.305302026446043	-5.241090297698975	171.0
13703	1.6765800684024987	-17.543550642865874	-5.286485195159912	171.0
13721	1.708259829264058	-17.626512422779847	-5.4243927001953125	171.0
13741	1.6179111199609553	-17.55955571952525	-5.604497909545898	171.0
13761	1.6589538003174977	-17.649123880425968	-5.558998107910156	171.0
13781	1.8370290281373882	-17.557627567641013	-5.580111026763916	171.0
13800	1.8248666960466438	-17.70958569221499	-5.346713066101074	171.0
13819	1.9278526556917075	-17.965461265555945	-5.384148120880127	171.0
13838	1.6571605273206083	-17.95740354071965	-5.376824378967285	171.0
13858	1.465393698942114	-17.77823894899712	-5.35352897644043	171.0
13877	1.3573666403498137	-17.901718809065297	-5.202131748199463	171.0
13897	1.588015122762926	-17.924141268269352	-5.147434234619141	171.0
13916	1.4861059800833751	-17.834537121059352	-5.318676948547363	171.0
13939	1.3591881363081109	-17.96275288237522	-5.363462448120117	171.0
13955	1.53022471410729	-17.92346480829844	-5.436988353729248	171.0
13974	1.5314184331685443	-17.81362596764693	-5.563412189483643	171.0
13993	1.4332834652780968	-17.805995213003413	-5.342624664306641	171.0
14014	1.5516242906774138	-17.745575189952998	-5.3478899002075195	171.0
14033	1.6544611809961494	-17.619748372517147	-5.133207321166992	171.0
14052	1.4812552767338962	-17.624844229863992	-5.0670647621154785	171.0
14071	1.3881849670864788	-17.79714910774368	-4.888021469116211	171.0
14092	1.3301791805707786	-17.606988743621486	-5.128256320953369	171.0
14111	1.2239914481270935	-17.424767800420184	-5.433594703674316	171.0
14130	1.353782244523358	-17.29142387648504	-5.47634744644165	171.0
14150	1.3859745533575292	-17.323411688319585	-5.493228912353516	171.0
14169	1.0860578582380136	-17.474275115041763	-5.5586066246032715	171.0
14189	1.1340780154553562	-17.500905336312613	-5.925992965698242	171.0
14210	1.1352132630784977	-17.728175761367673	-5.989795684814453	171.0
14227	1.1352132630784977	-17.728175761367673	-5.989795684814453	171.0
14247	1.1722371820129054	-17.41836691020517	-6.196652412414551	171.0
14266	1.1609656171106946	-17.532182560747504	-5.887446403503418	171.0
14289	1.2776792914132218	-17.410780625310647	-5.761051177978516	171.0
14305	1.1666150854224524	-17.516725360721832	-5.764606475830078	171.0
14325	1.1757655042382928	-17.56035228070226	-5.608888149261475	171.0
14344	1.2190003102601108	-17.468374347892436	-5.528578758239746	171.0
14364	1.0572805157259333	-17.61123767424334	-5.2340006828308105	171.0
14384	1.1451876907455534	-17.436681540354243	-5.1460065841674805	171.0
14403	1.010039689132267	-17.441964468876677	-5.059975624084473	171.0
14424	0.9710406529789817	-17.39027670568053	-5.120020866394043	171.0
14441	0.8355325338942524	-17.609770252669037	-5.094815254211426	171.0
14461	0.6538203407362477	-17.637573966948562	-5.171121120452881	171.0
14480	0.5033133349847624	-17.55713661819918	-5.270843982696533	171.0
14500	0.49387409835758295	-17.567450375432397	-5.237264633178711	171.0
14519	0.5997758146080908	-17.36391734099862	-5.215259075164795	171.0
14539	0.5619870301180603	-17.483012277297092	-5.20054817199707	171.0
14558	0.6207697126204833	-17.576349711223465	-5.42080545425415	171.0
14578	0.5488595482051826	-17.619620469590263	-5.6929826736450195	171.0
14597	0.5534699418913854	-17.768403205082926	-5.7545318603515625	171.0
14617	0.6489804600813691	-17.727470683563162	-5.57369327545166	171.0
14636	0.9166840034078695	-17.852377772080693	-5.725741863250732	171.0
14657	0.9167465785576876	-17.9000144681057	-5.8537445068359375	171.0
14675	1.0377936717910636	-17.878244602410945	-6.203701496124268	171.0
14694	1.2656489097045052	-17.63462497278016	-6.178979873657227	171.0
14714	1.1511574648930942	-17.750106090227167	-6.034127712249756	171.0
14734	1.3679594033379445	-17.77691520635978	-5.869548797607422	171.0
14752	1.514567701894303	-17.67132516977635	-5.62191104888916	171.0
14772	1.7354143465365	-17.66326764136519	-5.657236576080322	171.0
14794	1.5757543408039287	-17.77378580729206	-5.7203521728515625	171.0
14811	1.7864703547228298	-17.70065156049609	-5.554863929748535	171.0
14830	1.5641718661258737	-17.783512242655895	-5.401327610015869	171.0
14850	1.4499979146756508	-17.863540104114364	-5.404109001159668	171.0
14868	1.6199921514791935	-17.776812595388392	-5.471817493438721	171.0
14891	1.6300808171318288	-17.662968411497282	-5.2845330238342285	171.0
14908	1.5484149974961605	-17.630782782754093	-5.495039939880371	171.0
14929	1.7543695660381402	-17.65011589453851	-5.5208916664123535	171.0
14948	1.6867419973543774	-17.665647303443848	-5.40071964263916	171.0
14967	1.6867419973543774	-17.665647303443848	-5.40071964263916	171.0
14987	1.534464646080107	-17.859157006040228	-5.047665119171143	171.0
15006	1.628341869878737	-17.91524469444407	-4.911735534667969	171.0
15024	1.5512294967011313	-17.994286059376975	-4.903273582458496	171.0
15045	1.5846183777929974	-17.975553182503916	-4.9035210609436035	171.0
15063	1.5529400398800044	-18.0720731880091	-4.976504325866699	171.0
15084	1.538575344449105	-18.05092861506233	-5.034128665924072	171.0
15104	1.2434194321220033	-18.215887793213636	-5.009895324707031	171.0
15122	1.223785787988031	-18.12355709745035	-5.359989166259766	171.0
15148	1.1397279480160583	-18.014915689668154	-5.573580741882324	171.0
15161	1.2744502592859082	-18.113665746226847	-5.660261631011963	171.0
15181	1.3732238232391876	-18.20746464952292	-5.812302112579346	171.0
15200	1.1478132863439412	-18.513352950507226	-5.669344902038574	170.0
15219	1.0764830955307	-18.5209755326168	-5.734961986541748	170.0
15240	0.9707567202739262	-18.54150990190224	-5.787675857543945	170.0
15260	0.9320884965105201	-18.314813323347202	-6.2100443840026855	170.0
15279	1.1970864158239165	-18.33132120971644	-5.887303829193115	170.0
15297	1.1532276623271913	-18.438651465850786	-6.118475437164307	170.0
15317	0.9577084859341121	-18.26414879773372	-6.157821178436279	170.0
15336	0.8836676361000414	-18.11082662000408	-6.030083179473877	170.0
15356	1.0131929085266045	-17.831739418321536	-6.236690521240234	170.0
15376	1.0577595998746279	-17.838969310484647	-6.191886901855469	170.0
15395	1.187610730446903	-17.96091221043126	-5.970818519592285	170.0
15415	1.0879636259034404	-18.235855078990916	-5.817618370056152	169.0
15434	0.9785814090848833	-18.278277898212004	-5.810302734375	169.0
15453	0.9577416785352539	-18.244789252118245	-5.9410576820373535	169.0
15474	1.0317387228961183	-18.395736295627884	-5.972436904907227	169.0
15497	0.926026127196215	-18.44551365553402	-6.056011199951172	169.0
15511	0.8620047081694419	-18.670917300516066	-5.849703788757324	169.0
15531	0.8528269875582772	-18.689963758015168	-5.789920806884766	169.0
15549	0.8743330530273807	-18.675713484295766	-6.011785507202148	169.0
15570	1.0073639947064246	-18.524950166329333	-6.216745853424072	169.0
15589	1.1359387811703483	-18.502880600462277	-6.261168479919434	169.0
15608	1.2959447130054378	-18.541912535389667	-6.174781322479248	168.0
15630	1.0479221286960008	-18.554498604653375	-6.148494720458984	168.0
15649	0.9672794208654801	-18.83716009211211	-6.215250015258789	168.0
15667	0.9672794208654801	-18.83716009211211	-6.215250015258789	168.0
15687	0.9913004314825694	-18.86808063053727	-6.449132919311523	168.0
15707	0.9250696700626356	-18.99333561216886	-6.318575859069824	168.0
15726	0.9770926568345004	-19.11038321321624	-6.151145935058594	168.0
15746	1.038209511978302	-19.149408440121498	-5.995360851287842	168.0
15765	0.8563274958210363	-19.0101279952714	-6.449311256408691	168.0
15784	0.8265696680233875	-18.890980883353436	-6.892025947570801	168.0
15804	0.9986771443338593	-18.67828473789069	-7.17741060256958	165.0
15824	1.0329476035719882	-18.58414656796401	-7.172084808349609	165.0
15842	0.9062652474666043	-18.539080479160354	-7.118615627288818	165.0
15863	0.6323877221630966	-18.828431115678704	-6.9629716873168945	165.0
15881	0.3210142387279667	-18.96307303944226	-6.4812116622924805	165.0
15900	0.186217331320357	-19.080730458286766	-6.2290191650390625	165.0
15920	0.07420817732846478	-19.13683809727311	-5.942921161651611	165.0
15940	-0.0875060408209738	-19.142137426259723	-5.725440979003906	165.0
15959	0.06261428482715775	-19.300417007005738	-5.646646499633789	165.0
15978	0.027196338072220456	-19.175178861840696	-5.702237129211426	165.0
15998	0.03994535339806074	-19.022722236752504	-5.88734245300293	159.0
16017	0.5314615407313635	-18.664901050776376	-6.166510105133057	159.0
16037	0.6410198701823101	-18.706588410369765	-6.1594085693359375	159.0
16058	0.6177915157261435	-18.71227690330164	-5.923078536987305	159.0
16077	0.6069064553721447	-18.96186812448047	-5.7187957763671875	159.0
16095	0.48540526687199365	-19.13469490588221	-5.545778274536133	159.0
16117	0.22949793484742545	-19.061205280397196	-5.790979385375977	159.0
16134	0.235324264471267	-19.0785171421285	-6.131237030029297	159.0
16153	0.1507530855316343	-19.02469824757518	-6.31464958190918	159.0
16173	0.07816385467646463	-19.14117997006696	-6.527172565460205	159.0
16192	0.11339528447962316	-18.908280521423805	-6.7363128662109375	159.0
16212	-0.04581709480999975	-19.047341047062798	-6.662357330322266	151.0
16231	0.021638899570801697	-19.157975184096017	-6.39267635345459	151.0
16251	0.008026152775916501	-19.14245732773009	-6.461729526519775	151.0
16270	0.13003636994839615	-19.151531694561825	-6.6596150398254395	151.0
16289	0.09946950547359007	-19.260180712442313	-6.779581069946289	151.0
