6	-8.525168776319541	-20.9681808859281	-1.5313717126846313	76.0
26	-8.314733779476258	-20.9327305236455	-1.8855139017105103	76.0
45	-8.314733779476258	-20.9327305236455	-1.8855139017105103	76.0
64	-8.523371177199309	-20.73647565204902	-2.606994152069092	76.0
83	-8.343184750796759	-20.653342143511676	-2.3041317462921143	76.0
103	-8.301817401809675	-20.51947127222123	-2.2097859382629395	76.0
123	-8.359892703380071	-20.531378315516168	-2.1595852375030518	76.0
142	-8.609060118971266	-20.670490287974616	-1.858812689781189	76.0
162	-8.600775016392133	-20.522112803664395	-1.7093420028686523	76.0
182	-8.538507415159058	-20.603305620624845	-1.842469573020935	76.0
201	-8.647165157682544	-20.510148081646626	-1.5147819519042969	76.0
220	-8.76959764866854	-20.593560603371174	-1.2182722091674805	76.0
239	-8.953422558905803	-20.695545877917073	-1.0851058959960938	76.0
260	-9.110484448472272	-20.72607734816354	-0.9681074619293213	76.0
279	-9.138586317496227	-20.683711263086227	-1.025496482849121	76.0
298	-9.127431660642282	-20.42401245374846	-1.2393484115600586	76.0
318	-8.850838905239021	-20.609817171521033	-1.4036188125610352	76.0
338	-8.968221294578525	-20.439367496220182	-1.5178380012512207	76.0
358	-8.971099047040724	-20.59677646937216	-1.459728479385376	76.0
376	-8.891665125305362	-20.569220846900954	-1.469028115272522	76.0
396	-8.824883575903948	-20.563487532883947	-1.351506233215332	76.0
416	-8.961049287395415	-20.57314554892582	-1.5575823783874512	76.0
436	-9.112957358271508	-20.501047638714592	-1.7895745038986206	76.0
455	-9.32899212367189	-20.537985632672363	-1.8851889371871948	76.0
473	-9.392805464210348	-20.434092084653948	-1.9035481214523315	76.0
493	-9.250974698884283	-20.407447667439115	-1.6617343425750732	76.0
513	-9.222454241332898	-20.245853468544055	-1.7740626335144043	76.0
534	-9.349148843664924	-20.469288347669625	-1.9765260219573975	76.0
551	-9.526466342972995	-20.477455288101684	-1.9568097591400146	76.0
570	-9.205510147275614	-20.497260852544304	-1.9606598615646362	76.0
589	-8.96555168510802	-20.54489801025492	-1.9143266677856445	76.0
610	-8.659696411207554	-20.614171117570294	-1.8341907262802124	76.0
629	-8.867793676890185	-20.786516971594924	-1.6327522993087769	76.0
650	-9.060949610812145	-20.906994765880736	-1.6272844076156616	76.0
667	-9.001808928269275	-21.04807177460525	-1.7956931591033936	76.0
687	-8.86686720360321	-20.6998674968931	-1.7520649433135986	80.0
707	-8.74754709691379	-20.606712786898953	-1.905794382095337	80.0
728	-8.840038045861986	-20.61808208057444	-1.889364242553711	80.0
746	-8.840038045861986	-20.61808208057444	-1.889364242553711	80.0
766	-8.834270242719109	-20.52163033319526	-1.8881419897079468	80.0
786	-8.85197858383201	-20.53030227728149	-1.9827467203140259	80.0
804	-8.640735135759305	-20.395647107192314	-2.1780166625976562	80.0
823	-8.54264035873614	-20.356198315396963	-2.322720527648926	80.0
842	-8.667877514676354	-20.285144585059477	-2.273768424987793	80.0
862	-8.64008462966422	-20.295701721645326	-2.355682134628296	80.0
882	-8.473990488478211	-20.259624634816088	-2.4070029258728027	84.0
904	-8.35223396629488	-20.36871136798343	-2.350166082382202	84.0
920	-8.483065036947377	-20.551585411311112	-2.2197811603546143	84.0
939	-8.658024689157065	-20.540847606911615	-2.114126205444336	84.0
959	-8.768520398890614	-20.45286393158076	-2.1267435550689697	84.0
979	-8.731222758952315	-20.295270952477388	-2.1549336910247803	84.0
998	-8.605092085445591	-20.262633207963532	-2.081998825073242	84.0
1018	-8.795199458275631	-20.294689873119456	-1.7900879383087158	84.0
1038	-8.868327576797174	-20.398359775483087	-1.7512843608856201	84.0
1057	-8.850997882668654	-20.369952174694888	-1.672398567199707	84.0
1078	-8.73729013612099	-20.406022149790484	-1.9206323623657227	84.0
1096	-8.61440139305303	-20.479529873367717	-1.4955545663833618	89.0
1116	-8.595930927009967	-20.54236249045102	-1.3143545389175415	89.0
1137	-8.800815125290026	-20.86483556947958	-1.472473382949829	89.0
1154	-8.972404497063906	-21.03367378628166	-1.6760656833648682	89.0
1174	-8.69519949800606	-21.330207954024015	-2.0556371212005615	89.0
1193	-8.524217113040528	-21.341967722297515	-2.273240089416504	89.0
1212	-8.78957760684224	-21.37261524536305	-2.205397129058838	89.0
1232	-8.817633702414282	-21.37094195729687	-2.1024351119995117	89.0
1251	-8.72119160166243	-21.363181515147055	-2.436401844024658	89.0
1271	-8.820174114733897	-21.497919791950956	-2.6763432025909424	89.0
1291	-8.714660722923185	-21.3212210915988	-2.5765461921691895	93.0
1309	-8.601962963623203	-21.129499184228635	-2.3173747062683105	93.0
1330	-8.707111913582784	-21.038611984494082	-2.01761794090271	93.0
1347	-8.987936458570353	-21.013551721701514	-1.9145997762680054	93.0
1368	-8.824816705992287	-21.09020882624406	-2.073395252227783	93.0
1389	-8.910272075851132	-21.14230499682746	-2.151677131652832	93.0
1407	-9.011852933839732	-21.18618973959215	-2.259726047515869	93.0
1427	-9.011852933839732	-21.18618973959215	-2.259726047515869	93.0
1447	-8.911799795625393	-21.0540908353061	-2.0650274753570557	93.0
1466	-8.95872012596037	-21.029581590235832	-1.8514339923858643	93.0
1486	-9.059098871597334	-21.131496886914704	-2.0746145248413086	96.0
1506	-9.033095936484054	-21.04316044795658	-2.197040557861328	96.0
1524	-8.87279010987012	-20.947209817107225	-2.1163415908813477	96.0
1542	-8.978886836232244	-20.804570361126654	-1.9899300336837769	96.0
1563	-8.852446267461284	-20.69583832909335	-2.1519317626953125	96.0
1582	-8.516889695233207	-20.58138242106836	-2.130397081375122	96.0
1601	-8.44528832775043	-20.68205783543742	-2.576059579849243	96.0
1622	-8.192218031224977	-20.626781834263397	-2.7714734077453613	96.0
1640	-8.016760396363896	-20.574494499778822	-2.437262535095215	96.0
1660	-7.993546725493195	-20.510268341827537	-2.366935968399048	96.0
1680	-7.859678641114629	-20.620150850551763	-2.2838501930236816	96.0
1699	-7.764059206771773	-20.67246459401243	-2.34318208694458	96.0
1718	-7.865444544471917	-20.634370369869856	-2.2761945724487305	96.0
1738	-8.141787050785787	-20.66926019033572	-2.4602363109588623	96.0
1757	-8.269244929938674	-20.50657485283126	-2.4286394119262695	96.0
1778	-8.42036976908876	-20.833959070024385	-2.5427722930908203	96.0
1797	-8.537855931135484	-20.755832532291794	-2.6222896575927734	96.0
1816	-8.419781366293359	-20.713087714064503	-2.6896955966949463	96.0
1835	-8.542492371790892	-20.674410116647202	-2.7171807289123535	96.0
1858	-8.421442503440108	-20.53209481337005	-2.796231269836426	96.0
1873	-8.406494699776086	-20.423230761010732	-2.920919418334961	96.0
1894	-8.336744245271358	-20.25876085409279	-3.1435766220092773	96.0
1913	-8.218626454382393	-20.374514096440944	-3.1466915607452393	96.0
1932	-8.143734004779411	-20.031694321499092	-2.7935454845428467	96.0
1952	-8.175699690435357	-20.165908156906507	-2.6561551094055176	96.0
1972	-8.377509674308254	-20.34493897711356	-2.7581591606140137	96.0
1991	-8.451812019132388	-20.50089495994874	-2.8840432167053223	96.0
2010	-8.562880428513528	-20.598456749085184	-2.7648251056671143	96.0
2030	-8.501971098175616	-20.683104729816236	-2.327747344970703	96.0
2048	-8.553546856277883	-20.87313148789989	-2.08675479888916	96.0
2069	-8.656708493143109	-20.935014899474403	-2.1880531311035156	96.0
2087	-8.71803436404367	-20.942250498828574	-2.3903448581695557	96.0
2107	-8.941532356930844	-20.90274439388949	-2.795746088027954	96.0
2130	-9.001680630210851	-20.872436362264196	-2.88679575920105	96.0
2147	-9.001680630210851	-20.872436362264196	-2.88679575920105	96.0
2168	-8.860471738485348	-20.919351982644386	-2.7645740509033203	96.0
2187	-8.866578487081059	-20.873006665014845	-3.0948925018310547	96.0
2205	-8.80999923396935	-20.81689657991981	-3.4479010105133057	96.0
2226	-8.874337714150437	-20.825053486932482	-3.426502227783203	96.0
2244	-8.904704968565982	-20.834078910246767	-3.394064426422119	96.0
2262	-9.011625215483683	-20.936878550634574	-3.378126859664917	96.0
2283	-8.78897915940823	-20.914910274034437	-3.0403196811676025	88.0
2303	-8.863194523539496	-20.932780979539846	-2.8179805278778076	88.0
2321	-8.976210419937026	-20.84848100058836	-2.6505842208862305	88.0
2342	-8.959795165141736	-20.92294782462058	-2.457927703857422	88.0
2360	-8.970562790525308	-20.927466541026273	-2.237553119659424	88.0
2380	-8.952908999577671	-20.960334987419962	-2.147425651550293	88.0
2400	-8.936939019346378	-20.629921425596148	-2.0381362438201904	88.0
2419	-8.691173334837314	-20.622049353030636	-2.0413308143615723	88.0
2441	-8.794457717144827	-20.89215486111158	-2.1692862510681152	88.0
2458	-8.639665544629231	-20.79845882140746	-2.281928539276123	88.0
2477	-8.73063694433358	-20.817188439117885	-2.307534694671631	88.0
2496	-8.876829455527895	-20.92629429426864	-2.464986801147461	79.0
2516	-8.872097721814436	-21.11257184759997	-2.6968436241149902	79.0
2535	-8.67274937488822	-21.03169426580953	-2.6981513500213623	79.0
2555	-8.73189263382852	-21.273264563726116	-2.6245532035827637	79.0
2575	-8.945969103739202	-21.30031317109705	-2.3629584312438965	79.0
2593	-8.72652747517693	-21.123696243138397	-2.472799301147461	79.0
2613	-8.734771167591083	-20.986013424695795	-2.491218328475952	79.0
2633	-8.551611934210817	-20.883652246405113	-2.5044260025024414	79.0
2651	-8.329814967982221	-20.658487067980275	-2.334178924560547	79.0
2671	-8.42589927373412	-20.423179073960924	-2.1781558990478516	79.0
2695	-8.631074773846608	-20.315283792138025	-2.300307512283325	72.0
2710	-8.628540644259907	-20.287196459486886	-2.460638999938965	72.0
2730	-8.625467136441506	-20.293623992917258	-2.6534533500671387	72.0
2749	-8.744186413855598	-20.008868439259327	-2.6750428676605225	72.0
2769	-8.520449031725086	-20.039389864211014	-2.693814992904663	72.0
2787	-8.50045103409947	-20.03508174307499	-2.7002201080322266	72.0
2808	-8.610744982432548	-20.112952963863172	-2.687887191772461	72.0
2828	-8.533855077874978	-20.01126281818911	-2.832805633544922	72.0
2847	-8.645305606017223	-20.0482855613348	-2.8587756156921387	72.0
2866	-8.589745075297172	-19.920196703305173	-2.6174380779266357	72.0
2886	-8.589745075297172	-19.920196703305173	-2.6174380779266357	68.0
2905	-8.550981070262488	-20.022597225136952	-2.6790249347686768	68.0
2925	-8.522859495601724	-20.205893700100304	-2.523223876953125	68.0
2943	-8.739891831324632	-20.24359084832439	-2.465073347091675	68.0
2963	-8.736150696621712	-20.3354436885645	-2.4044759273529053	68.0
2982	-8.636662504150015	-20.33376458678019	-2.4041595458984375	68.0
3003	-8.808101926203642	-20.561451551074956	-2.5269646644592285	68.0
3022	-8.875339594628421	-20.566139920530944	-2.645669460296631	68.0
3042	-8.941982771082985	-20.573497804990723	-2.9780375957489014	68.0
3061	-8.888121483624621	-20.259846062237717	-2.937488079071045	68.0
3080	-8.892852963036118	-20.388185443936234	-3.1899869441986084	68.0
3100	-8.880505038116974	-20.544370434506867	-3.286004066467285	68.0
3119	-9.052654389784333	-20.605258386241744	-3.6274948120117188	68.0
3138	-9.293491340821953	-20.688281966638527	-3.5255978107452393	68.0
3160	-9.184480701457877	-20.648822387193395	-3.2015514373779297	68.0
3180	-9.074135007175627	-20.688829870947558	-2.9585132598876953	68.0
3197	-8.870349228748712	-20.745661272333262	-2.8333230018615723	68.0
3216	-8.767407533047942	-20.818558749585815	-2.9483771324157715	68.0
3235	-8.693502650187408	-20.505594376633667	-2.7752041816711426	68.0
3255	-8.56066372424625	-20.31598454686216	-2.662055015563965	68.0
3277	-8.36072871551685	-20.062371799436978	-2.364055633544922	68.0
3296	-8.160159664771987	-19.89999092507684	-2.309175729751587	68.0
3313	-8.060385241184095	-20.026902909519563	-2.237884521484375	68.0
3333	-7.866854195626245	-19.951610555971893	-2.3333868980407715	68.0
3352	-7.9367306847583095	-19.903484312979735	-2.4241061210632324	68.0
3372	-8.115762515079307	-20.07214881149018	-2.3691420555114746	68.0
3394	-8.143199054608418	-20.327614983770143	-2.227365493774414	68.0
3413	-8.298729913573553	-20.481596127503565	-2.2546586990356445	68.0
3430	-8.355498324539829	-20.5268971693238	-2.457212448120117	68.0
3449	-8.365447966822662	-20.50955543835162	-2.461001396179199	68.0
3469	-8.551349472905656	-20.316027454325194	-2.5184359550476074	68.0
3488	-8.639675755645513	-20.35245621457229	-2.6618151664733887	69.0
3508	-8.57878314373338	-20.371005668909262	-2.666539430618286	69.0
3528	-8.433176413702762	-20.155147106138017	-2.474928855895996	69.0
3548	-8.282909354708138	-20.040174449434566	-2.5991692543029785	69.0
3567	-8.166170011898007	-19.833446571804227	-2.49902081489563	69.0
3586	-8.166170011898007	-19.833446571804227	-2.49902081489563	69.0
3606	-8.408363272533965	-19.996743570423416	-2.21907901763916	69.0
3626	-8.585767478870244	-20.17388907086307	-2.334820032119751	69.0
3644	-8.590408695947866	-20.23561527595535	-2.428428888320923	69.0
3665	-8.531887421264056	-20.141624630144047	-2.5632410049438477	69.0
3683	-8.556139886861459	-20.29908581885977	-2.8812756538391113	69.0
3702	-8.454914340904867	-20.437114014041146	-2.714944839477539	69.0
3722	-8.4745216341734	-20.46867484906267	-2.7396645545959473	69.0
3742	-8.49494961249991	-20.471345984864055	-2.937991142272949	69.0
3760	-8.314701125844863	-20.394756781537847	-2.8924849033355713	69.0
3784	-8.206728676927934	-20.58966013250416	-2.746323823928833	69.0
3798	-8.019139047207151	-20.686323365113623	-2.836803913116455	69.0
3820	-7.922618669773195	-20.821531884879267	-2.8081002235412598	69.0
3839	-7.981436468098067	-20.679840687660462	-2.843343496322632	69.0
3859	-8.318099843278947	-20.7052843880873	-2.839468002319336	69.0
3881	-8.543844408786628	-20.733415235130924	-2.8133230209350586	69.0
3902	-8.547466269485394	-20.721749689887893	-2.887296438217163	69.0
3917	-8.51435084221105	-20.66524359541992	-2.875917434692383	69.0
3937	-8.387210709746205	-20.584906430085184	-3.0759925842285156	69.0
3956	-8.471068933870596	-20.34824084190871	-3.127133369445801	69.0
3975	-8.486084691176949	-20.438328764516996	-3.2637393474578857	69.0
3994	-8.487749015648541	-20.536378883654226	-3.045403480529785	69.0
4015	-8.31073127068641	-20.707265382858964	-3.2392795085906982	69.0
4033	-8.313841176568653	-20.70816234648801	-3.0220680236816406	69.0
4052	-8.390435248713242	-20.70433310270797	-2.828563690185547	69.0
4072	-8.254644563601126	-20.827788398003722	-2.8521718978881836	69.0
4091	-8.1880601521213	-20.68487627521989	-2.7821803092956543	69.0
4111	-8.270286780081236	-20.787059841112015	-2.5310473442077637	69.0
4131	-8.349468493691205	-20.631815680039082	-2.5553500652313232	69.0
4151	-8.332369027854934	-20.491457000050964	-2.6976170539855957	69.0
4169	-8.433255937283338	-20.26094755235095	-2.7341835498809814	69.0
4189	-8.41559344468609	-20.18254350915766	-2.85113525390625	69.0
4208	-8.411039596778496	-20.375475146805712	-2.8226451873779297	69.0
4227	-8.452867218046013	-20.291971336998778	-2.7622768878936768	69.0
4247	-8.695749426819125	-20.26977959818118	-2.830190420150757	69.0
4268	-8.695749426819125	-20.26977959818118	-2.830190420150757	69.0
4286	-8.367560826381522	-20.339170674120677	-2.7129406929016113	69.0
4306	-8.407406547947142	-20.33214569979804	-2.5371901988983154	69.0
4326	-8.407406547947142	-20.33214569979804	-2.5371901988983154	69.0
4347	-8.141300305744448	-20.42095003038688	-2.4379022121429443	69.0
4363	-7.857874038266897	-20.309073573442035	-2.5270423889160156	69.0
4383	-7.835051705663066	-20.395030909363495	-2.688767910003662	69.0
4402	-7.9450683056016524	-20.381642917869893	-2.6343259811401367	69.0
4422	-7.863722445635561	-20.464747930008784	-2.5304741859436035	69.0
4441	-7.933120643092891	-20.54015788854614	-2.425199270248413	69.0
----------------출발----------------
4460	-8.083979724030947	-20.521506719121952	-2.4863531589508057	69.0
4481	-8.16577516879429	-20.465003727744392	-2.7897820472717285	68.0
4499	-8.246890897168292	-20.400455498939625	-3.278146982192993	68.0
4519	-8.385254536780034	-20.420731006706575	-3.374321937561035	68.0
4540	-8.48341171271	-20.25181452160864	-3.3465073108673096	68.0
4558	-8.422268293847079	-20.330954595340742	-3.2122645378112793	68.0
4578	-8.271575296067493	-20.307377631512107	-3.119328022003174	68.0
4597	-8.494301012943275	-20.24862050891298	-3.175969123840332	68.0
4616	-8.641335842740698	-20.196397480151127	-3.188311815261841	68.0
4636	-8.637983163457932	-20.299071593426103	-3.073145866394043	68.0
4656	-8.843012489606854	-20.257615210779313	-2.8458261489868164	68.0
4676	-8.936639219356428	-20.363551300605526	-2.911571502685547	68.0
4695	-8.830751497523028	-20.43130333350607	-2.422924518585205	67.0
4714	-8.844937049619146	-20.44252447297196	-2.145442247390747	67.0
4734	-9.137019618707585	-20.301942285711384	-2.0364866256713867	67.0
4753	-9.01110163494477	-20.33043617067013	-2.008777618408203	67.0
4772	-8.782621455608032	-20.16987356879869	-2.0643653869628906	67.0
4791	-8.628680928176523	-20.082750356073912	-2.0124716758728027	67.0
4811	-8.358037639264616	-20.07340167141287	-2.0281879901885986	67.0
4831	-8.413509481691346	-20.115684114323063	-1.7050927877426147	67.0
4851	-8.585332391574573	-19.914614511740318	-2.0247716903686523	67.0
4870	-8.819518728575916	-19.747642189678288	-2.348546028137207	67.0
4890	-8.787124167361524	-19.50039406098476	-2.414883613586426	67.0
4908	-8.65846326319913	-19.279304007339086	-2.434825897216797	67.0
4928	-8.865875577753867	-19.440376719074358	-2.5081663131713867	67.0
4946	-8.99253278143252	-19.396260611883612	-2.43034029006958	67.0
4968	-9.282426323450924	-19.12534734092109	-2.468480110168457	67.0
4987	-9.282426323450924	-19.12534734092109	-2.468480110168457	67.0
5007	-9.105421888143116	-18.933692344456546	-1.9905126094818115	67.0
5025	-9.105421888143116	-18.933692344456546	-1.9905126094818115	67.0
5044	-8.886439621886263	-18.96577573620031	-1.4603476524353027	67.0
5064	-9.0898609285485	-18.968182266457166	-1.189849615097046	67.0
5087	-9.261290893780506	-19.05383061820944	-1.1065151691436768	67.0
5103	-9.384789857932667	-18.858799260946444	-1.2301955223083496	67.0
5122	-9.590306918819028	-18.676271262928243	-1.6879216432571411	67.0
5142	-9.686403908320639	-18.635134820941317	-1.690185546875	67.0
5161	-9.784540881903446	-18.5303414767908	-1.399092435836792	67.0
5181	-9.985906823349055	-18.506601907644207	-1.2321946620941162	67.0
5199	-10.168555862289223	-18.33436886902303	-1.3662395477294922	67.0
5219	-10.0201887332581	-18.648962947015	-1.2666079998016357	67.0
5239	-10.204203406279602	-18.480596247959763	-1.0704264640808105	67.0
5258	-10.140816794807737	-18.449615549291423	-1.0980749130249023	67.0
5278	-10.219244520894781	-18.580288985432773	-1.003265380859375	67.0
5299	-10.260299138952437	-18.56859469213832	-1.1773784160614014	67.0
5318	-10.515885825629637	-18.55888097017709	-1.3407974243164062	67.0
5336	-10.697615567746858	-18.580844571069495	-1.2755093574523926	67.0
5355	-10.902429063975951	-18.698562870998146	-1.1203198432922363	67.0
5375	-11.237789213189194	-18.414794610528663	-1.276641607284546	67.0
5395	-11.339313351081136	-18.438437354067226	-1.5247172117233276	67.0
5415	-11.600320230749967	-18.4371804978951	-1.373307466506958	67.0
5433	-11.818728560252683	-18.203601824207176	-1.5274991989135742	67.0
5452	-12.102778915925715	-18.375466548204948	-1.4148311614990234	67.0
5472	-12.309909157923784	-18.344057114087704	-1.5834723711013794	67.0
5492	-12.648418882522083	-18.53152860176408	-1.4787182807922363	66.0
5510	-12.655876033144594	-18.569963601658742	-1.472521424293518	66.0
5531	-12.621855233053155	-18.537054312477608	-1.5638353824615479	66.0
5553	-12.79835653295435	-18.413663923696554	-1.294849157333374	66.0
5570	-13.025086572502827	-18.479876569874012	-1.2300171852111816	66.0
5589	-13.086889428022078	-18.47713429741874	-1.223576307296753	66.0
5609	-13.301091087156237	-18.410818407696436	-1.4068481922149658	66.0
5628	-13.429545675705356	-18.483364876320852	-1.2136456966400146	66.0
5647	-13.517905997249594	-18.397486883193995	-1.4575769901275635	66.0
5667	-14.061424460380834	-18.294930900490385	-1.511995553970337	66.0
5689	-14.386481264476386	-18.278791145519957	-1.544785499572754	66.0
5706	-14.386481264476386	-18.278791145519957	-1.544785499572754	66.0
5726	-14.597586383703442	-18.230171347175897	-1.6146231889724731	66.0
5745	-14.805340454853537	-18.294319907678098	-1.5776252746582031	66.0
5765	-15.218675240287759	-18.314228829633194	-1.489983081817627	66.0
5784	-15.352262059975757	-18.338631158810323	-1.3704800605773926	66.0
5804	-15.591079748793545	-18.35405041441229	-1.5353548526763916	66.0
5823	-15.916355530772712	-18.340985373734547	-1.2595102787017822	66.0
5842	-15.937630248842181	-18.51064067446329	-1.4567370414733887	66.0
5863	-16.208979637590247	-18.67155211832758	-1.165112018585205	66.0
5880	-16.592448546741135	-19.003154616840376	-0.8759555816650391	67.0
5901	-16.90150357368614	-19.037289523713408	-0.79591965675354	67.0
5922	-17.172228504241556	-19.413708587493623	-0.6593077182769775	67.0
5938	-17.66028825412029	-19.56390836861052	-0.7556710243225098	67.0
5959	-17.95822832093797	-19.691415037821837	-0.7483370304107666	67.0
5978	-18.20821305747876	-20.03118088546966	-0.7049956321716309	67.0
5998	-18.66126851805545	-20.177750118919583	-0.41243505477905273	67.0
6018	-19.09661547000003	-20.33040976017797	-0.43601012229919434	67.0
6040	-19.41505430192829	-20.237873705019208	-0.5074319839477539	67.0
6056	-20.0359290245687	-20.467038688928092	-0.5216550827026367	67.0
6076	-20.358617862988122	-20.389320170774386	-0.521953821182251	67.0
6096	-20.70604577243403	-20.53917515064392	-0.24535727500915527	67.0
6115	-21.198875766819388	-20.68580247109576	-0.08816337585449219	67.0
6134	-21.578454844086345	-20.59826019286132	0.05188322067260742	67.0
6153	-22.08677191175904	-20.686822538217825	-8.854866027832031E-4	67.0
6174	-22.448989269973858	-20.740484945550133	0.16861295700073242	67.0
6193	-22.90062425405735	-20.982331879442416	0.11023139953613281	67.0
6211	-23.12116465630931	-20.90135612763953	0.18293523788452148	67.0
6231	-23.6320868631151	-20.856831757113632	0.10312604904174805	67.0
6251	-24.025805288224923	-20.754539738809765	0.03911018371582031	67.0
6273	-24.361465669137736	-20.746240864304454	0.3306155204772949	67.0
6291	-24.783872554307923	-20.769818878303276	0.29630470275878906	67.0
6311	-25.16017405725632	-20.613341438757637	0.5217781066894531	67.0
6328	-25.54122557548486	-20.57124258809097	0.4090723991394043	67.0
6348	-25.903162694945685	-20.53673034376304	0.33989620208740234	67.0
6367	-26.160879345089015	-20.47861214791595	0.4336886405944824	67.0
6387	-26.171698808687818	-20.485325357185797	0.5428028106689453	67.0
6412	-26.45065034088109	-20.33786975077214	0.6271586418151855	67.0
6426	-26.45065034088109	-20.33786975077214	0.6271586418151855	67.0
6446	-26.860324324908035	-20.335599216964546	0.7587146759033203	67.0
6465	-27.01814469060705	-19.983583923115017	0.884183406829834	67.0
6484	-27.054334000687586	-20.008135085844184	0.8249166011810303	67.0
6503	-27.128911877968967	-19.956796636405556	0.9910268783569336	67.0
6523	-27.22794337325487	-19.88558959581164	0.8802227973937988	67.0
6543	-27.22427133878316	-19.763019532761128	0.7259120941162109	67.0
6562	-27.17608885091577	-19.66147271897464	0.944760799407959	67.0
6582	-27.144969823334367	-19.80077608546844	0.9921488761901855	67.0
6601	-27.0868332025974	-19.774612614634748	0.674128532409668	67.0
6624	-26.790234046828363	-19.96593030078597	0.5519609451293945	67.0
6642	-26.987983427515612	-19.856778985147617	0.7370381355285645	67.0
6661	-26.962287844752126	-19.61949045722598	0.8188040256500244	67.0
6679	-26.782619004961635	-19.342134586427335	0.881338357925415	67.0
6698	-26.97183217398828	-19.370110237045942	0.8424167633056641	67.0
6718	-26.99478678870963	-19.221754467870472	0.9378116130828857	67.0
6737	-26.889589130510608	-18.9374943253945	1.0124740600585938	67.0
6756	-26.655124173639592	-18.664702523894935	1.2713558673858643	67.0
6777	-26.879949938552492	-18.451602087262753	1.4517412185668945	67.0
6795	-26.355928437042458	-18.126001444978304	1.6163172721862793	67.0
6815	-26.330860901430057	-18.08190558812517	1.3942313194274902	67.0
6834	-26.11135557032185	-17.82682978338758	1.7431304454803467	67.0
6854	-25.9772828800493	-17.52247163860654	1.9107317924499512	67.0
6876	-25.85115087548652	-17.31732923581992	2.2311184406280518	67.0
6895	-25.70267164279865	-17.37221745238722	2.5258615016937256	68.0
6912	-25.796080852789878	-17.137745627873937	2.664170742034912	68.0
6932	-25.591347503638534	-16.6383452365916	2.9036812782287598	68.0
6950	-25.51004947807887	-16.435555265225666	3.213674306869507	68.0
6970	-25.289957017098665	-16.143752535818734	3.8698582649230957	68.0
6991	-25.471188508430185	-16.07041218987437	3.9263503551483154	68.0
7017	-25.295832011231596	-15.92490349589734	4.360591411590576	68.0
7029	-25.19320296783024	-15.724898636341997	4.646056175231934	68.0
7048	-25.161900615521684	-15.307779706140959	4.841128349304199	68.0
7068	-25.149338985680334	-15.166477124736833	5.254952430725098	68.0
7087	-25.26248491668578	-15.31295384237388	5.816404342651367	68.0
7108	-25.554630659191115	-15.256364395079446	6.130465507507324	68.0
7128	-25.580855702332983	-15.104027659641064	6.15466833114624	68.0
7147	-25.55010903031742	-14.822432495199978	6.670778274536133	68.0
7165	-25.55010903031742	-14.822432495199978	6.670778274536133	68.0
7185	-25.846144569303945	-14.717230883327831	6.836153984069824	68.0
7209	-26.18783996023493	-14.593949924085006	6.955953598022461	68.0
7223	-26.585092293788026	-14.35014269922097	7.292751312255859	68.0
7244	-26.702994086625004	-14.056578026548378	7.300924777984619	68.0
7266	-26.853317005029464	-13.658268602270192	7.391615867614746	68.0
7282	-27.023979533431824	-13.565558410784064	7.448408603668213	68.0
7301	-27.485980435839668	-13.59033966710548	7.864534378051758	68.0
7320	-27.910808945357253	-13.728023309165165	7.736493110656738	68.0
7344	-28.199267288073973	-13.538709181035413	7.756542205810547	68.0
7361	-28.483671412332953	-13.46000496267008	7.696631908416748	68.0
7381	-28.69548006333363	-13.354762034589433	7.673720359802246	68.0
7399	-29.12340385959563	-13.221775520209885	7.581154823303223	68.0
7418	-29.47664569166649	-13.173078386188502	7.695500373840332	68.0
7437	-29.793328243670757	-12.92498616813413	7.872387886047363	68.0
7459	-30.067019466700962	-12.8231096727722	7.741165637969971	68.0
7483	-30.28135170691355	-12.718241536680425	8.105290412902832	68.0
7498	-30.556599493301572	-12.549121044013097	8.147140502929688	68.0
7515	-30.80861877531867	-12.492203719403124	8.10433578491211	68.0
7535	-31.117990884748487	-12.480922131879781	7.9532151222229	68.0
7554	-31.10016051577392	-12.504848612613959	7.9331817626953125	68.0
7575	-31.311988644090917	-12.62268292150433	8.023255348205566	68.0
7593	-31.32862788561457	-12.891502804634648	8.335285186767578	68.0
7613	-31.29128843621109	-12.896741405659595	8.604466438293457	68.0
7632	-31.419315161184603	-12.733661426673404	8.265478134155273	68.0
7652	-31.63437651696478	-12.662262812272862	7.996816635131836	68.0
7670	-31.843569484295998	-12.721405060474044	8.09067440032959	68.0
7690	-32.139882166730494	-12.734154622563606	7.970973968505859	68.0
7711	-32.69197943638355	-12.867531455753765	7.984732627868652	68.0
7730	-32.822893279060274	-12.802051097794461	8.228196144104004	68.0
7748	-33.034539619665274	-12.464814892792598	8.161433219909668	68.0
7768	-33.31769433459829	-12.609095571418683	8.496885299682617	68.0
7787	-33.56189109530432	-12.809480514385738	8.785589218139648	68.0
7807	-33.758897822230644	-12.89377896980857	8.567824363708496	68.0
7827	-34.16163108734017	-12.747794008529224	8.571724891662598	68.0
7847	-34.16163108734017	-12.747794008529224	8.571724891662598	68.0
7866	-34.62388681244886	-12.437753739883446	8.244361877441406	68.0
7885	-34.62388681244886	-12.437753739883446	8.244361877441406	69.0
7907	-34.876485885421125	-12.317760884327521	8.24921989440918	69.0
7923	-35.35940833584979	-12.501784481513232	8.519892692565918	69.0
7948	-35.49994525535248	-12.352293602612392	8.441508293151855	69.0
7967	-35.90821603034207	-12.484348958020295	8.526735305786133	69.0
7982	-36.14379195830214	-12.45593852738417	8.757902145385742	69.0
8001	-36.387220233919194	-12.660136804562748	8.762674331665039	69.0
8022	-36.55549020184873	-12.686443833327418	8.93118667602539	69.0
8040	-36.85506248397985	-12.822372897587568	8.609373092651367	69.0
8060	-37.21271882870238	-12.984711874752728	8.163511276245117	69.0
8080	-37.30528328180674	-12.811483702310841	7.740147590637207	68.0
8099	-37.55642842542708	-12.840698407308505	7.667853832244873	68.0
8119	-37.58651996021481	-12.730719609673738	7.428282260894775	68.0
8137	-37.90334467612869	-12.798017701274373	7.3785600662231445	68.0
8156	-37.9080448602452	-12.79065704590257	7.236245155334473	68.0
8177	-37.991256854634834	-12.891462221607076	7.235865592956543	68.0
8198	-38.02637216922703	-12.875503060003325	7.1447248458862305	68.0
8215	-38.10786709889605	-12.979009640619887	7.299575328826904	68.0
8235	-38.13382302515509	-13.205709348195445	7.620126724243164	68.0
8254	-38.1997040065934	-13.42847664457017	7.437252998352051	68.0
8274	-38.12759969612297	-13.355695657794895	7.4147725105285645	68.0
8293	-37.9666111342464	-13.57522054718966	7.308905601501465	67.0
8314	-37.93514505353446	-13.759913999739704	7.2859063148498535	67.0
8332	-38.0874992291555	-13.803525101704192	7.185499668121338	67.0
8352	-38.207065407228946	-13.995187923869176	7.060459136962891	67.0
8370	-38.16017186121401	-14.027194751136822	7.115777969360352	67.0
8390	-38.313045919334684	-14.0526341980781	6.972261428833008	67.0
8410	-38.44160682360384	-14.180731235473603	6.886170387268066	67.0
8434	-38.657138854674386	-14.429557340443607	7.002484321594238	67.0
8449	-38.79064178632267	-14.362749582962648	6.96809196472168	67.0
8468	-38.846932034467905	-14.309438952456407	6.974159240722656	67.0
8488	-38.90923862045326	-14.28268003572784	6.838133811950684	67.0
8507	-39.20681229674219	-14.191801770322309	6.692789077758789	67.0
8526	-39.12121507626732	-14.254776526837976	6.716977119445801	67.0
8547	-39.06327904894693	-14.388248685922216	6.810181617736816	67.0
8566	-39.06327904894693	-14.388248685922216	6.810181617736816	67.0
8586	-39.00641535287591	-14.406957226717903	7.164997100830078	67.0
8605	-38.78446569229833	-14.477978124765674	7.401282787322998	67.0
8624	-38.9293887086572	-14.500995945442714	7.617935657501221	67.0
8644	-39.161649953562254	-14.663270972284352	7.444146156311035	67.0
8663	-39.32040162929511	-14.673508118406824	7.257317543029785	67.0
8683	-39.3990860586745	-14.854155583220447	6.936346054077148	67.0
8702	-39.721499046723245	-14.752246860359731	6.452807426452637	67.0
8721	-39.82141295797345	-14.754287195113825	6.2778825759887695	67.0
8740	-40.137952844747446	-14.83589304153229	6.2358503341674805	67.0
8760	-40.429877496403705	-14.990669189884603	6.0434722900390625	67.0
8780	-40.336094322725195	-15.361023920524016	6.129482269287109	67.0
8799	-40.22232271803528	-15.50150324820481	6.254774570465088	67.0
8821	-40.3166356614474	-15.791358948219514	6.3411173820495605	67.0
8838	-40.34107553353073	-15.75161083473235	6.54145622253418	67.0
8858	-40.39375501528057	-15.92032899594218	6.755439758300781	67.0
8877	-40.54760456069497	-16.05834674343109	6.482907772064209	68.0
8896	-40.597141847933	-16.05799025294018	5.90959358215332	68.0
8916	-40.72032705543832	-15.94111294928322	5.222035884857178	68.0
8936	-40.8890624833369	-15.887439511218595	4.77132511138916	68.0
8955	-41.257141923054334	-15.972823243948644	4.528521537780762	68.0
8974	-41.30996055127634	-16.148942005524166	4.39743185043335	68.0
8994	-41.201453874928	-16.375341582519223	4.253778457641602	68.0
9015	-41.32334634373568	-16.690869498780874	3.8795197010040283	68.0
9035	-41.44719763863755	-16.876823252038996	3.631352663040161	68.0
9052	-41.36150887990169	-17.012297122528228	3.7805206775665283	68.0
9072	-41.682120552108266	-17.125222304726012	3.6946380138397217	68.0
9091	-41.89494012686196	-17.226132685000714	3.4179446697235107	68.0
9110	-42.00406651184217	-17.267993203420843	3.5517656803131104	68.0
9130	-42.08284305038544	-17.24358430305856	3.4395151138305664	68.0
9149	-42.312834953781596	-17.60844278697086	3.436220169067383	68.0
9171	-42.40166317089623	-17.666197747861574	3.4608700275421143	68.0
9188	-42.41291620037376	-17.691664000903597	3.467487335205078	68.0
9208	-42.72926016933322	-17.989562096969482	3.2113161087036133	68.0
9226	-42.76888260046636	-18.26931501011609	2.9103212356567383	68.0
9249	-42.94227964821575	-18.60666404475603	2.5327184200286865	68.0
9268	-43.19978837340701	-18.876652421213503	1.8030996322631836	68.0
9287	-43.171797591961614	-19.09392403311532	1.478254795074463	68.0
9306	-43.171797591961614	-19.09392403311532	1.478254795074463	68.0
9324	-43.329856637818814	-19.18610960684769	1.417158603668213	68.0
9343	-43.47308719014084	-19.38320456199161	1.7125818729400635	68.0
9364	-43.86540638701874	-19.702987587543156	1.5848474502563477	68.0
9382	-44.04823879867952	-19.612659190213016	1.007636308670044	68.0
9405	-43.99647265948698	-19.730885137726702	0.5696449279785156	68.0
9421	-44.251349572072236	-19.80945868652004	0.43610072135925293	68.0
9441	-44.14306692299268	-19.88245713545085	0.30826258659362793	68.0
9460	-44.2752023207702	-19.8506762928727	-0.055063724517822266	68.0
9479	-44.273781230482754	-20.001756617027667	-0.5565581321716309	67.0
9499	-44.36154008230127	-20.128408820147513	-1.2434308528900146	67.0
9519	-44.052505574636236	-20.117355323618245	-1.4433190822601318	67.0
9539	-43.835430414686606	-20.38145468188724	-1.658153772354126	67.0
9558	-43.74918617072853	-20.302730966217002	-2.0606789588928223	67.0
9577	-43.464167879740494	-20.125331556774416	-2.7423906326293945	67.0
9597	-43.25027920081787	-20.20835556627197	-3.17435884475708	67.0
9616	-42.844404206636064	-20.491810092255665	-3.2934069633483887	67.0
9638	-42.41411042793431	-20.326437474623628	-3.4485113620758057	67.0
9655	-41.84631046351627	-20.23902472905881	-3.8287250995635986	67.0
9675	-41.595974417245365	-20.292376902248623	-3.9134180545806885	67.0
9694	-41.13285421727886	-20.299625130153782	-4.100886821746826	68.0
9713	-40.628637203007926	-20.27702935398792	-4.254730224609375	68.0
9733	-39.99126658729956	-20.36120092875294	-4.555146217346191	68.0
9752	-39.4471778264264	-20.250359731424023	-4.788933277130127	68.0
9772	-39.18199689852019	-20.05583744050802	-5.157232284545898	68.0
9791	-38.70568812961131	-20.03356688240206	-5.371423244476318	68.0
9810	-38.1443054881789	-19.832535613568506	-5.028806209564209	68.0
9830	-37.63456651862014	-19.79328637261669	-4.9420576095581055	68.0
9849	-37.21850124467749	-19.831165222564056	-4.884645462036133	68.0
9868	-36.719604851879225	-19.857939097653496	-4.849035263061523	68.0
9889	-36.12497492556955	-19.837169021624195	-4.870487213134766	68.0
9907	-35.62653575160306	-19.774006730028656	-4.908486366271973	68.0
9927	-34.97163455261408	-19.799294789912345	-4.892254829406738	68.0
9946	-34.561037751456986	-19.692229665002305	-4.920884132385254	68.0
9966	-34.3581638133136	-19.626836682377846	-4.9480462074279785	68.0
9989	-34.13766725109349	-19.445360911830917	-4.935576438903809	68.0
10006	-34.13766725109349	-19.445360911830917	-4.935576438903809	68.0
10025	-33.809438394969355	-19.119980344387763	-4.615574836730957	68.0
10044	-33.48949776747412	-18.935178971326174	-4.3640217781066895	68.0
10063	-33.30083098300377	-18.711826191462222	-4.334545612335205	68.0
10083	-33.08871391996177	-18.744925155859384	-4.165647983551025	68.0
10102	-32.91718194848016	-18.673994458482586	-3.938289165496826	68.0
10122	-32.60063555132747	-18.559606357309598	-3.915098190307617	68.0
10141	-32.19567552657486	-18.354875845054423	-3.729034185409546	68.0
10161	-31.86242090118545	-18.108563235986104	-3.788239002227783	68.0
10180	-31.623238422710383	-18.165840116541883	-3.709972858428955	68.0
10199	-31.62760261855079	-18.27152985647858	-3.6355695724487305	68.0
10221	-31.481631008109574	-18.41251994971101	-3.7023448944091797	68.0
10239	-31.328356547688607	-18.32118003816302	-4.237672328948975	68.0
10260	-31.174969147537055	-18.14982668368638	-4.559175491333008	68.0
10277	-31.35921529693311	-18.023439832546174	-4.471006393432617	68.0
10298	-31.455259739803207	-18.286488240100734	-4.466301918029785	69.0
10317	-31.435243227467296	-18.261941086492502	-4.4773030281066895	69.0
10336	-31.505857570506528	-18.117861224925637	-4.884335517883301	69.0
10355	-31.369685708744214	-18.058098796409585	-5.030189514160156	69.0
10375	-31.390969167352925	-17.928185058747744	-4.854740142822266	69.0
10394	-31.409766938404225	-17.724680006331045	-4.783215522766113	69.0
10423	-31.418813594635438	-17.5943443228547	-5.082798957824707	69.0
10433	-31.404996115070023	-17.495647722798783	-5.290650367736816	69.0
10455	-31.48115942978377	-17.404238118299347	-5.419623374938965	69.0
10472	-31.28751511837016	-17.408785371954156	-5.544930934906006	69.0
10491	-31.19947448795553	-17.298682398099125	-5.77602481842041	69.0
10512	-31.11773064098397	-16.983408418491045	-6.205158233642578	69.0
10531	-30.838218918536626	-16.722280986368652	-6.998112678527832	69.0
10549	-30.511918480787298	-16.450430388779388	-7.451237678527832	69.0
10569	-30.374595877297327	-16.501335196956273	-7.783729553222656	69.0
10588	-30.130746423074825	-16.72881861426789	-8.32038688659668	69.0
10609	-29.64639100069849	-16.729077072697823	-9.122780799865723	69.0
10627	-29.49107209844167	-16.775021454689426	-9.99918270111084	69.0
10647	-29.112602478153903	-16.61992488590406	-10.358625411987305	69.0
10667	-28.944252756011146	-16.570834885388198	-10.872820854187012	69.0
10686	-28.78077858277498	-16.6585377814981	-11.208263397216797	70.0
10706	-28.55903059672958	-16.733991312102855	-11.633918762207031	70.0
10725	-28.55903059672958	-16.733991312102855	-11.633918762207031	70.0
10745	-28.18099540662512	-16.676269902941662	-12.44399642944336	70.0
10764	-27.754209179069854	-16.446470684210652	-13.024946212768555	70.0
10783	-27.278186950288017	-16.28908269828859	-13.406204223632812	70.0
10803	-26.65548620166777	-16.144229481430553	-13.773694038391113	70.0
10822	-26.230155696594515	-16.189606941456415	-14.353850364685059	70.0
10844	-25.44266141352102	-16.26762417106964	-15.06391429901123	70.0
10861	-24.981445865287995	-16.11518256439219	-15.632847785949707	70.0
10880	-24.438272387793045	-16.329631782667434	-16.140832901000977	72.0
10900	-23.7688371350688	-16.253060671787317	-16.123367309570312	72.0
10919	-23.42226630842837	-16.37931361827797	-16.588640213012695	72.0
10941	-23.06365724503489	-16.5291860620324	-16.749784469604492	72.0
10958	-22.47342076694695	-16.660520140375763	-17.290637969970703	72.0
10978	-21.58750580881715	-16.637547080662078	-17.696706771850586	72.0
10997	-20.995140856698885	-16.411142693319672	-18.120922088623047	72.0
11017	-19.918043599077766	-16.341745746535107	-18.679609298706055	72.0
11037	-19.089824194673554	-16.19223881082416	-19.26198959350586	72.0
11058	-18.587174305876772	-16.30743902870655	-19.71468162536621	72.0
11075	-17.6181974497247	-16.199845734731213	-19.93238067626953	72.0
11094	-16.660724296195376	-16.45971572139435	-20.594482421875	74.0
11114	-15.910576209774728	-16.419526224178984	-20.91710090637207	74.0
11134	-15.39232803944281	-16.532626657200435	-21.34153938293457	74.0
11154	-14.879278683096661	-16.963999771023467	-21.413772583007812	74.0
11175	-14.40888906977719	-17.408529034511485	-21.42105484008789	74.0
11195	-13.735982680481682	-17.484337842762177	-21.409738540649414	74.0
11211	-13.047438147777067	-17.524344505969	-21.60796356201172	74.0
11230	-12.22690295637254	-17.592584366133792	-21.636777877807617	74.0
11249	-11.779024737260102	-17.47213201525329	-21.264999389648438	74.0
11269	-10.90372512407267	-17.930444264822505	-21.143735885620117	74.0
11290	-10.033412839757219	-18.22590521592459	-21.020204544067383	76.0
11308	-9.19547470674098	-18.299054075930375	-20.78177261352539	76.0
11328	-8.738282117482733	-18.45894922536875	-20.732341766357422	76.0
11348	-8.509725209855077	-18.88202211794943	-20.479084014892578	76.0
11366	-7.718916097495195	-19.0093350661849	-20.270160675048828	76.0
11387	-7.24905877017377	-19.53659580971926	-20.106698989868164	76.0
11406	-6.696984948848877	-19.965836759583357	-19.951683044433594	76.0
11427	-6.696984948848877	-19.965836759583357	-19.951683044433594	76.0
11445	-6.444185277593935	-20.16774744421093	-19.908884048461914	76.0
11463	-5.950323522524141	-20.3740582495706	-19.54192352294922	76.0
11483	-5.405870522817825	-20.67335834208226	-19.34552001953125	79.0
11503	-4.910327527069244	-20.89575420359286	-19.071596145629883	79.0
11522	-4.635400846295959	-21.229963839560146	-18.9221248626709	79.0
11543	-4.550099013850473	-21.598611112324804	-18.69117546081543	79.0
11561	-4.415625501139902	-21.69772029649674	-18.203113555908203	79.0
11580	-4.153914064661877	-21.911927285506433	-17.693553924560547	79.0
11601	-3.912778892253821	-22.141908253456414	-17.046722412109375	79.0
11620	-4.045092619340461	-22.383967238910856	-16.322595596313477	79.0
11639	-4.098330646235421	-22.609193562074736	-15.576313018798828	79.0
11659	-3.9799694144773334	-22.852492987981265	-15.006095886230469	79.0
11677	-3.8998013659990733	-22.798273744630826	-14.455162048339844	80.0
11699	-3.9686245308424186	-23.141472617642243	-13.550447463989258	80.0
11717	-3.9146812753438858	-23.364316426166948	-12.817874908447266	80.0
11738	-3.9989892394119337	-23.600811212205475	-12.237153053283691	80.0
11756	-4.231432188352933	-23.617812838802113	-11.469071388244629	80.0
11777	-4.5846686362482325	-23.9175242888013	-10.760092735290527	80.0
11795	-4.955481152554476	-24.15360840085845	-10.225804328918457	80.0
11815	-5.309549814074155	-24.30104644961686	-9.426090240478516	80.0
11833	-5.417129448364053	-24.359565505658615	-8.81247329711914	80.0
11854	-5.844565760755828	-24.437414257361414	-8.383771896362305	80.0
11873	-6.507232163801035	-24.598225306873754	-7.735507011413574	80.0
11892	-7.155013786944018	-24.793792121996805	-7.04080867767334	81.0
11912	-7.629498658303212	-24.905736001127398	-6.343947410583496	81.0
11934	-7.98209151975576	-25.120906719361123	-5.712318420410156	81.0
11950	-8.454967758145871	-25.17532727290557	-5.026160717010498	81.0
11970	-9.15080514401279	-25.100893077667067	-4.432392597198486	81.0
11988	-10.049185910527346	-25.175305747892583	-3.7725672721862793	81.0
12012	-10.741245955167278	-25.043838402062182	-3.1951775550842285	81.0
12029	-11.449824158541038	-25.023747990218965	-2.6684951782226562	81.0
12048	-12.212829323445371	-24.752341257612258	-2.2539539337158203	81.0
12067	-13.194006228169227	-24.82367809734693	-1.9890830516815186	81.0
12087	-13.91317446678262	-24.594560134100337	-1.6434035301208496	81.0
12107	-14.752160818493056	-24.581855728900393	-1.0393788814544678	81.0
12127	-14.752160818493056	-24.581855728900393	-1.0393788814544678	81.0
12145	-15.428434709397829	-24.405594674238966	-0.5352993011474609	81.0
12165	-16.163885109238535	-24.314150672326296	-0.38158226013183594	81.0
12184	-16.732414532393378	-24.328938217645963	-0.05588245391845703	81.0
12203	-17.471907216841153	-24.14287105122837	0.005242824554443359	81.0
12223	-18.325951032012288	-24.09938991940745	0.23453187942504883	81.0
12242	-18.80028813010151	-23.973444246810075	0.7230110168457031	81.0
12263	-19.620016846986893	-23.7305012893621	1.114034652709961	81.0
12281	-20.36259318147502	-23.59417465435414	1.237173080444336	81.0
12300	-21.18258497904115	-23.56826517201293	1.3730530738830566	81.0
12321	-21.611295881935263	-23.565812813007344	1.62353515625	81.0
12339	-22.47997512839311	-23.635597887244593	1.7834625244140625	81.0
12360	-23.154468410475523	-23.822257147400656	1.9138035774230957	81.0
12378	-23.76336246893133	-23.910818431700445	1.9342923164367676	81.0
12398	-24.406991707220456	-23.8837848414821	2.04445219039917	81.0
12417	-25.106051469098002	-23.989734482993363	2.1958155632019043	81.0
12436	-25.770743928440282	-23.845432393810956	2.4982104301452637	81.0
12457	-26.385361288866118	-23.906741031747135	2.458881378173828	81.0
12476	-27.189270668064943	-23.776179696026368	2.549788475036621	81.0
12499	-27.725975953983557	-23.531499175200626	2.591677665710449	81.0
12514	-28.26535077762102	-23.324130377935774	2.6532745361328125	81.0
12535	-28.675124810498485	-23.239649881435543	2.7607035636901855	81.0
12553	-29.294076383356966	-23.19400980041675	2.8170928955078125	81.0
12573	-29.858608698630103	-22.941424387544032	2.948761463165283	81.0
12593	-30.299033855651338	-23.033349389861993	3.099881649017334	81.0
12613	-30.74141528643942	-22.899969977741723	3.216385841369629	81.0
12631	-31.104391311672067	-22.850631540646326	3.313967227935791	81.0
12650	-31.5216730324962	-23.01626173955271	3.4788289070129395	81.0
12670	-31.75173974610785	-23.01429974300723	3.5618858337402344	81.0
12690	-32.013366394044304	-22.900870332600768	3.414280414581299	81.0
12708	-32.43571142689877	-22.874112291285545	3.396540641784668	81.0
12730	-32.959908465891274	-23.02274865828865	3.3475513458251953	81.0
12748	-33.301657937548484	-22.999254987312455	3.3391494750976562	81.0
12767	-33.60005233580134	-22.995531979806668	3.3801398277282715	81.0
12787	-33.90919945280404	-22.78773366998234	3.1706719398498535	81.0
12807	-34.108159431946746	-22.68192765043194	2.94183349609375	81.0
12826	-34.71849117519164	-22.644128635337783	3.0633039474487305	81.0
12847	-34.71849117519164	-22.644128635337783	3.0633039474487305	81.0
12870	-35.44658145786269	-22.40943519512837	3.2927751541137695	81.0
12884	-35.44658145786269	-22.40943519512837	3.2927751541137695	80.0
12903	-35.54291908247584	-22.16402215271208	3.428598642349243	80.0
12923	-35.706687247956495	-22.045632234680102	3.3771042823791504	80.0
12942	-35.88265210705817	-21.975000389045082	3.634828567504883	80.0
12962	-36.16932761085642	-22.12722645809187	3.6835224628448486	80.0
12982	-36.56539372626355	-22.002991493260385	3.8858330249786377	80.0
----------------도착----------------
13002	-36.508271906719166	-21.76681929333216	3.6901023387908936	80.0
13021	-36.8694877559589	-21.50197436279652	3.3512911796569824	80.0
13040	-36.964355859315	-21.55825491313091	3.425290107727051	80.0
13059	-37.162697211929526	-21.54190904591821	3.2571792602539062	80.0
13079	-37.46482452812816	-21.43807490967141	3.5787129402160645	79.0
13098	-37.67722189737291	-21.223350849736946	3.534600257873535	79.0
13117	-37.99482050645146	-21.2828103142782	3.7876715660095215	79.0
13137	-38.10387260033031	-21.057178548079108	3.757633686065674	79.0
13156	-38.31922618683499	-21.19305410015859	3.517406940460205	79.0
13176	-38.455011405641784	-21.311018881719395	3.3047666549682617	79.0
13195	-38.70462683573976	-21.222286234012433	3.276904582977295	79.0
13214	-38.835528292335475	-21.218007797787198	3.5862908363342285	79.0
13234	-38.957506388740136	-21.17102692977431	3.5807547569274902	79.0
13254	-39.10506151107097	-21.21090661593294	3.6855130195617676	79.0
13273	-39.166317708602605	-21.00337757974835	3.4105639457702637	79.0
13293	-39.23866133629793	-21.10708594949652	3.2568068504333496	79.0
13313	-39.41268233534692	-20.95351230506296	3.512537956237793	79.0
13332	-39.36886408385786	-21.054494349151216	3.926806688308716	79.0
13350	-39.51582431265579	-21.21975236665651	3.888232707977295	79.0
13370	-39.71704026512898	-21.287206017058644	3.5859827995300293	79.0
13389	-39.72368726577114	-21.14397483333392	3.623565673828125	79.0
13409	-39.714535592587914	-21.26169036140613	3.69986629486084	79.0
13429	-39.956428710556864	-21.409249901719566	4.0272417068481445	79.0
13448	-40.24850625225507	-21.39562476554835	3.982757568359375	79.0
13467	-40.39499653704943	-21.69040220713927	4.00669002532959	79.0
13488	-40.32508087924441	-21.53975283852436	4.12442684173584	78.0
13506	-40.32632104514222	-21.47752718931907	4.091710090637207	78.0
13527	-40.27556096896305	-21.49703242782624	4.065469741821289	78.0
13547	-40.26990855090395	-21.456102424331167	3.6772358417510986	78.0
13566	-40.26990855090395	-21.456102424331167	3.6772358417510986	78.0
13585	-40.154772791049986	-21.382212694051297	3.694340229034424	78.0
13604	-40.00487400998636	-21.273181727112206	3.52386474609375	78.0
13624	-39.80487430836972	-21.23378367448965	3.5480830669403076	78.0
13642	-39.51636879181185	-21.029676152309904	3.520826578140259	78.0
13663	-39.63059195214774	-21.077227223486364	3.6152682304382324	78.0
13682	-39.53808792815993	-21.02754325402255	3.8253958225250244	77.0
13701	-39.52456273914307	-21.024949493356875	4.07924747467041	77.0
13721	-39.637157972974954	-21.13690018127699	4.089802265167236	77.0
13741	-39.90391692682725	-21.0176548900478	3.7147669792175293	77.0
13759	-39.93206070402717	-21.044651028533647	3.5625717639923096	77.0
13779	-39.92701519228164	-20.944122489657715	3.749941349029541	77.0
13799	-40.05760677845602	-21.10285275877551	3.7434449195861816	77.0
13819	-39.94103959333471	-20.96832161967049	3.784740447998047	77.0
13837	-40.03305889017681	-20.903653615319453	3.868285655975342	77.0
13858	-39.96834569133164	-20.87451588132823	3.8461363315582275	77.0
13876	-39.99344868646872	-20.942931872920227	3.8593883514404297	77.0
13896	-39.87549115017288	-21.058414798262643	3.8617355823516846	77.0
13915	-39.79025526547893	-20.99580413489111	3.702619791030884	77.0
13936	-39.57171673009336	-21.034156458304714	3.432474136352539	77.0
13954	-39.61049651234512	-20.99407041819823	3.3427672386169434	77.0
13974	-39.57981341633234	-21.151633609754505	3.3984944820404053	77.0
13993	-39.10711804043484	-21.081002610336917	3.270000457763672	77.0
14013	-38.8451905475818	-21.233233426279657	3.4953267574310303	77.0
14032	-38.71794353928851	-21.222082654725384	3.439664840698242	77.0
14052	-38.66383579463916	-21.232014757240908	3.557828903198242	77.0
14071	-38.6358477064522	-21.157379995424268	3.6769676208496094	77.0
14090	-38.687013247282884	-21.040714478265226	3.7782411575317383	77.0
14109	-38.683486071083756	-20.964813927104178	3.6264822483062744	77.0
14129	-38.86514585731709	-21.081790691114843	3.6667799949645996	77.0
14148	-39.1367905758117	-21.193670936972456	3.756293296813965	77.0
14167	-39.345430782170645	-21.217806236285682	3.4632110595703125	77.0
14187	-39.47186362665575	-21.20400652492805	3.6386609077453613	77.0
14208	-39.67008808261843	-21.203215320332653	3.8662586212158203	77.0
14225	-39.66152704919398	-21.190129253706232	3.977508544921875	77.0
14247	-39.70296052077881	-21.388821300778552	3.663264751434326	77.0
14266	-39.8093270040687	-21.372622384971706	3.6162266731262207	77.0
14284	-39.8093270040687	-21.372622384971706	3.6162266731262207	75.0
14304	-39.85385557323758	-21.19377660413573	3.6568799018859863	75.0
14324	-39.85385557323758	-21.19377660413573	3.6568799018859863	75.0
14343	-39.77629579385971	-21.02242365046893	3.6099557876586914	75.0
14363	-39.718083763619305	-20.884518577647388	3.5733821392059326	75.0
14383	-39.70647532297531	-20.84160166038897	3.572049856185913	75.0
14402	-39.65122335120805	-20.82662611196543	3.493675947189331	75.0
14421	-39.822316931981455	-20.76990417922607	3.8052194118499756	75.0
14440	-39.653144470908714	-20.937888118126708	4.088263511657715	75.0
14461	-39.59685417478877	-21.0471310288572	3.9894986152648926	75.0
14479	-39.59305522388627	-21.015438778492065	3.925734519958496	75.0
14500	-39.71318992950053	-21.062529133678332	4.065324783325195	75.0
14518	-39.671050297197255	-21.069296985204424	4.307953357696533	75.0
14540	-39.55248163637079	-21.12469903683315	4.274290084838867	75.0
14557	-39.75336063832191	-21.33520363950133	4.221736431121826	75.0
14577	-39.56762239720496	-21.330757152304063	4.128353118896484	75.0
14598	-39.75399641199244	-21.23492511911568	3.852789878845215	75.0
14616	-39.647550072420884	-21.07484562974635	3.6918747425079346	75.0
14635	-39.74491160979563	-21.135098521172132	3.5293688774108887	75.0
14656	-39.801188272977555	-21.08541149279814	3.4187917709350586	75.0
14674	-39.75493838365475	-21.15907098935865	3.5288352966308594	75.0
14694	-39.81700741674108	-21.14493135782171	3.2117667198181152	74.0
14713	-39.56930337927595	-20.982566688420533	3.094876766204834	74.0
14733	-39.586114992846035	-21.01244153230399	3.1054091453552246	74.0
14752	-39.381243837639765	-21.19250171172122	3.3060107231140137	74.0
14771	-39.59643308726396	-21.268281396285726	3.4196243286132812	74.0
14791	-39.30051165722721	-21.28693246399592	3.6077632904052734	74.0
14810	-39.357284500784495	-21.35032852775938	3.573843002319336	74.0
14829	-39.47810768616597	-21.36595019281473	3.5471863746643066	74.0
14849	-39.43455713271946	-21.187233702341665	3.684699058532715	74.0
14867	-39.55257802669748	-21.252138011390716	3.869907855987549	74.0
14888	-39.532622200142626	-21.22525523481892	4.090136528015137	74.0
14911	-39.615776668818995	-20.950872846500197	3.879727363586426	74.0
14926	-39.64898014560848	-20.91345185940698	3.743408203125	74.0
14947	-39.80180754885397	-20.973332144466635	3.832294464111328	74.0
14966	-39.71766225705835	-20.89202577601772	3.911210060119629	74.0
14986	-39.71766225705835	-20.89202577601772	3.911210060119629	74.0
15007	-39.65395028562698	-20.916419803377007	3.809932231903076	74.0
15025	-39.5291367621058	-20.96415107077282	3.8862242698669434	74.0
15043	-39.394236174370796	-20.843731295194743	3.823190689086914	74.0
15063	-39.426956722106254	-21.072087584921878	3.775862693786621	74.0
15082	-39.27042321402482	-21.0471938892757	3.815462112426758	74.0
15102	-39.07824768127465	-21.153081757438112	3.5232958793640137	74.0
15122	-38.99774014181228	-21.125370648609675	3.5226402282714844	74.0
15141	-38.894555368372764	-21.090972008069087	3.8243656158447266	74.0
15160	-38.825472105489396	-21.06093639492859	4.129901885986328	74.0
15179	-38.710285880120885	-21.052568041498525	3.912252902984619	74.0
15199	-38.956417146793505	-21.217002210172137	3.649233341217041	74.0
15219	-39.074195596961644	-21.052565193762984	3.790173053741455	74.0
15242	-39.31060370375761	-21.186101817106508	3.9470949172973633	74.0
15258	-39.40606663256262	-21.007084100033442	4.206421375274658	74.0
15277	-39.64129892133123	-20.808133251724666	4.203255653381348	74.0
15296	-39.66840568797875	-20.750463593294942	4.149848937988281	74.0
15316	-39.6669546333168	-20.715104532352434	3.990912437438965	74.0
15336	-39.940712596601514	-20.759324060474828	3.5243563652038574	74.0
15355	-39.80594448533248	-20.622443477724506	3.3958473205566406	74.0
15374	-39.72969884328754	-20.67791125643569	3.620748996734619	74.0
15394	-39.48204287463839	-20.706026296883795	3.9663844108581543	74.0
15413	-39.6310003403055	-20.84584442267646	4.065972805023193	74.0
15433	-39.38068623796856	-20.849499962306254	4.252328395843506	74.0
15452	-39.44578973259069	-20.913130742885215	4.280180931091309	74.0
15472	-39.47700850637705	-20.947795796861968	4.082874774932861	74.0
15491	-39.201956511837025	-21.024541970508942	4.3726067543029785	75.0
15512	-39.27181790077699	-20.957554608089097	4.343955993652344	75.0
15530	-38.91022239742909	-20.838174401285393	3.864682197570801	75.0
15549	-38.98569571536597	-20.682116944405234	3.664071559906006	75.0
15569	-38.77038814076853	-20.71014552216048	3.6363115310668945	75.0
15587	-38.65005249955716	-20.63124178264693	3.5093183517456055	75.0
15608	-38.73349092562771	-20.481730203872942	3.291294574737549	75.0
15630	-38.801701123257125	-20.535020197494237	3.55560302734375	75.0
15647	-38.834347423120946	-20.412858482255768	3.728971004486084	75.0
15667	-38.81900159035809	-20.617700403190558	3.592306613922119	75.0
15686	-39.3656063072325	-20.764230984373235	3.796934127807617	76.0
15705	-39.3656063072325	-20.764230984373235	3.796934127807617	76.0
15727	-39.44615520503792	-20.838196996092236	3.718172550201416	76.0
15746	-39.51400073193023	-20.864666822177103	3.674734115600586	76.0
15763	-39.78875469733974	-20.878649229613796	3.6747360229492188	76.0
15783	-39.58048053341454	-20.971144471806912	3.5950160026550293	76.0
15802	-39.67315488195701	-20.966455188833375	3.3689260482788086	76.0
15821	-39.82591057020224	-20.98357669152769	3.370079517364502	76.0
15842	-39.916764449694554	-20.97636162162128	3.7024102210998535	76.0
15861	-39.62384109917126	-20.77653567691025	3.6610488891601562	76.0
15880	-39.51730411693106	-20.825998220200386	3.7353897094726562	77.0
15900	-39.49238754197655	-20.80120648700651	4.139822959899902	77.0
15919	-39.40694935336918	-20.905693744625573	4.115450382232666	77.0
15938	-39.55343009711641	-21.008530272242574	4.181038856506348	77.0
15961	-39.42186330583615	-20.75692375312984	4.0067853927612305	77.0
15977	-39.293533842939695	-20.69072059820152	4.050215721130371	77.0
15997	-39.480709536679164	-20.55748200029206	3.926832675933838	77.0
16016	-39.631446838706594	-20.641270708143352	3.8588223457336426	77.0
16035	-39.591277737716254	-20.559318625651024	3.8986339569091797	77.0
16055	-39.563004224983416	-20.573321529270682	3.705071449279785	77.0
16074	-39.45884375243373	-20.567253097043697	3.5638866424560547	77.0
16095	-39.51814056924256	-20.65449699721289	3.560055732727051	78.0
16114	-39.31971562218246	-20.893468400772264	3.831442356109619	78.0
16132	-39.419961875752435	-20.92993671429418	3.801398277282715	78.0
16152	-39.152585166879135	-20.924254220270985	3.6603403091430664	78.0
16172	-39.297182094204445	-21.007936264885547	3.4502687454223633	78.0
16191	-39.29249552357035	-20.983846372921555	3.301893711090088	78.0
16210	-39.156092420359634	-20.879536085026146	3.5096263885498047	78.0
16231	-39.27700339640479	-20.90461357259379	3.171855926513672	78.0
16250	-39.19324281961016	-20.709300457615893	2.811004638671875	78.0
16268	-39.43644591169043	-20.66174310237537	2.8615822792053223	78.0
16289	-39.55258950748736	-20.500917665258104	2.8889241218566895	78.0
16307	-39.670534746949585	-20.421139372043122	2.929492473602295	78.0
16327	-39.33619135064664	-20.29456903532671	3.2332401275634766	78.0
16347	-39.342385501814675	-20.33451199947635	3.458399772644043	78.0
16367	-39.35587436068147	-20.48424545621706	3.48830509185791	78.0
16386	-39.47863896511675	-20.52002441779693	3.61081600189209	78.0
16406	-39.47863896511675	-20.52002441779693	3.61081600189209	78.0
16426	-39.4824057149351	-20.48463367971427	3.6159610748291016	78.0
16446	-39.49771426279599	-20.36757978983363	3.225337505340576	78.0
16464	-39.52570794921735	-20.499400174285757	3.335238456726074	78.0
16483	-39.486204508293994	-20.730937228456142	3.571763038635254	79.0
16502	-39.3268948940391	-20.894082958144537	4.077146053314209	79.0
16522	-39.386166351482885	-20.86833598792676	4.277663230895996	79.0
16542	-39.357881698991804	-20.85908916370115	4.33858585357666	79.0
16566	-39.116115035232795	-20.61138950761283	4.4276509284973145	79.0
16580	-39.301872620464394	-20.569966978385338	4.403368949890137	79.0
16600	-39.403688209409175	-20.495437686227362	4.145895957946777	79.0
16619	-39.56667336545509	-20.475850882407943	3.45858097076416	79.0
16639	-39.583291151211824	-20.184367085896135	3.1931915283203125	79.0
16659	-39.75792458257242	-20.155871846596057	3.0124053955078125	79.0
16678	-39.65383327148318	-20.45094241482303	3.180335521697998	81.0
16698	-39.67912105002407	-20.728218317929485	3.417006015777588	81.0
16716	-39.783227186881426	-21.04362077631998	3.7151551246643066	81.0
16743	-39.55719534556677	-21.113186477952055	3.9384422302246094	81.0
16756	-39.5030907009917	-20.98348561220003	4.15913724899292	81.0
16775	-39.41922532635711	-20.905417772057827	3.98166561126709	81.0
16794	-39.69263264499725	-20.99868413136608	3.6349387168884277	81.0
16814	-39.89817783889094	-20.970720676958383	3.4016551971435547	81.0
16834	-39.993650854523324	-20.794380693602058	3.305058002471924	81.0
16853	-40.082739786881746	-20.70620893787067	3.707509994506836	81.0
16872	-40.106180225366536	-20.53311064746176	3.9572627544403076	81.0
16891	-40.374719445690346	-20.424629276256	3.7716708183288574	86.0
16911	-40.385304036178816	-20.40311694032502	3.6533617973327637	86.0
16930	-40.454225987218166	-20.444479356469554	3.8826866149902344	86.0
16949	-40.24550931215402	-20.47520670883589	4.1120781898498535	86.0
16970	-40.25189278039073	-20.532440353604414	4.0746893882751465	86.0
16988	-40.26075475902838	-20.549895657815636	3.901492118835449	86.0
17008	-40.21170902774402	-20.59281591594083	3.57065486907959	86.0
17028	-40.47883453174711	-20.7445001968869	3.6325860023498535	86.0
17047	-40.61985261771855	-20.803364854762844	3.7177815437316895	86.0
17066	-40.77368890983387	-20.801980062671966	3.6241512298583984	86.0
17087	-40.77368890983387	-20.801980062671966	3.6241512298583984	94.0
17106	-40.93639376055627	-20.797160842966388	3.088411331176758	94.0
17126	-40.79207619326851	-20.514566867680365	2.982787609100342	94.0
17145	-40.79207619326851	-20.514566867680365	2.982787609100342	94.0
17167	-40.96294657877808	-20.51731053449742	3.2464723587036133	94.0
17185	-41.09899077279056	-20.450040644472768	3.3909831047058105	94.0
17202	-40.81087750002392	-20.395472963357168	3.5624732971191406	94.0
17223	-40.79651788740459	-20.51530414091943	3.6447982788085938	94.0
17243	-40.69938171251826	-20.813468084331426	3.627837657928467	94.0
17261	-40.79795575950359	-20.92653255744477	3.503775119781494	94.0
17281	-40.77296244842519	-20.97518528695771	3.775120258331299	102.0
17300	-40.8658889097003	-21.17350463485949	3.8959598541259766	102.0
17319	-40.819850974857516	-21.244153883528305	3.836535692214966	102.0
17340	-40.697359832989875	-21.417449806948294	4.046311378479004	102.0
17359	-40.53584670360621	-21.590794554943116	4.016172885894775	102.0
17378	-40.36554540375769	-21.624075032236505	3.5251827239990234	102.0
17398	-40.43976843027189	-21.46266093006124	3.3332552909851074	102.0
17418	-40.531576824093136	-21.423749482289253	3.506917953491211	102.0
17436	-40.54931096590737	-21.33880960700798	3.3895416259765625	102.0
17456	-40.63067485693518	-21.30613254019694	3.297804832458496	102.0
17475	-40.77556777673536	-21.346535905581725	3.602997303009033	102.0
17495	-40.69947406694065	-21.45526003148743	3.687592029571533	109.0
17516	-40.59015183695486	-21.427086622311016	3.717536449432373	109.0
17535	-40.500709105487964	-21.378038060386135	4.335144996643066	109.0
17552	-40.42224750041874	-21.263720179746223	4.924952983856201	109.0
17572	-40.23709680865704	-21.401740747096987	4.938359260559082	109.0
17592	-40.22608088675895	-21.579008315249354	4.336287498474121	109.0
17612	-40.15502785564036	-21.72777728554019	3.6422343254089355	109.0
17632	-39.95061194896978	-21.549691294306914	2.942939281463623	109.0
17652	-40.35879424335159	-21.302068462919657	2.8173208236694336	109.0
17670	-40.50665580001523	-21.141482357926492	3.178088665008545	109.0
17689	-40.55762933926712	-21.04227743632777	3.4152917861938477	113.0
17709	-40.68951522164054	-21.186099242075432	3.717099189758301	113.0
17728	-40.59642701822063	-21.196572265325244	3.801815986633301	113.0
17747	-40.41805454113685	-21.23804716957977	3.7753984928131104	113.0
17767	-40.47362115306973	-21.29762811440195	3.966926336288452	113.0
17786	-40.589437998180045	-21.30165628191037	3.797006368637085	113.0
17807	-40.575359705686154	-21.215126307639075	3.208559036254883	113.0
17828	-40.575359705686154	-21.215126307639075	3.208559036254883	113.0
17845	-40.78155406669337	-21.176184710534645	3.0563206672668457	113.0
17865	-40.850998933863075	-21.182729051663685	3.0353822708129883	113.0
17886	-40.73368986731655	-21.165803361560865	3.044576644897461	115.0
17903	-40.80410985149816	-21.349040583915983	3.1269917488098145	115.0
17922	-40.98469249023153	-21.45196800684683	3.2566962242126465	115.0
17942	-41.12810827552849	-21.547490081075413	2.9069976806640625	115.0
17963	-41.06154058342816	-21.448295462186163	3.1880269050598145	115.0
17981	-40.97273036214147	-21.52582070712347	3.5865187644958496	115.0
18003	-40.929659702408024	-21.530225422284364	3.320091724395752	115.0
18020	-40.99903511106705	-21.573566416530493	2.9770169258117676	115.0
18039	-41.01723097885764	-21.797204532237966	2.7408509254455566	115.0
18059	-40.98189407688515	-21.68050327885335	2.9144840240478516	115.0
18078	-40.967112983010765	-21.628013600330572	2.7797627449035645	116.0
18097	-40.87757939364275	-21.390043056581106	2.730915069580078	116.0
18116	-41.04115417937114	-21.54689531775317	2.864603042602539	116.0
18137	-40.91918819299615	-21.440252965930487	3.104494094848633	116.0
18157	-41.08735950073703	-21.592561660318697	3.5298619270324707	116.0
18175	-41.04050608100634	-21.591920992500288	3.3032751083374023	116.0
18195	-40.988337412495596	-21.505745887044448	2.8745131492614746	116.0
18214	-41.03886887158064	-21.5450526787852	2.5722899436950684	116.0
18235	-40.91337524375035	-21.509457738942043	2.7928647994995117	116.0
18254	-40.843742669920914	-21.609791634500212	3.0713391304016113	116.0
18273	-40.7633526568242	-21.594170015840763	3.302767753601074	116.0
18293	-40.94141048399486	-21.52820269633116	3.393657684326172	118.0
18312	-40.670880184555216	-21.478869281101183	3.128969192504883	118.0
18331	-40.56728489779048	-21.619748263357906	3.11313533782959	118.0
18352	-40.443758004373564	-21.6197217789367	3.2893171310424805	118.0
18371	-40.39592653631857	-21.519274658438338	3.3220324516296387	118.0
18389	-40.324756400256106	-21.613089334190082	3.3829007148742676	118.0
18409	-40.22495437513763	-21.680742148040668	3.7097086906433105	118.0
18428	-40.18286960660357	-21.75973660740085	4.178560256958008	118.0
18448	-39.86087546455962	-21.781129211616243	4.671693325042725	118.0
18471	-39.69443772852322	-21.896026887822103	4.771358966827393	118.0
18486	-39.72356715249459	-22.102893602379826	4.092095375061035	119.0
18508	-39.916222323982815	-22.14082450122951	3.4753150939941406	119.0
18526	-40.119834871790935	-22.014931738660753	3.547194242477417	119.0
18546	-40.119834871790935	-22.014931738660753	3.547194242477417	119.0
18565	-40.63892054588819	-21.85228030947453	3.325164794921875	119.0
18584	-40.87222677047927	-21.72232803944047	3.0474753379821777	119.0
18602	-40.906475937372065	-21.702112857897337	3.1548261642456055	119.0
18625	-40.93890989724898	-21.829582837580432	3.224980354309082	119.0
18642	-41.07245473828969	-21.865503307804403	3.1706085205078125	119.0
18663	-40.874289541237125	-21.66881712545289	3.5477898120880127	119.0
18680	-40.98906749851679	-21.63414634949446	4.214095115661621	120.0
18701	-40.851368213643234	-21.52466045388935	4.383618354797363	120.0
18720	-40.723913904583725	-21.409495779317723	3.6000232696533203	120.0
18739	-40.81781256023579	-21.248997907737962	2.7047767639160156	120.0
18760	-40.70715909497301	-21.120402909211798	2.6105451583862305	120.0
18779	-40.68230207496317	-21.18545308551572	3.0624189376831055	120.0
18798	-40.7098786141991	-21.198283562207042	3.8259756565093994	120.0
18817	-40.81852782000993	-21.359688248454987	4.421865463256836	120.0
18837	-40.63802564846548	-21.524210889669824	4.560687065124512	120.0
18857	-40.47223504176965	-21.86501879899768	4.1457672119140625	120.0
18877	-40.51525382987338	-21.98198195511702	3.134035348892212	120.0
18895	-40.543707048805146	-22.09001223337855	1.988111972808838	121.0
18915	-40.732021469344964	-22.041136382980742	1.6145925521850586	121.0
18934	-40.55832573309068	-21.907475582007663	2.5144238471984863	121.0
18958	-40.519337601176225	-21.985962928860175	3.223628520965576	121.0
18973	-40.404918897921505	-22.075727958440638	3.4189629554748535	121.0
18993	-40.29972563353252	-22.257330148673276	3.397740364074707	121.0
19012	-40.460233837378446	-22.216240709742756	3.161750078201294	121.0
19031	-40.51383620569725	-22.324108115473877	2.7594094276428223	121.0
19052	-40.49003853396925	-22.081305815983	2.503826141357422	121.0
19074	-40.62840291127658	-22.178357282258755	2.5503387451171875	121.0
19090	-40.698692998452	-22.121231383848304	2.5571799278259277	123.0
19109	-40.824131588279904	-22.127195506494967	2.8737595081329346	123.0
19128	-40.88248605697945	-21.9979795523476	2.9654061794281006	123.0
19147	-40.848671801018135	-21.99410023777499	3.0755276679992676	123.0
19169	-40.92427834402872	-22.026480583679948	3.5453603267669678	123.0
19188	-40.907938021602774	-21.890645760260163	4.047323703765869	123.0
19206	-41.03459677761199	-21.931875803492233	4.159474849700928	123.0
19226	-41.03459677761199	-21.931875803492233	4.159474849700928	123.0
19246	-40.87061901930813	-21.852589019644864	3.3993828296661377	123.0
19266	-40.79355837600631	-21.873771971692005	2.8250346183776855	123.0
19285	-40.79355837600631	-21.873771971692005	2.8250346183776855	124.0
19305	-40.98771861044281	-21.937312003399065	2.786494255065918	124.0
19324	-41.05255117910684	-21.82066043577276	3.020613193511963	124.0
19343	-40.78729361956035	-21.80703317381307	3.2389578819274902	124.0
19362	-40.8079385355878	-21.764123641932816	3.044159412384033	124.0
19382	-40.59640953193294	-21.898360383281375	3.3092727661132812	124.0
19402	-40.780181968839365	-21.888712737738523	3.294015407562256	124.0
19421	-40.94106434559195	-21.93865787338076	3.4926669597625732	124.0
19443	-40.75262644788567	-22.057324294590625	3.8424103260040283	124.0
19459	-40.5617035846704	-21.952273367177806	3.8518922328948975	124.0
19479	-40.71506411022446	-21.71693985235286	4.035500526428223	126.0
19498	-40.96083113282156	-21.777180346235642	4.04726505279541	126.0
19518	-41.11822704942141	-21.799099720483458	3.703617572784424	126.0
19537	-41.420264327913614	-21.79107438920727	3.449416160583496	126.0
19557	-41.34801520011209	-21.869519530257325	3.55265474319458	126.0
19577	-41.322960212855044	-21.963056904092866	3.7991461753845215	126.0
19596	-41.41221605178269	-21.916430396492636	3.9210214614868164	126.0
19615	-41.54438838944136	-22.161657829565097	4.0025954246521	126.0
19634	-41.47043669454661	-22.430575481013793	4.075423240661621	126.0
19656	-41.420231402149426	-22.43516690915813	3.5313336849212646	126.0
19676	-41.45386578831617	-22.424463544236325	3.072951316833496	126.0
19693	-41.531313018452224	-22.294079036192528	2.7252793312072754	126.0
19712	-41.66087520872174	-22.0230695947646	2.722966194152832	126.0
19732	-41.656870058555704	-22.029355660495984	2.9428319931030273	126.0
19752	-41.68595473628544	-21.996447951451856	3.6436164379119873	126.0
19771	-41.46406766981342	-21.885125376406712	4.3215460777282715	126.0
19791	-41.42174919676017	-21.986783184997183	4.437897205352783	126.0
19809	-41.524902176491295	-21.977632400273308	4.384897708892822	126.0
19829	-41.4167354262149	-22.324556481879124	4.385753154754639	126.0
19848	-41.15042144223832	-22.495970043833207	4.40880012512207	126.0
19868	-40.96790474564833	-22.516311258543496	4.674899101257324	126.0
19887	-41.07573605163251	-22.323351226135966	4.57066011428833	126.0
19908	-40.979190225098854	-22.162099156864077	4.15619421005249	126.0
19926	-40.979190225098854	-22.162099156864077	4.15619421005249	126.0
19947	-41.46325036016716	-21.82395741463657	2.8927907943725586	126.0
19966	-41.46325036016716	-21.82395741463657	2.8927907943725586	126.0
19985	-41.370558787658815	-21.755611154884466	3.223186492919922	126.0
20004	-41.35021733059021	-21.600522181686888	3.5882863998413086	126.0
20024	-41.4888762761584	-21.519836956385326	3.2583534717559814	126.0
20043	-41.59785386547036	-21.55964484023422	2.238497734069824	126.0
20062	-41.71506202698643	-21.50698009955311	1.295091152191162	126.0
20082	-41.83849258767729	-21.636215608318913	1.6229891777038574	126.0
20103	-41.72215739411165	-21.84518824420416	2.762300491333008	126.0
20121	-41.48083863431744	-21.83591432304073	3.766538619995117	126.0
20140	-41.537510131934084	-22.029292805962722	4.325776100158691	126.0
20160	-41.62100184534378	-22.242376140257864	4.50797176361084	126.0
20179	-41.543309913194484	-22.641530398715627	4.627354145050049	126.0
20200	-41.32473256743663	-22.831977348667177	4.378422260284424	126.0
20218	-41.12876922748556	-22.903465811488555	4.39691686630249	126.0
20237	-41.27070346389632	-22.633770929528875	4.279335975646973	126.0
20258	-41.300951870169364	-22.605340029537107	4.316088676452637	126.0
20277	-41.50296148994819	-22.526312386992007	4.2295308113098145	126.0
20296	-41.339143414839036	-22.368761338352165	4.043975353240967	126.0
20315	-41.014192929124256	-22.38138803778041	3.6936371326446533	126.0
20335	-40.86445762682393	-22.151610689245413	2.911398410797119	126.0
20354	-41.01611581017069	-22.037996978719068	3.0627641677856445	126.0
20374	-41.077815468228344	-22.07886901521241	3.3346152305603027	126.0
20394	-40.79845807340842	-22.20118327747868	3.9024484157562256	126.0
20412	-40.623608544517424	-22.18126532799611	4.036272048950195	126.0
20433	-40.44049056372078	-22.123910128027347	4.616162300109863	126.0
20451	-40.56023290197853	-22.23680824885049	4.701647758483887	126.0
20470	-40.54412723769732	-22.11972932779944	4.637002468109131	126.0
20490	-40.94881107940349	-22.335607167197576	4.1598334312438965	126.0
20509	-41.03148586335109	-22.617660797742907	3.1403589248657227	126.0
20529	-41.16648997790799	-22.42962283500182	2.910038471221924	126.0
20549	-41.37470817448829	-22.403339656881165	2.916494369506836	126.0
20568	-41.39837474951723	-22.33069100008058	3.2145192623138428	126.0
20588	-41.371521096986044	-22.444940694248857	3.1268322467803955	126.0
20607	-41.056820666013365	-22.58224374951169	3.5486233234405518	126.0
20627	-41.00560061695956	-22.7689050988433	3.6902594566345215	126.0
20646	-40.878839839175654	-22.867758458331554	3.3932082653045654	126.0
20666	-41.01912934070796	-22.95850044005461	3.270287275314331	126.0
20685	-41.01912934070796	-22.95850044005461	3.270287275314331	125.0
20704	-41.0277541217264	-23.11827249359604	3.2452621459960938	125.0
20723	-40.94149044014113	-23.005788355682245	3.784627914428711	125.0
20744	-41.239024095397426	-23.218405028092683	3.9850616455078125	125.0
20763	-40.99782279925309	-23.320189478970644	4.0493083000183105	125.0
20781	-41.37704380851915	-23.161153802640953	3.1243975162506104	125.0
20801	-41.7869057853137	-22.750700401329027	1.0495972633361816	125.0
