3	-5.641295025947913	-19.409402735484015	-3.534449338912964	146.0
22	-5.4922181867769995	-19.382837847396583	-3.4817545413970947	146.0
41	-5.555966197347275	-19.553352495182562	-3.5716044902801514	146.0
60	-5.5436900097823445	-19.779186461295208	-3.6688947677612305	146.0
81	-5.691669810985119	-19.923245807622727	-3.516132116317749	146.0
100	-5.585027320638051	-19.848669723907264	-3.2968435287475586	146.0
120	-5.748018799430646	-19.732328066190888	-3.4897634983062744	146.0
139	-5.748018799430646	-19.732328066190888	-3.4897634983062744	146.0
158	-5.750174910024932	-19.8739656626896	-3.5507307052612305	146.0
178	-5.735273513417756	-19.85864878556045	-3.71958589553833	146.0
197	-6.002378750897665	-19.967106335090836	-3.8364439010620117	147.0
217	-5.800028349065786	-19.75800528052433	-3.8262088298797607	147.0
236	-5.688301326427271	-19.561522716785564	-3.664527654647827	147.0
255	-5.622661561552244	-19.59849963655727	-3.755777359008789	147.0
274	-5.838339236414991	-19.60407734964749	-3.7064898014068604	147.0
294	-5.865273273690974	-19.628982498378093	-3.660309076309204	147.0
314	-5.7591653578306	-19.71120884114989	-3.6206679344177246	147.0
334	-5.722833620777026	-19.76086890560986	-3.4611706733703613	147.0
353	-5.525019988343061	-19.597626032051952	-3.6117982864379883	147.0
373	-5.848878786392895	-19.64845138079736	-3.731424570083618	147.0
393	-6.033512153937753	-19.790547113811193	-3.694243907928467	147.0
413	-5.980667713239633	-19.657389994838812	-3.682537794113159	147.0
432	-5.925242929948135	-19.760313460192886	-3.540700912475586	147.0
449	-5.73911813881808	-19.702550281953172	-3.6409268379211426	147.0
469	-5.772914587735066	-19.467410078810666	-3.6754798889160156	147.0
490	-5.825138872872417	-19.579671438927917	-3.7913713455200195	147.0
509	-5.567186068659309	-19.602161345831632	-3.7007293701171875	147.0
529	-5.380556681170628	-19.674038549139482	-3.7537713050842285	147.0
548	-5.25156340795537	-19.585661138123715	-4.033075332641602	147.0
566	-5.286507904432028	-19.65117137417755	-4.115322113037109	147.0
588	-5.083787725396251	-19.543377392921904	-4.200558662414551	147.0
606	-4.941253416605235	-19.670159827541976	-3.7892379760742188	147.0
625	-4.976228575273762	-19.717172727379754	-3.67130184173584	147.0
644	-5.2022292116345215	-19.672469770474525	-3.6342642307281494	147.0
663	-5.510885230294937	-19.859748603452665	-3.7724575996398926	147.0
684	-5.40056756786652	-19.73935103627395	-3.3922767639160156	147.0
703	-5.36597273742431	-19.763579571412688	-3.454622745513916	147.0
723	-5.317443604132162	-19.581964485119467	-3.1735761165618896	147.0
742	-5.543764204192453	-19.65240233050098	-3.229105234146118	147.0
761	-5.771095885184027	-19.443272354275315	-3.5414280891418457	147.0
782	-5.738736452751226	-19.46316943538788	-3.415212631225586	147.0
804	-5.6360533934615225	-19.5337433329776	-3.3379483222961426	146.0
820	-5.6360533934615225	-19.5337433329776	-3.3379483222961426	146.0
840	-5.685420595969314	-19.251996087087214	-3.8943748474121094	146.0
858	-5.7611681491878635	-19.327324345248503	-4.0483317375183105	146.0
878	-5.719763161556097	-19.708036720508023	-3.5074455738067627	146.0
899	-5.697199230602569	-19.85021444088835	-3.790958881378174	146.0
921	-5.949113929255425	-19.67965215038095	-4.285571098327637	146.0
935	-5.955475292082702	-19.93326403381522	-4.605632305145264	146.0
955	-6.088514954346498	-19.899663250180243	-4.822475433349609	146.0
975	-6.00184476241458	-19.820409373356213	-4.495115280151367	146.0
995	-5.908081963918597	-19.8774790974894	-4.061540126800537	147.0
1015	-5.984427657730844	-20.13412016991289	-3.851975917816162	147.0
1037	-6.031112840410411	-19.708398351717317	-3.9328386783599854	147.0
1053	-5.900534227334166	-19.910275955086135	-3.8236615657806396	147.0
1074	-5.464559976916522	-19.977491376299	-3.8080739974975586	147.0
1092	-5.454703713245529	-19.850649894537458	-4.0152788162231445	147.0
1112	-5.422251085561975	-19.76566066463497	-3.661231279373169	147.0
1133	-5.398817890563775	-19.782337966224397	-3.8088786602020264	147.0
1151	-5.323105708565594	-19.68245022304984	-3.871457815170288	147.0
1171	-5.432123978732802	-19.321908060411403	-3.9865500926971436	147.0
1190	-5.551404448040417	-19.48824843097199	-4.032774448394775	147.0
1210	-5.538726295696093	-19.178773523642935	-4.043131351470947	147.0
1229	-5.68185788968675	-19.225952975834684	-3.9942286014556885	147.0
1248	-5.812684562507759	-19.30103488696249	-3.735309362411499	147.0
1268	-5.56142861871123	-19.508900844009133	-3.753150701522827	147.0
1286	-5.400274399463414	-19.62266953901764	-3.562577724456787	147.0
1306	-5.586200819941657	-19.56503182935135	-3.877722978591919	147.0
1326	-5.394698939658242	-19.71476711688607	-3.8956592082977295	147.0
1344	-5.29526618931126	-19.650888054222285	-3.837346076965332	147.0
1364	-5.426282746349553	-19.854118632593284	-4.07989501953125	147.0
1384	-5.3264757768045845	-19.73684985861756	-3.8976688385009766	147.0
1404	-5.018256772499407	-19.688501185106414	-3.8494434356689453	147.0
1423	-5.1365803235081255	-19.67264609708458	-3.8549864292144775	147.0
1442	-5.364290895478187	-19.70589348669672	-3.810515880584717	147.0
1461	-5.207549947743406	-19.795081377573446	-3.848224401473999	147.0
1481	-5.161896034008512	-19.773821075762466	-3.663222551345825	147.0
1502	-5.118574313251975	-19.7128742448841	-3.6913862228393555	147.0
1525	-5.139855839884722	-19.659660082247132	-3.3784329891204834	147.0
1541	-5.231113130263661	-19.632373960340594	-3.5402579307556152	147.0
1561	-5.514909157080207	-19.552525008502087	-3.7784273624420166	147.0
1578	-5.514909157080207	-19.552525008502087	-3.7784273624420166	147.0
1597	-5.743756158474988	-19.333882944187714	-3.5293872356414795	147.0
1618	-5.58149249238878	-19.15017086836366	-3.370593547821045	147.0
1636	-5.541252148320872	-19.111324645028464	-3.37960147857666	147.0
1660	-5.649111149386549	-19.11832846284643	-3.568500280380249	147.0
1676	-5.790440124747595	-19.124655598489827	-3.4450385570526123	147.0
1694	-5.666891927441416	-19.044526371601787	-3.6594109535217285	147.0
1715	-5.545852832161058	-19.370069045705314	-3.5450737476348877	147.0
1735	-5.5691702457894605	-19.448716406852345	-3.629776954650879	147.0
1753	-5.351164238898767	-19.5721957778196	-3.7645370960235596	147.0
1774	-5.691359167513264	-19.7070270294509	-3.7700998783111572	147.0
1793	-5.704027976912531	-19.790892039804078	-3.5243117809295654	147.0
1812	-5.544731110824253	-19.75317751010995	-3.814471960067749	147.0
1832	-5.457530135293343	-19.73403179896334	-4.004067897796631	147.0
1852	-5.572724973700605	-19.695383451960275	-3.906620740890503	147.0
1870	-5.557956926952116	-19.717027615647293	-3.8842904567718506	147.0
1890	-5.604200929048295	-19.53080407482984	-3.852409839630127	147.0
1909	-5.763228457648548	-19.63821638248101	-3.88881254196167	147.0
1929	-5.473896362116435	-19.55162685402147	-3.9189655780792236	147.0
1949	-5.583609670373274	-19.56620828545543	-4.132349491119385	147.0
1967	-5.682272752867458	-19.78308904298858	-4.086118698120117	147.0
1991	-5.746606586901855	-19.889503080879223	-4.124155044555664	147.0
2009	-5.837958143323148	-20.029169070328475	-3.9853932857513428	147.0
2027	-6.002154867855995	-19.66088802211885	-4.005407333374023	147.0
2045	-5.7986631950591825	-19.859142235663725	-3.739459991455078	147.0
2066	-5.74358547365692	-19.781964311724348	-3.4150760173797607	147.0
2085	-5.604163182259725	-19.742488126400787	-3.5121798515319824	147.0
2104	-5.669987071784551	-19.745196719131403	-3.5926856994628906	147.0
2123	-5.658527617472762	-19.505001176524505	-3.5388431549072266	147.0
2147	-5.590059057770883	-19.502485095926907	-3.4306371212005615	147.0
2161	-5.55395053987016	-19.557426577331594	-3.634277105331421	147.0
2182	-5.553497708198326	-19.634634830968743	-3.830998182296753	147.0
2202	-5.619501861578371	-19.449513258584247	-4.105966091156006	147.0
2222	-5.657424987521147	-19.454011380431428	-4.084063529968262	147.0
2244	-5.868293706865439	-19.7576297175429	-3.95495343208313	147.0
2260	-5.868293706865439	-19.7576297175429	-3.95495343208313	147.0
2279	-5.643383509949869	-19.560033821934773	-3.8626842498779297	147.0
2299	-5.762575408628779	-19.55437013650611	-3.6743829250335693	147.0
2318	-5.760521013243488	-19.516956854700858	-3.881531000137329	147.0
2337	-5.58585209534256	-19.471212595406502	-3.5863356590270996	147.0
2357	-5.5102882441529415	-19.61048654755682	-3.5429208278656006	147.0
2378	-5.4760305372932825	-19.65990813735088	-3.577768087387085	147.0
2395	-5.188106705291762	-19.531951894581596	-3.746500015258789	148.0
2414	-5.273866564516826	-19.172956941015364	-3.8209307193756104	148.0
2433	-5.483761335865236	-18.98432579480121	-3.6969871520996094	148.0
2453	-5.309005451351394	-19.11783046411557	-3.7988381385803223	148.0
2475	-4.995062374665606	-19.15834527311869	-3.6801748275756836	148.0
2494	-5.177840462602587	-19.006414363285227	-3.88502836227417	148.0
2512	-5.283646311701756	-18.94770596162767	-3.6723220348358154	148.0
2533	-5.124598557756763	-18.95235461632209	-3.5409483909606934	148.0
2551	-5.292743250102064	-19.04227581499686	-3.6725690364837646	148.0
2571	-5.106300557161822	-19.021122698011474	-3.7903943061828613	148.0
2590	-5.089803044742029	-19.315036429813887	-3.853297472000122	149.0
2609	-4.997124770206547	-19.26227568596657	-3.835218906402588	149.0
2629	-5.1842665661659755	-19.21612100680899	-3.8799190521240234	149.0
2649	-5.041988218148746	-19.244992248645996	-3.6163384914398193	149.0
2668	-4.971873954914438	-19.21133690614498	-3.7977495193481445	149.0
2687	-5.197864632863384	-19.212234613566228	-3.680820941925049	149.0
2710	-5.143308621643151	-19.202176765839784	-3.4126226902008057	149.0
2732	-5.09108684963215	-19.459621468885253	-3.348764657974243	149.0
2745	-5.047325347843262	-19.44449459342395	-3.6377952098846436	149.0
2765	-5.327521296293844	-19.43996634943085	-3.547227144241333	149.0
2785	-5.3219465274559585	-19.521673331054718	-3.3074398040771484	149.0
2804	-5.483754331727351	-19.473227347956822	-3.4536283016204834	150.0
2826	-5.527539632448552	-19.556386183381594	-3.4031877517700195	150.0
2845	-5.4581777410560335	-19.453550234516957	-3.3300626277923584	150.0
2862	-5.496259651777544	-19.78294146576973	-3.2929306030273438	150.0
2882	-5.634569650786074	-19.76141891139783	-3.0957443714141846	150.0
2901	-5.53353750581787	-19.74365276640527	-2.994319438934326	150.0
2921	-5.533498196696481	-19.627600320419944	-3.0084691047668457	150.0
2942	-5.5978617228708325	-19.65627304348467	-3.27223539352417	150.0
2962	-5.5978617228708325	-19.65627304348467	-3.27223539352417	150.0
2980	-5.551242212177543	-19.777445178517198	-3.2482399940490723	150.0
2999	-5.551242212177543	-19.777445178517198	-3.2482399940490723	151.0
3029	-5.436341052769262	-19.77948524815562	-3.2436087131500244	151.0
3037	-5.366936365291043	-19.522151697897478	-3.4008419513702393	151.0
3057	-5.298164486319806	-19.27526186095729	-3.4998931884765625	151.0
3079	-5.356831892992823	-19.305410922361002	-3.5422024726867676	151.0
3097	-5.226052271781434	-19.499122119971254	-3.632719039916992	151.0
3115	-5.272486037474136	-19.207052672294427	-3.461120843887329	151.0
3134	-5.2517114972452115	-19.36535105329876	-3.4328055381774902	151.0
3154	-5.1602292015943	-19.220010757391023	-3.3908121585845947	151.0
3174	-5.21458938447842	-19.397846058177148	-3.3558738231658936	151.0
3195	-5.190552510652515	-19.489032315851667	-3.279895782470703	151.0
3213	-5.229543753771931	-19.56645501764942	-3.3794796466827393	151.0
3233	-5.3320329158154145	-19.58587568044945	-3.1772444248199463	151.0
3254	-5.352389125022532	-19.409712422559696	-3.1945977210998535	151.0
3273	-5.279983166355054	-19.4789410721268	-3.229243040084839	151.0
3291	-5.094364697050633	-19.437430907864066	-3.2504823207855225	151.0
3318	-5.195459771568347	-19.49926771195899	-3.4315977096557617	151.0
3329	-5.263281522538346	-19.508053974125186	-3.8997433185577393	151.0
3349	-5.341052079432251	-19.48398210135083	-4.115891456604004	151.0
3370	-5.363076093454454	-19.579169088329373	-4.01320743560791	151.0
3389	-5.358711101635522	-19.557035139827125	-4.028560161590576	151.0
3407	-5.351455760182076	-19.666214937363634	-3.747436285018921	151.0
3426	-5.440392286341213	-19.79412372300302	-3.566516637802124	151.0
3446	-5.553199795801135	-19.75330551528122	-3.583237886428833	151.0
3466	-5.654503080600328	-19.751574398622598	-3.4917056560516357	151.0
3485	-5.646356849970274	-19.399795403251392	-3.443058729171753	151.0
3504	-5.6422538794572255	-19.35143236668685	-3.3998794555664062	151.0
3523	-5.586898492394898	-19.33268310110185	-3.397878408432007	151.0
3543	-5.494831751060097	-19.29569209948745	-3.392463445663452	151.0
3562	-5.532578808273649	-19.28925537801478	-3.430917978286743	151.0
3581	-5.571098541551123	-19.42882566667931	-3.50313401222229	151.0
3601	-5.6145884469125455	-19.384124554571308	-3.6376571655273438	151.0
3621	-5.496984075287088	-19.290405178196075	-3.7263593673706055	151.0
----------------출발----------------
3641	-5.386600723391925	-19.5750568947521	-3.6269514560699463	151.0
3660	-5.386600723391925	-19.5750568947521	-3.6269514560699463	151.0
3679	-5.348701692238189	-19.568809113671854	-4.1132097244262695	151.0
3705	-5.348701692238189	-19.568809113671854	-4.1132097244262695	151.0
3718	-5.4655401340221825	-19.688609917046943	-3.8911232948303223	151.0
3737	-5.422699894220086	-19.747444994493833	-3.6858038902282715	151.0
3757	-5.348158432565735	-19.63303282838886	-3.697934150695801	151.0
3776	-5.3435462603096955	-19.75728525278791	-3.6446690559387207	151.0
3795	-5.445653844728533	-19.831353067500363	-3.5477800369262695	151.0
3815	-5.625724640870066	-19.670830756790444	-3.4913389682769775	151.0
3834	-5.692412587519601	-19.6312027185981	-3.4009087085723877	151.0
3855	-5.644320113702464	-19.47319438557843	-3.2246437072753906	151.0
3874	-5.495177268842792	-19.364688523961668	-3.42437481880188	151.0
3894	-5.509453286524817	-19.58684222358115	-3.4646143913269043	151.0
3914	-5.415121944652547	-19.522705493743512	-3.506537675857544	151.0
3933	-5.299797280025856	-19.388565624620778	-3.40492582321167	151.0
3952	-5.155059443233927	-19.276406031216627	-3.506441831588745	151.0
3973	-5.178204212573908	-19.257739174622937	-3.6198434829711914	151.0
3992	-5.19338487217408	-19.068510779550323	-3.5041375160217285	151.0
4010	-5.339395841516793	-19.223768066740153	-3.374722480773926	151.0
4028	-5.437574078466357	-19.134394349880555	-3.4543509483337402	151.0
4050	-5.647807612576545	-18.924600243559752	-3.5667953491210938	151.0
4068	-5.982765163173251	-18.925919756018185	-3.553443431854248	151.0
4088	-6.114920392775925	-18.986679078396467	-3.641597270965576	151.0
4108	-6.126752542097435	-19.07068735334427	-3.372389078140259	151.0
4127	-6.0900900972684315	-19.07800691365516	-3.3261942863464355	151.0
4147	-5.925279402622252	-19.295487501966576	-3.3827478885650635	151.0
4167	-5.767070422905592	-19.1189764063143	-3.514841318130493	151.0
4185	-5.70010943136243	-19.207398985335757	-3.5401413440704346	151.0
4205	-5.320170300466954	-19.114100550484128	-3.7367982864379883	151.0
4224	-5.211622212977219	-19.185032263721553	-3.6437456607818604	151.0
4243	-5.171509603068595	-18.925625615219122	-3.8033177852630615	151.0
4262	-5.079215306369977	-18.780340845920595	-4.080475330352783	151.0
4283	-4.98714780668606	-18.87509930120688	-3.9790937900543213	151.0
4302	-5.072027976709036	-18.808591985174544	-4.02889347076416	151.0
4321	-5.08319434307339	-18.798885510200954	-4.08352518081665	151.0
4342	-5.161662161426437	-18.73498864423884	-4.121035575866699	151.0
4361	-5.364223132890014	-18.762657565693633	-4.051596641540527	151.0
4380	-5.364223132890014	-18.762657565693633	-4.051596641540527	151.0
4399	-5.053026988526584	-18.594122315697135	-4.148608207702637	151.0
4419	-5.12861380401312	-18.704917114999656	-4.058525085449219	151.0
4438	-5.248571255205957	-18.734313499868385	-3.6506333351135254	151.0
4457	-5.4615905269076155	-18.549596923459937	-3.718942165374756	151.0
4477	-5.655059820048286	-18.488639475663156	-3.8349974155426025	151.0
4495	-5.773962727138505	-18.470695347078934	-4.031543731689453	151.0
4516	-5.726849775951255	-18.342282211735707	-4.219561576843262	151.0
4535	-5.825834166458192	-18.156992245312697	-4.200234413146973	151.0
4555	-6.1629539296369815	-18.344845675157227	-4.2090678215026855	151.0
4575	-6.2102068517265	-18.3795944282164	-4.1036787033081055	151.0
4594	-6.305721862941263	-18.410642654630973	-4.241418361663818	151.0
4612	-6.325105568118595	-18.500450737018927	-4.1729536056518555	151.0
4632	-6.360787848800704	-18.503094551072177	-4.055685520172119	151.0
4652	-6.3871642573970195	-18.51315320923841	-3.657526731491089	151.0
4672	-6.37808889726162	-18.63029315895072	-3.3003199100494385	151.0
4692	-6.286737945839167	-18.799225700274437	-3.314624071121216	151.0
4711	-6.248345871359823	-18.78020065751883	-3.1996538639068604	151.0
4729	-6.1960095765806456	-18.611847214152238	-3.2950005531311035	151.0
4749	-6.105386138288811	-18.536328100567513	-3.4046707153320312	151.0
4780	-5.975046561281642	-18.5120552184374	-3.4382593631744385	151.0
4788	-5.788772594285464	-18.6044575605144	-3.4622745513916016	151.0
4808	-5.734634316649042	-18.404508281821048	-3.52762508392334	151.0
4826	-5.788633367237747	-18.33292603613523	-3.503678321838379	151.0
4847	-5.748250590353506	-18.172702795421166	-3.4445085525512695	151.0
4867	-5.883606427714473	-17.826718444465737	-3.579586982727051	151.0
4886	-5.921141028499738	-17.681077100405606	-3.6432723999023438	151.0
4905	-5.861858445342438	-17.609479614452457	-3.7133772373199463	151.0
4924	-5.820471878019028	-17.41043661557921	-3.648102283477783	151.0
4943	-5.876758968495601	-17.251492012328868	-3.588460683822632	151.0
4964	-5.739782074575149	-17.133764392478422	-3.415945053100586	151.0
4983	-5.853735218217814	-17.050918096750504	-3.591618299484253	151.0
5004	-6.014739246763175	-17.092396367494366	-3.5792787075042725	151.0
5021	-5.7288934866812244	-17.22078482661523	-3.6275954246520996	151.0
5040	-5.932813794667599	-17.376569701359042	-3.618710994720459	151.0
5061	-6.100017169672399	-17.30901622938882	-3.577981472015381	151.0
5081	-6.269633457208943	-17.45175903642449	-3.617377281188965	151.0
5100	-6.269633457208943	-17.45175903642449	-3.617377281188965	151.0
5121	-6.303827217074474	-17.56691376863495	-3.479749917984009	151.0
5139	-6.423009073534566	-17.77865393525566	-3.6748533248901367	151.0
5165	-6.363539662352499	-17.8773164485023	-3.5309970378875732	151.0
5177	-6.383186820808476	-17.59337853173343	-3.5208001136779785	151.0
5196	-6.626367642736324	-17.418091314898735	-3.4180855751037598	151.0
5217	-6.51163726299211	-17.47510669214669	-3.1900908946990967	151.0
5237	-6.611738244205316	-17.463077918926224	-3.2610883712768555	151.0
5254	-6.801682927639136	-17.156636813708104	-3.271979331970215	151.0
5275	-7.0684099669671125	-17.061730501597015	-3.3790314197540283	151.0
5294	-7.4030116836873745	-16.856486436123852	-3.3381733894348145	151.0
5314	-7.473949951424692	-16.795320127559986	-3.1252923011779785	151.0
5333	-7.288112249106918	-16.895888457127214	-3.0969038009643555	151.0
5356	-7.340022469323959	-16.887091895584696	-3.032217025756836	151.0
5371	-7.431534045156756	-16.626605980351453	-3.1170284748077393	151.0
5392	-7.496035306652038	-16.6006420055428	-2.811708688735962	151.0
5412	-7.54993216045526	-16.778422130643776	-2.7719805240631104	151.0
5430	-7.467272159775698	-16.635791868502608	-2.4908244609832764	151.0
5449	-7.484582970513286	-16.859485874040775	-2.3952951431274414	151.0
5470	-7.6902911870430675	-16.785653336540488	-2.3747193813323975	151.0
5490	-7.983243981048386	-16.769165185405416	-2.112992763519287	151.0
5509	-8.290551089120624	-16.654361525462296	-2.471806049346924	151.0
5527	-8.442815327413234	-16.64647208284606	-2.512420415878296	151.0
5548	-8.55578850880768	-16.74533432065806	-2.4812073707580566	151.0
5566	-8.668624857126154	-16.656988570221994	-2.558121919631958	151.0
5587	-8.948575239967747	-16.76950428381756	-2.564255714416504	151.0
5606	-8.902724640822898	-16.53939855119813	-2.230548620223999	151.0
5625	-8.849181840843052	-16.37734755824895	-2.284393072128296	151.0
5644	-8.846859159574546	-16.295214459651124	-2.2031335830688477	151.0
5664	-8.605722883542306	-16.615672055116722	-1.7594060897827148	151.0
5684	-8.698967564554744	-16.56425998331421	-1.7235383987426758	151.0
5703	-8.792779905096639	-16.314481311081533	-1.754974365234375	151.0
5726	-8.750696650592669	-16.52511434268577	-1.659816026687622	151.0
5741	-8.72503680010497	-16.260856696848265	-1.5527507066726685	151.0
5762	-8.77978828260435	-16.27863060626641	-1.6886310577392578	151.0
5781	-8.978711967775123	-16.33792215608318	-1.566800594329834	151.0
5802	-8.995600094916748	-16.420748396638523	-1.508360743522644	151.0
5821	-9.142996475067534	-16.22662497192756	-1.415318489074707	151.0
5841	-9.142996475067534	-16.22662497192756	-1.415318489074707	151.0
5857	-9.14840717888745	-16.290328024723905	-1.1328105926513672	151.0
5877	-9.153072308995048	-16.284453414107386	-1.4164354801177979	151.0
5897	-9.106269297885234	-16.054779536723288	-1.2019693851470947	151.0
5916	-9.146219987317416	-16.054036092077162	-1.323885440826416	151.0
5936	-9.366839689901072	-16.03274656069746	-1.2237471342086792	151.0
5956	-9.56822167357467	-15.965511832735087	-1.0830639600753784	151.0
5974	-9.719271624052174	-15.834406420233464	-1.093732476234436	151.0
5994	-9.71828027696512	-15.686548397696248	-1.1924110651016235	151.0
6014	-9.838275363552523	-15.58092318821254	-1.0321791172027588	151.0
6034	-10.100240715176268	-15.59160456837785	-0.6216685771942139	151.0
6057	-10.288826216617615	-15.436942969215599	-0.651832103729248	151.0
6073	-10.229398408512665	-15.547535520123644	-0.433239221572876	151.0
6092	-10.437633108786866	-15.51306443391502	-0.3741251230239868	151.0
6112	-10.331895005485066	-15.524838989513777	-0.37278735637664795	151.0
6131	-10.39262854216868	-15.561572514993928	-0.5006828308105469	151.0
6150	-10.606299381943227	-15.587776788957346	-0.23688435554504395	151.0
6172	-10.726184744173182	-15.706818225561262	-0.12668991088867188	151.0
6190	-10.613058723446168	-15.714949218954388	-0.2057204246520996	151.0
6210	-10.718817092935941	-15.847119946518621	-0.04329109191894531	151.0
6228	-11.02912311594188	-15.663753688728658	0.288623571395874	151.0
6248	-10.938635764385355	-15.673039071581536	0.4036977291107178	151.0
6268	-10.980039529817576	-15.779200985268409	0.372814416885376	151.0
6288	-11.124954533559567	-15.686979639527042	0.5893054008483887	151.0
6308	-11.129298191484539	-15.685579920018958	0.5427050590515137	151.0
6326	-11.057079546775485	-15.550049653957576	0.6034729480743408	151.0
6344	-11.185324174959963	-15.555887210826173	0.8013932704925537	151.0
6365	-11.381982911607631	-15.281935800244513	0.7176449298858643	151.0
6383	-11.511169446171388	-15.34592705697257	0.7983031272888184	151.0
6403	-11.663035974987348	-15.202917015684555	1.0288324356079102	152.0
6422	-11.770060107722049	-14.945832024208837	1.620969295501709	152.0
6442	-11.89383311639463	-15.016286457984629	1.7427446842193604	152.0
6462	-12.06663560124095	-14.86478926156025	1.9472482204437256	152.0
6481	-12.06663560124095	-14.86478926156025	1.9472482204437256	152.0
6501	-12.346792992096992	-14.474152338953367	2.107881546020508	152.0
6519	-12.346792992096992	-14.474152338953367	2.107881546020508	152.0
6543	-12.404081261723666	-14.388211112391572	2.394193172454834	152.0
6558	-12.404081261723666	-14.388211112391572	2.394193172454834	152.0
6578	-12.176363749842668	-14.257401789332507	2.324136257171631	152.0
6597	-12.230249909130897	-14.329882525535599	2.289491653442383	153.0
6617	-12.276089956951596	-14.039731393046536	2.480783224105835	153.0
6637	-12.366148340101741	-14.151356207870508	2.667844295501709	153.0
6656	-12.457634364569087	-14.157155590377908	2.807384967803955	153.0
6677	-12.497176298908405	-14.180932846849414	2.9321413040161133	153.0
6694	-12.609087450604028	-14.162864145367893	2.893625259399414	153.0
6714	-12.623759770462222	-14.060228366381644	2.9889109134674072	153.0
6735	-12.778645845221117	-14.199928953250332	3.0836267471313477	153.0
6752	-12.810576008346251	-13.92306126484356	3.2261176109313965	153.0
6772	-12.759666766257965	-13.998254207859985	3.452833890914917	153.0
6792	-12.803223653440513	-13.893069547807078	3.5944015979766846	153.0
6812	-12.785523300500198	-13.794598818739495	3.775362968444824	153.0
6831	-13.035647083969787	-13.59210501587166	3.866062641143799	153.0
6851	-13.150081937062078	-13.381647278952203	3.911038875579834	153.0
6870	-13.390230489473387	-13.157560335191542	3.967825174331665	153.0
6890	-13.412390995587732	-12.898812288080856	3.9453349113464355	153.0
6908	-13.52575450948541	-13.043195213854942	4.054388999938965	153.0
6929	-13.708691440748598	-13.010615120341466	4.165204048156738	153.0
6948	-13.787914583920681	-12.673769439124035	4.082253932952881	153.0
6966	-13.812770862385216	-12.555864318000152	4.241437911987305	153.0
6986	-13.851192438596133	-12.478227233393941	4.591155529022217	153.0
7007	-13.979983171411911	-12.16694797389693	4.980123043060303	153.0
7025	-14.04382544444842	-12.116830229942996	4.996960639953613	153.0
7045	-14.321459652565045	-12.1691791413203	5.354132652282715	153.0
7064	-14.493332837720411	-12.0678816732881	5.496385097503662	153.0
7083	-14.465188367284794	-12.012767704231322	5.356256484985352	153.0
7102	-14.432166999864375	-12.001278675063293	5.54862642288208	153.0
7122	-14.588908286359604	-11.887300920318088	5.8048930168151855	153.0
7142	-14.592548123933165	-11.625028438675992	6.157228946685791	153.0
7166	-14.572507129958598	-11.458988985434608	5.969750881195068	153.0
7180	-14.423717108813484	-11.342074369648932	6.253864765167236	153.0
7202	-14.54758344948074	-11.114197264511294	6.255087375640869	152.0
7221	-14.420739558550355	-10.8506427414619	6.167525291442871	152.0
7240	-14.420739558550355	-10.8506427414619	6.167525291442871	152.0
7262	-14.518159709009648	-10.783297270431506	6.370974540710449	152.0
7278	-14.515191963823652	-10.689594614319194	6.5016913414001465	152.0
7298	-14.442789359098686	-10.496045516847474	6.458162307739258	152.0
7318	-14.569674000110497	-10.438311446208301	6.157584190368652	152.0
7337	-14.740426436113978	-10.385439004838915	6.331099510192871	152.0
7355	-14.896835626771766	-10.158922708751643	6.352737903594971	152.0
7377	-14.761487382722766	-9.908693236298	6.379594326019287	152.0
7396	-15.008863381551947	-9.71548892219387	6.323736190795898	152.0
7414	-14.94991562573449	-9.351385906516006	6.356183052062988	152.0
7435	-15.233968094332859	-9.324714680204007	6.520252227783203	152.0
7454	-15.362630657204422	-9.152424491173004	6.753653049468994	152.0
7473	-15.363213970542562	-8.888738712457508	6.819482803344727	152.0
7496	-15.588257309116514	-8.872473123737983	6.718676567077637	152.0
7513	-15.669043073366067	-8.88914368946947	6.619389057159424	152.0
7531	-15.83454053371107	-8.931415276735343	6.639833450317383	152.0
7551	-15.610762327147492	-8.837602210729736	7.054693698883057	152.0
7571	-15.66622185145665	-8.788800259166916	7.1436848640441895	152.0
7589	-15.374479116653442	-8.562160663459505	7.182051181793213	152.0
7611	-15.333448328823948	-8.413833351889794	7.084917068481445	152.0
7629	-15.2846842671714	-8.450958797029482	7.170251369476318	152.0
7649	-15.145649977164219	-8.221448377402055	7.441497802734375	152.0
7667	-15.190527426981731	-8.017739138987787	7.829909801483154	152.0
7687	-15.138205716099181	-7.700496893969294	7.902282238006592	152.0
7707	-15.329383738021626	-7.607797103158754	7.913692474365234	152.0
7728	-15.552970586836626	-7.454210998949699	8.066362380981445	152.0
7744	-15.788507730874603	-7.377491867043213	8.066834449768066	152.0
7766	-15.886664481394082	-7.3634839337777995	8.096298217773438	152.0
7785	-16.10449523908851	-7.394373116165921	8.220905303955078	152.0
7803	-16.090903385532744	-7.3350872700493435	8.215785026550293	152.0
7823	-16.097342502902972	-7.2424800136004	8.179813385009766	152.0
7843	-16.14855368984114	-7.368918705273774	8.020461082458496	152.0
7862	-16.03764957396457	-7.040872592499383	7.931056976318359	152.0
7884	-15.977426444197542	-6.989141690208229	7.794111251831055	152.0
7900	-15.834922574771458	-6.730234262369303	7.730717182159424	152.0
7921	-15.657736545659814	-6.751174500876095	7.934277534484863	152.0
7941	-15.490076065014005	-6.387206524256596	8.065008163452148	152.0
7960	-15.490076065014005	-6.387206524256596	8.065008163452148	152.0
7981	-15.452480157386098	-6.30082954107775	8.181905746459961	152.0
7997	-15.536354955560203	-6.2066036590861575	8.16967487335205	152.0
8018	-15.32705907481311	-6.103791577968295	8.511225700378418	152.0
8037	-15.342692769794272	-6.084368917013073	8.4418306350708	152.0
8056	-15.152399711556939	-5.769401511612044	8.607989311218262	152.0
8076	-15.093810033210552	-5.943435014387345	9.006746292114258	152.0
8101	-15.056735112931532	-5.7955120025670706	9.079266548156738	152.0
8117	-14.928613019820212	-5.718019693712355	9.046384811401367	152.0
8134	-14.98746790061895	-5.517869639303226	9.0996732711792	152.0
8153	-14.926408233880036	-5.301984088971608	8.882795333862305	152.0
8183	-15.167447842782567	-5.033114607186531	8.713187217712402	152.0
8193	-15.321721762286073	-4.946998887484733	8.811056137084961	152.0
8214	-15.420060002005734	-5.021184683960643	8.88520622253418	152.0
8232	-15.447270047249871	-4.818047193731419	8.811348915100098	152.0
8252	-15.16075403452102	-4.7934382681860095	8.838571548461914	152.0
8271	-15.22126019252871	-4.923023935975781	8.737149238586426	152.0
8291	-15.278026067369373	-5.045278281389622	8.622136116027832	152.0
8309	-15.34850512361787	-5.243788118598354	8.668157577514648	152.0
8329	-15.051184097555357	-5.311522450281921	8.607264518737793	152.0
8348	-14.84623132548577	-5.425582754037115	8.494402885437012	152.0
8368	-14.676476220583485	-5.3942936902097	8.303496360778809	152.0
8387	-14.486364012596358	-5.279163666839141	8.127782821655273	152.0
8406	-14.575049910198352	-5.145085623764576	8.046284675598145	152.0
8426	-14.455065254872117	-5.023425365484288	7.960839748382568	152.0
8445	-14.255605884373967	-4.798631282510449	7.744996070861816	152.0
8465	-14.05754722619565	-4.769599473482106	7.795531272888184	152.0
8484	-14.056566939530256	-4.85125208572481	7.703546047210693	152.0
8503	-13.982065656311237	-4.823664668975094	7.608356475830078	152.0
8523	-13.793306247763082	-5.03035173598456	7.475358486175537	152.0
8542	-13.828421826040158	-5.167089281638285	7.685305118560791	152.0
8565	-13.969727283471453	-5.273134803884712	7.5937933921813965	152.0
8582	-13.998638703558386	-5.172962233129922	7.524669170379639	152.0
8603	-13.703721523730573	-5.154540132719993	7.540704727172852	152.0
8620	-13.571764743692796	-5.22632342329877	7.475313663482666	152.0
8641	-13.641306332861932	-5.123874882259019	7.272403717041016	152.0
8667	-13.641306332861932	-5.123874882259019	7.272403717041016	152.0
8678	-13.799011921397026	-5.220769518908785	7.22391414642334	152.0
8699	-13.982462978217434	-5.1693135413799745	7.307430267333984	152.0
8717	-13.855374429831652	-5.16057875139968	7.055760860443115	152.0
8737	-13.724511858747631	-5.031675275299578	6.689159870147705	152.0
8756	-13.710795038835979	-5.151574733543587	6.58402156829834	152.0
8776	-13.76825422568317	-5.155083345054692	6.580146789550781	152.0
8795	-13.479575189625615	-4.868599637304862	6.374749660491943	152.0
8820	-13.290861479823347	-4.9665588317314695	6.425847053527832	152.0
8837	-12.951715726765228	-4.68341672231193	6.387012481689453	152.0
8854	-12.632398901371868	-4.606309106978744	6.187671184539795	152.0
8873	-12.631381882759474	-4.754628406423499	5.886750221252441	152.0
8894	-12.459886366563723	-4.731711873380134	5.926215171813965	152.0
8913	-12.351925186243376	-4.619925955015305	5.7091522216796875	152.0
8933	-12.324644461633993	-4.714788266936604	5.335784912109375	152.0
8953	-12.5397320261567	-4.901491128741695	5.267116546630859	152.0
8972	-12.32551862770704	-4.941814037351184	5.166531562805176	152.0
8990	-12.314993408757077	-5.150349004981017	4.950399398803711	152.0
9010	-12.359219781929612	-5.010474029805906	4.752370357513428	152.0
9029	-12.413644386441678	-4.780952255481909	4.595675468444824	152.0
9052	-12.497715848433485	-4.74583374174365	4.44520378112793	152.0
9068	-12.543768051287126	-4.843093820102273	4.5020599365234375	152.0
9088	-12.692913914876984	-4.662567196840488	4.469448089599609	152.0
9107	-12.53960397524159	-4.5993951230932995	4.238296985626221	152.0
9126	-12.838042233092018	-4.523089853524842	3.88665509223938	152.0
9146	-12.895084108008188	-4.552056961988842	3.4940128326416016	152.0
9165	-12.800374303086645	-4.7936126728598785	3.139451026916504	152.0
9189	-12.73445767083084	-4.989645845468471	3.1077399253845215	152.0
9203	-12.740333483309216	-5.011473193975168	2.8975372314453125	152.0
9223	-12.563084124636065	-4.937926339897921	2.6077253818511963	152.0
9243	-12.457131567793756	-5.109988424219957	2.4943654537200928	152.0
9262	-12.573358163909056	-5.332359800091201	2.3712339401245117	152.0
9282	-12.401642508097238	-5.495714579410855	2.3940656185150146	152.0
9303	-12.361415999061276	-5.464503641138493	2.3764824867248535	152.0
9320	-12.511243785475932	-5.322299699994158	2.3908629417419434	152.0
9341	-12.61111368884418	-5.251395457520342	2.1472902297973633	152.0
9360	-12.879881844785052	-5.357981038448285	1.9215937852859497	152.0
9380	-12.879881844785052	-5.357981038448285	1.9215937852859497	152.0
9400	-12.999689462822024	-5.404299856545475	1.6134587526321411	152.0
9418	-12.817872833644403	-5.46096000625491	1.535736083984375	152.0
9441	-12.709527683105225	-5.338949192233055	1.2295089960098267	152.0
9457	-12.791327275260064	-5.335269266297693	0.9358540773391724	152.0
9476	-12.946405272290265	-5.457235654029868	0.7369484305381775	152.0
9496	-12.879585442586274	-5.491648670060527	0.47642815113067627	152.0
9515	-12.924092789956719	-5.569464428284051	0.1294897198677063	152.0
9538	-12.849198509819605	-5.592202933512171	0.04291403293609619	152.0
9554	-12.813609705763747	-5.584114164101697	0.010662734508514404	152.0
9574	-13.049174461745364	-5.6578219378372205	-0.3537757992744446	152.0
9595	-13.29468643436068	-5.706259087449949	-0.40046146512031555	153.0
9613	-13.466044600805995	-5.819024666764661	-0.5242184996604919	153.0
9643	-13.601163535561449	-5.758807819716648	-0.6575380563735962	153.0
9652	-13.810517080669111	-5.813677139023543	-0.7899792194366455	153.0
9673	-13.86755155954947	-5.988194663626175	-0.881133496761322	153.0
9690	-13.943813912581772	-6.028474600002895	-0.8488727807998657	153.0
9711	-14.227459377190284	-6.0503335473959154	-0.9445408582687378	153.0
9730	-14.45670123116514	-5.820244065680136	-1.065751552581787	153.0
9749	-14.238942442448373	-5.874912499804749	-1.1891472339630127	153.0
9769	-14.147271047443521	-5.756751954163364	-1.2021185159683228	153.0
9789	-14.130805467755133	-5.898675886163948	-1.2556467056274414	153.0
9807	-14.303983615929	-6.039379831267421	-1.4421460628509521	152.0
9827	-14.326902179898374	-5.816971187978252	-1.646388292312622	152.0
9846	-14.33127218123607	-5.836379012810282	-1.8685699701309204	152.0
9866	-14.11210446813173	-5.9353851369158255	-2.186316967010498	152.0
9886	-13.999104107787007	-6.164756716968237	-2.159221887588501	152.0
9905	-14.115731999853336	-6.166631182647943	-2.3906664848327637	152.0
9923	-14.230629968090375	-6.16093695196572	-2.573822021484375	152.0
9945	-14.273811712099741	-6.1113799964799425	-2.6632297039031982	152.0
9963	-14.134355838361582	-6.012986809396204	-2.7987899780273438	152.0
9981	-14.104217448394364	-6.317901295701482	-2.883187770843506	152.0
10001	-13.99388777258335	-6.380821579696425	-2.9277257919311523	152.0
10024	-14.260692041336265	-6.59798782453001	-3.08096981048584	152.0
10040	-14.260692041336265	-6.59798782453001	-3.08096981048584	152.0
10060	-14.324783205961529	-6.521613411000122	-3.439918279647827	152.0
10080	-14.474171631150805	-6.591108294345803	-3.3912034034729004	152.0
10099	-14.60583617243196	-6.818747969221244	-3.5576109886169434	152.0
10119	-14.623127163612642	-7.0683647502886595	-3.6851460933685303	152.0
10139	-14.718869066398158	-7.245726015906952	-3.863377094268799	152.0
10157	-14.900209057499191	-7.098049615749081	-4.181856632232666	152.0
10177	-15.004788416590282	-7.339940505236127	-4.352658271789551	152.0
10196	-14.961061965345982	-7.295678861615022	-4.300638198852539	152.0
10216	-15.040731991791427	-7.499846494415504	-4.583906650543213	152.0
10235	-15.054918090478775	-7.59381115766304	-4.944540977478027	152.0
10257	-14.907571646801497	-7.676996395690728	-5.017127513885498	152.0
10274	-14.956590338105604	-7.786494381160882	-5.274972438812256	152.0
10293	-15.033727160681597	-7.724894796307782	-5.380186557769775	152.0
10313	-15.055556637560347	-7.864943474225972	-5.3536295890808105	152.0
10333	-15.298950546736549	-7.760886034607648	-5.534636974334717	152.0
10353	-15.339487230123412	-7.893798634397853	-5.8772664070129395	152.0
10372	-15.397092522783597	-7.915407125634611	-5.946011543273926	152.0
10391	-15.419589699213615	-7.846539237152927	-5.777344226837158	153.0
10410	-15.510933275847126	-7.720397950211952	-5.991998195648193	153.0
10429	-15.459141375558485	-7.685521607416291	-6.157878875732422	153.0
10449	-15.349345299325813	-7.9234577934469845	-6.28515625	153.0
10469	-15.329739580140535	-8.193481580352213	-6.454781532287598	153.0
10488	-15.093144391724044	-8.433067732011486	-6.569295883178711	153.0
10509	-15.08279284207468	-8.629006389574915	-6.603726863861084	153.0
10527	-15.023831721254453	-8.735686468156468	-6.80314826965332	153.0
10546	-15.05623561759944	-8.810168295491192	-7.227734565734863	153.0
10566	-15.092482127044871	-9.308930139679223	-7.535870552062988	153.0
10585	-15.194723241601233	-9.405491785683314	-7.8454999923706055	153.0
10609	-15.116706071545034	-9.526991836394128	-8.112871170043945	154.0
10624	-15.201531206811852	-9.576943912659532	-8.403322219848633	154.0
10644	-15.315890689548127	-9.749356307848863	-8.688355445861816	154.0
10663	-15.239268895443153	-9.610992984388002	-9.010538101196289	154.0
10683	-15.191257308550986	-9.805139494934188	-9.214886665344238	154.0
10702	-15.129435066702666	-10.161013656323409	-9.453368186950684	154.0
10721	-15.178532083052382	-10.047991047742395	-9.583735466003418	154.0
10742	-15.192203923790967	-10.164146017960423	-9.616765022277832	154.0
10761	-15.20476947687468	-10.224836424007702	-9.471574783325195	154.0
10781	-15.035198828073662	-10.331172761063536	-9.659446716308594	154.0
10799	-15.035198828073662	-10.331172761063536	-9.659446716308594	154.0
10819	-14.977965590834174	-10.252808445630718	-9.84280014038086	154.0
10838	-14.956630605663067	-10.41306716121012	-9.959550857543945	154.0
10858	-14.915511954707114	-10.344820935528961	-9.991805076599121	154.0
10878	-14.77053565079727	-10.479631306138165	-9.876102447509766	154.0
10896	-14.505375040406614	-10.322406430443737	-10.307600975036621	154.0
10916	-14.316515918248061	-10.377763277479218	-10.41853141784668	154.0
10935	-14.304440633505836	-10.512716605940733	-10.72336196899414	154.0
10956	-14.108419316390073	-10.534085326253823	-10.623067855834961	154.0
10977	-13.89761260228175	-10.597829691448315	-10.477020263671875	154.0
10994	-13.994422532868368	-10.929119450273047	-10.391014099121094	154.0
11013	-13.743676861774153	-11.138839195678539	-10.486364364624023	154.0
11033	-13.647201405187307	-11.044010306232911	-10.687402725219727	154.0
11053	-13.48418611511474	-11.22733989374554	-10.601041793823242	154.0
11071	-13.228066630411812	-11.201596272089226	-10.697468757629395	154.0
11091	-13.190896054970128	-11.322268573741813	-10.616727828979492	154.0
11111	-13.15346444748237	-11.21567888904241	-10.682080268859863	154.0
11131	-12.902008960719135	-11.363302087554906	-10.643243789672852	154.0
11149	-12.398037234978817	-11.287831784764899	-10.592961311340332	154.0
11169	-12.344948043798784	-11.351194750707123	-10.476947784423828	154.0
11187	-12.258890155383803	-11.301467165819332	-10.36789321899414	154.0
11209	-12.04142700438227	-11.36990068673848	-10.441706657409668	154.0
11227	-11.981375611596123	-11.193517357859532	-10.557369232177734	154.0
11247	-11.71971426367501	-10.977149833459727	-10.52714729309082	154.0
11266	-11.359615902563263	-11.088860860754455	-10.631290435791016	154.0
11286	-11.201738929597111	-11.013068276327603	-10.785344123840332	154.0
11305	-11.157766725396062	-10.937914677981336	-10.926411628723145	154.0
11325	-10.963723193680593	-10.637333062745029	-11.203851699829102	154.0
11346	-10.898188412171095	-10.64799592613411	-11.115120887756348	154.0
11363	-10.956335537743406	-10.567731390608664	-11.09519100189209	154.0
11382	-10.787909633206748	-10.553859089970395	-10.994202613830566	154.0
11402	-10.764806096746495	-10.532885249855807	-10.940692901611328	154.0
11422	-10.975957050409406	-10.40865573578204	-10.96255874633789	154.0
11441	-11.078770384048761	-10.287457350910028	-10.95275592803955	154.0
11460	-11.174378706926117	-10.204688106153672	-10.901030540466309	154.0
11481	-11.34231800762709	-10.230592231366572	-10.960262298583984	154.0
11501	-11.379592644015702	-9.984167911627098	-11.249685287475586	154.0
11520	-11.266598798368587	-9.888921759060866	-11.131021499633789	154.0
11538	-11.266598798368587	-9.888921759060866	-11.131021499633789	154.0
11558	-11.473595324509688	-9.957189439966283	-11.289844512939453	154.0
11577	-11.700434048380679	-9.863106712496348	-11.496458053588867	154.0
11597	-11.84887085571821	-9.805495257090229	-11.257984161376953	155.0
11616	-12.0798525677525	-9.728633485096381	-11.102921485900879	155.0
11635	-12.106353602129428	-9.504830292078136	-11.206812858581543	155.0
11654	-12.210685322064633	-9.470290011761268	-11.235943794250488	155.0
11679	-12.377402567920091	-9.288157620317332	-11.135985374450684	155.0
11694	-12.648594933162869	-9.098791416248005	-10.990141868591309	155.0
11713	-12.686162301866153	-8.824341039975442	-10.773514747619629	155.0
11733	-12.696868185023297	-8.673027018823884	-10.784313201904297	155.0
11753	-12.663628285699174	-8.516423271221907	-10.655920028686523	155.0
11773	-12.899551781312525	-8.470492485563064	-10.556169509887695	155.0
11791	-13.108876475940841	-8.07518065735248	-10.441227912902832	155.0
11813	-13.237371707085321	-7.770103928567719	-10.10871696472168	155.0
11830	-13.292492006919192	-7.738876213882545	-9.93655776977539	155.0
11850	-13.363913503157747	-7.697405370134157	-9.943696022033691	155.0
11869	-13.204327491930053	-7.60449353221384	-10.091325759887695	155.0
11889	-13.093144360243487	-7.370651011583462	-9.91839599609375	155.0
11911	-13.24326378427879	-7.316338882134296	-10.073343276977539	155.0
11931	-13.2783358150117	-7.13429526134026	-10.069083213806152	155.0
11947	-13.463690471541772	-7.432867749920708	-9.993000984191895	155.0
11966	-13.53120893172596	-7.287764248974736	-9.815919876098633	155.0
11986	-13.673903985321902	-7.189700073814254	-9.634908676147461	155.0
12005	-13.78746847883818	-7.090831021438297	-9.442222595214844	155.0
12024	-14.122632336612988	-7.270620367413494	-9.22121810913086	155.0
12047	-14.065732000478139	-7.386063641088784	-8.996091842651367	155.0
12063	-14.052481403280725	-7.107699295504474	-8.854920387268066	155.0
12083	-14.123981311279318	-6.971137893037483	-8.879051208496094	155.0
12102	-14.083989287620934	-6.795267898047204	-8.973095893859863	155.0
12123	-14.146859765541825	-6.7402131601058874	-8.939870834350586	155.0
12141	-14.238403544627037	-6.664313379711569	-8.952832221984863	155.0
12160	-14.171467039075043	-6.696829994842995	-8.895221710205078	155.0
12181	-14.25082525299862	-6.597711252916941	-8.78187084197998	155.0
12200	-14.25082525299862	-6.597711252916941	-8.78187084197998	155.0
12220	-14.334106082194172	-6.362467045819378	-8.912797927856445	155.0
12239	-14.231151485275818	-6.225608342442469	-8.969216346740723	155.0
12258	-14.225909476625656	-6.154587115508931	-8.659592628479004	155.0
12277	-14.140951079377327	-5.859185242425252	-8.307934761047363	155.0
12297	-14.121835467267955	-5.768972626522702	-8.036386489868164	155.0
12316	-14.234074277286215	-5.78287247433521	-7.836190700531006	155.0
12336	-14.386885714407127	-5.7057311746322945	-7.646712779998779	155.0
12355	-14.375129992796518	-5.56994313930776	-7.479907512664795	155.0
12374	-14.315523318216128	-5.6865597929204945	-7.483210563659668	155.0
12399	-14.37276404484899	-5.7896259815948845	-7.435150146484375	155.0
12417	-14.185474496826156	-5.62936614843565	-7.580317497253418	155.0
12433	-14.052459295619473	-5.855423950312846	-7.447136402130127	155.0
12453	-13.988614011155196	-5.592136756211425	-7.4947943687438965	155.0
12473	-13.861985077959416	-5.38880816898979	-7.456475734710693	155.0
12491	-13.658579474521613	-5.453559556256399	-7.440539360046387	155.0
12512	-13.811541372095236	-5.291031073714075	-7.431870460510254	155.0
12532	-14.001402102897416	-5.125707701057337	-7.29002571105957	155.0
12550	-14.261122158307467	-5.293144253047105	-7.264028549194336	155.0
12570	-14.375921441155844	-5.208390612868394	-6.921816825866699	155.0
12588	-14.863269023206866	-5.046690095358307	-7.049982070922852	155.0
12608	-14.989045170287056	-5.212857990912724	-7.050196647644043	155.0
12629	-14.909799798615213	-5.282883524387822	-7.180903911590576	155.0
12648	-15.024806470154527	-5.142939282510779	-7.242924213409424	155.0
12669	-14.95320214895206	-5.230788246551576	-7.3253960609436035	155.0
12686	-14.836565819295377	-5.209875496460404	-7.720587730407715	155.0
12706	-14.68784274625563	-4.8088874277559475	-7.563188076019287	155.0
12725	-14.840551708199111	-4.929553206976521	-7.701815605163574	155.0
12745	-14.648507892663583	-4.951872201368139	-7.492025852203369	155.0
12765	-14.60240289191285	-4.835027096235257	-7.565983772277832	155.0
12783	-14.598753499937859	-4.9081393138824145	-7.742672920227051	155.0
12802	-14.508916277380044	-4.843815595254523	-7.630651950836182	155.0
12822	-14.53866603970819	-4.700007646057003	-7.73543643951416	155.0
12841	-14.696140354631874	-4.661425519562426	-7.241024971008301	155.0
12861	-14.796641522577238	-4.622791797483161	-7.394974708557129	155.0
12880	-14.796641522577238	-4.622791797483161	-7.394974708557129	155.0
12901	-14.486521149358103	-4.472608747650801	-7.713502883911133	155.0
12920	-14.418699984790281	-4.544100691260228	-7.517292022705078	155.0
12940	-14.418699984790281	-4.544100691260228	-7.517292022705078	155.0
12959	-14.835623290370693	-4.374843388606106	-7.42751932144165	155.0
12977	-14.835623290370693	-4.374843388606106	-7.42751932144165	155.0
12997	-14.69009188322008	-4.406618569523042	-7.191403865814209	154.0
13016	-14.73424080655634	-4.398679236009419	-7.271251678466797	154.0
13037	-14.667591944833859	-4.441787870301528	-7.152917385101318	154.0
13055	-14.789646292353241	-4.2324801705705655	-7.230875015258789	154.0
----------------도착----------------
13075	-14.741606426058857	-4.204095803106832	-7.054082870483398	154.0
13095	-14.815192286408914	-4.314879645391179	-6.809318542480469	154.0
13113	-14.50154538345986	-4.3369587758072345	-6.709263324737549	154.0
13133	-14.43411156479088	-4.122932586237608	-6.7863569259643555	154.0
13153	-14.37832810712835	-4.312548333985492	-6.842155933380127	154.0
13173	-14.122817788516716	-4.332799733176393	-6.925914287567139	154.0
13193	-14.105902030605758	-4.3690466725408434	-6.872281551361084	155.0
13211	-14.062783595176896	-4.4197755926255695	-6.873908519744873	155.0
13232	-14.147008423484483	-4.442055602567728	-6.838042736053467	155.0
13250	-14.133904735346201	-4.452778895682159	-7.223149299621582	155.0
13270	-14.139747965516177	-4.354076775198571	-7.451261520385742	155.0
13290	-13.939642854716848	-4.4746252095318795	-7.505423069000244	155.0
13309	-14.066104554073455	-4.190197417588593	-7.521897792816162	155.0
13328	-14.174554230058893	-4.264316203956901	-7.466397285461426	155.0
13349	-14.028031411198624	-4.3621570397716045	-7.474664688110352	155.0
13367	-14.11757789410471	-4.566939645220343	-7.476894855499268	155.0
13387	-14.226380829984963	-4.539141773791073	-7.434104919433594	155.0
13406	-14.093965959905555	-4.5477958999793335	-7.2599053382873535	155.0
13425	-14.17741005618536	-4.548882007180058	-7.358786106109619	155.0
13445	-14.374725804954107	-4.739365125205587	-7.2392473220825195	155.0
13465	-14.316927680234459	-5.023619417655404	-6.954485893249512	155.0
13484	-14.307914996564056	-4.8583328081768675	-7.203370094299316	155.0
13504	-14.57830508794127	-4.701108573444961	-7.459800720214844	155.0
13522	-14.559934946147491	-4.581107843147971	-7.620124816894531	155.0
13541	-14.580395070725396	-4.547578541003516	-7.608924388885498	155.0
13562	-14.859085534545791	-4.698121372367354	-7.717391014099121	155.0
13583	-15.023094596956577	-4.814318948730772	-7.647635459899902	155.0
13602	-14.91430369302227	-4.635652301267605	-7.776025772094727	154.0
13621	-15.042643474985018	-4.45806000154588	-8.086917877197266	154.0
13640	-15.042643474985018	-4.45806000154588	-8.086917877197266	154.0
13660	-15.152626564735087	-4.6750899050421015	-7.72140645980835	154.0
13679	-15.043378571010514	-4.653962117964144	-7.734190940856934	154.0
13697	-15.079447745791313	-4.41770166643147	-7.762117385864258	154.0
13717	-15.058907218523546	-4.629080898171762	-7.687742233276367	154.0
13737	-14.884866838568332	-4.353017273515153	-7.670067310333252	154.0
13756	-14.855809876934973	-4.507499393061026	-7.591018199920654	154.0
13775	-14.852440427024348	-4.425598196304191	-7.544954776763916	154.0
13795	-14.823194379048175	-4.462919705552433	-7.365312576293945	154.0
13815	-14.508885364442259	-4.424097297459887	-7.515691757202148	154.0
13834	-14.419268230044358	-4.49281035631794	-7.164281845092773	154.0
13853	-14.472620041258455	-4.504403532074785	-7.176066875457764	154.0
13873	-14.539184584515288	-4.362552828501672	-7.399312496185303	154.0
13892	-14.507622090322428	-4.429338380360298	-7.454192161560059	154.0
13912	-14.482642475485077	-4.267819348924036	-7.503539085388184	154.0
13932	-14.37574214195014	-4.3142660103550785	-7.566809177398682	154.0
13951	-14.35630859255996	-4.384500427324473	-7.515981197357178	154.0
13970	-14.58969694683982	-4.4542123791613735	-7.526390552520752	154.0
13989	-14.686901393843195	-4.5327373347158195	-7.767882823944092	154.0
14009	-14.496815095911419	-4.739045401134081	-7.599306583404541	154.0
14028	-14.418810291038824	-4.783921515284327	-7.5020036697387695	154.0
14048	-14.624419872710492	-4.7699905099262665	-7.612483024597168	154.0
14067	-14.629083264023116	-4.8927716940064325	-7.579074859619141	154.0
14087	-14.666185143161261	-5.010460182489179	-7.403440952301025	154.0
14117	-14.663096830466081	-5.028834262391314	-7.549957275390625	154.0
14126	-14.605521350954772	-4.778320278786477	-7.404028415679932	154.0
14145	-14.440835070917458	-4.766503361611388	-7.222146987915039	154.0
14165	-14.47928813548229	-4.761587952321453	-7.172252178192139	154.0
14184	-14.373579450572791	-4.735564708537407	-7.319421768188477	154.0
14204	-14.161389081149288	-4.608538332082018	-7.175861358642578	156.0
14222	-14.035669731033046	-4.455082485911326	-7.2546162605285645	156.0
14243	-14.208811592213467	-4.411777738350349	-7.254083633422852	156.0
14261	-14.161657464505009	-4.5032728615436	-7.008055210113525	156.0
14281	-14.12124701233421	-4.720632736552794	-6.983834743499756	156.0
14300	-14.337353962707764	-4.5818780745643375	-7.048595905303955	156.0
14321	-14.337353962707764	-4.5818780745643375	-7.048595905303955	156.0
14340	-14.644401297060664	-4.619077052579278	-7.087625503540039	156.0
14359	-14.644401297060664	-4.619077052579278	-7.087625503540039	156.0
14379	-14.723109993322815	-4.959013111588346	-6.900047779083252	156.0
14398	-14.767896437488169	-5.034308454986604	-6.574932098388672	156.0
14417	-14.585398463427435	-4.971540365447126	-6.690347671508789	156.0
14437	-14.560166385347063	-4.795620821052817	-6.6678266525268555	156.0
14455	-14.779306559984052	-4.777605713698395	-6.684186935424805	156.0
14476	-14.579720119893217	-4.915049560567155	-6.757111549377441	156.0
14495	-14.482840679795324	-4.977909743238655	-6.357522487640381	156.0
14515	-14.354887939779536	-5.068074726017309	-6.2754597663879395	156.0
14534	-14.258621888608133	-4.771777457176954	-6.522608280181885	156.0
14554	-14.321389965740655	-4.763297603922769	-6.807323932647705	156.0
14573	-14.639341826721175	-4.756637744917413	-6.790009021759033	156.0
14593	-14.769037247411822	-4.679531610177786	-7.0240325927734375	156.0
14612	-14.599529524983717	-4.623009818021132	-7.042374134063721	156.0
14632	-14.64210739849694	-4.4507096944368225	-7.113933563232422	156.0
14651	-14.709119179961919	-4.271371875734051	-7.3629865646362305	156.0
14672	-14.629347036762379	-4.129932475283242	-7.393551826477051	156.0
14690	-14.51361223932636	-4.226799194989398	-7.533903121948242	156.0
14710	-14.52290140870424	-4.401647185267181	-7.608652114868164	156.0
14729	-14.303260677055299	-4.517337680411061	-7.705328941345215	156.0
14748	-14.329660242687961	-4.691722839236144	-7.610015869140625	156.0
14768	-14.275656760669671	-4.709982963006638	-7.659355163574219	156.0
14790	-14.372352048256566	-4.763966540759505	-7.556879997253418	156.0
14806	-14.379188823322233	-4.712039376916686	-7.547302722930908	155.0
14826	-14.615977016593288	-4.797009135162727	-7.693815231323242	155.0
14845	-14.830077402133739	-4.795758897732063	-7.660098552703857	155.0
14865	-14.687670030222433	-4.679567626291971	-7.482826232910156	155.0
14885	-14.710652231282621	-4.677200017873135	-7.6310715675354	155.0
14907	-14.67461333624408	-4.615021295826651	-7.606404781341553	155.0
14923	-14.652327780434275	-4.391446079001286	-7.709301471710205	155.0
14943	-14.694893532824086	-4.4495238102590156	-7.635161399841309	155.0
14963	-14.506522766239506	-4.475273055517226	-7.713127136230469	155.0
14992	-14.374795617408365	-4.386841260657445	-7.510715007781982	156.0
15001	-14.221453233412328	-4.377693211620062	-7.51986026763916	156.0
15021	-14.236972577587968	-4.278030139170916	-7.511194229125977	156.0
15040	-14.056170222108223	-4.29166511396776	-7.619294166564941	156.0
15060	-14.056170222108223	-4.29166511396776	-7.619294166564941	156.0
15079	-13.988392928004881	-4.218046271085811	-7.525806903839111	156.0
15099	-14.138024661383966	-4.460642010104251	-7.554182052612305	156.0
15118	-14.013602934679584	-4.42683210766373	-7.632813453674316	156.0
15137	-14.229554171115204	-4.433674244297655	-7.39747953414917	156.0
15156	-14.393531682943223	-4.412969700477173	-7.481140613555908	156.0
15176	-14.418670345722965	-4.523912192737505	-7.27533483505249	156.0
15196	-14.535251498422475	-4.622199922339419	-7.329655647277832	156.0
15215	-14.70176679245397	-4.459499620789579	-7.241222858428955	156.0
15235	-14.815990270515897	-4.492245121923731	-7.528127670288086	156.0
15253	-14.754787649443934	-4.51445759051764	-7.526790618896484	156.0
15273	-14.742536062042165	-4.434829026834857	-7.542143821716309	156.0
15293	-14.671803322010229	-4.4125057473065326	-7.720056056976318	156.0
15313	-14.552568194942305	-4.379952983155363	-7.634881496429443	156.0
15334	-14.674225915634299	-4.352281960720036	-7.754052639007568	156.0
15352	-14.658931520645995	-4.3181172932975915	-7.740500450134277	156.0
15374	-14.371645262239557	-4.605005218562541	-7.621551990509033	156.0
15392	-14.333181110420952	-4.649912377922522	-7.280277252197266	156.0
15410	-14.386538533918891	-4.632534166617932	-7.298919200897217	156.0
15429	-14.460516643791127	-4.786587127114341	-7.130497932434082	156.0
15449	-14.458961850361634	-4.915928540389609	-7.273192405700684	156.0
15468	-14.557436890526795	-4.936913984531306	-7.278439044952393	156.0
15490	-14.48061034387869	-4.827042867720623	-7.193709850311279	156.0
15507	-14.279971875645174	-4.988772692297655	-7.1301679611206055	156.0
15527	-14.492916970754203	-4.675870127362419	-7.2171549797058105	156.0
15546	-14.49415950259184	-4.850789097510185	-7.3736891746521	156.0
15566	-14.570551057767927	-4.966960137328595	-7.524694442749023	156.0
15585	-14.580628288657879	-5.0404416570710575	-7.522936820983887	156.0
15604	-14.524291900793305	-4.960732681530946	-7.282597064971924	156.0
15623	-14.486391647560058	-4.75189450843449	-7.462750434875488	156.0
15644	-14.469832630771098	-4.757338676488422	-7.448150634765625	156.0
15662	-14.450286794620647	-4.571693916809732	-7.4857683181762695	156.0
15682	-14.566832625154456	-4.727901713675319	-7.437179088592529	156.0
15701	-14.517974295610744	-4.497922303452094	-7.3416314125061035	156.0
15721	-14.355012941505782	-4.382397805947002	-7.230937480926514	156.0
15741	-14.37814924713812	-4.220156301657093	-7.5172271728515625	156.0
15762	-14.458000950852057	-4.302601231722192	-7.330140113830566	156.0
15779	-14.455289696476946	-4.550685160745912	-7.155996322631836	156.0
15799	-14.455289696476946	-4.550685160745912	-7.155996322631836	156.0
15817	-14.548229282790917	-4.576016877703374	-7.1373772621154785	156.0
15837	-14.559688782412248	-4.743023871540526	-7.167193412780762	156.0
15857	-14.429661151138653	-4.635696749310233	-7.174136638641357	156.0
15877	-14.463385577081523	-4.818246075476102	-7.135525703430176	156.0
15896	-14.472376115479069	-4.751203316147957	-7.014100551605225	156.0
15915	-14.576598178744083	-4.705819737863938	-7.083428382873535	156.0
15934	-14.2061488772654	-4.749123184756246	-7.320602893829346	156.0
15956	-14.208821839283063	-4.841873657937805	-7.542557239532471	156.0
15981	-14.233102260649634	-4.786092532742158	-7.5373406410217285	156.0
15993	-14.357264648532519	-4.576596142126955	-7.465566158294678	157.0
16012	-14.372057801149289	-4.560663572992445	-7.482154846191406	157.0
16032	-14.33297020800622	-4.370736012899657	-7.375643730163574	157.0
16053	-14.273330698922315	-4.3448667338000195	-7.492474555969238	157.0
16073	-14.086459301215374	-4.497525913472849	-7.273021697998047	157.0
16093	-14.151572291046309	-4.639728826233263	-7.1444196701049805	157.0
16110	-14.027568655533807	-4.422079490178463	-7.117437362670898	157.0
16129	-13.969801587196894	-4.44709283976662	-7.01763391494751	157.0
16149	-14.090847623497048	-4.385210805406535	-7.150638580322266	157.0
16169	-14.13804706521343	-4.326264400678328	-7.3138427734375	157.0
16188	-14.277550206496413	-4.2758050234717375	-7.386047840118408	157.0
16209	-14.339863834931458	-4.333269060431491	-7.208184719085693	157.0
16227	-14.451949048017767	-4.251476300961956	-7.163142204284668	157.0
16246	-14.655126688411649	-3.9806784642389443	-7.212960720062256	157.0
16265	-14.763136889808711	-3.881860884272544	-7.18688440322876	157.0
16285	-14.910554273529046	-3.9037590840457073	-7.364372253417969	157.0
16305	-14.778777267955524	-4.106063556519942	-7.492565155029297	157.0
16324	-14.773369946599994	-4.433324404208272	-7.369019031524658	157.0
16343	-14.676970895533442	-4.3576784380587545	-7.505345344543457	157.0
16363	-14.720140900540073	-4.222997899112273	-7.561657905578613	157.0
16383	-14.735192021333186	-4.291948794516682	-7.564496040344238	157.0
16402	-14.99465297602494	-4.532632526860018	-7.495754241943359	158.0
16421	-15.141497829369776	-4.758436765949228	-7.338527679443359	158.0
16441	-14.918529377886875	-4.909306849421417	-7.381134986877441	158.0
16460	-15.020276529128026	-4.764663689566845	-7.221015453338623	158.0
16480	-14.875045794995753	-4.664967269284961	-7.305374622344971	158.0
16499	-14.875045794995753	-4.664967269284961	-7.305374622344971	158.0
16519	-14.971149769023281	-4.840492697264942	-7.112830638885498	158.0
16539	-14.861330996944542	-4.928592716959658	-7.20149040222168	158.0
16557	-14.750122628169336	-4.713558836996474	-7.283921241760254	158.0
16580	-14.550380539879459	-4.663162579860113	-7.405392169952393	158.0
16597	-14.548266527494652	-4.673012304348606	-7.380341529846191	158.0
16616	-14.60203305128283	-4.448743701175239	-7.508153915405273	158.0
16635	-14.573685095267383	-4.547669895740034	-7.5358452796936035	158.0
16654	-14.585789266553416	-4.482311013708274	-7.720518112182617	158.0
16675	-14.653537992791826	-4.524651428543717	-7.79638671875	158.0
16693	-14.591513527760824	-4.388262067048379	-7.785764217376709	158.0
16713	-14.99540748512479	-4.345147457769197	-7.593748569488525	158.0
16733	-15.19462127584194	-4.3712999781450605	-7.488983154296875	158.0
16752	-15.245264201168219	-4.2771725303537815	-7.387784957885742	158.0
16772	-15.329279939542026	-4.486265403094758	-7.042696952819824	158.0
16793	-15.179793820325818	-4.510255408815596	-7.0401930809021	159.0
16811	-15.151247074151586	-4.600505932217157	-6.886075019836426	159.0
16831	-15.144294928753395	-4.5614103407487665	-7.007204055786133	159.0
16850	-15.317185293586535	-4.668285294447727	-7.055574893951416	159.0
16869	-14.992239145262186	-4.539147861510457	-7.208995819091797	159.0
16888	-15.084713810275396	-4.373256998074744	-7.259391784667969	159.0
16909	-15.16400282510651	-4.380758153190533	-7.4525251388549805	159.0
16927	-15.032139470773956	-4.494936320837052	-7.606057167053223	159.0
16947	-15.029588697164352	-4.501958814816647	-7.771678447723389	159.0
16966	-15.013663001468824	-4.5503396795634545	-7.776044845581055	159.0
16985	-15.01606356817386	-4.541673024296744	-7.633847236633301	159.0
17005	-14.945918817564191	-4.460986062433346	-7.544287204742432	160.0
17024	-15.100199074524227	-4.562529525854839	-7.575984954833984	160.0
17043	-14.808342629158505	-4.671085153513241	-7.552907466888428	160.0
17064	-14.45251532678648	-4.716445918148752	-7.563410758972168	160.0
17083	-14.59767687892742	-4.5732502650460924	-7.58056116104126	160.0
17102	-14.586126769549686	-4.44733541780944	-7.729920864105225	160.0
17122	-14.65587597979151	-4.298946197295779	-7.749410152435303	160.0
17141	-14.62087458898134	-4.338859243163472	-7.957131385803223	160.0
17161	-14.590512465533745	-4.240234648671559	-7.808088779449463	160.0
17180	-14.668594130077734	-4.445915210844088	-7.684595108032227	160.0
17200	-14.668594130077734	-4.445915210844088	-7.684595108032227	159.0
17219	-14.749121843907076	-4.449710816073049	-7.806140422821045	159.0
17239	-14.818303746581684	-4.604841749332123	-7.791332244873047	159.0
17257	-14.67884122380002	-4.668210175096908	-7.940412521362305	159.0
17277	-14.57535581666399	-4.775985722933528	-7.786455154418945	159.0
17296	-14.348026376662636	-4.961019702230703	-7.859768867492676	159.0
17316	-14.162780709305563	-5.053822370505399	-7.751798629760742	159.0
17336	-14.242440575783311	-5.32338172191709	-7.900156021118164	159.0
17356	-14.061869339398163	-5.187842239295021	-7.597200393676758	159.0
17374	-14.160264290912952	-5.031167359513191	-7.429129123687744	159.0
17394	-14.195178449122718	-4.835964310417135	-7.537662506103516	159.0
17413	-14.151285271978328	-4.8132655728287626	-7.568056106567383	159.0
17433	-14.09618541909457	-4.900269825492754	-7.739010810852051	159.0
17453	-14.298712323342746	-5.0163208556773995	-7.602015018463135	159.0
17472	-14.362505404133708	-5.085967521843604	-7.737098693847656	159.0
17491	-14.292180259996165	-4.804220573731843	-7.641110420227051	159.0
17511	-14.274490830952738	-4.767483690235504	-7.931047439575195	159.0
17531	-14.10385517195922	-4.7579633681730735	-7.823846340179443	159.0
17549	-14.09420453566787	-4.899045071724566	-7.908597469329834	159.0
17568	-14.143330020025061	-4.949767281314328	-7.703392505645752	159.0
17588	-14.136020988146127	-4.970259144565368	-7.537250995635986	159.0
17608	-13.821434927529928	-4.989103495726062	-7.80442476272583	159.0
17628	-13.78867372741373	-4.8041358075018294	-7.831796646118164	159.0
17649	-13.804887490292778	-4.7778855197486525	-8.03408145904541	159.0
17666	-13.927821008178059	-4.720870382630488	-7.95072078704834	159.0
17685	-14.127690310657497	-4.748991155844747	-8.053777694702148	159.0
17705	-14.03384133297032	-4.511216508468304	-7.810494899749756	159.0
17724	-14.0089979894013	-4.648296661867432	-7.799734592437744	159.0
17744	-14.17299706018204	-4.773820142258024	-7.621006488800049	159.0
17766	-14.262030664369725	-4.896670938143814	-7.530107021331787	159.0
17782	-14.150732504970433	-4.989187409228249	-7.5085601806640625	159.0
17803	-14.235686505819393	-4.981757611812817	-7.694965362548828	160.0
17821	-14.358347326620818	-5.036385478925354	-7.836928367614746	160.0
17842	-14.260866869025444	-4.90334241718312	-7.67838191986084	160.0
17861	-14.405729445219619	-5.097199528900309	-7.545190811157227	160.0
17882	-14.719646406848268	-5.073117188963444	-7.416257381439209	160.0
17900	-14.719646406848268	-5.073117188963444	-7.416257381439209	160.0
17921	-14.721949647822647	-4.923657654755656	-7.511167526245117	160.0
17940	-14.721949647822647	-4.923657654755656	-7.511167526245117	160.0
17958	-14.79622731133066	-4.784819421227661	-7.700418472290039	160.0
17978	-14.708246656503384	-4.965808149909381	-7.596190452575684	160.0
18001	-14.586611870085973	-4.8820462593206235	-7.394712924957275	160.0
18018	-14.567708799282519	-5.025596918497371	-7.464227676391602	160.0
18036	-14.55184069585202	-4.974683925426293	-7.599832534790039	160.0
18054	-14.277040969181174	-4.873105550279852	-7.712689399719238	160.0
18074	-14.299873058812851	-4.66030491689207	-7.742526054382324	160.0
18095	-14.304374818516798	-4.405331540962746	-7.960312366485596	160.0
18116	-14.285479439375205	-4.295107898647065	-7.9342217445373535	160.0
18134	-14.459644363795254	-4.259055127102428	-7.989718437194824	160.0
18153	-14.36462897498926	-4.301859163668532	-8.202815055847168	160.0
18172	-14.563857477184042	-4.258358512505674	-8.243657112121582	160.0
18192	-14.359043691600274	-4.47657447474242	-8.248838424682617	160.0
18211	-14.392008807202467	-4.531484748072097	-8.274928092956543	160.0
18230	-14.325455605069097	-4.488298798984571	-8.271471977233887	160.0
18250	-14.43189260791644	-4.744096864032869	-8.015379905700684	160.0
18269	-14.274705630432285	-4.8304577674839235	-7.957119941711426	160.0
18289	-14.074473059581694	-4.772807729699388	-7.969307899475098	160.0
18308	-14.041721016150545	-4.818085089705968	-7.8433380126953125	160.0
18327	-14.009832980287344	-4.80567693275423	-7.773826599121094	160.0
18347	-14.287049720481066	-4.578110770685857	-7.995213985443115	160.0
18368	-14.439964866278581	-4.56181594330183	-8.009964942932129	160.0
18386	-14.557487163590373	-4.8150774664005205	-7.697502136230469	160.0
18406	-14.454414538269344	-4.9026533256329765	-7.630075931549072	160.0
18425	-14.418308846495385	-4.914400328898366	-7.992607593536377	160.0
18444	-14.299710248501011	-4.852367901157396	-8.106821060180664	160.0
