13	-6.31486054360566	-10.62854676566799	-3.556487560272217	137.0
33	-6.485623622844361	-10.43211976395949	-3.772052764892578	137.0
55	-6.4330774821252295	-10.55578646190979	-3.7519688606262207	137.0
71	-6.190853722212586	-10.799984127629461	-3.7287492752075195	137.0
91	-6.389603667893388	-10.819432372759161	-3.5884459018707275	137.0
110	-6.605662529812662	-10.847712476940638	-3.5526366233825684	137.0
131	-6.553562893139485	-10.95738628270179	-3.5952200889587402	137.0
155	-6.601330443677537	-10.912342784498607	-3.1893115043640137	137.0
169	-6.567694296842396	-11.052404418979151	-3.295419692993164	137.0
189	-6.599446182270101	-11.081187375798654	-3.1086435317993164	137.0
208	-6.67909531717538	-11.097170685530678	-2.989907741546631	137.0
227	-6.724665672196419	-10.913028345081376	-3.2104830741882324	137.0
248	-6.629752974412287	-10.977918582519807	-3.4009978771209717	137.0
266	-6.434478290041751	-10.937525695194196	-3.4013805389404297	137.0
285	-6.519115659691893	-10.814897972410666	-3.48283052444458	137.0
305	-6.399571438010007	-10.815062791908828	-3.76749324798584	137.0
324	-6.462172271586445	-10.907849803921103	-3.9518771171569824	137.0
344	-6.450756461889903	-10.904883660950224	-4.0027618408203125	137.0
363	-6.3272067940147165	-10.942778435664945	-3.8706183433532715	137.0
383	-6.475126825757539	-10.992033298149126	-3.5123023986816406	138.0
403	-6.546455996253597	-10.786371596868452	-3.6144297122955322	138.0
422	-6.47361718637896	-10.907038099290288	-3.751678943634033	138.0
441	-6.427444828816944	-10.756734698746644	-3.6956570148468018	138.0
461	-6.512000530313381	-10.725978299308268	-3.5451087951660156	138.0
480	-6.569594797254189	-10.44777284272544	-3.41383695602417	138.0
500	-6.194128040797931	-10.428873987638434	-3.3919782638549805	138.0
519	-6.360571673668969	-10.3486521455043	-3.4750847816467285	138.0
538	-6.25857919578823	-10.481188337461381	-3.4543495178222656	138.0
559	-6.2273148933992175	-10.887085101486324	-3.234957218170166	138.0
578	-6.303212157208385	-10.880341748953025	-3.218360424041748	138.0
598	-6.390437187469583	-11.130647428111192	-3.140528678894043	138.0
618	-6.398778381149733	-11.119146926858932	-3.1586344242095947	138.0
635	-6.264636457299017	-11.066590844713785	-3.127624988555908	138.0
655	-6.424134249904749	-11.236668416382583	-3.1407217979431152	138.0
676	-6.369628828521641	-11.23428408436001	-3.087885618209839	138.0
695	-6.369628828521641	-11.23428408436001	-3.087885618209839	138.0
715	-6.527561276183567	-10.86803506163388	-3.458432197570801	138.0
735	-6.527561276183567	-10.86803506163388	-3.458432197570801	138.0
753	-6.581592885738701	-10.703524810080175	-3.2811503410339355	138.0
773	-6.446917788359577	-10.66823871325272	-3.291471242904663	138.0
792	-6.4053125584698964	-10.716557453009326	-3.2862257957458496	138.0
811	-6.410606924583551	-10.847715801909077	-3.521355152130127	138.0
831	-6.426586754034832	-10.730564822702773	-3.7017359733581543	138.0
852	-6.320642997456753	-10.709093969086963	-3.9710516929626465	138.0
869	-6.128867019149847	-10.51595065281036	-3.900568962097168	138.0
887	-6.183882874196815	-10.654274856177487	-3.8324923515319824	138.0
908	-6.194643645017959	-10.726484506502167	-3.9337403774261475	138.0
929	-6.283083160452811	-10.804169263638917	-3.9961836338043213	138.0
947	-6.289928442692103	-10.739915849647627	-3.990841865539551	138.0
967	-6.311804781760243	-10.725371427034021	-3.8990488052368164	138.0
987	-6.502596363530067	-10.551438565196735	-3.5627033710479736	139.0
1004	-6.519465583533941	-10.662828441072836	-3.2182722091674805	139.0
1026	-6.573613999103178	-10.610074765478092	-3.0669941902160645	139.0
1045	-6.681913706350066	-10.559315094337816	-3.2604689598083496	139.0
1064	-6.7318143967997175	-10.549720785967903	-3.380070209503174	139.0
1096	-6.862090210719359	-10.31392396642148	-3.424504518508911	139.0
1103	-6.931640828805443	-10.345977172178467	-3.3908467292785645	139.0
1122	-6.979810922027746	-10.487123525746217	-3.210998773574829	139.0
1142	-6.784845482668097	-10.524805795534649	-3.1953253746032715	139.0
1161	-6.843113376392358	-10.473194948679643	-3.347801446914673	139.0
1181	-6.997688331972684	-10.501489951855765	-3.48736572265625	138.0
1200	-6.7765087419146655	-10.570844563353708	-3.3642566204071045	138.0
1219	-6.7243034316893215	-10.612536220293249	-3.388601779937744	138.0
1238	-6.570865248051085	-10.695039604295586	-3.379110097885132	138.0
1258	-6.514486742881532	-10.660038314414217	-3.3003458976745605	138.0
1278	-6.46452551145771	-10.617612345681005	-3.5100457668304443	138.0
1298	-6.52304373641974	-10.781268086645028	-3.5345382690429688	138.0
1316	-6.635689639257141	-10.734200965483362	-3.3820619583129883	138.0
1336	-6.5535645938608935	-10.841145041503134	-3.4245643615722656	138.0
1355	-6.630742981219928	-10.702255989285668	-3.583468437194824	138.0
1375	-6.630742981219928	-10.702255989285668	-3.583468437194824	138.0
1394	-6.787750656496303	-10.735761842034657	-3.514784574508667	138.0
1414	-6.595477422209304	-10.86020362821507	-3.5380191802978516	138.0
1433	-6.3667813181668125	-10.930039125198554	-3.696470260620117	138.0
1454	-6.376749744674452	-10.882240956978345	-3.63897442817688	138.0
1472	-6.426453304073055	-10.868654026263563	-3.6401562690734863	138.0
1492	-6.214674856267448	-10.911280099237146	-3.8863697052001953	138.0
1510	-6.030833856211485	-10.799561245872596	-3.911604881286621	138.0
1531	-6.097928567595397	-10.896700663926701	-3.7736587524414062	138.0
1550	-6.000029881597535	-10.799071420899068	-3.564718723297119	138.0
1571	-6.182029197569135	-10.93297542596267	-3.368180751800537	138.0
1590	-6.534355259708903	-11.00203445479598	-3.407676935195923	138.0
1608	-6.41042651546126	-10.991378142196856	-3.1264305114746094	138.0
1628	-6.283687956685427	-10.99446118951214	-3.35921573638916	138.0
1646	-6.484036203323545	-11.016134190418303	-3.192387342453003	138.0
1666	-6.459577273112304	-11.085755013589834	-2.9245972633361816	138.0
1685	-6.448517997536134	-11.147006926426139	-3.0496177673339844	138.0
1705	-6.289043712807355	-11.337673779717917	-3.150467872619629	138.0
1725	-6.205734360684198	-11.179090359228272	-3.1930744647979736	138.0
1745	-6.16943287465821	-11.19845699941523	-3.1181561946868896	138.0
1764	-6.164201304965807	-11.145752783471146	-3.3802318572998047	138.0
1784	-6.187775110241976	-10.927840300422362	-3.2545342445373535	139.0
1802	-6.081336596342568	-10.802990095636044	-3.384732246398926	139.0
1823	-6.118651481491431	-10.864591622833709	-3.627366304397583	139.0
1842	-6.09086803414842	-10.84662652609101	-3.605560302734375	139.0
1862	-6.0842213397724265	-10.772724970675737	-3.643861770629883	139.0
1881	-6.222238816158943	-10.76317211957282	-3.9300663471221924	139.0
1900	-6.244742392653576	-10.684978794338589	-3.7397711277008057	139.0
1919	-6.501320914550341	-10.754138435593008	-3.7243242263793945	139.0
1939	-6.588390541645353	-11.033513557516834	-3.7533421516418457	139.0
1958	-6.611169199992395	-11.239985309595147	-3.7360503673553467	139.0
1978	-6.715879083848745	-11.166269135710259	-3.6229147911071777	139.0
1998	-6.638030078495935	-11.060040809942306	-3.597057342529297	139.0
2017	-6.731257514852632	-11.045791054440528	-3.5929877758026123	139.0
2036	-6.643566230148758	-11.077864487554724	-3.4388365745544434	139.0
2058	-6.414088072721866	-10.985729779067293	-3.854423999786377	139.0
2076	-6.414088072721866	-10.985729779067293	-3.854423999786377	139.0
2096	-6.215084537315689	-10.911149336513185	-3.8424124717712402	139.0
2116	-6.215084537315689	-10.911149336513185	-3.8424124717712402	139.0
2135	-6.152831440486099	-10.917525678955004	-3.7890243530273438	139.0
2154	-6.1244964921430585	-11.02532900260007	-3.5420045852661133	139.0
2176	-6.202028496869997	-10.945896449811524	-3.3205833435058594	139.0
2192	-6.211959477037856	-10.93662552065003	-3.2633605003356934	139.0
2212	-6.27067948642073	-10.896300733762404	-3.3076248168945312	139.0
2231	-6.109518711508402	-10.947091276640208	-3.086289405822754	139.0
2250	-6.3540115149643555	-10.987686152820222	-2.8814263343811035	139.0
2270	-6.488050149067012	-11.041408707383027	-2.807671546936035	139.0
2290	-6.552452350647719	-11.031047630161465	-2.685929298400879	139.0
2308	-6.493509702842786	-10.78393148115528	-3.1190848350524902	139.0
2329	-6.310138073147555	-10.837907838877792	-3.265587091445923	139.0
2348	-6.349856392195027	-10.685227030630651	-3.2537219524383545	139.0
2368	-6.255051011942795	-10.607380923110567	-3.0476808547973633	139.0
2390	-6.364288650339678	-10.58709705560954	-2.923917531967163	138.0
2408	-6.183191522407303	-10.696304931587775	-3.0743753910064697	138.0
2425	-6.181110324531049	-10.683603414734469	-2.957137107849121	138.0
2445	-6.392740126088199	-10.484562497077356	-3.0733532905578613	138.0
2467	-6.485338143374344	-10.753934596733844	-3.0935802459716797	138.0
2484	-6.6141375946268885	-10.576016719096993	-3.3142173290252686	138.0
2503	-6.803382695684275	-10.634291813056704	-3.4625144004821777	138.0
2522	-6.700534433638568	-10.765268718411985	-3.7918636798858643	138.0
2542	-6.676643756617534	-10.836754857200544	-3.581423282623291	138.0
2562	-6.62192869195852	-10.698563909182756	-3.305391311645508	138.0
2581	-6.554741316995668	-10.690134429364882	-3.333615303039551	138.0
2600	-6.378364886445596	-10.737903781814333	-3.302779197692871	138.0
2620	-6.384486862103351	-10.531666248378082	-3.6258511543273926	138.0
2639	-6.6056829296834705	-10.510759870341365	-3.8463776111602783	138.0
2659	-6.403322698819224	-10.402158014209066	-4.005520343780518	138.0
2679	-6.475690507140187	-10.395279598004823	-3.7128138542175293	138.0
2699	-6.622156370586124	-10.483519432430729	-3.80617618560791	138.0
2718	-6.638913710395404	-10.672577993870112	-3.676159381866455	138.0
2737	-6.644325138829022	-10.79696952292626	-3.862013816833496	138.0
2756	-6.549792110286167	-10.955372330963275	-3.77835750579834	138.0
2777	-6.45406834022367	-10.846549140368737	-3.5412511825561523	138.0
2796	-6.426697009820953	-10.900571268112603	-3.2300992012023926	138.0
2814	-6.426697009820953	-10.900571268112603	-3.2300992012023926	138.0
2834	-6.378121391504981	-10.891226949389479	-3.1888883113861084	138.0
2855	-6.493133317679011	-10.813776273445505	-3.405747413635254	138.0
2873	-6.42370758976087	-10.86247002462451	-3.4918599128723145	138.0
2894	-6.332442692373088	-10.547249844970809	-3.685105562210083	138.0
2913	-6.231185820967619	-10.316537812392703	-3.4246826171875	138.0
2931	-6.380490023839878	-10.244064709468628	-3.5563459396362305	138.0
2950	-6.584565691769343	-10.314801033688434	-3.5489463806152344	138.0
2971	-6.5878533683472265	-10.346399590336084	-3.7680306434631348	138.0
2989	-6.724119602863362	-10.485084360367132	-3.6952342987060547	138.0
3010	-6.842132344342939	-10.506483299554434	-3.668468952178955	138.0
3029	-6.910197879525285	-10.343137671217368	-3.7413814067840576	138.0
3049	-6.92442179053902	-10.476149855560045	-3.7125325202941895	138.0
3068	-6.907086294716589	-10.567079854630448	-3.851379871368408	138.0
3087	-6.562712084943763	-10.519112809910341	-3.8757834434509277	138.0
3106	-6.47929660455131	-10.769489612505085	-3.831223487854004	138.0
3126	-6.400236898017649	-10.69679998603731	-3.6738176345825195	138.0
3145	-6.202149948236673	-10.722613360032774	-3.737386703491211	138.0
3164	-6.062303700273649	-10.81838307273659	-3.7408905029296875	138.0
3185	-5.901202548528399	-10.785410899814341	-3.6877169609069824	138.0
3203	-6.0809515840382495	-10.845912770103993	-3.750016212463379	138.0
3222	-6.076984305705146	-10.929345177305107	-3.5209529399871826	138.0
3245	-6.397366723669844	-10.976130274779008	-3.4340529441833496	138.0
3262	-6.40235041678407	-10.818073654776612	-3.534890651702881	138.0
3281	-6.287939423667115	-10.885951748963524	-3.5815937519073486	138.0
3301	-6.373278402359404	-10.992738608631223	-3.4861388206481934	138.0
3320	-6.3499738158225565	-11.00111243888769	-3.720371961593628	138.0
3339	-6.475354183823418	-11.040175203297366	-3.6815686225891113	138.0
3360	-6.318732716349964	-10.884393815367838	-3.588223934173584	138.0
3382	-6.2707530363189	-10.88795842387519	-3.6822004318237305	138.0
3398	-6.3397364140646255	-11.026639891746568	-3.6528115272521973	138.0
3419	-6.297090271431645	-11.177957378760443	-3.510974407196045	138.0
3438	-6.275890138590367	-11.177082949853963	-3.2824268341064453	138.0
3457	-6.241091546823288	-11.071930273983913	-3.2825188636779785	138.0
3477	-6.423073885185877	-11.066758343151205	-3.1102356910705566	138.0
3497	-6.415413026764242	-11.11990066253656	-3.0927786827087402	138.0
3515	-6.570012747767081	-11.264522854554004	-3.190054178237915	138.0
3534	-6.570012747767081	-11.264522854554004	-3.190054178237915	138.0
3554	-6.666251819178898	-11.19782518124449	-3.191493511199951	138.0
3574	-6.7830746115713545	-11.181824409904904	-2.9650418758392334	138.0
3592	-6.839211478825405	-11.083405104582702	-2.906236410140991	138.0
3612	-7.059262721154414	-11.308424150197395	-2.934144973754883	138.0
3631	-7.181518146386056	-11.401823765013557	-2.974506378173828	138.0
3652	-7.051510811289422	-11.261982397630106	-3.1251883506774902	138.0
3671	-7.035073329177011	-11.234047130887054	-3.53651762008667	138.0
3691	-6.831543425390491	-11.238563128812691	-3.505821704864502	138.0
3710	-6.814424264707381	-11.462583891942542	-3.1285793781280518	138.0
3729	-6.693348096273175	-11.642338722467292	-3.1022486686706543	138.0
3748	-6.710307728379894	-11.707864853598819	-3.176290273666382	138.0
3768	-6.478162315726847	-11.501446207162445	-3.578841209411621	138.0
3787	-6.402655526284159	-11.607809234627597	-3.6780076026916504	137.0
3806	-6.394840207163723	-11.59743464842293	-3.679551124572754	137.0
3826	-6.556713609603951	-11.608597925699176	-3.5363001823425293	137.0
3845	-6.66442389900411	-11.812261571097723	-3.4023520946502686	137.0
3865	-6.752186278984348	-11.837346705532767	-3.4681763648986816	137.0
3884	-6.635588201352449	-11.417285203487737	-3.601969003677368	137.0
3904	-6.55828681129146	-11.276883683072448	-3.743650436401367	137.0
3923	-6.828300247822801	-11.293149216555198	-3.559832811355591	137.0
3945	-6.742655190207353	-11.142224751614432	-3.5872581005096436	137.0
3963	-6.868945603976033	-11.003138606654812	-3.49007248878479	137.0
3982	-6.965111014924194	-10.987175851200382	-3.3459882736206055	137.0
4001	-6.8759099374038755	-10.683794981126837	-3.288806915283203	137.0
4021	-6.7494003501878685	-10.582393406226858	-3.330282211303711	137.0
4040	-6.602922169568355	-10.71136282812032	-3.313330888748169	137.0
4059	-6.622807515528249	-10.744536463889197	-3.3998618125915527	137.0
4080	-6.6589953171311045	-10.649915472612204	-3.528299331665039	137.0
4099	-6.697508476336845	-10.844517766871904	-3.5873355865478516	137.0
4117	-6.603194017725298	-11.067047786074378	-3.459710121154785	137.0
4137	-6.391147354400548	-11.053938522822738	-3.451693296432495	137.0
4157	-6.6080753050324885	-11.08435360709238	-3.5824246406555176	137.0
4175	-6.606174022891798	-11.077549856111126	-3.6068925857543945	137.0
4197	-6.804442992214458	-11.11000176970224	-3.806946039199829	137.0
4215	-6.890708432337657	-11.185163875750169	-3.9467787742614746	137.0
4235	-6.890708432337657	-11.185163875750169	-3.9467787742614746	137.0
4257	-6.674374056887913	-11.318508591072773	-3.9066197872161865	137.0
4275	-6.7498497054809485	-11.277255933548279	-3.8754162788391113	137.0
4294	-6.638564204686859	-11.223295681972111	-4.089470863342285	137.0
4312	-6.558516606382004	-11.167484374559832	-3.97501802444458	137.0
4332	-6.342988980592274	-11.308644898696679	-3.880434513092041	137.0
4350	-6.3046524751167725	-11.291432520856699	-3.9621403217315674	137.0
4372	-6.3594440522192714	-11.325574425313611	-3.7569544315338135	137.0
4391	-6.474835824500127	-11.417210385141143	-3.362001419067383	137.0
4409	-6.523255795124979	-11.480446192112305	-3.1557528972625732	137.0
4429	-6.2908611509258465	-11.308314240928754	-3.0200040340423584	137.0
4450	-6.337640439113746	-11.288263530230111	-2.8388724327087402	137.0
4468	-6.351263291600893	-11.216820717338605	-2.956298351287842	137.0
4488	-6.38942446708082	-11.178504253611056	-3.024017333984375	137.0
4507	-6.691362103478006	-11.233380376020815	-3.030710458755493	137.0
4526	-6.504055064584061	-11.198416292645687	-2.923978805541992	137.0
4549	-6.296471499821623	-11.080285719484575	-2.9755423069000244	137.0
4571	-6.463776201745192	-11.030258864850191	-2.967308282852173	137.0
4585	-6.577743293435987	-11.071080715938333	-2.9481725692749023	137.0
4603	-6.649977372168928	-11.202110222255579	-3.1145248413085938	137.0
4623	-6.475994592940146	-11.264136981920188	-3.2982940673828125	137.0
4643	-6.526885594866084	-11.319708818827797	-3.309621810913086	137.0
4663	-6.359955558224783	-11.280789367944855	-3.2292933464050293	137.0
4686	-6.591508219833533	-11.346826451094161	-3.522313117980957	137.0
4701	-6.724510858610808	-11.454281920604174	-3.6656222343444824	137.0
4721	-6.351141277031793	-11.472128674593563	-3.7260701656341553	137.0
4740	-6.3778553668773865	-11.439561998716263	-3.8161778450012207	137.0
4759	-6.473666248888433	-11.497292111789635	-3.5423789024353027	137.0
4782	-6.663154300855919	-11.590152686205158	-3.4809696674346924	136.0
4806	-6.669706802325121	-11.412388155179642	-3.6092686653137207	136.0
4823	-6.73784075030133	-11.434482443750605	-3.7709386348724365	136.0
4837	-6.7289706195678995	-11.437382024981828	-3.713214874267578	136.0
4857	-6.589189060484658	-11.46067848413667	-3.823617458343506	136.0
4875	-6.728767573502674	-11.470054230079104	-3.6056060791015625	136.0
4895	-6.6104605317140654	-11.418343109063244	-3.2879652976989746	136.0
4917	-6.497231801904212	-11.429110134051633	-3.4465508460998535	136.0
4935	-6.488853947606615	-11.403894501999519	-3.5073719024658203	136.0
4955	-6.384391226196641	-11.429130251463747	-3.4166486263275146	136.0
4975	-6.384391226196641	-11.429130251463747	-3.4166486263275146	136.0
4994	-6.25817185557078	-11.240286905274159	-3.358527660369873	136.0
5013	-6.16590158244336	-11.19945840282152	-3.354438304901123	136.0
5032	-6.215108153431386	-11.204928793522274	-2.9679465293884277	136.0
5051	-6.231530456060256	-11.165346404883273	-3.1375904083251953	136.0
5071	-6.3321139598957625	-11.346465483032178	-3.1068408489227295	136.0
5092	-6.423948276873845	-11.35675109914208	-3.0570878982543945	136.0
5111	-6.502559239114622	-11.184035935369716	-3.070763111114502	136.0
5130	-6.59857063919639	-11.107414334689047	-3.082840919494629	136.0
5153	-6.732562666010652	-11.171702747475297	-3.0665483474731445	136.0
5179	-6.7572571025342665	-11.15007555782805	-2.987196207046509	136.0
5187	-6.7946286417406245	-11.181299899934205	-3.084648370742798	136.0
5207	-6.849546027795009	-11.169978698739051	-3.07788348197937	136.0
5228	-6.966117613994793	-11.10996599545343	-3.415469169616699	136.0
5246	-7.0255514683820905	-10.981167170595201	-3.519988536834717	136.0
5273	-7.065891880921531	-11.17311503988276	-3.2430880069732666	136.0
5285	-7.1835738969972756	-11.411997710493752	-3.204637050628662	136.0
5305	-6.968200453250645	-11.525899748458905	-3.0171003341674805	136.0
5324	-6.9427065984040395	-11.581634639094329	-2.913322687149048	136.0
5343	-6.722682565727952	-11.42983607930602	-2.8648500442504883	136.0
5363	-6.592023924459153	-11.476303243198446	-2.761805534362793	136.0
5382	-6.282098604701242	-11.217771568563414	-2.4813380241394043	136.0
5401	-6.251175450479261	-11.091484731007	-2.4132652282714844	136.0
5421	-6.213005457430359	-10.860924924616324	-2.6897971630096436	136.0
5441	-6.052393541018538	-10.699702305954645	-2.71781587600708	136.0
5460	-6.002875316456891	-10.565238802881181	-2.875473976135254	136.0
5480	-5.929180248249441	-10.48582353916182	-2.908262252807617	136.0
5499	-5.900841183752516	-10.517537300654201	-2.8372201919555664	136.0
5519	-6.0089361578238005	-10.429687547406617	-3.086280584335327	136.0
5539	-6.1841460940278985	-10.68346969627676	-3.2017555236816406	136.0
5557	-5.952503482369527	-10.779226467808499	-3.2967441082000732	136.0
5576	-6.067366204322376	-11.097720357349276	-3.247682571411133	136.0
5597	-6.050359695299978	-11.166393386943064	-3.3077588081359863	136.0
5615	-6.110275806528011	-11.27618405878899	-3.3204784393310547	136.0
5637	-6.307443288560391	-11.203878458431298	-3.3263044357299805	136.0
5659	-6.544013374414735	-11.280468897882223	-3.361355781555176	136.0
5676	-6.6296865952017825	-11.400116067533213	-3.205117702484131	136.0
5694	-6.6296865952017825	-11.400116067533213	-3.205117702484131	136.0
5714	-6.562857894434678	-11.319744577373086	-3.2174811363220215	136.0
5733	-6.59455989010843	-11.395426696639579	-3.1021335124969482	136.0
5753	-6.501473380570667	-11.219101383786247	-2.9823431968688965	136.0
5776	-6.419493277027364	-11.215874718294987	-2.8289217948913574	136.0
5791	-6.741420585133693	-11.199460685871601	-2.8977413177490234	136.0
5811	-6.608442005514435	-11.226715106626042	-2.9516515731811523	136.0
5830	-6.65098246791362	-11.029914128897246	-2.8787307739257812	136.0
5850	-6.598838732460132	-10.971670554535569	-2.8684639930725098	136.0
5872	-7.000121763145018	-10.865543144141482	-2.942206859588623	136.0
5893	-7.185482702356927	-10.89642103105974	-2.938822031021118	136.0
5908	-7.111116735730836	-10.88663635106385	-3.1580209732055664	136.0
5928	-7.25149680284917	-11.039543078308816	-3.179513931274414	136.0
5947	-7.079499995333171	-11.078626816280613	-3.2569313049316406	136.0
5966	-6.9662413343341925	-11.162309276802011	-3.182131290435791	136.0
5989	-6.827005498561348	-11.395610115725558	-3.253910779953003	136.0
6008	-6.744667874175952	-11.535434627576596	-3.4601340293884277	136.0
6024	-6.436685026128579	-11.705207108032635	-3.522977828979492	136.0
6043	-6.284715272391268	-11.63902904959537	-3.5725936889648438	136.0
6063	-6.223142550703598	-11.504078674584049	-3.4541821479797363	136.0
6082	-6.068086978382017	-11.421201753395609	-3.6183366775512695	136.0
6103	-5.928836317493635	-11.351744567377546	-3.6432249546051025	136.0
6123	-5.9968156846493965	-11.307725919227893	-3.5799636840820312	136.0
6141	-6.052513934442875	-11.281684055970302	-3.5958032608032227	136.0
6161	-6.025060106454845	-11.051427833260425	-3.2769241333007812	136.0
6180	-6.0593622557167155	-11.099167524269825	-3.25394344329834	136.0
6200	-5.986198305733486	-11.060636528881375	-3.3176827430725098	136.0
6218	-6.016778138367955	-11.22769663134735	-3.3959031105041504	136.0
6249	-6.034800728391273	-11.257803285823583	-3.5404322147369385	136.0
6258	-6.078401829174388	-11.40920546332426	-3.443586826324463	136.0
6277	-6.186504807155661	-11.401289796294778	-3.3677215576171875	136.0
6296	-6.09755996053432	-11.283413128568156	-3.221524953842163	136.0
6316	-6.05298806526852	-11.44100545104504	-3.44327974319458	136.0
6344	-6.003647213080377	-11.562259782409813	-3.3706016540527344	136.0
6357	-5.884093881104725	-11.517846423732912	-3.44132137298584	136.0
6376	-5.796528684623963	-11.563940169440205	-3.387108564376831	136.0
6396	-5.774717124633197	-11.327733288671011	-3.3067150115966797	136.0
6416	-5.774717124633197	-11.327733288671011	-3.3067150115966797	136.0
6433	-5.811111532169048	-11.1845898814156	-3.458752393722534	136.0
6453	-5.65611944236187	-11.191283848229904	-3.642643928527832	136.0
6475	-5.633225091885865	-11.252291110363677	-3.7136363983154297	136.0
6491	-5.738064201674678	-11.434410289979095	-3.535191774368286	136.0
6510	-5.729222544930749	-11.309657027074898	-3.4195938110351562	136.0
6530	-5.960959827853544	-11.393246226575048	-3.3635306358337402	136.0
6549	-6.027366400092788	-11.28178326275116	-3.372799873352051	136.0
6570	-6.2197196005208975	-11.239684218583333	-3.7142910957336426	136.0
6591	-6.248803395409706	-11.155661452590914	-3.503636121749878	136.0
6612	-6.252739773699833	-11.154425007848882	-3.444613456726074	136.0
6627	-6.175421486160726	-11.254210625216208	-3.375847578048706	136.0
6647	-6.179312812322802	-11.078712640395779	-3.3151464462280273	136.0
6667	-6.324378304911501	-10.992472466363093	-3.196352005004883	136.0
6686	-6.275871894209728	-10.92259869881697	-3.0213048458099365	136.0
6706	-6.2938177887768285	-11.024741723196174	-3.2457938194274902	136.0
6725	-6.0646930569385855	-11.138695186714088	-3.0965423583984375	136.0
6744	-6.044793924942129	-11.169187063870279	-3.0428056716918945	136.0
6763	-6.158923200907884	-11.168957974816813	-3.1440019607543945	136.0
6784	-6.40099065685836	-11.117046772105885	-3.4031779766082764	136.0
6802	-6.46262616672592	-11.143590949670198	-3.4112746715545654	136.0
6822	-6.508213407869213	-11.201646538888568	-3.431830406188965	136.0
6842	-6.54048264262944	-11.291660781772928	-3.3647990226745605	136.0
6861	-6.640375849006693	-11.121738232488333	-3.246157646179199	136.0
6880	-6.879502828384234	-11.167124067315894	-3.3502166271209717	136.0
6899	-6.953453354673504	-11.215690205097896	-3.509815216064453	136.0
6920	-7.051127642387322	-11.236393934998404	-3.1851892471313477	136.0
6939	-6.8880890386429865	-11.160350810730373	-2.8583669662475586	136.0
6958	-6.891213610663161	-11.043139389255968	-2.8713889122009277	136.0
6979	-6.791457214220892	-11.130954416379037	-2.9830076694488525	136.0
6997	-6.824850123656348	-11.164797816750438	-3.3163206577301025	136.0
7016	-6.613190428796445	-11.163379295350023	-3.583588123321533	136.0
7035	-6.512937226907803	-11.239722951089052	-3.544534206390381	136.0
7056	-6.395036920378793	-11.321971434512662	-3.425422191619873	136.0
7079	-6.347639452442176	-11.494655707358229	-3.5336647033691406	136.0
7094	-6.347639452442176	-11.494655707358229	-3.5336647033691406	136.0
7115	-6.374831882810142	-11.466720227789702	-3.478036403656006	136.0
7134	-6.3137260640615915	-11.65127819745052	-3.3495264053344727	136.0
7153	-6.23113392877225	-11.418733530587092	-3.2510409355163574	136.0
7172	-6.155070083891122	-11.426543136524742	-3.180715560913086	136.0
7194	-6.247564438843405	-11.481216042150033	-3.203763484954834	136.0
7214	-6.180673791609133	-11.371222678846749	-3.1022157669067383	136.0
7230	-6.079866993380422	-11.124723305887361	-3.158625602722168	136.0
7251	-6.011335704370615	-10.946243972503853	-3.1774845123291016	136.0
7269	-6.0617517001225005	-11.08485542308524	-3.1945013999938965	136.0
7289	-5.87712033643336	-11.007595393570526	-3.200770378112793	136.0
7310	-5.929379618155281	-11.03984058906873	-3.1259050369262695	136.0
7328	-5.913562151831452	-10.944901719499667	-3.099236011505127	136.0
7347	-5.8040759607377845	-10.91040687498241	-2.990748405456543	136.0
7366	-5.896792050447282	-10.948219465883076	-3.15755033493042	136.0
7386	-5.831120351586328	-11.160944099328717	-3.2548060417175293	136.0
7405	-5.774465194653736	-11.173343785777552	-3.160861015319824	136.0
7424	-5.450258343356352	-10.97589752650713	-3.3044610023498535	136.0
7444	-5.737065173048313	-10.997999493414394	-3.3131089210510254	136.0
7463	-5.601868598846873	-11.067290601161567	-3.3621695041656494	136.0
7484	-5.487021174705641	-11.190853911202296	-3.4119653701782227	136.0
7504	-5.609724407999739	-11.104993227536346	-3.3085527420043945	136.0
7522	-5.485473802924096	-11.016148820739462	-3.203528881072998	136.0
7545	-5.541507557006741	-10.988481252923972	-3.0797784328460693	136.0
7561	-5.589228254359619	-11.097603966025567	-3.3003361225128174	136.0
7581	-5.7732624173496	-11.164650471835731	-3.035750389099121	137.0
7601	-5.489366803673357	-11.198591387004234	-2.886199474334717	137.0
7620	-5.377929433632852	-11.131523638646435	-2.9929699897766113	137.0
7639	-5.364777393615559	-10.944710573201032	-3.1107444763183594	137.0
7659	-5.182206436538207	-10.77253900212614	-3.2685203552246094	137.0
7682	-5.455867171746413	-10.882449048574967	-3.5634822845458984	137.0
7699	-5.408181646358811	-10.636279530112924	-3.6437857151031494	137.0
7717	-5.338026789767439	-10.5908130941701	-3.5816872119903564	137.0
7737	-5.556345849501195	-10.813103091273497	-3.5106101036071777	137.0
7755	-5.840533501978857	-10.776571233884024	-3.5525550842285156	137.0
7777	-6.048078468130288	-10.903427690392546	-3.3912298679351807	138.0
7800	-6.194418045532576	-11.067125295150296	-3.3041651248931885	138.0
7815	-6.194418045532576	-11.067125295150296	-3.3041651248931885	138.0
7834	-6.375816696872594	-11.226146259488553	-3.308590888977051	138.0
7854	-6.291670757788189	-11.033637990608987	-3.0186004638671875	138.0
7872	-6.397314279587838	-11.19739716958543	-2.9890263080596924	138.0
7892	-6.321737928086773	-11.173974203730108	-2.8414626121520996	138.0
7910	-6.19037321818161	-11.14950663826489	-3.1295504570007324	138.0
7931	-5.911827297121913	-11.178442435195391	-3.1909525394439697	138.0
7951	-5.80792356002441	-11.036567006816687	-3.0637435913085938	138.0
7973	-5.777274745773337	-10.954970241938277	-3.0105032920837402	138.0
7989	-5.81425536420664	-11.10377635577441	-2.9642467498779297	138.0
8011	-5.70589409110937	-11.468293576016158	-2.9042840003967285	138.0
8035	-5.701634829847718	-11.481752692495911	-3.069969415664673	138.0
8049	-5.9141707350833865	-11.423823436401074	-3.0840775966644287	138.0
8067	-5.702010059691841	-11.23935489179695	-2.7727041244506836	138.0
8086	-5.868878655388087	-11.305145534529846	-2.7263545989990234	138.0
8106	-5.7999689572867466	-11.597585547457776	-2.939016342163086	138.0
8125	-5.600077047353391	-11.769594987120259	-2.8920493125915527	138.0
8144	-5.68745218910838	-11.794723360704829	-3.100001335144043	138.0
8164	-5.705595484993534	-11.496272525696838	-3.145057201385498	138.0
8183	-5.7321865064789765	-11.487149664799784	-3.086406707763672	138.0
8202	-5.614888467348192	-11.615950241084969	-3.238410472869873	138.0
8222	-5.7878826550411695	-11.900163560165286	-3.408352851867676	138.0
----------------출발----------------
8242	-5.5712205801765995	-11.662878444016012	-3.5583863258361816	138.0
8263	-5.627703027856654	-11.449934668295862	-3.5974597930908203	138.0
8281	-5.679570223708886	-11.159271353354159	-3.6087074279785156	138.0
8299	-5.427058649551485	-11.088172284806268	-3.448737859725952	138.0
8320	-5.392580452770324	-11.131043835009372	-3.114461660385132	138.0
8339	-5.340855546677815	-11.205050516758561	-3.103846549987793	138.0
8359	-5.266245526953635	-11.090180628675313	-3.012329578399658	138.0
8379	-5.3651378731880355	-10.948967350497414	-3.113452196121216	138.0
8398	-5.651023131544425	-11.011914752465628	-3.0542120933532715	138.0
8418	-5.695993290690701	-10.946150688981337	-2.85237979888916	138.0
8436	-5.965728336153754	-11.15890640692432	-2.8722333908081055	138.0
8456	-6.109599861317636	-11.127311783086856	-2.833179235458374	138.0
8475	-6.097951951245429	-11.39271890290939	-3.012826919555664	138.0
8498	-6.144869040636502	-11.219920515229878	-2.784041404724121	138.0
8515	-6.357130208120845	-11.038616681660464	-2.7580127716064453	138.0
8534	-6.3578467269170265	-11.079787365046306	-2.544862747192383	138.0
8553	-6.3578467269170265	-11.079787365046306	-2.544862747192383	138.0
8574	-6.175582406809653	-11.063343672336806	-2.303123950958252	138.0
8592	-6.434401155345663	-11.18028173170568	-2.0341672897338867	138.0
8612	-6.378401144317856	-11.110924626408492	-1.7972118854522705	138.0
8633	-6.483785746712456	-11.258493726024605	-1.6949115991592407	138.0
8649	-6.6385019373268825	-11.14822856657374	-1.5519651174545288	138.0
8670	-6.651717385314979	-11.314875397590606	-1.5785248279571533	138.0
8689	-6.7382778228594296	-11.50297154251678	-1.611579179763794	138.0
8709	-6.860511960776	-11.256283456300727	-1.5024998188018799	138.0
8728	-7.17439324631757	-11.38299663913198	-1.4969446659088135	138.0
8748	-7.173431719163606	-11.38799476050587	-1.4631564617156982	138.0
8767	-7.132970337060258	-11.39242989619856	-1.4291307926177979	138.0
8786	-7.394650455866893	-11.386979025153071	-1.4111558198928833	139.0
8806	-7.451711329652745	-11.357824028001554	-1.521169662475586	139.0
8825	-7.586308057427578	-11.235604142195909	-1.321854591369629	139.0
8844	-7.642856443416976	-11.207728359747222	-1.2658787965774536	139.0
8864	-7.7650232753279615	-11.419410620715151	-1.1260360479354858	139.0
8883	-7.5676118667972965	-11.629701389338624	-0.8945609927177429	139.0
8904	-7.621117283019485	-11.681212934190363	-0.803216814994812	139.0
8923	-7.655642687130295	-11.808257235904092	-0.69589763879776	139.0
8943	-7.619197360089116	-11.815227925618013	-0.2883819341659546	139.0
8962	-7.727107458677185	-11.861598557443324	0.09012651443481445	139.0
8982	-7.926852948807586	-11.991573474977857	0.11474716663360596	138.0
9001	-8.167979732365897	-12.092807210988484	0.3783770799636841	138.0
9019	-8.259783788793618	-12.126149184224264	0.48948001861572266	138.0
9039	-8.435709309800096	-11.890614672679746	0.6378787755966187	138.0
9059	-8.49533262222095	-11.968195147360868	0.5836256742477417	138.0
9078	-8.647617952105996	-11.986647107771137	0.6868364810943604	138.0
9097	-8.562782549367878	-12.107815261013588	0.5805286169052124	138.0
9118	-8.847017635288504	-12.429210185799317	0.545177698135376	138.0
9136	-8.798123989980352	-12.637394752968074	0.8370083570480347	138.0
9156	-8.795585939605584	-12.70170508992445	0.6646560430526733	138.0
9176	-8.790034913183392	-12.82290954969215	0.6632981300354004	138.0
9196	-8.99293984188799	-13.25858302531117	0.8668524026870728	138.0
9216	-9.318770748676794	-13.471237629837576	1.1440047025680542	138.0
9234	-9.740854057710305	-13.498466777305707	1.103033185005188	138.0
9263	-9.740854057710305	-13.498466777305707	1.103033185005188	138.0
9273	-9.93293615924431	-13.728839645711657	1.4877831935882568	138.0
9292	-10.01918809167615	-13.605131271462279	1.747925877571106	138.0
9312	-10.347790377439173	-13.817558753580204	1.5865566730499268	138.0
9331	-10.441300002818153	-14.225499315813188	1.7869659662246704	138.0
9351	-10.555486198167642	-14.546994085314848	1.9557257890701294	138.0
9369	-10.665608735824234	-14.483179745136773	1.8724751472473145	138.0
9388	-10.78360342911548	-14.578298925131381	1.9455046653747559	138.0
9409	-10.661188327924403	-14.900628279611634	1.9442694187164307	138.0
9429	-10.87232695129356	-14.933036723062207	1.7832025289535522	138.0
9450	-10.714957238852746	-15.112131765432185	2.002500057220459	138.0
9467	-10.709576112815203	-15.116219533334018	2.000432014465332	138.0
9488	-10.834909500657922	-15.006600282860257	1.992306113243103	138.0
9506	-10.793604142735942	-15.101435063927495	2.059760093688965	138.0
9526	-10.73947950244947	-15.349785793716089	2.174478769302368	138.0
9545	-10.854607361867622	-15.544405457093333	2.317084789276123	138.0
9565	-11.048900411213843	-15.618337925420649	2.3162198066711426	138.0
9584	-10.927480593236316	-15.657896570496874	2.389846086502075	138.0
9603	-11.13245817440807	-15.9013603993255	2.42350697517395	138.0
9623	-11.149148747132848	-16.091410223459075	2.390139102935791	138.0
9642	-11.208205384901229	-16.097858434159562	2.5686545372009277	138.0
9662	-11.400644568932938	-16.042033378278628	2.366560220718384	138.0
9681	-11.473832148708121	-16.01850335435179	2.301866054534912	138.0
9701	-11.331340587285537	-16.123686433061447	2.0687053203582764	138.0
9721	-11.186818289425867	-16.038652516661806	1.9515498876571655	138.0
9748	-11.428355176979831	-16.240089498677296	1.9262083768844604	138.0
9760	-11.425647766879187	-16.35305375954666	1.7275376319885254	138.0
9779	-11.538800200062209	-16.435507604112786	1.8988102674484253	138.0
9798	-11.352850592455505	-16.776211328813474	1.9126402139663696	138.0
9819	-11.477296419760071	-16.982189408363364	2.207268238067627	138.0
9837	-11.654132456882339	-17.145970566958642	2.0063397884368896	138.0
9856	-11.64223312534242	-17.194524566377574	2.0062355995178223	138.0
9875	-11.740669093826444	-17.594874172503435	2.0474276542663574	138.0
9896	-11.62671828817658	-17.54344708449419	2.111560583114624	138.0
9917	-11.507523876864985	-17.524953369359874	2.373626947402954	138.0
9938	-11.659450569366324	-17.611070972797616	2.1367852687835693	138.0
9955	-11.753064134582015	-17.80377664635962	2.155919313430786	138.0
9974	-11.68487270025121	-17.89049770099149	1.9308161735534668	138.0
9993	-11.68487270025121	-17.89049770099149	1.9308161735534668	138.0
10013	-11.7416444526849	-18.106817377711764	2.1018171310424805	138.0
10032	-11.80774106352369	-18.3850783778618	1.8857519626617432	138.0
10052	-11.737671745997085	-18.445013722274737	1.5991346836090088	138.0
10076	-11.746042154322375	-18.734104924153133	1.6246871948242188	138.0
10091	-11.729443358506371	-18.94157427794135	1.436410903930664	138.0
10109	-11.410503572230853	-19.12980475989363	1.7434430122375488	138.0
10130	-11.347498577115333	-19.138537018869766	1.816016435623169	138.0
10148	-11.233106312622944	-19.185848982211358	1.6915347576141357	138.0
10168	-11.15112350838989	-19.465900175375676	1.3697733879089355	138.0
10188	-11.20349916648256	-19.418033139102487	1.3422746658325195	138.0
10209	-11.356333364602552	-19.486388238911974	1.414360523223877	138.0
10226	-11.27953287633225	-19.724780808257766	1.3354954719543457	138.0
10245	-11.531021933313777	-19.93014443276623	1.3140230178833008	138.0
10265	-11.755730749648592	-20.084007325631934	1.0918302536010742	138.0
10286	-11.815393100800927	-20.132042734713632	0.8620486259460449	138.0
10305	-11.94634203108587	-20.32782473120287	1.0160679817199707	138.0
10324	-11.95626549100906	-20.33038935675445	1.1531143188476562	138.0
10343	-11.881840518777866	-20.75292819888366	1.0926504135131836	138.0
10362	-11.86473140916387	-20.890514344830798	1.060187816619873	138.0
10382	-12.033081367306108	-20.840216880292537	0.8122973442077637	137.0
10403	-11.759490605722162	-21.080499707617257	0.7273478507995605	137.0
10420	-11.868036702708741	-21.25943341125282	0.5518498420715332	137.0
10440	-12.181481193556436	-21.527361074156165	0.4720771312713623	137.0
10460	-12.33884165722514	-21.63780637603097	0.347928524017334	137.0
10478	-12.41815940949412	-21.93049053517253	0.2678699493408203	137.0
10498	-12.427961641869004	-21.85890692174435	0.15614652633666992	137.0
10518	-12.472038452041053	-21.963279539388378	0.12511706352233887	137.0
10537	-12.494282006160311	-22.302313513920716	0.018088102340698242	137.0
10560	-12.883413958101661	-22.283406267565592	0.003883838653564453	137.0
10576	-12.941374219142851	-22.262370772109914	0.041383981704711914	137.0
10595	-12.900747993364089	-22.389946422608432	0.014889240264892578	137.0
10616	-12.755153135553938	-22.592879565645315	0.08833146095275879	137.0
10635	-12.663784728239872	-22.512554221930685	-0.09720730781555176	137.0
10656	-13.00136261665879	-22.634822779227402	-0.038561105728149414	137.0
10674	-13.00136261665879	-22.634822779227402	-0.038561105728149414	137.0
10695	-13.4376877727637	-22.558189921357364	-0.22330737113952637	137.0
10713	-13.70325976185247	-22.5906405331417	-0.2755284309387207	137.0
10732	-13.71709240248133	-22.661851861799917	-0.3180723190307617	137.0
10751	-13.8907148243135	-22.84237912657751	-0.17390131950378418	137.0
10770	-14.181851789477815	-22.88693595363006	0.09893369674682617	137.0
10789	-14.477400133301641	-23.072414516925697	0.2613205909729004	137.0
10810	-14.841805511558052	-23.11883832709993	0.38491010665893555	137.0
10829	-14.918968658350426	-23.203101041925276	0.36110424995422363	137.0
10848	-15.019412167704683	-23.5219767564361	0.40210556983947754	137.0
10868	-15.135459411519646	-23.331589844195168	0.6920533180236816	137.0
10889	-15.466161666220527	-23.553463440811797	0.5677366256713867	137.0
10907	-15.604820653750146	-23.619049781336802	0.682713508605957	137.0
10927	-15.541472188484803	-23.545532588234494	1.093604564666748	137.0
10946	-15.79398589376189	-23.19658123810843	1.1930665969848633	137.0
10965	-15.998684563293772	-23.18321524374457	1.6685216426849365	137.0
10985	-16.03657241625023	-23.30529528070547	1.8121764659881592	137.0
11004	-16.276338337926333	-23.316313730517965	1.5644094944000244	137.0
11023	-16.616599247176005	-23.48812346795655	1.5585424900054932	137.0
11043	-16.78445995125555	-23.25985317960468	1.9296104907989502	137.0
11063	-16.954699353697624	-23.23947263309995	2.051299571990967	137.0
11082	-17.23470948937281	-23.354939743477363	1.7882080078125	137.0
11101	-17.373390049515343	-23.642308299141575	1.9504411220550537	137.0
11121	-17.589363267859987	-23.61933717894515	2.2985270023345947	137.0
11140	-17.80338084524662	-23.430351834053116	2.7111051082611084	137.0
11160	-17.891217469816493	-23.153878039062228	3.002598524093628	137.0
11179	-17.80852640136089	-22.99128996798345	3.2394092082977295	137.0
11199	-17.977406839566772	-23.141719972634704	3.6161298751831055	137.0
11218	-18.32275747087984	-23.062364785772544	3.67496395111084	137.0
11237	-18.392948901743985	-23.025073105738773	3.649049758911133	137.0
11258	-18.49402185290863	-22.867680766964416	3.5538220405578613	137.0
11276	-18.628340937151105	-22.818363964721005	3.636587619781494	137.0
11296	-18.91476226609884	-22.646761715256613	3.975252151489258	137.0
11315	-19.095660448904034	-22.50664288637552	4.377134799957275	137.0
11336	-19.321855095566313	-22.265940774228742	4.775762557983398	137.0
11355	-19.219286951825783	-22.04316115523621	5.292181491851807	137.0
11375	-19.068810603468137	-21.727232061157117	5.643006324768066	137.0
11394	-19.068810603468137	-21.727232061157117	5.643006324768066	137.0
11413	-19.25247433956513	-21.28708542565399	5.892340660095215	137.0
11432	-19.430236890476234	-21.317306588989013	6.328492164611816	137.0
11451	-19.61003938724518	-21.241631487168625	6.467935562133789	137.0
11471	-19.569953892159628	-21.20885515325946	6.290977478027344	137.0
11491	-19.69793577896869	-21.04724021407307	6.320221424102783	137.0
11512	-19.84289232136758	-20.8334907800155	6.596689224243164	137.0
11529	-19.95055338572331	-20.161558128251013	6.6119890213012695	137.0
11549	-20.042355226969793	-19.971359824502294	6.703556060791016	137.0
11568	-20.19320876848459	-19.907262141363542	7.0499420166015625	137.0
11589	-20.250674419902374	-19.313741157196944	7.014004707336426	137.0
11608	-20.27069727146616	-18.81603702417584	7.017972946166992	137.0
11628	-20.359518926247596	-18.340826002940247	7.381515026092529	137.0
11646	-20.229783720870554	-18.190626420191155	7.547327041625977	137.0
11666	-20.291296707917038	-17.87042775009756	7.714533805847168	137.0
11685	-20.477841762319432	-17.668671363827826	7.701844692230225	137.0
11705	-20.314487861190127	-17.161257082058306	7.878409385681152	137.0
11723	-20.01850558147787	-16.61924922171098	8.227535247802734	137.0
11743	-19.853998277635363	-16.254554042551828	8.812466621398926	137.0
11763	-19.65720677850453	-15.992449254165729	9.294499397277832	137.0
11783	-19.6147068229383	-15.733881090240668	9.422032356262207	137.0
11802	-19.58544714142847	-15.410309883747868	9.720775604248047	137.0
11822	-19.338918380126085	-14.950862770035355	9.77756118774414	137.0
11840	-19.123914570760302	-14.659855208056745	9.7913818359375	137.0
11862	-19.13281405135113	-14.527166050897451	9.836575508117676	137.0
11880	-19.156639063447575	-14.410186021697442	9.717987060546875	137.0
11899	-19.223338320749956	-13.994358772124746	9.551472663879395	137.0
11920	-19.238265285520647	-13.613421991109588	9.479155540466309	137.0
11938	-19.33714634845848	-13.04227681352945	9.502053260803223	137.0
11959	-19.35907296949369	-12.365439896245062	9.347000122070312	137.0
11983	-19.45816232802864	-12.159932806080858	9.235027313232422	137.0
11998	-19.499642277043225	-11.929678331047265	9.484965324401855	137.0
12016	-19.66123416768001	-11.48411139191537	9.728737831115723	137.0
12036	-19.66123416768001	-11.48411139191537	9.728737831115723	137.0
12056	-19.779949787195168	-10.921465727253416	10.206526756286621	137.0
12074	-19.779949787195168	-10.921465727253416	10.206526756286621	137.0
12094	-19.998437835306042	-10.798194370983156	10.32810115814209	137.0
12113	-19.998437835306042	-10.798194370983156	10.32810115814209	137.0
12133	-19.99518110225106	-10.725873088263684	10.665739059448242	137.0
12152	-19.975915904524264	-10.480554712206706	10.87518310546875	137.0
12183	-20.103370277223675	-10.31971686073986	10.946533203125	137.0
12190	-19.959392073238895	-10.207108821743073	11.029964447021484	137.0
12212	-19.84521480280995	-10.302320800654154	11.002260208129883	137.0
12232	-19.70024405652758	-10.166288127851946	11.061519622802734	137.0
12249	-19.373289190976724	-9.855792497901849	11.131753921508789	137.0
12269	-19.023739501145233	-9.465526608732116	11.178047180175781	137.0
12288	-18.806250560965	-9.320962912255085	11.166984558105469	137.0
12307	-18.807872009148014	-9.159313553836554	11.364255905151367	137.0
12328	-18.60896848773686	-9.115918888944496	11.368976593017578	137.0
12348	-18.551079752532228	-8.873900303665994	11.536870956420898	137.0
12366	-18.362153399286285	-8.76633345137526	11.459962844848633	137.0
12386	-18.23766317674056	-8.617405554374724	11.677945137023926	138.0
12404	-18.42857313900773	-8.461187701280998	12.066337585449219	138.0
12424	-18.5198277041443	-8.382593470036367	11.969919204711914	138.0
12446	-18.59843995075531	-8.253825942707204	12.106573104858398	138.0
12464	-18.494644698385155	-8.216207212440773	12.304702758789062	138.0
12483	-18.411272916414678	-8.095780011201818	12.536099433898926	138.0
12504	-18.109760428605416	-8.069816746735405	12.760095596313477	138.0
12521	-17.838765083509347	-7.775504987806556	13.221540451049805	138.0
12541	-17.72392036692373	-7.884865654553651	13.35004711151123	138.0
12561	-17.379085180410073	-8.055652345400834	13.416108131408691	138.0
12583	-17.25066623670314	-8.046406721799848	13.777078628540039	138.0
12599	-17.1144948604921	-8.03991928329245	13.879026412963867	138.0
12618	-16.902886426644706	-7.92900075285527	13.908385276794434	138.0
12638	-16.63769721175173	-7.835851766733463	13.931167602539062	138.0
12658	-16.359306389145253	-7.8609577031659	14.076705932617188	138.0
12679	-16.226165754217458	-8.070147093837344	14.004592895507812	138.0
12703	-16.10322770071822	-7.997882076124556	13.900932312011719	138.0
12716	-16.084085485809197	-7.746393527135917	13.854449272155762	138.0
12735	-15.828659062901167	-7.632681878392617	13.836642265319824	138.0
12755	-15.828659062901167	-7.632681878392617	13.836642265319824	138.0
12775	-15.641655711289278	-7.438349396583704	13.488419532775879	138.0
12795	-15.641655711289278	-7.438349396583704	13.488419532775879	138.0
12815	-15.739815331178322	-7.341607491314428	13.426154136657715	138.0
12833	-15.845007091105936	-7.4896016754831765	13.217235565185547	138.0
12852	-15.816960426302593	-7.466094876200517	13.342467308044434	138.0
12871	-15.797249315837078	-7.4544489545015855	13.297011375427246	138.0
12891	-15.37137878904113	-7.587356434081068	13.439668655395508	138.0
12911	-15.235176492174675	-7.6656549896814	13.423500061035156	138.0
12934	-14.98305932097647	-7.896379086865349	13.820820808410645	138.0
12949	-14.956970576945942	-7.989477947446438	13.936684608459473	138.0
12968	-14.73608478079186	-8.257558293817633	13.69573974609375	138.0
12988	-14.604431715338528	-8.24985578403049	13.608354568481445	138.0
13009	-14.500854553136671	-8.138884649787666	13.297797203063965	138.0
13027	-14.31340248190453	-8.050720359902835	13.249693870544434	138.0
13057	-14.266822194726524	-7.919838391026946	13.01871395111084	138.0
13066	-13.980264182115073	-8.052700432996954	12.908528327941895	138.0
13085	-13.540043468589609	-7.929133019075974	12.488692283630371	138.0
13105	-13.272554734564146	-8.00638966465196	12.279223442077637	138.0
13124	-13.125125067488687	-7.94371394142647	12.058525085449219	138.0
13144	-12.761965777538014	-7.880545191636098	11.736861228942871	138.0
13163	-12.586016592063116	-7.98183890098754	11.332447052001953	138.0
13184	-12.197000977726594	-7.886530391152867	11.114009857177734	138.0
13202	-12.022814113317104	-7.902959795235048	10.810922622680664	138.0
13222	-11.766434790711015	-7.622571481884157	10.380020141601562	138.0
13242	-11.574234243055253	-7.439494261966418	9.803437232971191	138.0
13261	-11.19203123360217	-7.173815564847084	9.475172996520996	138.0
13282	-10.768046709062201	-6.863814535227596	9.149866104125977	138.0
13304	-10.655139706123954	-6.736944114536237	8.861918449401855	138.0
13320	-10.296723865747328	-6.634833595102189	8.429216384887695	138.0
13338	-9.891383360438057	-6.612588329094581	7.910034656524658	138.0
13358	-9.501258231927375	-6.307423979784936	7.502359390258789	138.0
13378	-9.476903901346098	-6.1375261649616295	7.1786208152771	137.0
13404	-9.403499282375549	-6.14996952474804	6.838890075683594	137.0
13416	-9.28631113509359	-6.201501606661206	6.598223686218262	137.0
13436	-9.12964170476342	-6.154600538915623	6.390136241912842	137.0
13455	-8.805180123465442	-5.980311159689045	5.819264888763428	137.0
13475	-8.794145744406592	-5.807739855615244	5.413997650146484	137.0
13495	-8.949148836866808	-5.684886521507663	5.256379127502441	137.0
13514	-8.949148836866808	-5.684886521507663	5.256379127502441	137.0
13534	-9.1065695328238	-5.613694453955287	4.587193965911865	137.0
13553	-9.016869230619392	-5.54289232972935	3.9527740478515625	137.0
13572	-9.092651911095	-5.341488525323714	3.6247000694274902	137.0
13591	-9.27438851435583	-5.188120390480457	3.0710763931274414	138.0
13611	-9.19066584406479	-5.115535741023948	2.4931230545043945	138.0
13630	-9.356502590009327	-5.080698369086873	2.1455042362213135	138.0
13649	-9.356518241711594	-4.9830157241704285	1.8558628559112549	138.0
13669	-9.495896072920344	-4.928736629733129	1.1706604957580566	138.0
13690	-9.738789249087645	-4.907867491916295	1.097778558731079	138.0
13708	-9.740111303330071	-4.7819861709563485	0.9522265195846558	138.0
13728	-9.818246474847099	-4.718015768851764	0.5469530820846558	138.0
13748	-9.972402927792718	-4.559877135265186	0.2960728406906128	138.0
13766	-10.364258905417724	-4.565681032010159	0.038387566804885864	138.0
13786	-10.648668985651453	-4.507104459416817	-0.2708265781402588	138.0
13806	-11.066894966856792	-4.306722274172161	-0.8136301040649414	138.0
13825	-11.461887958312492	-4.242813748486131	-1.0428252220153809	138.0
13844	-11.744787707613046	-4.09088787385379	-1.4686648845672607	138.0
13864	-12.047277114437922	-3.9965244769784936	-1.6185033321380615	138.0
13884	-12.573633598070266	-3.9936703786453793	-1.8532965183258057	138.0
13903	-12.852125274751314	-3.9852848148705053	-2.169745445251465	138.0
13922	-13.340277149343715	-3.6132211989550713	-2.602130889892578	138.0
13942	-13.910684793266574	-3.337942086073837	-2.89875864982605	138.0
13961	-14.354072526233415	-3.0690172714334665	-2.8060545921325684	138.0
13980	-14.696048759601343	-2.644516326496965	-2.793051242828369	137.0
14002	-14.933346804897774	-2.400670552729019	-3.043917179107666	137.0
14029	-15.64879442805206	-2.361854272656687	-3.0379958152770996	137.0
14039	-15.784689170459565	-2.031397478272125	-2.6890861988067627	137.0
14058	-16.14576816856415	-1.6473777644965546	-2.6602115631103516	137.0
14078	-16.305135422068314	-1.703153188807451	-2.187046766281128	137.0
14098	-16.31371090472189	-1.642922086713779	-1.902185082435608	137.0
14118	-16.3281683445372	-1.716900014774889	-1.881881833076477	137.0
14139	-16.200972093031236	-1.9221135059777814	-1.9725537300109863	137.0
14155	-16.2116271564456	-2.0101511344107603	-1.8702679872512817	137.0
14176	-15.882731520829758	-2.0843606648242194	-1.8865232467651367	137.0
14195	-15.882731520829758	-2.0843606648242194	-1.8865232467651367	137.0
14215	-15.555427751158504	-2.523447777389039	-2.1077914237976074	137.0
14234	-15.555427751158504	-2.523447777389039	-2.1077914237976074	137.0
14254	-15.48449194911587	-2.5087006650518235	-2.2007339000701904	137.0
14272	-15.296421960935588	-2.6166324077007657	-2.2576539516448975	137.0
14291	-15.190409614980245	-2.646308642356131	-2.326063394546509	137.0
14311	-15.187389961528154	-2.8035876522796284	-2.429401397705078	137.0
14331	-15.035494102017726	-2.812718691938404	-2.4770700931549072	137.0
14350	-14.991408756402285	-2.7860322387561234	-2.6727426052093506	137.0
14372	-15.088833454849025	-2.7603347466370947	-2.648862838745117	137.0
14390	-15.131558021097991	-2.8449728924108317	-2.7005181312561035	137.0
14408	-14.92462716479906	-2.807799949606243	-2.7007696628570557	137.0
14428	-15.030386245913055	-2.933149980940446	-2.8652939796447754	137.0
14447	-14.766808535427662	-2.9680573793607	-2.9252779483795166	137.0
14467	-14.87882103701794	-2.91207545826977	-3.0691895484924316	137.0
14486	-14.880474176363382	-2.9214912144525087	-3.3154265880584717	137.0
14508	-14.921813073473531	-2.896459853045625	-3.371415376663208	137.0
14526	-14.988062834240436	-2.776247582443728	-3.6064226627349854	137.0
14545	-14.840801534089186	-2.840475044283315	-3.513864278793335	137.0
14563	-14.86627260144671	-2.9092274977666883	-3.6849982738494873	137.0
14584	-14.889699595844377	-2.8399774098691086	-3.7413151264190674	137.0
14604	-15.243806020047279	-2.998998448957556	-3.969212293624878	137.0
14626	-15.252968846856518	-2.9932751393518595	-3.938210964202881	137.0
14642	-15.442163304132878	-3.056555970916797	-3.805253505706787	137.0
14661	-15.47682623310413	-3.129874866178766	-3.9910049438476562	137.0
14680	-15.55534628774177	-3.2700644950724262	-4.135668754577637	137.0
14701	-15.525336404614434	-3.3811376244578573	-4.307991981506348	137.0
14724	-15.54212080216374	-3.5202537277763506	-4.654501914978027	137.0
14739	-15.44237073425446	-3.664419400375122	-4.9047770500183105	137.0
14759	-15.319533733449777	-3.5628085050482343	-4.911726951599121	137.0
14778	-15.278531825416719	-3.588666995503974	-5.06309700012207	138.0
14797	-15.285496583649874	-3.5982501525241455	-5.0954389572143555	138.0
14818	-15.296372462286019	-3.3286411046631907	-5.136088848114014	138.0
14837	-15.233806226383637	-3.4024401999888845	-5.094522953033447	138.0
14859	-15.447705755758811	-3.404330682173951	-5.143794536590576	138.0
14876	-15.503212463007666	-3.368609772650383	-4.999589920043945	138.0
14895	-15.782283370928871	-3.304001672908801	-5.060638427734375	138.0
14917	-15.947698809688026	-3.3727532206411808	-5.164568901062012	138.0
14935	-15.947698809688026	-3.3727532206411808	-5.164568901062012	138.0
14954	-15.993406314296902	-3.4935841341724445	-5.131012916564941	138.0
14975	-16.062274082835373	-3.707189822624824	-5.306976318359375	138.0
14992	-16.181299815991057	-4.038415820725741	-5.487829685211182	138.0
15012	-16.167769687304354	-4.135958407819707	-5.655292987823486	138.0
15031	-15.94987920712103	-4.191866451673264	-5.831709384918213	138.0
15050	-16.160821114995368	-4.560826425057245	-6.0400238037109375	138.0
15070	-15.948067339419472	-4.75264463671846	-6.282154560089111	138.0
15094	-15.795299625947148	-5.061965966076839	-6.365861892700195	138.0
15108	-15.81410085236199	-5.133373122414324	-6.585053443908691	138.0
15128	-15.906450388570025	-5.357014102392933	-6.613348007202148	138.0
15148	-15.786307371396662	-5.556152256107771	-6.674731731414795	138.0
15167	-15.674697384329146	-5.715366747080847	-6.749222278594971	138.0
15188	-15.867616204229765	-6.111978045396977	-6.847564220428467	138.0
15206	-15.896605710106714	-6.370608822206031	-6.9099602699279785	138.0
15226	-15.97582926811849	-6.6582022404272	-6.859904766082764	138.0
15245	-16.07947307352614	-6.759802192631318	-6.958189010620117	138.0
15265	-15.979830861915474	-7.118247832844077	-7.117710113525391	138.0
15284	-15.904581879213811	-7.318515466284556	-7.259426593780518	138.0
15304	-15.841212260473997	-7.616206712321343	-7.015985012054443	138.0
15323	-16.035065202997412	-7.99036587910673	-6.981566429138184	138.0
15344	-15.92121897798943	-8.177492346925854	-6.891834259033203	138.0
15361	-15.845289226351532	-8.172141914674757	-7.002246379852295	138.0
15382	-15.76673620337188	-8.341948350917367	-6.973743915557861	139.0
15400	-15.763024219719115	-8.644150193857053	-6.812469959259033	139.0
15420	-15.745360098615858	-8.616655767454457	-6.730883598327637	139.0
15440	-15.647264776485121	-8.871017850727345	-6.578274726867676	139.0
15459	-15.754421413322861	-9.178097436704238	-6.749063014984131	139.0
15479	-15.48871785497628	-9.321043893306586	-6.718653678894043	139.0
15498	-15.330286859626067	-9.495511870710612	-6.550104141235352	139.0
15518	-14.965540843924952	-9.95358753216002	-6.485248565673828	139.0
15538	-14.67431332571608	-10.378399081103545	-6.158282279968262	139.0
15559	-14.30879571997096	-10.671677823234726	-6.028037071228027	139.0
15578	-14.088707283341146	-11.395837816034696	-5.696217060089111	139.0
15595	-13.420024977762699	-11.82974429064218	-5.4696455001831055	139.0
15614	-12.773903598381205	-12.26549571844882	-5.277943134307861	139.0
15635	-12.055510836888477	-12.831042831764663	-5.075637340545654	139.0
15655	-11.247889242901886	-13.292859527780163	-5.3206257820129395	139.0
15677	-11.247889242901886	-13.292859527780163	-5.3206257820129395	139.0
15692	-10.493689009177556	-13.478125719376095	-5.846080780029297	139.0
15712	-9.811063766160707	-13.880485592364929	-6.664734363555908	139.0
15733	-9.275537765672093	-14.12597392127873	-7.013835906982422	139.0
15751	-8.635554650575882	-14.24634834946846	-7.518442630767822	139.0
15771	-8.447743511635242	-14.400854703644606	-8.150107383728027	139.0
15789	-8.335878901550158	-14.4873735874991	-8.90816593170166	139.0
15808	-8.580434525126355	-14.350328875555132	-9.426779747009277	139.0
15828	-8.954495056871034	-14.130258157202281	-10.028136253356934	139.0
15848	-9.4365885351457	-13.953558489604509	-10.598264694213867	139.0
15868	-10.02903925344568	-13.534145330177141	-10.724220275878906	139.0
15887	-10.4188245795685	-13.26498938075587	-10.870162963867188	139.0
15907	-10.99342431963472	-12.896597993902073	-11.046333312988281	139.0
15925	-11.442838243952721	-12.624147879073428	-11.070507049560547	139.0
15946	-12.000135781359377	-12.230546090488815	-11.096182823181152	139.0
15965	-12.36019682898518	-11.92791530257584	-10.987337112426758	139.0
15985	-12.72250730507695	-11.247019524211959	-11.127899169921875	139.0
16003	-12.935853210111025	-10.69704953632061	-10.991377830505371	139.0
16023	-13.236370158264656	-10.292213871999765	-10.915691375732422	139.0
16043	-13.843892585147906	-9.806905813105514	-10.725461959838867	139.0
16063	-14.13923230923331	-9.335291405278756	-10.53268051147461	139.0
16081	-14.377811161638318	-8.883463590045325	-10.005200386047363	139.0
16102	-14.382528948134004	-8.628624856299918	-9.40701675415039	139.0
16120	-14.571822294671422	-8.281460607015767	-9.357698440551758	139.0
16140	-14.778914677354658	-8.206637723300014	-8.704097747802734	139.0
16160	-15.14604946429068	-7.86505627180545	-8.403740882873535	139.0
16179	-15.44821134296218	-7.50211219477711	-8.127060890197754	139.0
16198	-15.473412808420766	-7.490340828398811	-7.954831123352051	139.0
16218	-15.384168115494507	-7.178693301919511	-7.851759910583496	139.0
16237	-15.291060492629807	-6.9184749070664955	-7.766727924346924	139.0
16256	-15.46810151710642	-6.460545483937122	-7.803782939910889	139.0
16276	-15.49037615493545	-6.177510765666931	-7.734026908874512	139.0
16296	-15.502577879758062	-6.0180000634186674	-7.811925411224365	139.0
16315	-15.480875191582609	-5.991636209380044	-7.477514743804932	139.0
16335	-15.480875191582609	-5.991636209380044	-7.477514743804932	139.0
16354	-15.394353176238077	-6.044037732805099	-7.217352390289307	139.0
16375	-15.485301778570966	-5.950910025430632	-7.129402160644531	139.0
16394	-15.5315330808136	-5.878168674313094	-6.955118656158447	139.0
16412	-15.7089478724069	-5.849054508556099	-6.947425842285156	139.0
16431	-15.638699068560728	-5.931027901749692	-6.999983310699463	139.0
16451	-15.584734962642674	-5.856201367642868	-6.703500747680664	139.0
16471	-15.609637885179193	-5.781425518258254	-6.546818733215332	139.0
16490	-15.450496778003245	-5.626730960410912	-6.667355537414551	139.0
16509	-15.250691804444974	-5.372599013017284	-6.818857192993164	139.0
16529	-15.03525585200877	-5.147470953725115	-6.908002853393555	139.0
16549	-14.943160282350895	-5.153130785144294	-6.690617084503174	139.0
16568	-14.79050404232742	-5.001689869458695	-6.704797744750977	139.0
16587	-14.767290792020177	-4.850893767663211	-6.205561637878418	138.0
16607	-14.790431166450086	-4.808129078057619	-6.088470458984375	138.0
16626	-14.74125073554231	-4.641624883117451	-5.9843878746032715	138.0
16645	-15.098152908902566	-4.5566966158378355	-5.755894660949707	138.0
16665	-15.232378594444624	-4.495600525483394	-5.498690128326416	138.0
16685	-15.24497880098159	-4.476619167686463	-5.150088787078857	138.0
16704	-15.351608650618102	-4.331900018478809	-5.210123538970947	138.0
16722	-15.287875760243713	-4.247699346278111	-5.222832202911377	138.0
16743	-15.270434135622516	-4.2557092315062395	-5.485133647918701	138.0
16763	-15.326538084734379	-4.142503966171904	-5.572807312011719	138.0
16782	-15.314484657364144	-4.406928891424213	-5.564386367797852	138.0
16802	-15.048734947960217	-4.240172641882568	-5.687253952026367	138.0
16820	-15.093857677994913	-4.138358449025196	-5.843707084655762	138.0
16840	-15.17358144693706	-4.151989406979839	-5.870892524719238	138.0
16861	-15.076631087031187	-4.021844483864287	-5.930354595184326	138.0
16882	-15.266250671422634	-4.028505746747641	-5.475424766540527	138.0
16898	-15.209209080703161	-4.008928712090598	-5.37852144241333	138.0
16919	-15.162953654953464	-4.244840203902748	-5.265547275543213	138.0
16937	-15.072531816422584	-3.991940428480729	-5.277142524719238	138.0
16957	-14.868563198695155	-4.023819027303854	-5.314001560211182	138.0
16977	-14.869329058812738	-3.9332121136237514	-5.284607410430908	138.0
16995	-14.755417588757604	-3.761009221991783	-5.294504642486572	138.0
17018	-14.625257289524136	-3.6605657623361925	-5.487724781036377	138.0
17035	-14.625257289524136	-3.6605657623361925	-5.487724781036377	138.0
17055	-14.391204774639293	-3.5897835085620895	-5.740388870239258	138.0
17074	-14.391204774639293	-3.5897835085620895	-5.740388870239258	138.0
17094	-14.100852662216338	-3.49920585328647	-5.927638053894043	138.0
17114	-14.100852662216338	-3.49920585328647	-5.927638053894043	138.0
17133	-14.177738440082564	-3.2289605765441283	-5.805768013000488	138.0
17152	-13.8779483915284	-3.2216512050177943	-5.37440824508667	138.0
17170	-13.88237180796479	-3.110901561375676	-5.452843189239502	138.0
17190	-13.811659456934526	-3.1635430603840815	-5.36040735244751	138.0
17210	-13.660685578214816	-3.184597605569551	-5.415229320526123	138.0
17230	-13.88478117265722	-3.366133030332104	-5.407796859741211	138.0
17248	-13.883422020447401	-3.282685203309157	-5.440742015838623	138.0
17269	-13.899676255422836	-3.2651655314294152	-5.173064708709717	138.0
17287	-13.939117198575996	-3.5442159330187804	-5.162247657775879	138.0
17308	-14.116003730471107	-3.4641940451433455	-5.34205436706543	138.0
17327	-13.923442086542426	-3.6561591387454166	-5.484736919403076	138.0
17346	-14.190442603124778	-3.8061409162944515	-5.605134963989258	138.0
17365	-14.27051019794431	-3.5730174474301215	-5.645264625549316	138.0
17386	-14.184596385692396	-3.4643553218592302	-5.681390762329102	138.0
17405	-14.221846409682358	-3.604725493455637	-5.347145080566406	138.0
17424	-14.076344098512765	-3.6347869135650304	-5.32044792175293	138.0
17443	-13.916021586121442	-3.601248230264285	-5.432119846343994	138.0
17463	-13.837362882384245	-3.6531088403091103	-5.574023246765137	138.0
17482	-13.926696206202722	-3.5677704558330183	-5.156829833984375	138.0
17502	-13.906533047216238	-3.5688751894173745	-5.079136848449707	138.0
17521	-14.061915695433656	-3.898557679206781	-5.172445297241211	138.0
17541	-14.040321960950248	-3.879442415529086	-5.278511047363281	138.0
17561	-14.039649331414129	-3.725149454648407	-5.6729512214660645	138.0
17580	-14.060866443141713	-3.58467457812613	-5.740437030792236	138.0
17599	-14.113245321270501	-3.5958678779153375	-5.526694297790527	138.0
17618	-14.017201199801356	-3.66511792448554	-5.35011100769043	138.0
17637	-13.861836590322014	-3.6200682650689417	-5.508270740509033	138.0
17657	-13.717138779476809	-3.5915161013430925	-5.415999412536621	138.0
17677	-13.573806418808832	-3.575714881282915	-5.098893642425537	138.0
17697	-13.559987594605952	-3.5441934198382694	-4.898916244506836	138.0
17716	-13.650159598045043	-3.7432719849743723	-4.776801109313965	138.0
17736	-13.756073912078111	-3.8333820385598574	-4.832062721252441	138.0
17754	-13.68260694653192	-3.741685972324676	-5.082156658172607	138.0
17775	-13.599874428746476	-3.7525035752852043	-5.123552322387695	138.0
17794	-13.599874428746476	-3.7525035752852043	-5.123552322387695	138.0
17814	-13.634276141495727	-3.7288709086148764	-5.316634178161621	138.0
17833	-13.68268357092115	-3.6943171327062188	-5.224865436553955	138.0
17852	-13.636812498817225	-3.8673254481761337	-5.299803256988525	138.0
17870	-13.51914247529667	-3.8946692271296004	-5.37216329574585	138.0
17891	-13.398518460764535	-3.7625915637191483	-5.369229316711426	138.0
17911	-13.349886429789548	-3.626619536872755	-5.425282955169678	138.0
17930	-13.429159675946245	-3.5384757070485815	-5.370018482208252	138.0
17949	-13.465116098693288	-3.3699351402934057	-5.69968843460083	138.0
17970	-13.503611469130567	-3.5594231138576595	-5.440472602844238	138.0
17988	-13.457397008317628	-3.6396879538143967	-5.66084098815918	139.0
18008	-13.56769502647065	-3.5529752264517946	-5.626087188720703	139.0
18029	-13.672208656282224	-3.4816826555637523	-5.836743354797363	139.0
18046	-13.77431465027776	-3.632193381514277	-5.803611755371094	139.0
18069	-13.924927683508697	-3.7882913035336725	-5.759209156036377	139.0
18087	-13.740541260668506	-3.7642505080128954	-5.698837757110596	139.0
18105	-13.699441926425402	-3.7624624709453807	-5.627294540405273	139.0
18124	-13.775251335488536	-3.867342919431836	-5.579968452453613	139.0
18143	-13.688697731235454	-3.8715917998360996	-5.376864433288574	139.0
18163	-13.428397885214657	-3.6708518536944834	-5.528902530670166	139.0
18185	-13.365878655496179	-3.8794952992449394	-5.248162269592285	139.0
18203	-13.314497658633163	-3.7147857266437283	-5.352147102355957	139.0
18221	-13.355363053683522	-3.7094990502927456	-5.368040561676025	139.0
18241	-13.508547847152279	-3.684941798392573	-5.373476982116699	139.0
18261	-13.592751634857924	-3.862566615159061	-5.285497665405273	139.0
18279	-13.529467772001933	-3.7327100500016415	-5.6389360427856445	139.0
18300	-13.65463187833461	-3.7775184431957554	-5.747664451599121	139.0
18319	-13.61996119565121	-3.830903354418439	-5.691067695617676	139.0
18338	-13.664858171474469	-3.591050260015856	-5.898764610290527	139.0
18358	-13.57244531811466	-3.7058165740820725	-5.704511642456055	139.0
18377	-13.359353192292048	-3.7004052456119214	-5.558274745941162	139.0
18406	-13.238112700633577	-3.9009307999289398	-5.665175914764404	139.0
18416	-13.167905081804234	-3.686957802396792	-5.675422668457031	139.0
18435	-13.120598884094846	-3.8661455392650543	-5.410975456237793	139.0
18457	-13.068587430574201	-3.8659047639613244	-5.384654998779297	139.0
18475	-13.068587430574201	-3.8659047639613244	-5.384654998779297	139.0
18494	-13.196120597181789	-3.861746665361359	-5.227817535400391	139.0
18514	-13.11508037097192	-4.063736212128383	-5.251921653747559	139.0
18533	-13.14141264291149	-3.966181775709024	-5.346413612365723	139.0
18552	-13.27449129032299	-3.990708107829684	-5.3808088302612305	139.0
18572	-13.387918267031234	-4.036887349152288	-5.395563125610352	139.0
18591	-13.349225981572399	-4.039586290891688	-5.376495361328125	139.0
18611	-13.33011992920627	-3.846685268163749	-5.473573207855225	139.0
18630	-13.176451042490426	-3.90721384051647	-5.475503444671631	139.0
18649	-12.947046964185137	-3.9306354255594873	-5.63176965713501	139.0
18668	-12.894337067667788	-3.701968356048752	-5.453791618347168	139.0
18688	-12.90835144424627	-3.7788742883714983	-5.443143844604492	139.0
18709	-12.8074989309753	-3.8000359012971177	-5.403466701507568	139.0
18727	-12.725113712332808	-3.7233459698603135	-5.4702467918396	139.0
18747	-12.893465964650268	-3.7392966174297593	-5.480951309204102	139.0
18765	-12.939912963518333	-3.779716921880227	-5.308101654052734	139.0
18786	-12.91186813055901	-3.703298085648856	-5.260462284088135	138.0
18805	-13.226960435577165	-3.716399396171087	-5.311151504516602	138.0
18825	-13.208792799434372	-3.6310133653307157	-5.539303779602051	138.0
18844	-13.062752517642625	-3.725916314625004	-5.595390319824219	138.0
18863	-13.026772220942558	-3.5963400017001224	-5.5654296875	138.0
18882	-13.046607546761486	-3.5370623558479064	-5.530569076538086	138.0
18904	-13.055845505879475	-3.6454841485577254	-5.387178421020508	138.0
18923	-13.109879618454126	-3.5427265829512438	-5.575313568115234	138.0
18941	-13.277003046384243	-3.3660552307887386	-5.41317892074585	138.0
18961	-13.204863682741857	-3.1599272081964718	-5.475369930267334	138.0
18980	-13.22259438538638	-3.483077513499903	-5.270936489105225	138.0
18999	-13.377735635548872	-3.4269454563549293	-5.06328010559082	138.0
19020	-13.416540709294493	-3.5789439045199183	-5.03065824508667	138.0
19038	-13.269454824845184	-3.654957792249545	-4.8726043701171875	138.0
19060	-13.15295609285439	-3.7096427597523616	-5.295332908630371	138.0
19078	-12.993742863279982	-3.8467799185928473	-5.284852981567383	138.0
19097	-13.084700284032301	-4.033741751654357	-5.531959056854248	138.0
19116	-12.99290871603304	-4.148632105935273	-5.444415092468262	138.0
19138	-13.047731774995155	-3.9624014019179103	-5.452605724334717	138.0
19155	-13.047731774995155	-3.9624014019179103	-5.452605724334717	138.0
19175	-12.929685752162815	-4.032639777063701	-5.5765461921691895	138.0
19195	-13.143463382889433	-3.8995497153818537	-5.659412384033203	138.0
19214	-13.143463382889433	-3.8995497153818537	-5.659412384033203	138.0
19233	-13.047295970650568	-3.908459457530997	-5.322187423706055	138.0
19254	-13.161367655884717	-3.6694417761166975	-5.301908493041992	138.0
19276	-12.944473458248158	-3.6244415869203697	-5.402777671813965	138.0
19291	-13.00740593532376	-3.803810148366632	-5.565146446228027	138.0
19311	-12.820555050313626	-3.911446152902415	-5.50828742980957	138.0
19330	-12.718496929732702	-3.926831454045155	-5.471816062927246	138.0
19349	-12.9174364706258	-3.951969243961648	-5.398138046264648	138.0
19370	-12.753597146124617	-4.015577217067132	-5.59428596496582	138.0
19390	-12.70547508131463	-3.931166846914485	-5.477752685546875	138.0
19408	-12.558430463086964	-4.062211914436672	-5.592059135437012	138.0
19428	-12.562912915666328	-3.948404534232254	-5.343648910522461	138.0
19447	-12.38756765663936	-3.6129139473181695	-5.4146881103515625	138.0
19467	-12.607749582508315	-3.451549780467014	-5.615243434906006	138.0
19486	-12.696959137827168	-3.2952656107634715	-5.849400043487549	138.0
19505	-12.64013132335977	-3.3383329652244202	-5.848799705505371	138.0
19525	-12.552822226416678	-3.2997771737523443	-5.731141567230225	138.0
19545	-12.735359635258254	-3.3491096519375883	-5.823725700378418	138.0
19563	-12.75791499336957	-3.3509511769266775	-5.588627815246582	138.0
19583	-12.863109417486623	-3.415234388374046	-5.778024196624756	137.0
19602	-13.013301646422788	-3.637964270159984	-5.509535789489746	137.0
19623	-13.07049449754585	-3.6661343219011733	-5.50239896774292	137.0
19644	-13.134640135005572	-3.6954004874521624	-5.5924458503723145	137.0
19661	-13.023292498818913	-3.916393631271145	-5.842370510101318	137.0
19680	-13.165357254035314	-3.9565364990440743	-5.615009307861328	137.0
19700	-13.261425454190588	-4.006115416298582	-5.449749946594238	137.0
19720	-13.27221031254565	-4.147245482751088	-5.721340179443359	137.0
19740	-13.172518959270569	-4.181283442779888	-5.580471992492676	137.0
19760	-13.154882501272564	-4.011440401429781	-5.935212135314941	137.0
19778	-13.09690678970518	-4.107162521263683	-5.88179874420166	137.0
19797	-13.160874794801408	-4.052195054075852	-5.846097469329834	137.0
19817	-13.245676841219936	-3.7567727640123136	-5.620291709899902	137.0
19836	-13.403450223937687	-3.6486806070018796	-5.687830924987793	137.0
19856	-13.366346034624032	-3.6693717278534517	-5.733007907867432	137.0
19876	-13.366346034624032	-3.6693717278534517	-5.733007907867432	137.0
19895	-13.360791712957866	-3.4129001746524157	-5.847785949707031	137.0
19914	-13.360791712957866	-3.4129001746524157	-5.847785949707031	137.0
19934	-13.405256755440677	-3.5629986080504956	-5.828498840332031	137.0
19953	-13.265114650906682	-3.5305224883355586	-5.655898571014404	137.0
19974	-13.081452627362253	-3.632728418056569	-5.605744361877441	137.0
19992	-12.988366102875172	-3.6462302555652824	-5.6670637130737305	137.0
20011	-12.903326439394174	-3.683819691503432	-5.713530540466309	137.0
20030	-12.831307665684426	-3.75343112598575	-5.386294841766357	137.0
20050	-12.795136288696597	-3.5950037323196926	-5.289116382598877	137.0
20069	-12.778713585865807	-3.6575942414451927	-5.163680076599121	137.0
20089	-12.615912257327494	-3.69160262286644	-4.919251441955566	137.0
20112	-12.607520965004161	-3.7682353397110053	-5.137701034545898	137.0
20127	-12.74689593683243	-3.7655115590124226	-5.100778102874756	137.0
20148	-12.611730369877186	-3.8010514108104387	-5.026932716369629	137.0
20167	-12.703895631558007	-3.8180237387495906	-4.917929172515869	137.0
20187	-12.836208583941136	-3.738894369726847	-5.2419047355651855	137.0
20205	-13.08746142681337	-3.7624133997034206	-5.3977742195129395	137.0
20225	-13.09263386092569	-3.7181264601786315	-5.652365684509277	137.0
----------------도착----------------
20246	-13.090870126934028	-3.714282807641421	-5.803526401519775	137.0
20264	-13.0845720040334	-3.5257030903152535	-5.9532060623168945	137.0
20283	-12.865891310028605	-3.572320330839976	-5.973534107208252	137.0
20303	-13.028437891832345	-3.7215011352752834	-6.149832248687744	137.0
20322	-12.839870033207758	-3.8477185765739357	-6.163183212280273	137.0
20342	-12.806983671654795	-3.864901118319846	-5.957010746002197	137.0
20361	-12.539846805376751	-3.9523102712616462	-5.972724914550781	137.0
20380	-12.584708809974062	-3.880039185363247	-5.66483211517334	137.0
20400	-12.597420827842088	-3.8702683240276468	-5.677349090576172	137.0
20420	-12.76035313217359	-4.026320411863869	-5.462747573852539	137.0
20439	-12.84321864962213	-3.778924301056594	-5.613973617553711	137.0
20459	-12.731343164249619	-3.7422370507742206	-5.651928424835205	137.0
20478	-12.668854529306014	-3.895701215405954	-5.944352149963379	137.0
20497	-12.687484724238049	-3.996993244532371	-6.013452529907227	137.0
20517	-12.910488646147463	-4.069006100805349	-5.854959487915039	137.0
20536	-12.916139044302735	-4.09579568745861	-6.158077716827393	137.0
20556	-13.028468204031634	-4.149723865812503	-5.995702266693115	137.0
20575	-13.028468204031634	-4.149723865812503	-5.995702266693115	137.0
20594	-13.003068376272273	-4.320062880644352	-5.80155086517334	138.0
20615	-13.127734696777221	-4.2233557811148525	-5.809059143066406	138.0
20634	-13.16564130969995	-4.270988879448302	-5.361297130584717	138.0
20654	-13.16564130969995	-4.270988879448302	-5.361297130584717	138.0
20672	-13.136632631422692	-4.073798880193792	-5.222711563110352	138.0
20692	-13.097939944312644	-3.9742331373860127	-5.400710582733154	138.0
20711	-13.082018898439333	-4.210348337535601	-5.412308692932129	138.0
20730	-13.102892864734166	-4.246624584239765	-5.537384033203125	138.0
20750	-13.315677479229823	-4.146384807126574	-5.349839687347412	138.0
20770	-13.577826286012568	-4.129836495620206	-5.405995845794678	138.0
20789	-13.645210935799724	-4.258866243347606	-5.3722124099731445	138.0
20811	-13.831294136734323	-4.219168735924468	-5.464955806732178	138.0
20827	-14.11579981596243	-4.420419458264156	-5.671908378601074	138.0
20847	-14.137687649692568	-4.455223667091441	-5.685532569885254	138.0
20868	-14.02653936174035	-4.213894702894113	-5.658018589019775	138.0
20886	-14.027337626927455	-4.114502134811893	-5.668973922729492	138.0
20906	-13.89369612658395	-4.226160776906274	-5.727881908416748	138.0
20925	-13.793402376623941	-4.359649365946009	-5.600192070007324	138.0
20945	-13.628163704627642	-4.2872262765946125	-5.881484508514404	138.0
20964	-13.688689490489466	-4.214950839813891	-5.517588138580322	138.0
20984	-13.465914770088625	-4.004848273940407	-5.428635120391846	138.0
21002	-13.594042295696834	-4.0047916689507685	-5.380736827850342	138.0
21022	-13.859291852622118	-4.028915397362723	-5.075878143310547	138.0
21042	-14.100895900382126	-4.0941089096842695	-4.943475246429443	138.0
21061	-14.190462015543673	-3.9299577708542	-4.8728108406066895	138.0
21081	-14.259663406938982	-3.7085290014015384	-5.05781888961792	138.0
21100	-14.302043136535543	-3.782412698882996	-4.938228607177734	138.0
21121	-14.457841861936275	-3.7800397834530033	-5.274974822998047	138.0
21139	-14.597957826999412	-3.9729194601648232	-5.347134113311768	138.0
21159	-14.490486542052968	-3.8777650897330433	-5.443348407745361	138.0
21178	-14.34181274119941	-3.9701980295520545	-5.410525321960449	139.0
21198	-14.145235669980254	-3.9359641301796793	-5.358764171600342	139.0
21218	-14.236168340349646	-3.9194383261876644	-5.463957786560059	139.0
21236	-14.369949522606696	-4.038487027227767	-5.6964569091796875	139.0
21255	-14.384625545245619	-3.8223976873041883	-5.534727096557617	139.0
21276	-14.207488039182541	-3.8274517368464687	-5.453439712524414	139.0
21295	-14.207488039182541	-3.8274517368464687	-5.453439712524414	139.0
21316	-14.470604822881958	-3.737726457351095	-5.1410698890686035	139.0
21334	-14.457235328914821	-3.4708108994416533	-5.2902021408081055	139.0
21354	-14.457235328914821	-3.4708108994416533	-5.2902021408081055	139.0
21374	-14.659262747114603	-3.534993386201734	-5.316588401794434	139.0
21393	-14.70205765816582	-3.6290042893203225	-5.246532917022705	139.0
21412	-14.387379859377278	-3.299004230354124	-4.966242790222168	139.0
21432	-14.393402482312332	-3.4827326198121176	-5.08508825302124	139.0
21451	-14.554107937575202	-3.5352927656347917	-5.064975261688232	139.0
21470	-14.460013204938194	-3.521467687453614	-5.159974098205566	139.0
21489	-14.464686058845448	-3.537522332543843	-5.287582874298096	139.0
21509	-14.669820661345355	-3.6406891739256135	-5.393364906311035	139.0
21531	-14.610985229746296	-3.528336828319746	-5.333166122436523	139.0
21549	-14.545674311973526	-3.432769535762598	-5.2428412437438965	139.0
21568	-14.653845471494702	-3.7915529682943694	-5.322701454162598	139.0
21587	-14.740106155683506	-3.900428396136348	-5.214724063873291	139.0
21606	-14.825263958973133	-3.9552937201167353	-5.12974739074707	139.0
21626	-14.886427196634163	-3.9575272704711537	-4.856439113616943	139.0
21644	-14.839494464977236	-3.8960334558922955	-4.957530975341797	139.0
21665	-14.563565276242521	-3.7548408777609272	-4.91304874420166	139.0
21683	-14.557819200469094	-3.587939375005826	-4.974945545196533	139.0
21704	-14.462983643091835	-3.680926191911406	-4.9571733474731445	139.0
21723	-14.453206434883837	-3.7881777077922654	-4.938399314880371	139.0
21742	-14.776377678097388	-3.7148203101745203	-4.81141996383667	139.0
21762	-14.489873014094952	-3.6661578736492073	-4.897566795349121	139.0
21782	-14.312235151393374	-3.4343896268874627	-4.97219705581665	139.0
21802	-14.440166555297607	-3.5561091717020212	-4.714885711669922	139.0
21820	-14.521773359170904	-3.6699747648766032	-4.427390098571777	139.0
21840	-14.645758322916647	-3.6706514018802294	-4.452746868133545	139.0
21860	-14.70430103971798	-3.467034703462313	-4.528702735900879	139.0
21879	-14.809523943060066	-3.333879030647186	-4.402077674865723	139.0
21898	-14.523927175386259	-3.172436091593327	-4.467334747314453	139.0
21918	-14.54761802298362	-3.1919935912467348	-4.250821113586426	139.0
21939	-14.754505356351643	-3.460320497644648	-4.109830379486084	139.0
21956	-14.738626056799768	-3.4898648810724384	-4.0230326652526855	139.0
21976	-14.839273795336165	-3.5267767788797375	-4.344551086425781	139.0
21995	-14.704287784244169	-3.5521220162235854	-4.180718898773193	139.0
22015	-14.625902871354944	-3.5876177502391595	-4.264260292053223	139.0
22034	-14.625902871354944	-3.5876177502391595	-4.264260292053223	139.0
22054	-14.382809298814319	-3.597937241750968	-4.43165922164917	139.0
22074	-14.392681788389075	-3.825468346199344	-4.525055408477783	139.0
22094	-14.611373536853371	-3.785489909791087	-4.365229606628418	139.0
22112	-14.491508210007954	-3.6350662106731972	-4.641042232513428	139.0
22132	-14.302095407666812	-3.447265096351599	-4.515627384185791	139.0
22152	-14.452451800419666	-3.452433770660542	-4.742587566375732	139.0
22170	-14.356719814216447	-3.4012357956530788	-4.812418460845947	139.0
22190	-14.547013803578837	-3.617544047114276	-4.572657585144043	139.0
22209	-14.852104395778722	-3.526150864179975	-4.59145975112915	139.0
22228	-14.80830828970985	-3.422193047516273	-4.449912071228027	139.0
22248	-14.62791553509327	-3.4982036169091164	-4.519249439239502	139.0
22268	-14.71721393006039	-3.645674604062265	-4.372584819793701	139.0
22288	-14.771345272909212	-3.7996507573074934	-4.508858680725098	139.0
22307	-14.640683209980894	-3.7388930810961734	-4.314216136932373	139.0
22325	-14.745861020879458	-3.7818543238839757	-4.406826496124268	139.0
22345	-14.658193620892353	-3.4286177395589745	-4.503537178039551	139.0
22365	-14.613343844548812	-3.493985071830444	-4.433679103851318	139.0
22384	-14.574395369962104	-3.540319837082875	-4.7577805519104	139.0
22405	-14.547120842166796	-3.5404921464103984	-4.897592544555664	139.0
22424	-14.626112589855818	-3.415147003349677	-5.002495765686035	139.0
22442	-14.693168298607196	-3.393794966054956	-4.825213432312012	139.0
22462	-14.66817661036011	-3.3125793238628076	-4.886340141296387	139.0
22481	-14.561317409650174	-3.3753549401621474	-4.583718299865723	139.0
22502	-14.476505634377107	-3.5135263372438774	-4.643331527709961	139.0
22522	-14.23242609282949	-3.467595245299417	-4.6569390296936035	139.0
22540	-14.221238769050652	-3.2982203851811396	-4.668398857116699	139.0
22560	-14.192747027709428	-3.2389565848918807	-4.570365905761719	139.0
22578	-14.273340823944636	-3.2391361688595097	-4.489845275878906	139.0
22598	-14.13388070634653	-3.3062753238084577	-4.788089752197266	139.0
22618	-14.145764921438909	-3.3930752319822974	-4.742013931274414	139.0
22638	-14.258959122445399	-3.484090152824547	-5.023150444030762	139.0
22657	-14.294163427384012	-3.6308483294856915	-5.114105224609375	139.0
22676	-14.401804393865895	-3.4904846589403484	-5.272817134857178	139.0
22695	-14.491934245248594	-3.69310239884526	-4.912335395812988	139.0
22715	-14.437938276170694	-3.7429735858081643	-5.027828216552734	139.0
22734	-14.259164552778293	-3.7871358844458465	-5.16084098815918	139.0
22755	-14.577359650392403	-3.7842390361307845	-4.802689552307129	139.0
22775	-14.577359650392403	-3.7842390361307845	-4.802689552307129	139.0
22793	-14.73938987522041	-3.66895746936838	-4.50974702835083	139.0
22813	-14.846016402129361	-3.451553771078836	-4.4384870529174805	139.0
22832	-14.8145334068174	-3.3168656995511876	-4.436712265014648	139.0
22851	-14.878176917965817	-3.2585973777413955	-4.354189395904541	139.0
22874	-14.887841323576463	-3.1246687267850155	-4.396554470062256	139.0
22890	-15.13421264596497	-3.2488818245627757	-4.143462657928467	139.0
22909	-15.14844340003686	-3.126479149793359	-3.950075626373291	139.0
22929	-15.066937795484684	-3.0361451109264244	-4.209308624267578	139.0
22949	-14.780289744447655	-2.976956405071071	-4.234225749969482	139.0
22968	-14.722169424464923	-3.028949728082513	-4.294375419616699	139.0
22990	-14.744580607605156	-2.9867842282895474	-4.4633378982543945	140.0
23007	-14.666851760839963	-3.1631609107694274	-4.447733402252197	140.0
23027	-14.719690997708435	-3.357072012387341	-4.320507049560547	140.0
23045	-14.622285190305549	-3.2989350762290646	-4.61630392074585	140.0
23066	-14.670122426536516	-3.463327801087056	-4.722915172576904	140.0
23084	-14.486737133162569	-3.5091856918544093	-4.683691501617432	140.0
23104	-14.677837132124486	-3.5628327471921404	-4.563547134399414	140.0
23123	-14.67272165552307	-3.6407384972724595	-4.433811187744141	140.0
23143	-14.643605349155884	-3.6330250607141634	-4.358304977416992	140.0
23162	-14.681672387051025	-3.6641611253183086	-4.463759422302246	140.0
23183	-14.680467773080867	-3.552008242736152	-4.29770565032959	140.0
23202	-14.644113083205555	-3.4788056032202666	-4.205775260925293	140.0
23221	-14.413275477193142	-3.5782089643765636	-4.211159706115723	140.0
23241	-14.323043525479548	-3.408405610181293	-4.2735161781311035	140.0
23260	-14.390167711730427	-3.3441063741784496	-4.488371849060059	140.0
23281	-14.379719373657414	-3.3393046056638362	-4.610518455505371	140.0
23300	-14.330760280146905	-3.4928353577007685	-4.538566589355469	140.0
23320	-14.453364890639689	-3.5258256273633255	-4.557783126831055	140.0
23342	-14.458323973549229	-3.697619250323831	-4.725749969482422	140.0
23358	-14.380370601041102	-3.777165896392332	-4.536855697631836	140.0
23376	-14.61327910043705	-3.48520817807825	-4.321712017059326	140.0
23396	-14.816900482782867	-3.7042128882196206	-4.288180828094482	140.0
23415	-14.612739688932606	-3.8566141729478605	-4.168994903564453	140.0
23435	-14.767136137065078	-3.8657075174369684	-4.178404331207275	140.0
23455	-14.895669792619234	-3.998429682262845	-4.196212291717529	140.0
23475	-14.895669792619234	-3.998429682262845	-4.196212291717529	140.0
23495	-14.584249436861718	-3.7671760134382426	-3.8848485946655273	140.0
23513	-14.584249436861718	-3.7671760134382426	-3.8848485946655273	140.0
23532	-14.72168719032483	-3.6255152867210305	-3.968125820159912	140.0
23561	-14.698721745884878	-3.626223140711361	-4.156708717346191	140.0
23573	-14.549495581189976	-3.438994045267558	-4.308971881866455	140.0
23590	-14.580132655103206	-3.4819003966063473	-4.296424865722656	141.0
23609	-14.271902139980174	-3.4371095957268656	-4.227975368499756	141.0
23629	-14.118968971765128	-3.2835751886244178	-4.2130022048950195	141.0
23649	-14.21463778590509	-3.258859884480933	-4.312369346618652	141.0
23668	-14.432351266681264	-3.332829229296452	-4.243116855621338	141.0
23689	-14.42186092536221	-3.5368333740929176	-4.377318382263184	141.0
23707	-14.228975814373973	-3.676547468993467	-4.444533348083496	141.0
23726	-14.213235099166994	-3.8703951604207365	-4.537224292755127	141.0
23757	-14.14083347113141	-3.925202676642587	-4.466593265533447	141.0
23766	-14.14083347113141	-3.925202676642587	-4.466593265533447	141.0
23785	-14.083675221140902	-4.117065238834762	-4.443425178527832	141.0
23804	-13.961332431934373	-4.272234865748421	-4.548393249511719	141.0
23824	-13.78493382617214	-4.331656173344287	-4.683605194091797	141.0
23843	-13.693066496602958	-4.24294858386678	-4.502387046813965	141.0
23863	-13.903327930225707	-4.335174416110199	-4.178769588470459	141.0
