12.0	0.0	-0.6552718327839345	14.328363526464198	-46.34670639038086
12.0	1.0	-5.024882578989887	11.593640050123483	-45.554569244384766
12.0	2.0	-2.306371965680612	14.987285229580896	-43.921024322509766
12.0	3.0	0.22984923598964352	20.383455399180598	-42.208168029785156
12.0	4.0	-13.85629642894639	17.199577059512126	-40.040443420410156
12.0	5.0	-3.4615330683559464	20.914708909510352	-40.910064697265625
12.0	6.0	-2.6383929386478324	17.490241779682435	-43.19755935668945
12.0	7.0	2.0532988134430448	2.8915819129094196	-44.556640625
12.0	8.0	5.700544287696057	12.410150748990102	-40.73948287963867
12.0	9.0	-2.116480040692007	8.302589667578951	-45.05316162109375
12.0	10.0	3.093515140613702	12.789274810757536	-44.70743942260742
12.0	11.0	1.0722361878934872	12.550150771853472	-44.73787307739258
12.0	12.0	4.638177686236316	13.12867967490705	-43.93602752685547
12.0	13.0	-2.86972257617209	-1.448668825818461	-45.99806213378906
12.0	14.0	5.0694717105833575	5.380100392602469	-43.332977294921875
12.0	15.0	-0.43787503258375804	8.918143320421455	-44.291664123535156
12.0	16.0	0.9129393072248912	9.335090062086167	-45.91445541381836
12.0	17.0	1.4801180107521898	16.027626931909186	-44.44285583496094
12.0	18.0	0.6003342626281499	13.014760670555404	-46.1452751159668
12.0	19.0	2.6007594659231104	2.9933580655411047	-48.49319839477539
12.0	20.0	5.806387787667046	6.471347302811767	-46.919219970703125
12.0	21.0	-0.21799192512814244	13.014941584063967	-46.0891227722168
12.0	22.0	7.373347666809524	16.192974767720877	-44.65345001220703
12.0	23.0	3.9953317370902783	21.317237848085078	-42.474124908447266
12.0	24.0	2.3098584672096303	16.91806792774667	-44.62063980102539
12.0	25.0	-0.8684390470382852	18.729497306281456	-43.3198127746582
12.0	26.0	4.141680893071885	19.169264479058327	-43.11726379394531
12.0	27.0	-3.1830038871981445	21.644375593112862	-43.36429977416992
12.0	28.0	1.8566389456583055	30.698664338534286	-38.31221008300781
12.0	29.0	2.932395761755217	34.30057399787301	-36.28179168701172
12.0	30.0	-1.1663168823004941	31.723961094176936	-38.9078483581543
12.0	31.0	1.9142861965998648	26.232214407844204	-42.96515655517578
12.0	32.0	0.3611180083190306	31.778542363713814	-38.09785461425781
12.0	33.0	-0.3924770103879889	35.62131026903603	-37.677734375
12.0	34.0	-0.15592450590638812	38.79015380090326	-36.410560607910156
12.0	35.0	0.8577742824512216	41.87100474167899	-35.735015869140625
12.0	36.0	-1.494334051223367	41.65108851584027	-36.78030014038086
12.0	37.0	-5.268944740852507	35.362045379446286	-43.105716705322266
12.0	38.0	-5.0132329949911805	42.5002652469329		-35.30095672607422
12.0	39.0	2.7342198397262845	39.75685086631965	-38.92528533935547
12.0	40.0	-3.3759913536637836	45.93135394704137	-34.23405838012695
12.0	41.0	-4.237249207051505	48.66541632055387	-32.02268600463867
12.0	42.0	-4.668254349354987	50.54001906358597	-29.447391510009766
12.0	43.0	3.487769711651674	46.75198532828841	-36.15347671508789
12.0	44.0	0.29187573534835265	46.07330527962806	-35.304203033447266
12.0	45.0	0.705514586559428	46.635616611438195	-36.21514892578125
12.0	46.0	-2.6796289803871334	49.605583031168614	-35.1727294921875
12.0	47.0	-1.6089830735782398	52.19951742281772	-31.26259994506836
12.0	48.0	-2.689974000084054	50.59615063021447	-33.69955825805664
12.0	49.0	-2.8398738515579187	39.433183253059006	-44.80300521850586
12.0	50.0	-8.148462899283443	41.2182846825015		-39.3056755065918
12.0	51.0	-14.32755551017297	44.1337350832738		-38.26385498046875
12.0	52.0	-7.153335514040269	47.5667136840111		-35.297630310058594
12.0	53.0	-8.828558237535075	48.290040241215706	-32.416358947753906
12.0	54.0	-7.330288059734629	42.13928436890317	-38.84805679321289
12.0	55.0	-6.060674909052849	34.51080528699694	-44.2603874206543
12.0	56.0	-10.395963558383793	34.16045416448581	-39.84989929199219
12.0	57.0	-9.178066479914106	38.597747408377145	-34.176109313964844
12.0	58.0	-6.655129348238806	38.854508974615385	-33.185882568359375
12.0	59.0	-6.782581221348307	37.5053798732883		-32.92047119140625
12.0	60.0	-8.656728804990042	34.41011646092174	-33.744720458984375
12.0	61.0	-14.271533042055049	22.76539471555983	-37.78112030029297
12.0	62.0	-15.438886484146579	24.47882892044611	-35.213043212890625
12.0	63.0	-16.316498165587376	27.735717646979467	-30.59640121459961
12.0	64.0	-13.9548551827732	29.500021258383466	-27.900400161743164
12.0	65.0	-17.02185790470345	28.55840778808317	-24.47600555419922
12.0	66.0	-16.766299958786025	24.27968390009794	-28.59935760498047
12.0	67.0	-17.862501521506232	18.083140650737672	-30.820602416992188
12.0	68.0	-18.900937455061932	19.593327395611823	-27.373525619506836
12.0	69.0	-20.779005063873917	22.032580224924775	-26.187374114990234
12.0	70.0	-17.73517515477074	25.005776457553246	-27.469825744628906
12.0	71.0	-20.174334363500037	26.926843649157245	-24.076278686523438
12.0	72.0	-21.97494905768791	24.29158079131184	-26.243867874145508
12.0	73.0	-22.603881171638346	24.876759966983396	-27.684064865112305
12.0	74.0	-21.047237942112222	22.123830371518924	-31.088783264160156
12.0	75.0	-22.44015259700302	29.00477382293835	-25.314186096191406
12.0	76.0	-22.862228565611233	30.78921173001744	-25.146814346313477
12.0	77.0	-22.389927991705168	30.7393361006698		-26.93143653869629
12.0	78.0	-23.242858593167636	28.40505309403353	-30.08123207092285
12.0	79.0	-16.175047010737472	23.66747339152062	-38.06847381591797
12.0	80.0	-13.11042060055227	29.30357638218105	-35.05570602416992
12.0	81.0	-23.563089662128245	29.016276142169627	-31.568788528442383
12.0	82.0	-18.682999389453638	27.76065619781325	-36.289371490478516
12.0	83.0	-9.911114418629065	37.38208712428155	-32.80080032348633
12.0	84.0	-14.814065756483458	40.448164915754546	-28.348224639892578
12.0	85.0	-24.668719937367296	14.025494851175461	-43.59721755981445
12.0	86.0	-22.61462781571568	8.31095114171849		-45.36365509033203
12.0	87.0	-16.38856363446175	21.77173177853065	-46.43239212036133
12.0	88.0	-15.926018470031805	22.656539754711773	-46.06459045410156
12.0	89.0	-19.557276205348423	25.888654072020262	-41.2777099609375
12.0	90.0	-9.81709261272174	26.16052258538765	-44.79573440551758
12.0	91.0	-13.443725585722804	11.568813120239907	-49.43170166015625
12.0	92.0	-10.856094099579863	18.171936521715185	-44.82792282104492
12.0	93.0	-12.776404042343447	24.329890840624017	-42.402957916259766
12.0	94.0	-15.928093151792073	22.540015062119682	-43.585472106933594
12.0	95.0	-16.193682840677187	20.426009342214446	-44.162967681884766
12.0	96.0	-17.42607038049999	25.27735476258273	-41.03589630126953
12.0	97.0	-16.78779340639742	17.1102346032717		-44.183074951171875
12.0	98.0	-14.222959813389716	13.691943245867204	-42.6901969909668
12.0	99.0	-18.11563988807678	18.198284395461307	-41.63813400268555
12.0	100.0	-19.467007442468493	20.47576388561281	-40.04088592529297
12.0	101.0	-19.026587002991224	20.076297766784233	-39.72565460205078
12.0	102.0	-21.1399505154837	18.63798246449232	-38.81338882446289
12.0	103.0	-16.580315923209277	12.417690470753374	-40.04780197143555
12.0	104.0	-14.034048573856987	13.929554308864432	-38.38608932495117
12.0	105.0	-18.82399381076411	16.870353282092207	-35.78606033325195
12.0	106.0	-15.889281638534444	19.72648315906332	-36.573265075683594
12.0	107.0	-17.428354709668785	22.706974966292897	-34.118675231933594
12.0	108.0	-23.125702444403036	18.7243186532866		-31.724557876586914
12.0	109.0	-23.060732942036644	11.036875058960288	-34.466983795166016
12.0	110.0	-22.860639063626753	11.271492505685684	-34.599639892578125
12.0	111.0	-24.72092249519111	15.889562406640684	-31.408334732055664
12.0	112.0	-22.754737637009427	18.46946180396275	-30.952877044677734
12.0	113.0	-22.652777532833227	19.558625665148632	-30.5330753326416
12.0	114.0	-22.76797582568726	19.88456033003727	-31.55795669555664
12.0	115.0	-21.214734465010803	13.506152830988935	-36.51152038574219
12.0	116.0	-21.877045822739337	18.37134233446679	-36.043235778808594
12.0	117.0	-20.765977850061034	24.099303980943287	-32.8958740234375
12.0	118.0	-23.03884277705306	24.04350647882838	-32.23723220825195
12.0	119.0	-24.441602261510813	26.205834044162373	-29.954574584960938
12.0	120.0	-21.955441732450762	28.323642927764116	-31.170249938964844
