18.0	0.0	-1.9950354114372773	26.528898066972296	-35.86975860595703
18.0	1.0	5.807674155722327	24.340967077664367	-35.48095703125
18.0	2.0	4.099638689835591	24.46063885650919	-36.02656936645508
18.0	3.0	5.842616453013375	24.84163659415414	-34.488121032714844
18.0	4.0	5.043759563522304	26.03897734812315	-33.87753677368164
18.0	5.0	7.905940476320204	23.599915104744785	-32.6940803527832
18.0	6.0	5.171157500506332	6.475636762602041	-37.67903518676758
18.0	7.0	12.215019317809833	14.146177369637032	-30.150999069213867
18.0	8.0	1.615969443473435	3.8589238314256917	-31.39998435974121
18.0	9.0	2.23526993024843		9.512442870931496	-30.14144515991211
18.0	10.0	-1.6610200564731832	10.137072925506562	-32.2487907409668
18.0	11.0	-3.4872367274442255	11.904237707224855	-32.333988189697266
18.0	12.0	-2.0213471243988064	7.972832391461617	-34.418373107910156
18.0	13.0	1.6226674020457321	0.7186222209602655	-36.45489501953125
18.0	14.0	3.4471498247647774	5.503485822072753	-37.777286529541016
18.0	15.0	-6.50069455887588	8.643142134952233	-37.998435974121094
18.0	16.0	-0.526890471775238	10.471806941183914	-39.31634521484375
18.0	17.0	2.360932607520674	15.098138964720997	-39.02440643310547
18.0	18.0	-1.847239052535317	12.833183830800126	-41.547611236572266
18.0	19.0	-4.786271430179352	5.455494468219741	-46.27481460571289
18.0	20.0	5.853878640812948	8.487891852664749	-46.022239685058594
18.0	21.0	0.7210866385206		17.130321398359396	-45.06745910644531
18.0	22.0	-4.456759973826298	11.923888809090526	-48.13841247558594
18.0	23.0	-3.1049631204463295	20.75741085639816	-45.396148681640625
18.0	24.0	-6.71579541609968	15.797040617581803	-48.18682861328125
18.0	25.0	-5.950514004644879	5.267690570201538	-51.402244567871094
18.0	26.0	-4.510989772644217	21.950566213142775	-49.47291564941406
18.0	27.0	-10.866762843931399	20.842389188054728	-48.76974105834961
18.0	28.0	-1.3365587003737425	31.886831110180108	-44.02451705932617
18.0	29.0	-2.157864303754764	31.038562998999495	-45.05264663696289
18.0	30.0	-5.602598472370154	31.6238469646673		-44.79328918457031
18.0	31.0	-4.937964299175998	24.027783499766954	-50.239688873291016
18.0	32.0	-8.294462331635929	32.188544552959385	-45.39605712890625
18.0	33.0	-7.826643664578092	39.398817501532335	-40.89189529418945
18.0	34.0	-7.155808339645565	39.90404295630371	-42.70473098754883
18.0	35.0	-13.085470357770884	41.57781952162677	-40.16716003417969
18.0	36.0	-9.196806334321977	43.794444416910906	-39.30028533935547
18.0	37.0	-7.111031119181036	32.627865652565234	-50.62974166870117
18.0	38.0	-4.937109473876219	40.23978039051087	-45.278648376464844
18.0	39.0	-12.111874868114837	43.3444320467025		-41.38050842285156
18.0	40.0	-8.246743711325836	47.86135319677138	-39.01475143432617
18.0	41.0	-12.933769378693002	50.0390762480299		-36.074771881103516
18.0	42.0	-14.03779409991681	46.281962099694994	-41.14632034301758
18.0	43.0	-14.972495060381075	42.82338853836496	-45.02138137817383
18.0	44.0	-13.443424828469082	42.8179849964946		-44.66752624511719
18.0	45.0	-13.927041514072826	49.81483574844571	-39.683815002441406
18.0	46.0	-14.921321422935065	53.281492052056485	-37.108184814453125
18.0	47.0	-16.148359682099112	50.444030682606964	-40.108619689941406
18.0	48.0	-12.909135007837078	49.479240548136154	-42.07716751098633
18.0	49.0	-15.763754656547723	37.02968554467961	-50.65645217895508
18.0	50.0	-7.636679394392526	44.90509280120473	-45.001853942871094
18.0	51.0	-12.203777020820082	46.16225873693229	-43.822696685791016
18.0	52.0	-13.221853955659995	46.38435333091404	-41.843040466308594
18.0	53.0	-10.541601206517965	49.19347677973335	-37.66510009765625
18.0	54.0	-15.959590194802612	44.04042887141821	-40.405029296875
18.0	55.0	-21.576180268414507	32.13223981014698	-45.3282470703125
18.0	56.0	-8.441057235665939	32.201992391615896	-45.808841705322266
18.0	57.0	-16.32658827221407	39.51824062175156	-36.56601333618164
18.0	58.0	-14.584394337445682	41.93431050586732	-34.08750915527344
18.0	59.0	-17.038209060466365	37.044307075486785	-35.43792724609375
18.0	60.0	-11.67377449002933	33.98423386818575	-37.22666549682617
18.0	61.0	-12.090846924541273	21.957696708048022	-40.64809036254883
18.0	62.0	-6.605195699555398	24.371927016406737	-38.42037582397461
18.0	63.0	-11.707830364697555	23.317224615108817	-35.628238677978516
18.0	64.0	-13.16132162471394	24.317331276724303	-32.16010284423828
18.0	65.0	-12.88214569408539	25.90357077275814	-28.983736038208008
18.0	66.0	-13.958432923807147	24.478577917664644	-28.408063888549805
18.0	67.0	-21.66390399456144	16.90664512582193	-27.187070846557617
18.0	68.0	-23.13684491038282	17.580818140266885	-25.621917724609375
18.0	69.0	-22.128039654682144	21.36130342872466	-22.51405906677246
18.0	70.0	-21.425754137802617	21.239531870538155	-23.57354736328125
18.0	71.0	-25.418291383140208	21.117115984713706	-19.490711212158203
18.0	72.0	-26.797241881984686	20.47266590531451	-19.829666137695312
18.0	73.0	-27.896031287871438	17.35221961175871	-30.60837173461914
18.0	74.0	-29.25792711260498	26.2044986999822		-25.898035049438477
18.0	75.0	-31.61254719355108	28.064053618328174	-25.2592830657959
18.0	76.0	-26.447039655261722	34.949529507715326	-24.637130737304688
18.0	77.0	-21.260135952744886	36.04106058529809	-27.724443435668945
18.0	78.0	-20.773382812883725	38.461354144998786	-25.002513885498047
18.0	79.0	-22.719653995291665	34.72066291317536	-26.61933708190918
18.0	80.0	-19.84040670990709	20.69698587917545	-37.37151336669922
18.0	81.0	-18.2650945449769	30.34586315314325	-33.93968200683594
18.0	82.0	-21.20387361153834	31.8498437007905		-33.311798095703125
18.0	83.0	-24.733059390316424	33.27334917966207	-31.506750106811523
18.0	84.0	-34.79567092666739	39.77160474361969	-12.433923721313477
18.0	85.0	-26.818941169091797	18.001569243497684	-49.84276580810547
18.0	86.0	-21.747179774331958	5.654833675267268	-55.602317810058594
18.0	87.0	-9.558486926750547	19.739382596530664	-55.77174377441406
18.0	88.0	-14.673835464729645	27.819876051582003	-51.592376708984375
18.0	89.0	-14.235349924889473	30.049696583809506	-50.414703369140625
18.0	90.0	-19.054536537222738	23.520839918410896	-50.7179069519043
18.0	91.0	-17.08584758169568	14.037085645538928	-53.99116516113281
18.0	92.0	-15.987272466677627	13.534911104476437	-51.75510787963867
18.0	93.0	-16.63136437703854	24.844731593249666	-46.173587799072266
18.0	94.0	-21.54919596022822	21.02242882541567	-48.325069427490234
18.0	95.0	-26.04613969348397	23.28730043859577	-45.135196685791016
18.0	96.0	-19.745345874965313	25.534896229694215	-46.9375114440918
18.0	97.0	-18.354730426116948	4.265999166860189	-51.59513854980469
18.0	98.0	-14.536806570072603	11.428802014819317	-50.879756927490234
18.0	99.0	-17.655668737882394	15.079516079192222	-46.49997329711914
18.0	100.0	-14.9997745375302	18.263859842758293	-43.864166259765625
18.0	101.0	-17.611632344405947	19.158977536268615	-40.46221923828125
18.0	102.0	-22.52951351748199	11.256521556750974	-38.273311614990234
18.0	103.0	-28.526603417284637	3.6506999797612245	-32.970855712890625
18.0	104.0	-20.6339641553815	8.509244124505424	-35.12663269042969
18.0	105.0	-23.202595639043732	16.50779967873122	-28.573877334594727
18.0	106.0	-23.534779378747317	18.85869333105978	-26.167320251464844
18.0	107.0	-25.308215880755448	21.578998672777438	-19.731801986694336
18.0	108.0	-24.178073035739413	20.999839639452873	-20.270742416381836
18.0	109.0	-19.407846505784804	11.448341471827202	-27.007877349853516
18.0	110.0	-14.255541482825976	10.978711297824663	-28.04485321044922
18.0	111.0	-17.704193744156996	12.356960521498925	-25.934711456298828
18.0	112.0	-20.24162359323966	12.163234246482245	-26.444143295288086
18.0	113.0	-24.85176959173899	12.622233440846792	-23.590152740478516
18.0	114.0	-29.684951105581458	11.224431422091957	-23.569948196411133
18.0	115.0	-37.43849981596224	9.094025949024934	-21.017810821533203
18.0	116.0	-36.45294219825898	13.096221042445778	-21.42237091064453
18.0	117.0	-34.60614155423249	19.056988109351234	-21.81674575805664
18.0	118.0	-29.502251826538984	25.902095639108573	-24.39855194091797
18.0	119.0	-31.155674303606403	25.6506543432358		-22.2110538482666
18.0	120.0	-32.85698817376986	27.723120072243763	-17.95999526977539
